node	a_force.x	a_force.y	g_force.x	g_force.y	r_force.x	r_force.y	global_speed	move_node.x	move_node.y
0	484.882080	-566.041626	111.011192	-91.719650	0.000000	0.000000	3.750000	-526.070129	493.235657
1	387.356445	221.932892	91.536316	80.651260	0.000000	0.000000	3.750000	-505.096436	-253.356110
2	268.751648	127.464157	129.030670	104.435043	0.000000	0.000000	3.750000	-300.504822	-181.376465
3	-636.339783	790.417969	-88.899155	102.921883	0.000000	0.000000	3.750000	655.700134	-916.693481
4	833.112549	-324.114288	135.993439	-53.120056	0.000000	0.000000	3.750000	-847.315247	266.553558
5	-118.871864	153.420868	-160.340240	23.021988	0.000000	0.000000	3.750000	347.459351	95.384499
6	-235.554993	852.426147	-42.332844	137.636658	0.000000	0.000000	3.750000	193.528717	-1045.483643
7	439.987335	714.875977	72.458038	110.334595	0.000000	0.000000	3.750000	-468.855591	-1010.462830
8	917.885681	-123.177353	138.531586	-20.220348	0.000000	0.000000	3.750000	-1275.783447	19.170383
9	234.493271	479.135834	61.708893	109.853821	0.000000	0.000000	3.750000	-255.871170	-670.233887
10	820.927612	-136.142517	122.070877	-21.787434	0.000000	0.000000	3.750000	-1215.594238	145.498123
11	-90.035561	-774.309082	-32.489452	-152.577728	0.000000	0.000000	3.750000	195.728226	591.582031
12	-351.183990	-728.050964	-68.276108	-103.510208	0.000000	0.000000	3.750000	439.582245	750.821411
13	401.812317	578.843750	75.722885	134.097107	0.000000	0.000000	3.750000	-288.784241	-555.997864
14	-827.950684	-694.035583	-108.422104	-91.698288	0.000000	0.000000	3.750000	1003.597961	644.915771
15	754.222412	374.388611	108.501198	60.027962	0.000000	0.000000	3.750000	-1061.910034	-364.023041
16	-156.077209	257.308716	-101.324417	113.302025	0.000000	0.000000	3.750000	204.493729	-204.227417
17	-181.820007	879.755005	-25.556679	131.539276	0.000000	0.000000	3.750000	-21.951458	-1044.137939
18	-601.160767	41.031891	-139.880066	-5.781464	0.000000	0.000000	3.750000	488.505371	78.299072
19	836.614990	-794.539368	108.966904	-105.972687	0.000000	0.000000	3.750000	-841.657532	781.482971
20	727.864136	-356.587341	119.102234	-61.404598	0.000000	0.000000	3.750000	-746.823547	539.818665
21	260.467987	-629.555847	40.032227	-142.482788	0.000000	0.000000	3.750000	-267.074585	761.444275
22	-424.636261	-262.561157	-100.611229	-57.732552	0.000000	0.000000	3.750000	458.768005	412.185974
23	-632.578430	-474.053070	-108.542130	-75.117249	0.000000	0.000000	3.750000	738.081543	522.528687
24	589.024658	482.852234	90.077477	90.939590	0.000000	0.000000	3.750000	-598.732056	-699.663818
25	-757.768433	390.364960	-108.543518	63.985744	0.000000	0.000000	3.750000	1130.970337	-420.495941
26	-474.594604	-47.190575	-130.636749	-18.920639	0.000000	0.000000	3.750000	445.185608	107.708199
27	764.269226	-207.128326	134.821579	-17.863279	0.000000	0.000000	3.750000	-1094.888306	51.529606
28	-32.071083	136.385483	72.152649	115.282242	0.000000	0.000000	3.750000	-102.652313	-170.516754
29	-684.271851	183.609726	-137.604584	25.773949	0.000000	0.000000	3.750000	702.693787	49.979736
30	400.494415	-714.683899	56.860535	-123.542717	0.000000	0.000000	3.750000	-527.422363	915.366272
31	-256.242249	-814.151978	-46.401619	-114.990494	0.000000	0.000000	3.750000	266.205048	1044.393433
32	573.246399	445.009644	111.200684	94.604385	0.000000	0.000000	3.750000	-210.576920	-177.566528
33	-840.412964	772.995117	-107.038338	102.209366	0.000000	0.000000	3.750000	947.221619	-744.979797
34	-566.476379	809.626465	-73.763237	121.336906	0.000000	0.000000	3.750000	309.740967	-940.345276
35	-709.566895	-678.025269	-92.487762	-85.568436	0.000000	0.000000	3.750000	818.228027	570.641663
36	-331.348999	262.733948	-112.689987	56.362549	0.000000	0.000000	3.750000	400.624481	-118.754616
37	-570.070801	-75.238342	-145.996155	34.410675	0.000000	0.000000	3.750000	771.007385	0.216718
38	777.916504	-306.763336	121.631149	-24.121819	0.000000	0.000000	3.750000	-1160.382202	198.338699
39	527.373901	447.999847	92.098045	80.012177	0.000000	0.000000	3.750000	-618.516846	-501.387573
40	-685.211609	625.897217	-99.032310	112.661087	0.000000	0.000000	3.750000	195.979828	-232.022186
41	131.805466	-273.145691	66.191429	-121.088226	0.000000	0.000000	3.750000	-134.852646	295.042725
42	-415.552673	109.975922	-157.806244	-7.497234	0.000000	0.000000	3.750000	514.101318	281.901703
43	759.279297	642.487366	111.505379	109.098740	0.000000	0.000000	3.750000	-698.792480	-737.506592
44	-666.153320	-778.658386	-95.333817	-105.238701	0.000000	0.000000	3.750000	289.067169	481.146881
45	-134.954590	579.198364	-52.468155	138.383453	0.000000	0.000000	3.750000	55.819401	-745.043701
46	-508.762512	473.972992	-99.386292	67.247131	0.000000	0.000000	3.750000	823.994690	-342.398376
47	692.863953	893.292480	91.457527	138.533081	0.000000	0.000000	3.750000	-347.992188	-693.713562
48	-11.801605	730.692566	-25.504200	159.978333	0.000000	0.000000	3.750000	-2.791585	-892.576111
49	756.107300	244.286041	131.549011	53.468056	0.000000	0.000000	3.750000	-925.086243	-277.456055
50	488.594727	715.753418	69.250961	107.648499	0.000000	0.000000	3.750000	-424.955597	-969.542847
51	423.079163	-794.080383	57.870247	-114.171021	0.000000	0.000000	3.750000	-392.750763	895.620483
52	109.827560	912.223633	8.271664	137.751862	0.000000	0.000000	3.750000	-45.416698	-1169.502075
53	261.432800	-43.968315	127.987503	1.572549	0.000000	0.000000	3.750000	-307.818848	36.961891
54	-238.063919	-252.632660	-139.219757	-90.409378	0.000000	0.000000	3.750000	394.595764	251.607712
55	-319.332977	192.930115	-127.460365	52.894516	0.000000	0.000000	3.750000	491.623932	-156.455917
56	-330.238647	543.623596	-67.288559	92.023026	0.000000	0.000000	3.750000	453.721008	-690.245056
57	-1137.347046	83.693993	-158.826782	19.329536	0.000000	0.000000	3.750000	799.027771	20.577751
58	-344.929657	665.592102	-61.315079	119.147270	0.000000	0.000000	3.750000	201.696732	-729.606750
59	-139.327255	-296.478912	-91.024139	-114.148148	0.000000	0.000000	3.750000	164.975174	296.419861
60	775.400330	694.435669	117.116455	93.720840	0.000000	0.000000	3.750000	-621.578796	-621.606812
61	-600.693237	-636.151978	-79.692863	-92.374435	0.000000	0.000000	3.750000	657.972229	866.384583
62	102.467499	885.615723	13.899303	147.345871	0.000000	0.000000	3.750000	-71.020630	-960.000610
63	-687.280518	718.736450	-91.340973	89.670639	0.000000	0.000000	3.750000	963.219849	-877.229065
64	440.946198	757.053040	69.420761	128.436050	0.000000	0.000000	3.750000	-110.265800	-435.201447
65	326.506653	-103.851624	147.911469	-5.111444	0.000000	0.000000	3.750000	-521.470459	53.104546
66	563.000916	-335.248108	111.758820	-43.703011	0.000000	0.000000	3.750000	-683.708740	324.945190
67	148.264923	-543.791565	63.329773	-153.444427	0.000000	0.000000	3.750000	-198.285370	604.879333
68	-245.407181	-640.484741	-54.932163	-124.412445	0.000000	0.000000	3.750000	345.829285	828.114807
69	567.005737	486.148499	107.972290	75.933990	0.000000	0.000000	3.750000	-781.752258	-487.738037
70	94.867569	-906.391907	42.653389	-141.720413	0.000000	0.000000	3.750000	-249.352814	956.790710
71	-298.100861	644.145752	-43.721916	109.600662	0.000000	0.000000	3.750000	202.421402	-905.675293
72	954.256470	-343.998596	144.601105	-46.844582	0.000000	0.000000	3.750000	-835.822266	340.382019
73	-20.164017	-625.388428	-35.008751	-141.740097	0.000000	0.000000	3.750000	277.922913	737.686584
74	-429.303223	749.777405	-86.573410	107.466187	0.000000	0.000000	3.750000	577.953491	-868.268250
75	288.359161	-811.966553	46.421852	-125.702087	0.000000	0.000000	3.750000	-262.062347	704.880493
76	425.857605	391.338959	68.265259	112.976715	0.000000	0.000000	3.750000	-223.383255	-442.684357
77	-645.332764	-753.080200	-111.200699	-103.626099	0.000000	0.000000	3.750000	700.912292	734.926819
78	408.929657	-530.845093	67.250343	-118.209076	0.000000	0.000000	3.750000	-530.775452	880.977356
79	-733.797302	-277.108429	-131.504333	-41.839817	0.000000	0.000000	3.750000	745.023254	282.917572
80	-664.188110	545.653320	-96.064285	78.405884	0.000000	0.000000	3.750000	861.809448	-453.138062
81	723.498779	665.093933	91.823586	94.828384	0.000000	0.000000	3.750000	-708.075378	-800.133179
82	-597.618164	-108.980949	-140.277893	-22.030590	0.000000	0.000000	3.750000	586.292969	247.991394
83	-419.754364	31.697563	-127.999786	39.637531	0.000000	0.000000	3.750000	504.642914	-31.382566
84	313.287292	-743.292053	45.777908	-125.936615	0.000000	0.000000	3.750000	-132.800812	486.241180
85	-421.563843	-487.275543	-77.758301	-111.577988	0.000000	0.000000	3.750000	371.417999	532.989685
86	-510.317596	405.091400	-103.475372	71.893555	0.000000	0.000000	3.750000	517.098816	-277.005676
87	-672.392334	-616.354248	-112.936890	-92.527084	0.000000	0.000000	3.750000	903.975952	732.275391
88	-954.257935	45.491264	-142.360260	21.669088	0.000000	0.000000	3.750000	730.710510	-95.490143
89	-128.260956	-558.987915	-23.705727	-131.886459	0.000000	0.000000	3.750000	112.269203	648.373840
90	-202.653397	-764.279114	-24.304127	-121.594757	0.000000	0.000000	3.750000	121.762703	910.395203
91	-169.720108	-866.027405	-44.490913	-136.954315	0.000000	0.000000	3.750000	238.458603	1073.825562
92	825.212891	44.559723	137.138733	15.389237	0.000000	0.000000	3.750000	-840.633911	16.132301
93	-377.834534	15.412262	-136.980728	28.918549	0.000000	0.000000	3.750000	418.789734	-53.658775
94	473.504059	-109.512634	146.922546	-17.825069	0.000000	0.000000	3.750000	-642.421448	101.472588
95	764.478455	437.717712	105.795990	72.049309	0.000000	0.000000	3.750000	-898.433411	-429.510803
96	-290.789124	630.056274	-59.177460	111.238197	0.000000	0.000000	3.750000	365.598907	-997.302429
97	427.987976	171.661346	150.468872	21.519550	0.000000	0.000000	3.750000	-700.742004	-133.679489
98	-203.510071	790.347229	-47.465210	116.716476	0.000000	0.000000	3.750000	130.625229	-1095.190308
99	-569.494995	774.171021	-86.627670	96.931107	0.000000	0.000000	3.750000	651.810791	-812.114624
100	-713.373657	-94.539734	-134.045029	-22.976734	0.000000	0.000000	3.750000	1045.971313	179.954086
101	-444.093567	-339.853516	-113.871216	-53.938362	0.000000	0.000000	3.750000	722.067810	347.175964
102	-745.716614	-356.416290	-122.367874	-54.606415	0.000000	0.000000	3.750000	590.284973	196.736389
103	146.776489	-855.254028	21.188278	-150.515915	0.000000	0.000000	3.750000	-87.270233	912.676575
104	600.786865	-756.569092	77.016197	-97.182037	0.000000	0.000000	3.750000	-482.958160	1000.387634
105	18.230364	-515.620605	-72.768814	-119.601562	0.000000	0.000000	3.750000	108.869797	143.291611
106	-735.388672	328.864319	-110.033905	69.227859	0.000000	0.000000	3.750000	803.621033	-399.372162
107	-63.887733	941.658936	-31.770519	142.500870	0.000000	0.000000	3.750000	97.551682	-1181.171509
108	-373.450653	262.267792	-114.434074	87.055725	0.000000	0.000000	3.750000	37.398720	-29.393997
109	16.614140	-923.092407	4.057214	-139.941116	0.000000	0.000000	3.750000	32.669624	1185.539429
110	-621.561340	-106.528877	-139.165817	-15.257305	0.000000	0.000000	3.750000	865.026062	180.714630
111	719.699585	-85.788513	143.185303	-15.295973	0.000000	0.000000	3.750000	-788.523132	100.915802
112	-335.974579	-124.075905	-160.864731	31.912983	0.000000	0.000000	3.750000	415.263306	-75.613739
113	911.657654	120.993858	134.841919	29.352554	0.000000	0.000000	3.750000	-765.216553	-68.138962
114	214.345581	-962.464661	8.013277	-165.806381	0.000000	0.000000	3.750000	-103.600128	1198.399658
115	169.893555	194.936096	56.081818	139.119354	0.000000	0.000000	3.750000	-38.004398	-295.965759
116	162.802628	479.276794	17.902130	132.797363	0.000000	0.000000	3.750000	-7.566730	-426.015869
117	912.231018	204.346039	132.485580	38.619289	0.000000	0.000000	3.750000	-1145.342773	-168.443176
118	-817.218689	3.059237	-131.739365	8.288023	0.000000	0.000000	3.750000	1083.532471	21.084990
119	535.325195	787.905884	69.041199	114.844116	0.000000	0.000000	3.750000	-394.029907	-1012.996948
120	110.325111	-663.882690	13.858940	-141.320694	0.000000	0.000000	3.750000	62.025192	763.475586
121	-383.019104	281.120453	-121.644928	73.255188	0.000000	0.000000	3.750000	411.490570	-167.473511
122	869.641113	189.844788	135.728134	53.792248	0.000000	0.000000	3.750000	-903.778564	-173.764908
123	125.630356	-583.912659	42.105324	-114.503548	0.000000	0.000000	3.750000	-361.712982	728.848206
124	-192.151077	-825.014832	-55.819454	-134.907990	0.000000	0.000000	3.750000	392.584595	1111.847412
125	-615.825623	-146.280746	-155.943649	-4.171883	0.000000	0.000000	3.750000	708.584351	89.936195
126	101.960114	-947.342102	26.824471	-145.548767	0.000000	0.000000	3.750000	-212.722687	1153.879883
127	703.833374	789.324097	109.513863	93.502426	0.000000	0.000000	3.750000	-681.470703	-578.389893
128	128.242676	1000.813965	27.085960	153.630219	0.000000	0.000000	3.750000	-84.370758	-1214.337646
129	116.936272	-1032.457153	-0.186336	-171.999405	0.000000	0.000000	3.750000	54.661961	860.803040
130	-735.884216	-771.623718	-98.392357	-99.593735	0.000000	0.000000	3.750000	563.201111	462.562836
131	440.239258	149.107071	122.214012	49.877136	0.000000	0.000000	3.750000	-649.420654	-242.624985
132	745.084167	325.168091	117.533234	79.686287	0.000000	0.000000	3.750000	-709.217163	-418.135193
133	-472.851532	575.803162	-72.988243	97.757980	0.000000	0.000000	3.750000	419.059448	-766.562744
134	-398.915253	-892.640564	-65.713821	-119.069611	0.000000	0.000000	3.750000	369.699005	1069.005127
135	732.846863	483.619354	109.740189	90.116249	0.000000	0.000000	3.750000	-716.041626	-445.100800
136	-713.084900	-867.899536	-98.210205	-123.768936	0.000000	0.000000	3.750000	648.846863	848.862915
137	-386.502441	-981.500977	-37.054726	-153.593353	0.000000	0.000000	3.750000	197.578079	1084.931763
138	518.218994	-774.562134	57.643944	-112.040710	0.000000	0.000000	3.750000	-397.701111	1093.694214
139	-601.087891	-750.932007	-65.330170	-128.327393	0.000000	0.000000	3.750000	413.601288	1019.984741
140	-540.815430	153.433044	-119.898224	4.934336	0.000000	0.000000	3.750000	862.640930	55.122143
141	121.968735	331.438873	48.670708	114.048935	0.000000	0.000000	3.750000	-241.038864	-599.948120
142	367.239807	4.524317	109.495811	90.404282	0.000000	0.000000	3.750000	-170.916977	-66.156891
143	297.065125	-624.963623	35.628082	-122.941544	0.000000	0.000000	3.750000	-221.724426	938.149231
144	-157.896881	-734.004028	1.857413	-127.986496	0.000000	0.000000	3.750000	-9.554090	927.290771
145	-631.623901	64.809113	-140.175751	32.953003	0.000000	0.000000	3.750000	718.304749	9.300498
146	-513.450989	784.131348	-78.814240	105.888168	0.000000	0.000000	3.750000	235.757248	-412.301483
147	-592.887329	711.893433	-81.848663	106.098045	0.000000	0.000000	3.750000	744.878113	-1036.465820
148	318.612579	-284.670593	108.061180	-75.805634	0.000000	0.000000	3.750000	-519.385132	276.721313
149	580.353027	772.365845	86.401756	110.157585	0.000000	0.000000	3.750000	-509.351227	-811.382874
150	-201.109955	51.248253	-79.151062	92.838234	0.000000	0.000000	3.750000	182.902451	-293.764130
151	358.920349	115.989120	124.513741	54.700611	0.000000	0.000000	3.750000	-484.293732	-161.135895
152	371.589172	-847.586914	59.757095	-126.605865	0.000000	0.000000	3.750000	-382.137939	1036.725098
153	305.388367	36.467430	132.869354	-29.002243	0.000000	0.000000	3.750000	-456.568756	196.898605
154	-697.196533	720.699097	-95.502197	96.825607	0.000000	0.000000	3.750000	436.725952	-336.149536
155	222.321609	-645.967834	28.042339	-137.162064	0.000000	0.000000	3.750000	-58.854649	741.976746
156	-60.530586	-748.763794	-14.723435	-151.284714	0.000000	0.000000	3.750000	-6.562025	965.488342
157	637.749756	-929.591064	96.701584	-114.668167	0.000000	0.000000	3.750000	-763.781799	995.063660
158	498.400665	83.306313	139.962662	3.159922	0.000000	0.000000	3.750000	-565.220093	91.300797
159	-638.560242	-695.542969	-107.484764	-92.795601	0.000000	0.000000	3.750000	742.190369	621.291992
160	306.232208	-136.756195	110.780304	-95.089050	0.000000	0.000000	3.750000	-237.860703	321.197266
161	412.196442	420.686401	84.699280	82.158493	0.000000	0.000000	3.750000	-629.645752	-551.987854
162	-193.937836	644.765747	-34.000748	112.994972	0.000000	0.000000	3.750000	146.678741	-1067.503052
163	272.994934	-918.540405	56.693558	-123.619598	0.000000	0.000000	3.750000	-416.570343	1158.172485
164	-493.316833	-172.328033	-143.244797	14.573376	0.000000	0.000000	3.750000	257.463287	113.647583
165	892.076416	269.314331	138.717499	66.879204	0.000000	0.000000	3.750000	-659.722961	-121.351662
166	-707.223389	-58.676315	-135.297684	27.149860	0.000000	0.000000	3.750000	389.217560	-16.850080
167	-434.063995	685.958862	-78.768707	125.296997	0.000000	0.000000	3.750000	408.412323	-893.897583
168	284.874054	861.801697	40.603615	140.238983	0.000000	0.000000	3.750000	-56.492611	-800.461365
169	-263.103821	246.644073	-94.605392	100.467667	0.000000	0.000000	3.750000	151.656738	-3.569813
170	647.272827	615.395386	93.256256	96.225082	0.000000	0.000000	3.750000	-694.144470	-769.768188
171	722.357300	-357.858826	127.313789	-53.246567	0.000000	0.000000	3.750000	-870.294312	342.625153
172	-983.821777	562.502441	-133.811768	80.188278	0.000000	0.000000	3.750000	1074.320557	-409.015717
173	-134.031647	521.872986	-56.408714	108.176041	0.000000	0.000000	3.750000	269.358856	-500.583282
174	-557.574951	-54.227974	-148.465088	21.294758	0.000000	0.000000	3.750000	292.011871	79.397591
175	729.670410	504.035706	96.517914	80.994965	0.000000	0.000000	3.750000	-541.172668	-336.498138
176	943.104431	467.222900	142.967194	76.184814	0.000000	0.000000	3.750000	-995.934204	-325.482361
177	217.164047	-270.491455	79.713974	-94.981552	0.000000	0.000000	3.750000	-437.279266	392.104553
178	410.167969	-182.304108	110.669281	-85.745491	0.000000	0.000000	3.750000	-415.332611	301.653412
179	-274.647919	1004.374390	-45.404503	140.862366	0.000000	0.000000	3.750000	165.276779	-1209.238281
180	615.757385	-492.371826	108.393539	-64.240364	0.000000	0.000000	3.750000	-779.995667	525.546631
181	323.258636	-834.105347	51.788597	-130.068909	0.000000	0.000000	3.750000	-358.593445	1094.802246
182	555.031311	835.211792	81.127686	109.152359	0.000000	0.000000	3.750000	-571.501465	-992.124207
183	741.742554	-1.330468	133.551025	-10.959986	0.000000	0.000000	3.750000	-966.879761	91.399940
184	783.071289	-673.723633	123.473724	-88.646721	0.000000	0.000000	3.750000	-730.407043	525.932739
185	-555.360718	620.573730	-111.637512	84.480125	0.000000	0.000000	3.750000	1039.367188	-565.466858
186	-563.715149	-728.477722	-78.269691	-96.175858	0.000000	0.000000	3.750000	621.135193	1022.566589
187	-555.325623	-607.877747	-102.464455	-89.426147	0.000000	0.000000	3.750000	748.118835	631.059204
188	614.533142	-122.557579	135.623718	-10.108992	0.000000	0.000000	3.750000	-785.279846	21.947336
189	637.716919	-768.797119	92.240356	-94.422974	0.000000	0.000000	3.750000	-716.138062	649.976013
190	-815.702026	579.985901	-109.811371	83.578712	0.000000	0.000000	3.750000	1047.622314	-613.139160
191	965.622437	905.563721	123.948685	119.250443	0.000000	0.000000	3.750000	-1798.465454	-1465.342407
192	245.705994	217.251282	95.640656	107.630493	0.000000	0.000000	3.750000	-301.182404	-118.304855
193	-548.782532	-561.466919	-93.647720	-90.166992	0.000000	0.000000	3.750000	580.894531	610.921631
194	864.829590	-27.851414	123.100143	26.875969	0.000000	0.000000	3.750000	-607.465698	-83.367371
195	-524.293762	684.862488	-76.692314	121.878082	0.000000	0.000000	3.750000	413.656891	-759.927368
196	662.885681	834.669678	98.206009	113.382347	0.000000	0.000000	3.750000	-522.267822	-617.438965
197	747.517090	426.269775	116.319214	58.047516	0.000000	0.000000	3.750000	-761.224243	-207.772766
198	617.048462	647.416382	99.455421	83.717186	0.000000	0.000000	3.750000	-784.706177	-816.889893
199	-545.276184	483.615845	-97.271355	86.245003	0.000000	0.000000	3.750000	767.287048	-531.623474
200	-754.313843	-274.160004	-118.601151	-42.540222	0.000000	0.000000	3.750000	1345.535522	281.374878
201	36.358807	-856.049438	17.849018	-136.840485	0.000000	0.000000	3.750000	-39.087215	793.897949
202	-319.294067	336.841614	-84.654205	96.006699	0.000000	0.000000	3.750000	182.089005	-272.801514
203	-161.220551	-520.959961	-42.875816	-81.398178	0.000000	0.000000	3.750000	544.313660	938.647827
204	-674.088257	-518.691406	-105.375336	-76.131729	0.000000	0.000000	3.750000	948.296326	674.313232
205	-440.634613	-705.436646	-79.320801	-110.472649	0.000000	0.000000	3.750000	408.563232	544.196594
206	-804.696777	-418.150696	-111.784737	-80.920654	0.000000	0.000000	3.750000	970.073364	605.602356
207	-847.915222	414.142700	-136.096878	72.065796	0.000000	0.000000	3.750000	1242.932739	-447.141083
208	548.213074	-294.187225	124.158630	-50.404690	0.000000	0.000000	3.750000	-939.044800	368.278107
209	894.914429	531.544434	121.702538	84.216492	0.000000	0.000000	3.750000	-1065.955933	-563.698914
210	797.870544	-429.013977	113.984802	-62.509705	0.000000	0.000000	3.750000	-932.443420	548.146729
211	465.749969	575.276123	74.293198	111.518410	0.000000	0.000000	3.750000	-393.619507	-878.687073
212	-656.206116	323.521912	-126.431282	64.644508	0.000000	0.000000	3.750000	838.501587	-272.573700
213	163.041977	-830.692261	22.613380	-144.237885	0.000000	0.000000	3.750000	-183.323807	899.400024
214	31.633053	509.193115	-2.264079	135.980988	0.000000	0.000000	3.750000	52.891544	-702.251404
215	667.501587	8.815064	134.743011	18.445627	0.000000	0.000000	3.750000	-805.609070	-22.649035
216	-814.580933	-294.958038	-135.622986	-34.732864	0.000000	0.000000	3.750000	1038.467163	334.296570
217	473.383636	-357.160583	144.618408	-31.451769	0.000000	0.000000	3.750000	-558.997375	195.582733
218	-758.843140	-808.402283	-97.701942	-100.271271	0.000000	0.000000	3.750000	767.584412	818.059509
219	299.780884	-663.603455	47.492363	-129.570282	0.000000	0.000000	3.750000	-277.086578	854.728088
220	-282.293549	717.493103	-75.123871	118.137177	0.000000	0.000000	3.750000	351.881958	-600.951416
221	-493.323547	-336.399567	-126.150055	-88.329468	0.000000	0.000000	3.750000	471.686859	364.025085
222	-940.768311	-321.665009	-149.212433	-28.976604	0.000000	0.000000	3.750000	876.417297	136.995178
223	-772.691772	807.638916	-103.797646	105.499046	0.000000	0.000000	3.750000	797.650818	-810.324036
224	594.478210	-694.829224	70.591148	-106.774651	0.000000	0.000000	3.750000	-453.372284	903.471008
225	521.530457	457.225403	93.119568	90.712433	0.000000	0.000000	3.750000	-506.251923	-493.991150
226	-226.748184	-60.194969	-143.634384	-10.056711	0.000000	0.000000	3.750000	449.676025	283.805511
227	173.110504	-38.865459	133.999466	-0.352630	0.000000	0.000000	3.750000	-355.787445	2.646656
228	-769.695984	-555.290405	-105.913071	-103.375145	0.000000	0.000000	3.750000	735.934326	740.796387
229	137.529999	411.585144	57.912647	123.052879	0.000000	0.000000	3.750000	-148.758728	-295.295074
230	842.804077	-134.503082	135.676605	-25.216160	0.000000	0.000000	3.750000	-930.688232	162.981796
231	-496.587158	-876.629028	-72.119461	-119.993660	0.000000	0.000000	3.750000	385.174622	1185.641235
232	460.686096	778.071777	87.553284	114.325912	0.000000	0.000000	3.750000	-520.230896	-811.834106
233	-44.467655	712.461243	-14.164171	137.270905	0.000000	0.000000	3.750000	3.666195	-911.275818
234	735.821411	-844.780640	108.490852	-100.666214	0.000000	0.000000	3.750000	-1142.398071	860.290344
235	-831.479980	-555.874268	-121.155045	-74.063751	0.000000	0.000000	3.750000	936.384766	506.244873
236	841.226501	-263.795654	132.094086	-39.939354	0.000000	0.000000	3.750000	-1549.599854	480.563812
237	177.409348	-965.891846	30.166084	-148.976135	0.000000	0.000000	3.750000	-242.137558	900.202637
238	476.777222	429.992371	108.723442	71.267593	0.000000	0.000000	3.750000	-722.048157	-326.001770
239	824.831299	287.621521	138.563873	20.001268	0.000000	0.000000	3.750000	-968.884216	-124.964592
240	699.573364	377.179260	119.256027	84.225800	0.000000	0.000000	3.750000	-680.553284	-440.297882
241	-464.390106	-704.384583	-53.762836	-118.361687	0.000000	0.000000	3.750000	311.386536	964.554871
242	-609.960144	630.021545	-84.725327	108.929077	0.000000	0.000000	3.750000	529.537476	-893.295959
243	172.637146	-515.004761	80.040405	-145.425598	0.000000	0.000000	3.750000	-300.141327	375.715881
244	-749.336670	-512.223022	-109.542892	-87.179596	0.000000	0.000000	3.750000	1006.238159	613.250549
245	645.722839	702.364929	83.066544	83.808990	0.000000	0.000000	3.750000	-967.123718	-1015.059509
246	162.779938	-622.828003	32.234749	-119.736557	0.000000	0.000000	3.750000	-207.551010	571.385681
247	1042.123169	-181.237015	147.160995	-29.045338	0.000000	0.000000	3.750000	-1020.109009	161.189819
248	-735.281006	-256.122711	-129.344177	-13.041241	0.000000	0.000000	3.750000	1023.527222	139.531052
249	-473.678833	-780.744995	-58.995163	-113.593506	0.000000	0.000000	3.750000	345.618622	963.901306
250	-28.156158	-454.426147	33.019783	-154.511139	0.000000	0.000000	3.750000	-150.332977	674.921509
251	-329.741333	51.790924	-125.421783	-11.992813	0.000000	0.000000	3.750000	551.106384	275.476532
252	113.890182	760.235352	56.108997	117.267609	0.000000	0.000000	3.750000	-305.947205	-928.956970
253	32.146664	-222.923706	-8.075059	-143.745911	0.000000	0.000000	3.750000	-31.114273	242.077133
254	109.591736	-228.174561	95.874939	-110.108910	0.000000	0.000000	3.750000	-260.507446	299.793243
255	-1010.641968	-385.765594	-139.258331	-50.110352	0.000000	0.000000	3.750000	1150.140259	293.982147
256	-952.340576	-337.853912	-141.860687	-59.929462	0.000000	0.000000	3.750000	932.777649	359.325470
257	-73.082733	-370.214996	-57.270519	-140.798019	0.000000	0.000000	3.750000	286.225128	684.786255
258	-448.497986	-1034.989380	-69.416443	-137.467010	0.000000	0.000000	3.750000	385.541504	1249.582031
259	327.923798	-462.878601	89.056412	-115.692047	0.000000	0.000000	3.750000	-495.989594	487.953247
260	-592.899414	154.609329	-120.092941	44.289917	0.000000	0.000000	3.750000	391.118652	-130.584381
261	-333.250671	538.567017	-81.203384	111.579376	0.000000	0.000000	3.750000	351.892914	-567.526428
262	649.695923	-298.498840	116.686478	-69.857574	0.000000	0.000000	3.750000	-597.888916	492.986725
263	-486.070679	763.333313	-85.818764	102.912209	0.000000	0.000000	3.750000	267.926208	-416.714233
264	631.672974	-166.219864	146.305420	-41.201317	0.000000	0.000000	3.750000	-225.831421	34.693512
265	739.100891	-271.357422	117.329674	-45.931904	0.000000	0.000000	3.750000	-1061.616333	368.117706
266	402.282166	-464.608459	96.206894	-104.442467	0.000000	0.000000	3.750000	-1800.166870	2049.902832
267	462.817291	-278.973633	138.182724	-40.515324	0.000000	0.000000	3.750000	-882.630432	311.268005
268	-645.171143	-540.176270	-119.511955	-64.906799	0.000000	0.000000	3.750000	908.566223	483.041229
269	578.646362	393.497101	129.809784	62.332848	0.000000	0.000000	3.750000	-937.474121	-375.374268
270	500.464783	869.557617	75.519226	136.502106	0.000000	0.000000	3.750000	-175.359482	-454.780365
271	-763.343140	528.620178	-108.292740	75.475662	0.000000	0.000000	3.750000	1545.785278	-716.106750
272	-359.370117	-260.174622	-125.085640	-35.399933	0.000000	0.000000	3.750000	686.666992	385.966553
273	-757.688965	-127.207352	-137.960693	-3.280969	0.000000	0.000000	3.750000	911.721313	108.406082
274	-136.703049	491.402527	-29.060513	128.758713	0.000000	0.000000	3.750000	-31.451767	-674.519348
275	693.327637	-37.983261	125.347656	41.375420	0.000000	0.000000	3.750000	-652.402466	-240.521072
276	-299.152588	-572.504395	-34.609734	-123.232132	0.000000	0.000000	3.750000	227.732285	929.480835
277	-187.550873	-426.333679	-55.884941	-112.928604	0.000000	0.000000	3.750000	343.152344	672.242371
278	-189.138962	-46.024082	-130.758026	18.021503	0.000000	0.000000	3.750000	225.836258	2.501644
279	-670.614380	-592.894897	-113.349854	-82.169357	0.000000	0.000000	3.750000	845.008850	561.181152
280	746.215698	-658.139771	95.435936	-91.191956	0.000000	0.000000	3.750000	-837.517883	717.440979
281	136.895706	213.078812	38.105621	155.391449	0.000000	0.000000	3.750000	-6.368706	-437.323090
282	-413.185028	-250.540161	-104.879379	-104.423264	0.000000	0.000000	3.750000	485.423340	420.914032
283	-832.234253	-141.234222	-131.361176	-12.970860	0.000000	0.000000	3.750000	1011.685059	107.589020
284	178.684662	720.993286	33.113903	115.339943	0.000000	0.000000	3.750000	-92.203049	-1067.387573
285	-752.357178	-342.834656	-129.880188	-52.260246	0.000000	0.000000	3.750000	880.162781	370.295929
286	555.548462	-515.722473	79.798035	-78.589203	0.000000	0.000000	3.750000	-602.745728	686.940857
287	-558.904785	-788.080078	-85.168694	-113.623375	0.000000	0.000000	3.750000	613.730652	934.990967
288	250.082016	-353.352661	58.036957	-118.556396	0.000000	0.000000	3.750000	-207.604385	518.883606
289	167.305786	-841.782898	23.027100	-123.877930	0.000000	0.000000	3.750000	-242.330292	1636.991577
290	-676.196289	-337.212769	-124.437317	-29.989059	0.000000	0.000000	3.750000	1029.214600	289.820587
291	199.180511	-90.818810	139.190170	14.997535	0.000000	0.000000	3.750000	-378.564392	-102.934769
292	21.897066	762.264526	10.724547	123.535355	0.000000	0.000000	3.750000	-88.725266	-1070.555542
293	361.567291	818.553589	51.903477	117.003922	0.000000	0.000000	3.750000	-260.645538	-1000.555847
294	145.487335	615.238098	-7.557149	143.801498	0.000000	0.000000	3.750000	-10.484505	-832.335144
295	-644.410889	-240.916000	-142.620132	-46.458633	0.000000	0.000000	3.750000	493.443329	310.208038
296	667.787231	378.099731	103.279404	61.100750	0.000000	0.000000	3.750000	-919.738098	-394.068329
297	-513.760559	-387.295654	-95.119492	-51.149452	0.000000	0.000000	3.750000	1545.624512	700.948181
298	-545.594788	-630.364258	-94.978661	-82.795227	0.000000	0.000000	3.750000	946.374023	753.554871
299	337.304077	260.768524	87.957542	87.404060	0.000000	0.000000	3.750000	-509.940216	-507.787628
300	-834.561707	591.858032	-100.997482	91.077415	0.000000	0.000000	3.750000	827.666687	-429.765564
301	-826.257935	879.208740	-108.599373	117.499603	0.000000	0.000000	3.750000	762.881104	-921.222656
302	-948.102173	-269.296387	-123.712204	-56.491318	0.000000	0.000000	3.750000	1120.590942	422.518250
303	-887.818909	323.321930	-135.019775	28.523190	0.000000	0.000000	3.750000	1020.608643	-95.015976
304	258.174042	359.600342	91.003922	106.373260	0.000000	0.000000	3.750000	-465.404755	-226.719940
305	267.629761	446.852661	61.272842	130.312897	0.000000	0.000000	3.750000	-196.813354	-602.677368
306	-883.104980	-534.881470	-128.787186	-76.900955	0.000000	0.000000	3.750000	1475.666138	651.880432
307	-443.170715	58.673470	-124.520607	43.798058	0.000000	0.000000	3.750000	649.920593	-96.874199
308	-570.405579	759.527283	-70.781998	111.417603	0.000000	0.000000	3.750000	393.322632	-773.495117
309	-47.509533	231.148834	44.709103	102.689270	0.000000	0.000000	3.750000	-170.301331	-413.078156
310	502.507874	603.477417	104.633507	101.822540	0.000000	0.000000	3.750000	-591.273193	-584.366760
311	-1000.145935	228.216507	-138.471161	80.159454	0.000000	0.000000	3.750000	1043.769531	-428.467560
312	-96.724609	-672.275513	23.299887	-146.154221	0.000000	0.000000	3.750000	-186.294922	917.319214
313	-975.163757	240.988785	-138.197174	40.465237	0.000000	0.000000	3.750000	1262.080688	-204.188065
314	-171.609833	390.717468	-77.177734	94.485962	0.000000	0.000000	3.750000	419.098633	-526.056030
315	-284.155090	-303.413452	-111.057785	-78.499023	0.000000	0.000000	3.750000	498.568604	305.880280
316	202.155212	-15.686762	98.071289	-49.804367	0.000000	0.000000	3.750000	-207.977402	202.891663
317	-362.650879	159.496994	-105.428467	85.906021	0.000000	0.000000	3.750000	355.290802	-146.172165
318	340.587280	-100.067039	121.632553	-45.885490	0.000000	0.000000	3.750000	-434.801422	209.908066
319	-633.328735	-418.962433	-136.505493	-71.289352	0.000000	0.000000	3.750000	787.910156	501.930359
320	-699.073486	398.064789	-94.265350	67.601334	0.000000	0.000000	3.750000	946.875305	-446.976074
321	-771.335693	-726.799377	-111.999069	-105.698425	0.000000	0.000000	3.750000	1133.838135	883.603699
322	-760.396790	-323.470428	-125.229218	-47.682518	0.000000	0.000000	3.750000	1137.916260	346.350830
323	438.591614	-724.776855	92.121223	-115.834457	0.000000	0.000000	3.750000	-468.861572	688.505737
324	-415.378571	-404.195892	-83.002472	-89.412453	0.000000	0.000000	3.750000	513.451233	587.710144
325	665.307068	-610.187012	88.716263	-80.804619	0.000000	0.000000	3.750000	-837.323181	597.324219
326	-654.977783	-727.814819	-86.564774	-94.289658	0.000000	0.000000	3.750000	340.694427	463.765625
327	673.681519	253.989166	140.300552	53.063679	0.000000	0.000000	3.750000	-764.752319	-261.702850
328	-580.917236	538.569763	-90.168930	101.811287	0.000000	0.000000	3.750000	197.694885	-211.093475
329	-567.808472	-25.154762	-143.828278	6.884569	0.000000	0.000000	3.750000	524.512207	154.812576
330	181.000488	244.263275	61.258812	125.879288	0.000000	0.000000	3.750000	-93.162010	-73.350006
331	881.593018	-600.281799	111.279205	-88.209618	0.000000	0.000000	3.750000	-840.822632	680.128113
332	-881.556763	-371.787476	-127.135269	-67.620270	0.000000	0.000000	3.750000	567.573914	230.630402
333	529.278564	640.108765	102.552155	120.195374	0.000000	0.000000	3.750000	-510.997925	-751.908813
334	351.969482	1056.436401	59.951942	150.497192	0.000000	0.000000	3.750000	-223.297485	-1217.539551
335	-466.306763	530.554565	-101.063507	78.550171	0.000000	0.000000	3.750000	904.730408	-584.216675
336	412.308136	-687.963623	103.858826	-81.467697	0.000000	0.000000	3.750000	-562.059631	691.186096
337	546.326050	648.543701	91.414398	92.430450	0.000000	0.000000	3.750000	-651.845154	-756.253113
338	123.290916	85.319633	101.397278	60.320328	0.000000	0.000000	3.750000	-233.462128	-17.165119
339	-653.237976	758.972168	-102.400154	101.243271	0.000000	0.000000	3.750000	792.352844	-809.761780
340	583.914307	-850.531555	84.513092	-114.111313	0.000000	0.000000	3.750000	-476.701904	973.197998
341	640.014221	600.933533	94.718399	80.027519	0.000000	0.000000	3.750000	-986.630859	-704.072205
342	-718.046814	569.427002	-113.483231	85.351944	0.000000	0.000000	3.750000	237.296890	-112.950592
343	12.292568	-350.414673	20.494019	-138.491821	0.000000	0.000000	3.750000	-72.758675	424.413666
344	416.231506	655.281738	71.644165	147.522522	0.000000	0.000000	3.750000	-116.960487	-371.955048
345	427.552063	-505.168243	92.316277	-85.753204	0.000000	0.000000	3.750000	-580.649475	701.670410
346	-25.417505	599.037537	-30.588413	136.613403	0.000000	0.000000	3.750000	-56.635941	-699.572754
347	-90.416100	106.878273	-137.405121	49.346718	0.000000	0.000000	3.750000	321.558350	-60.924416
348	-868.327881	-529.040833	-108.661118	-74.944687	0.000000	0.000000	3.750000	1201.626465	636.881348
349	-376.222137	421.614502	-80.859528	128.705948	0.000000	0.000000	3.750000	246.222580	-304.343323
350	-765.459412	99.851311	-136.965637	16.828638	0.000000	0.000000	3.750000	447.962799	54.752270
351	61.552479	825.011719	-10.765703	135.572968	0.000000	0.000000	3.750000	-27.374275	-1154.767212
352	502.393860	-453.738190	123.752838	-73.627914	0.000000	0.000000	3.750000	-607.780212	478.531616
353	531.768066	-224.202911	130.700531	-44.286179	0.000000	0.000000	3.750000	-608.322388	255.159042
354	622.296387	763.166809	90.358902	106.934761	0.000000	0.000000	3.750000	-362.929047	-585.075073
355	-651.669556	431.273193	-122.568588	108.962418	0.000000	0.000000	3.750000	435.947968	-308.716766
356	814.651855	-490.346252	121.131630	-61.831085	0.000000	0.000000	3.750000	-590.161682	285.145355
357	289.951508	-767.630798	34.779770	-131.477600	0.000000	0.000000	3.750000	-275.386322	907.532715
358	-781.829224	-619.188721	-108.547760	-88.415665	0.000000	0.000000	3.750000	1079.987549	690.978210
359	-336.156250	381.293579	-73.003670	124.117737	0.000000	0.000000	3.750000	81.322891	-145.524536
360	777.504639	-594.548279	114.272903	-80.880798	0.000000	0.000000	3.750000	-941.903503	662.539795
361	853.821350	-86.781059	154.767181	-40.584499	0.000000	0.000000	3.750000	-1109.072754	336.708191
362	911.744019	-280.518646	143.127792	-66.921051	0.000000	0.000000	3.750000	-943.357422	471.242157
363	615.153198	883.226440	102.261101	101.383667	0.000000	0.000000	3.750000	-713.849792	-794.988831
364	-31.393251	-169.046021	-18.432093	-114.526154	0.000000	0.000000	3.750000	102.743896	535.260864
365	311.231415	220.906219	87.920395	75.661407	0.000000	0.000000	3.750000	-502.961487	-170.057556
366	659.854309	-656.170166	87.734451	-101.284927	0.000000	0.000000	3.750000	-714.507874	988.971008
367	52.925137	133.130630	57.405174	100.786865	0.000000	0.000000	3.750000	-271.300690	-149.813583
368	-200.306458	-151.915527	-73.265305	-84.712418	0.000000	0.000000	3.750000	279.005188	320.325623
369	-746.440552	-384.553131	-109.439949	-49.222847	0.000000	0.000000	3.750000	1021.150513	393.718353
370	-359.135193	-244.707581	-81.436279	-98.752419	0.000000	0.000000	3.750000	374.289917	394.466705
371	848.842773	-236.775650	122.245483	-37.942131	0.000000	0.000000	3.750000	-399.624359	106.628784
372	60.229771	120.647079	71.986389	122.391670	0.000000	0.000000	3.750000	-260.843079	-219.440155
373	-119.397133	129.909119	-62.518749	107.085846	0.000000	0.000000	3.750000	133.012314	-267.929504
374	462.697906	581.407959	89.453110	112.845169	0.000000	0.000000	3.750000	-430.179016	-700.648376
375	-435.657532	434.082214	-94.687492	105.812622	0.000000	0.000000	3.750000	156.485214	-399.695282
376	793.018555	-593.641602	125.435333	-62.173851	0.000000	0.000000	3.750000	-568.000305	183.159119
377	-767.763977	664.266602	-98.803192	96.342537	0.000000	0.000000	3.750000	1104.341064	-873.739197
378	162.827255	-832.612549	13.872209	-121.208534	0.000000	0.000000	3.750000	-3.922805	1322.739502
379	570.375916	-899.438904	87.015854	-122.180405	0.000000	0.000000	3.750000	-532.048340	1153.808105
380	-323.488708	-95.089340	-120.898148	-16.262232	0.000000	0.000000	3.750000	411.971100	316.950226
381	189.343719	-682.620300	53.805679	-124.903702	0.000000	0.000000	3.750000	-347.633270	722.829895
382	199.234375	-559.378174	39.944916	-138.348450	0.000000	0.000000	3.750000	-228.301895	632.238342
383	599.403809	927.927612	79.451172	127.229782	0.000000	0.000000	3.750000	-519.661011	-1137.211670
384	132.710297	620.807190	45.798103	119.525696	0.000000	0.000000	3.750000	-181.872894	-834.191284
385	-439.827484	904.982056	-56.547226	132.431732	0.000000	0.000000	3.750000	224.109192	-1126.407104
386	-673.724365	-390.309509	-121.591286	-77.146301	0.000000	0.000000	3.750000	779.094971	519.751221
387	-455.414490	343.816376	-89.978394	120.015671	0.000000	0.000000	3.750000	449.589081	-768.711609
388	775.234314	509.212616	117.801727	75.648544	0.000000	0.000000	3.750000	-916.651489	-468.868774
389	-484.434387	202.712997	-105.052399	98.466644	0.000000	0.000000	3.750000	208.449966	-81.206657
390	224.069611	234.669754	47.714596	131.614044	0.000000	0.000000	3.750000	-53.177551	-467.416107
391	-507.536163	-17.590923	-147.969238	55.398178	0.000000	0.000000	3.750000	521.736572	-148.653412
392	647.916931	-236.713516	115.603523	-23.660221	0.000000	0.000000	3.750000	-979.516846	153.542007
393	44.327126	-248.993042	-132.065598	-79.155388	0.000000	0.000000	3.750000	111.172920	104.806580
394	-305.810791	-431.754730	-58.177963	-138.258133	0.000000	0.000000	3.750000	298.617340	673.884644
395	-39.124084	431.871552	5.940160	141.873718	0.000000	0.000000	3.750000	44.390827	-382.192810
396	480.724976	-637.858521	85.668869	-100.423279	0.000000	0.000000	3.750000	-615.707825	784.595154
397	825.045837	-339.559357	146.358246	-47.908909	0.000000	0.000000	3.750000	-943.057190	291.614655
398	-377.174194	428.323120	-73.815399	141.918671	0.000000	0.000000	3.750000	18.078892	-79.169998
399	-406.854065	-843.781982	-37.272972	-134.946976	0.000000	0.000000	3.750000	217.208817	1151.246948
400	104.184807	410.442810	50.348053	132.764923	0.000000	0.000000	3.750000	-21.849930	-243.153214
401	-945.664673	343.527069	-126.921913	59.081776	0.000000	0.000000	3.750000	1106.553345	-301.427826
402	768.297974	-201.676163	105.071648	-38.780727	0.000000	0.000000	3.750000	-838.997864	352.372040
403	-198.109497	599.877075	-15.487949	139.140472	0.000000	0.000000	3.750000	36.200855	-817.418457
404	-852.460449	548.174316	-117.889160	89.476868	0.000000	0.000000	3.750000	264.490509	-150.470123
405	-87.267410	191.933624	-9.460251	135.665558	0.000000	0.000000	3.750000	62.060020	-237.802795
406	-37.783283	660.300842	-4.274167	145.936569	0.000000	0.000000	3.750000	-91.700729	-827.337585
407	-570.355408	-261.327942	-149.556396	-44.365646	0.000000	0.000000	3.750000	778.783020	405.729645
408	-564.740540	164.506577	-103.353165	75.510910	0.000000	0.000000	3.750000	578.879211	-287.375763
409	889.954163	230.034424	132.559326	50.905090	0.000000	0.000000	3.750000	-768.819397	-64.705994
410	-943.224121	-258.562836	-139.913574	-24.252701	0.000000	0.000000	3.750000	1187.560791	215.161743
411	-15.331257	644.917786	-47.739845	131.602737	0.000000	0.000000	3.750000	39.368141	-157.930542
412	255.067535	-410.014099	42.979790	-126.919571	0.000000	0.000000	3.750000	-133.130600	545.671875
413	-661.531189	857.128052	-85.437988	120.847702	0.000000	0.000000	3.750000	467.304352	-1006.595642
414	1016.050232	67.079819	147.501587	12.135117	0.000000	0.000000	3.750000	-1183.877563	-36.441727
415	872.745972	85.531708	133.027954	16.110901	0.000000	0.000000	3.750000	-1120.220703	-116.151329
416	-533.220398	829.392334	-70.624435	116.224365	0.000000	0.000000	3.750000	639.884521	-1495.381714
417	-440.824280	-707.481812	-77.299080	-128.548981	0.000000	0.000000	3.750000	514.287231	793.395081
418	-363.432617	404.224976	-73.804733	107.015862	0.000000	0.000000	3.750000	277.519623	-692.200806
419	1008.112732	-211.997528	155.837906	-26.046982	0.000000	0.000000	3.750000	-1052.699707	72.967468
420	90.345734	-192.761581	141.364258	-36.295998	0.000000	0.000000	3.750000	-75.594734	65.744370
421	-725.220947	-777.217224	-93.664124	-98.605362	0.000000	0.000000	3.750000	677.168640	840.000732
422	-493.073059	-581.695129	-102.909386	-111.864281	0.000000	0.000000	3.750000	579.977783	591.670959
423	-133.616272	78.161964	-84.863770	118.749817	0.000000	0.000000	3.750000	89.529800	-39.265980
424	823.906616	-302.913635	120.012939	-31.191242	0.000000	0.000000	3.750000	-906.267029	256.052887
425	-487.478699	766.765747	-67.243660	113.587097	0.000000	0.000000	3.750000	284.135559	-919.675415
426	520.403015	129.950729	102.526062	33.946800	0.000000	0.000000	3.750000	-737.063538	-188.307510
427	492.660706	-297.702148	121.557281	-56.389679	0.000000	0.000000	3.750000	-788.553162	456.094208
428	650.129578	707.709595	83.015686	102.627274	0.000000	0.000000	3.750000	-658.959534	-1016.337769
429	-244.303009	602.983459	-55.910397	119.573135	0.000000	0.000000	3.750000	208.370056	-860.641418
430	-58.806019	-400.807434	8.856785	-125.684647	0.000000	0.000000	3.750000	65.764351	409.496765
431	-66.735428	474.476410	-35.471985	129.217712	0.000000	0.000000	3.750000	15.954476	-564.403442
432	-501.800629	498.150635	-97.654068	108.534119	0.000000	0.000000	3.750000	515.934998	-612.648560
433	876.739868	234.310425	148.553940	47.614021	0.000000	0.000000	3.750000	-974.765259	-90.567825
434	-62.930683	687.288635	-6.790093	123.813431	0.000000	0.000000	3.750000	-69.846603	-849.570496
435	-815.261475	-1035.895508	-118.294777	-116.457207	0.000000	0.000000	3.750000	890.741211	718.258728
436	-160.034988	-802.868286	-47.231613	-121.116074	0.000000	0.000000	3.750000	239.731735	907.445374
437	-904.877991	176.062439	-146.011810	54.917366	0.000000	0.000000	3.750000	1083.466187	-123.808746
438	-103.704559	140.282410	-111.399399	70.793274	0.000000	0.000000	3.750000	91.823257	-86.342102
439	-660.284546	-294.176849	-140.243988	-53.210106	0.000000	0.000000	3.750000	748.585938	413.914917
440	811.224243	-80.346153	134.737030	-29.831680	0.000000	0.000000	3.750000	-952.410828	202.803955
441	-214.044891	422.932800	-60.517361	119.554016	0.000000	0.000000	3.750000	159.214508	-432.064209
442	762.435059	-544.763306	110.094696	-69.131409	0.000000	0.000000	3.750000	-1021.681885	587.087524
443	-701.396851	690.260498	-98.552246	90.792770	0.000000	0.000000	3.750000	923.482544	-592.455200
444	-542.464966	-248.149139	-119.366333	-33.580383	0.000000	0.000000	3.750000	836.767761	301.434387
445	536.593628	338.053528	117.133789	76.676697	0.000000	0.000000	3.750000	-686.208496	-257.419250
446	448.220642	-768.744446	81.797958	-116.073631	0.000000	0.000000	3.750000	-496.353333	676.592224
447	-434.264343	-974.117432	-32.653004	-150.498291	0.000000	0.000000	3.750000	165.879181	1155.187012
448	794.989136	-341.055603	115.023041	-64.758759	0.000000	0.000000	3.750000	-801.458740	478.603210
449	320.880859	-288.740936	127.252243	-90.225601	0.000000	0.000000	3.750000	-357.011047	150.389450
450	-841.897095	197.120453	-129.955246	52.070648	0.000000	0.000000	3.750000	932.689087	-185.672821
451	-257.836853	-56.258316	-106.704285	-90.583275	0.000000	0.000000	3.750000	99.055656	162.828979
452	747.103210	118.515556	139.875336	24.472223	0.000000	0.000000	3.750000	-662.754395	-116.500755
453	-575.467102	-704.498413	-96.036011	-84.623184	0.000000	0.000000	3.750000	844.469482	769.539062
454	-574.201111	-405.396057	-101.597107	-47.137577	0.000000	0.000000	3.750000	433.828491	220.258209
455	29.791506	-911.668213	15.466190	-139.142822	0.000000	0.000000	3.750000	-16.627043	1084.367798
456	480.058960	786.275146	60.490707	119.568718	0.000000	0.000000	3.750000	-309.196655	-1096.212158
457	457.275360	171.237198	95.820831	78.698303	0.000000	0.000000	3.750000	-192.765350	-134.694016
458	-735.584656	824.829285	-122.980103	114.454712	0.000000	0.000000	3.750000	576.117920	-434.378235
459	220.028168	-490.574768	59.185764	-117.983376	0.000000	0.000000	3.750000	-150.825729	235.464706
460	-478.495148	-293.940674	-109.672729	-57.859936	0.000000	0.000000	3.750000	485.600983	338.365509
461	757.338684	761.827515	99.582306	101.229034	0.000000	0.000000	3.750000	-839.820801	-1044.447388
462	165.920715	-392.226929	60.716164	-117.205856	0.000000	0.000000	3.750000	-346.529144	424.784912
463	827.580627	50.220089	141.963409	3.217995	0.000000	0.000000	3.750000	-1123.378174	58.417576
464	270.922119	86.028000	110.865265	88.719826	0.000000	0.000000	3.750000	-460.754425	-202.030273
465	769.701050	405.545715	129.910767	66.618820	0.000000	0.000000	3.750000	-327.981415	-129.877594
466	-463.796204	-326.415833	-131.904144	-62.586697	0.000000	0.000000	3.750000	578.022827	374.604767
467	-436.802399	-856.530029	-66.562477	-104.620346	0.000000	0.000000	3.750000	492.941742	957.409119
468	748.290894	-415.618011	121.453033	-56.614120	0.000000	0.000000	3.750000	-1057.013062	493.723328
469	-504.565674	-810.131714	-72.683861	-102.922447	0.000000	0.000000	3.750000	590.561157	1027.219604
470	188.299408	437.278900	69.742538	125.983856	0.000000	0.000000	3.750000	-351.689514	-570.759521
471	-967.716919	-219.489502	-146.566071	-53.426067	0.000000	0.000000	3.750000	1071.108887	306.783386
472	238.597931	611.094971	49.410263	107.156967	0.000000	0.000000	3.750000	-310.170410	-655.176514
473	-781.366943	665.174438	-126.252670	80.994118	0.000000	0.000000	3.750000	1027.083740	-435.690338
474	451.753326	396.641541	108.969818	97.164688	0.000000	0.000000	3.750000	-582.023071	-318.656342
475	-938.175476	882.633118	-112.888580	116.190109	0.000000	0.000000	3.750000	597.545959	-639.630798
476	-623.846313	-777.955322	-86.502655	-91.614830	0.000000	0.000000	3.750000	672.709656	829.682312
477	691.583496	213.034805	130.445541	38.467018	0.000000	0.000000	3.750000	-1105.766479	-104.045975
478	-196.833603	645.590332	-42.674080	124.911255	0.000000	0.000000	3.750000	137.370560	-732.336914
479	-663.174377	864.018738	-91.391693	118.943459	0.000000	0.000000	3.750000	611.658020	-898.628174
480	-29.159306	-985.066650	-12.272665	-153.510193	0.000000	0.000000	3.750000	86.533829	1138.090942
481	377.682800	363.866669	89.753952	94.043625	0.000000	0.000000	3.750000	-491.236359	-470.431976
482	178.526794	763.981384	-21.164747	130.291565	0.000000	0.000000	3.750000	14.954609	-979.088684
483	395.950836	-226.694092	101.728966	-67.343674	0.000000	0.000000	3.750000	-522.028076	407.224213
484	-653.148315	669.357300	-88.527679	105.862244	0.000000	0.000000	3.750000	506.041229	-724.924683
485	-185.095551	350.691772	-33.886711	98.322098	0.000000	0.000000	3.750000	27.309093	-110.699722
486	128.085648	-0.786766	126.882767	-43.059284	0.000000	0.000000	3.750000	-243.749115	148.551865
487	-879.451172	-382.380829	-124.845535	-86.703880	0.000000	0.000000	3.750000	736.357300	570.957825
488	-529.281616	-571.407898	-80.197037	-119.601135	0.000000	0.000000	3.750000	527.183228	747.406738
489	-675.494995	-836.224365	-92.654434	-99.554749	0.000000	0.000000	3.750000	797.151733	947.855530
490	578.075256	-641.912781	78.022339	-80.352234	0.000000	0.000000	3.750000	-407.468414	356.549286
491	673.633911	797.430420	105.112000	101.328506	0.000000	0.000000	3.750000	-822.242737	-801.923645
492	-726.285889	493.823120	-96.826729	92.631432	0.000000	0.000000	3.750000	830.819580	-801.020325
493	122.300385	-55.666687	149.940002	-24.249374	0.000000	0.000000	3.750000	-52.317760	23.215572
494	368.533508	391.501923	112.941315	89.332169	0.000000	0.000000	3.750000	-659.252319	-463.906860
495	-66.424911	-495.797211	-16.981842	-132.919586	0.000000	0.000000	3.750000	67.670174	635.706665
496	364.341980	-638.282471	73.681046	-99.735138	0.000000	0.000000	3.750000	-495.357300	754.850769
497	607.157104	-663.413696	105.622864	-79.169464	0.000000	0.000000	3.750000	-1004.087769	817.098877
498	-962.775330	210.796371	-146.785782	39.469406	0.000000	0.000000	3.750000	1206.885742	-192.795502
499	215.599854	-457.449097	26.155174	-145.670029	0.000000	0.000000	3.750000	-70.648193	811.617188
500	-13.062038	853.810608	1.273663	131.993820	0.000000	0.000000	3.750000	-48.294167	-1011.299744
501	-895.628052	-606.498047	-109.165916	-90.811470	0.000000	0.000000	3.750000	1242.486084	757.405029
502	-120.464333	-839.584351	-40.410702	-148.603149	0.000000	0.000000	3.750000	357.451355	1012.279907
503	-300.904633	506.973999	-79.725189	124.691132	0.000000	0.000000	3.750000	351.554688	-539.427429
504	-191.585754	-189.541672	-102.481598	-95.380493	0.000000	0.000000	3.750000	447.663177	382.500244
505	330.063446	-498.142059	94.728958	-94.775406	0.000000	0.000000	3.750000	-155.901154	164.088318
506	-180.864166	419.554382	-5.602916	147.893890	0.000000	0.000000	3.750000	18.515516	-462.775146
507	-634.585938	202.622559	-130.827820	49.832047	0.000000	0.000000	3.750000	622.376221	-59.972134
508	250.434616	461.024536	18.491528	128.678055	0.000000	0.000000	3.750000	-76.708748	-692.999268
509	-803.717651	-602.411316	-131.768921	-71.672195	0.000000	0.000000	3.750000	679.584412	399.699097
510	-19.250324	6.872232	-64.047592	113.125000	0.000000	0.000000	3.750000	41.526409	-132.107895
511	80.596397	-546.467834	-4.023829	-139.942093	0.000000	0.000000	3.750000	35.782944	640.657837
512	559.709656	-363.990356	141.473190	-60.825829	0.000000	0.000000	3.750000	-433.033691	340.212494
513	-100.302269	426.801453	-41.038918	117.006165	0.000000	0.000000	3.750000	-6.903023	-405.373352
514	-883.673828	683.330750	-101.733276	99.067245	0.000000	0.000000	3.750000	941.839844	-789.932495
515	883.107056	50.284306	145.604843	10.733931	0.000000	0.000000	3.750000	-1135.083252	-35.484848
516	550.433350	-740.474792	75.443649	-93.317833	0.000000	0.000000	3.750000	-458.757233	740.674133
517	383.271820	-352.524261	89.585999	-120.308662	0.000000	0.000000	3.750000	-464.226593	514.796204
518	-643.683350	987.014832	-86.404755	134.662811	0.000000	0.000000	3.750000	509.960632	-1123.593018
519	-1023.651001	116.250809	-150.567810	20.807438	0.000000	0.000000	3.750000	942.563232	28.196400
520	-160.704620	530.848938	-54.645458	131.064331	0.000000	0.000000	3.750000	180.166580	-566.806946
521	535.603455	734.373596	87.579521	98.761459	0.000000	0.000000	3.750000	-616.140991	-747.811096
522	-173.369904	-763.461243	-19.889797	-126.445221	0.000000	0.000000	3.750000	156.243622	1047.213989
523	-203.333588	865.098389	-0.343205	129.999512	0.000000	0.000000	3.750000	-35.409859	-1081.884155
524	719.150085	172.866669	133.909119	40.845055	0.000000	0.000000	3.750000	-430.418457	-96.766273
525	-374.276123	-381.279816	-76.126358	-64.844223	0.000000	0.000000	3.750000	533.926331	414.681793
526	-724.592285	318.000549	-121.902733	87.403877	0.000000	0.000000	3.750000	940.069763	-453.419830
527	156.966309	779.034668	1.963594	133.985474	0.000000	0.000000	3.750000	-78.630005	-986.255066
528	-568.813965	664.631775	-88.184814	103.534393	0.000000	0.000000	3.750000	361.669037	-423.969360
529	204.462402	-723.687988	54.776188	-120.097748	0.000000	0.000000	3.750000	-377.491180	630.372681
530	845.043884	61.215462	142.080200	48.095772	0.000000	0.000000	3.750000	-615.778625	-161.547913
531	385.613525	429.948059	85.744461	105.564270	0.000000	0.000000	3.750000	-465.841156	-705.312988
532	249.508118	-295.156555	84.028061	-91.188171	0.000000	0.000000	3.750000	-377.328033	392.865540
533	-643.107788	589.235168	-95.183197	69.741943	0.000000	0.000000	3.750000	622.264282	-250.120331
534	-221.074661	-610.518433	-40.222561	-108.802612	0.000000	0.000000	3.750000	153.881577	825.289551
535	-352.327637	407.194214	-55.777481	112.981018	0.000000	0.000000	3.750000	233.659012	-646.120789
536	678.644836	-675.899963	112.813843	-86.237183	0.000000	0.000000	3.750000	-956.259094	1012.289429
537	312.763794	-401.942993	66.134094	-97.725540	0.000000	0.000000	3.750000	-299.145294	457.751648
538	-325.627441	-669.199341	-72.547119	-117.392128	0.000000	0.000000	3.750000	569.600098	952.475952
539	-394.644592	-820.813721	-75.591217	-131.870697	0.000000	0.000000	3.750000	413.903442	943.166809
540	482.964172	17.513329	135.452759	12.187535	0.000000	0.000000	3.750000	-617.774536	-24.048920
541	-162.530121	875.942566	-37.866787	134.779999	0.000000	0.000000	3.750000	34.479557	-1083.314819
542	-487.267456	814.605591	-77.647171	130.670502	0.000000	0.000000	3.750000	436.782654	-1013.776367
543	614.456055	-174.379868	128.018402	-39.572083	0.000000	0.000000	3.750000	-233.829208	162.074463
544	497.334991	-115.689636	125.947159	-32.201981	0.000000	0.000000	3.750000	-583.548401	32.982628
545	179.545624	264.315063	67.877769	117.846634	0.000000	0.000000	3.750000	-134.670029	-191.816483
546	-799.105225	-277.814545	-118.914307	-47.364418	0.000000	0.000000	3.750000	867.189819	327.704407
547	-182.411316	365.594635	-46.727070	136.207733	0.000000	0.000000	3.750000	508.556885	-1251.317383
548	428.114532	144.136810	154.955215	18.024498	0.000000	0.000000	3.750000	-442.809418	-58.279747
549	-209.036285	-829.788940	-3.846447	-129.943085	0.000000	0.000000	3.750000	46.233326	1106.505249
550	144.692627	645.706909	46.098942	125.819336	0.000000	0.000000	3.750000	-104.421028	-749.989685
551	453.322937	-48.847767	129.984283	2.020437	0.000000	0.000000	3.750000	-746.300049	5.071097
552	-1008.636719	-65.678665	-153.031738	-30.286705	0.000000	0.000000	3.750000	2655.000488	557.291199
553	548.297363	-355.293488	131.544464	-63.337936	0.000000	0.000000	3.750000	-513.862793	367.536133
554	322.304718	-674.983521	14.912556	-127.127930	0.000000	0.000000	3.750000	7.483106	989.819641
555	-151.363602	-392.885437	-28.466198	-128.891953	0.000000	0.000000	3.750000	206.399292	507.024323
556	132.886765	568.736267	36.157814	133.177246	0.000000	0.000000	3.750000	-37.138535	-859.200439
557	-598.096985	666.601685	-98.708740	110.275040	0.000000	0.000000	3.750000	579.325867	-655.054688
558	417.168884	881.149658	68.780945	135.546707	0.000000	0.000000	3.750000	-401.158447	-1387.710205
559	-368.415405	-75.688354	-126.439400	19.916945	0.000000	0.000000	3.750000	268.269135	16.339737
560	-236.780304	734.237183	-43.546455	135.155731	0.000000	0.000000	3.750000	49.465218	-1178.944336
561	-597.504822	-156.551956	-129.466949	-34.558620	0.000000	0.000000	3.750000	643.839355	200.648468
562	-728.415955	271.456482	-120.851303	57.885548	0.000000	0.000000	3.750000	653.065918	-174.397476
563	-842.823730	599.287109	-110.047379	101.929001	0.000000	0.000000	3.750000	670.166809	-491.012421
564	-529.074646	70.937614	-118.217087	30.144720	0.000000	0.000000	3.750000	705.733154	-119.474739
565	694.826660	571.740173	115.281334	86.290947	0.000000	0.000000	3.750000	-335.819733	-256.138153
566	-103.751816	272.240204	-40.069187	146.620422	0.000000	0.000000	3.750000	24.197561	-399.904449
567	-480.533630	-5.785906	-136.656830	19.164337	0.000000	0.000000	3.750000	319.985626	46.043812
568	-612.641602	-611.853516	-89.842979	-88.341591	0.000000	0.000000	3.750000	763.615540	715.811157
569	697.131226	167.695435	125.966568	51.268085	0.000000	0.000000	3.750000	-511.180359	-167.900497
570	-644.495789	-433.286163	-129.809143	-66.825043	0.000000	0.000000	3.750000	826.672302	441.140381
571	756.738464	427.827972	118.493393	74.559662	0.000000	0.000000	3.750000	-1244.148315	-507.893158
572	-699.875732	-903.322998	-104.400848	-123.872711	0.000000	0.000000	3.750000	823.288147	893.548157
573	233.176346	651.542847	38.634907	115.720612	0.000000	0.000000	3.750000	-152.028366	-854.225586
574	-810.676880	711.911804	-103.506073	100.111847	0.000000	0.000000	3.750000	748.881287	-548.900696
575	-312.460724	-183.518509	-92.425583	-91.408096	0.000000	0.000000	3.750000	161.471222	244.018112
576	510.356567	271.065247	102.597183	54.127060	0.000000	0.000000	3.750000	-619.996338	-221.672256
577	529.862244	662.179565	68.876968	90.840012	0.000000	0.000000	3.750000	-508.443817	-936.861938
578	-355.665375	830.680664	-50.064842	119.972061	0.000000	0.000000	3.750000	204.663239	-1153.605469
579	892.697021	-132.311996	155.427170	-13.354939	0.000000	0.000000	3.750000	-725.047424	95.569786
580	-2.651924	557.708618	27.123762	129.182861	0.000000	0.000000	3.750000	-183.013184	-626.611755
581	-401.400665	-932.521240	-58.023335	-127.409317	0.000000	0.000000	3.750000	291.254364	1167.558594
582	-31.363062	73.174980	-70.308197	118.746597	0.000000	0.000000	3.750000	145.529266	-240.119095
583	-48.199055	127.845650	73.484291	137.603760	0.000000	0.000000	3.750000	-54.520428	-179.469055
584	248.281342	-269.371124	120.434021	-54.032242	0.000000	0.000000	3.750000	-481.395752	288.352020
585	-416.124573	673.406189	-84.788239	111.404121	0.000000	0.000000	3.750000	534.433350	-890.126465
586	410.370514	-776.928040	84.594154	-116.531639	0.000000	0.000000	3.750000	-314.799042	574.930908
587	305.850861	711.392456	41.718002	118.892792	0.000000	0.000000	3.750000	-183.032394	-1038.260742
588	-438.695862	-381.308350	-98.920837	-90.391724	0.000000	0.000000	3.750000	642.382019	558.917969
589	613.843506	-359.056274	127.336243	-58.184460	0.000000	0.000000	3.750000	-787.338867	434.489532
590	-534.379089	-510.091156	-115.378937	-82.774750	0.000000	0.000000	3.750000	667.433411	557.645142
591	452.761322	804.299133	62.680969	106.990555	0.000000	0.000000	3.750000	-387.409729	-1069.957275
592	669.756104	213.643707	112.653397	41.340935	0.000000	0.000000	3.750000	-976.150330	-161.556152
593	778.491577	-570.086853	124.075066	-64.848885	0.000000	0.000000	3.750000	-1051.832520	532.226440
594	174.284180	507.730164	42.458244	110.095871	0.000000	0.000000	3.750000	-116.692429	-753.893250
595	451.950470	-702.532715	78.960510	-113.177826	0.000000	0.000000	3.750000	-457.450836	593.989807
596	157.558060	933.967407	33.090542	146.304138	0.000000	0.000000	3.750000	-124.056801	-1214.829468
597	-423.342102	-718.220398	-66.780457	-94.849045	0.000000	0.000000	3.750000	518.068665	929.909058
598	177.547424	450.729675	40.942078	138.057007	0.000000	0.000000	3.750000	-283.556915	-822.049683
599	64.816704	-509.887329	64.928696	-128.531158	0.000000	0.000000	3.750000	-393.566803	734.935486
600	-802.560120	511.922241	-103.882294	96.811005	0.000000	0.000000	3.750000	679.409119	-496.194336
601	-865.880188	671.455750	-104.082413	110.773743	0.000000	0.000000	3.750000	657.274048	-786.476746
602	1025.596313	501.232483	138.910370	79.395493	0.000000	0.000000	3.750000	-1197.210815	-421.892456
603	544.869507	-401.777191	109.298698	-80.928589	0.000000	0.000000	3.750000	-274.918182	270.878418
604	-630.828613	216.053757	-115.697708	44.607742	0.000000	0.000000	3.750000	892.114624	-157.849136
605	251.941711	-443.983002	63.928535	-133.479553	0.000000	0.000000	3.750000	-114.599770	288.084381
606	853.230774	-93.613991	132.858170	-29.063786	0.000000	0.000000	3.750000	-1187.543945	240.575119
607	-245.339096	636.372437	-57.042999	103.295433	0.000000	0.000000	3.750000	264.735626	-845.479675
608	-851.254700	-452.737976	-124.694359	-67.936050	0.000000	0.000000	3.750000	893.271118	432.137909
609	-688.597961	319.548584	-118.622765	66.516769	0.000000	0.000000	3.750000	902.096436	-338.508698
610	-763.028992	411.048035	-89.805603	82.576233	0.000000	0.000000	3.750000	1161.932495	-734.327454
611	643.519287	290.144867	116.789490	65.697838	0.000000	0.000000	3.750000	-896.192139	-442.385834
612	561.903381	-946.930298	97.390266	-116.700668	0.000000	0.000000	3.750000	-645.571228	1007.429199
613	530.388611	-320.816620	151.544525	-44.701523	0.000000	0.000000	3.750000	-356.761841	118.843292
614	512.936035	-201.592819	124.386314	-37.789139	0.000000	0.000000	3.750000	-813.643188	327.866730
615	211.476639	754.804932	46.747437	121.303963	0.000000	0.000000	3.750000	-261.141388	-944.515564
616	-380.792908	428.800110	-76.122787	90.162743	0.000000	0.000000	3.750000	611.781738	-721.354248
617	529.924072	-546.558167	102.287239	-80.232315	0.000000	0.000000	3.750000	-643.450745	662.071045
618	105.960381	310.806244	62.196663	116.424606	0.000000	0.000000	3.750000	-205.818497	-247.068909
619	-89.176987	274.465088	-0.587660	137.992905	0.000000	0.000000	3.750000	-37.885586	-201.745392
620	-333.514130	-832.612427	-55.432861	-128.558044	0.000000	0.000000	3.750000	331.784607	943.471069
621	805.308105	-515.223389	131.047424	-64.362808	0.000000	0.000000	3.750000	-1031.367676	509.645538
622	92.427612	-641.411133	2.477551	-141.978271	0.000000	0.000000	3.750000	-39.728817	691.482971
623	-727.377808	46.513000	-138.743393	30.235302	0.000000	0.000000	3.750000	1198.311523	-118.461906
624	-136.285538	-283.671967	-15.103288	-115.012039	0.000000	0.000000	3.750000	92.389503	424.586609
625	-568.572144	-117.681526	-131.375671	48.372704	0.000000	0.000000	3.750000	522.616577	-84.868118
626	-642.113586	-850.636230	-101.224823	-113.390808	0.000000	0.000000	3.750000	310.136932	394.031952
627	-312.560669	-873.673096	-55.469204	-130.717773	0.000000	0.000000	3.750000	332.246368	987.861877
628	-455.219330	-777.836365	-69.269241	-110.007553	0.000000	0.000000	3.750000	439.303864	988.556641
629	-69.699036	-917.999329	-11.962739	-137.480515	0.000000	0.000000	3.750000	111.958420	1174.202515
630	-63.568329	-904.175354	-1.204011	-161.995468	0.000000	0.000000	3.750000	46.619652	1055.985107
631	955.007690	476.993988	134.846466	65.698013	0.000000	0.000000	3.750000	-1150.897461	-330.105896
632	745.113281	490.333191	114.633476	87.150162	0.000000	0.000000	3.750000	-834.603760	-579.487915
633	859.132812	-100.544037	133.872131	5.850405	0.000000	0.000000	3.750000	-1155.614868	24.096004
634	-8.022047	-105.328194	-25.048798	-139.703369	0.000000	0.000000	3.750000	-24.775879	192.461441
635	-715.915833	428.786377	-97.156654	98.002457	0.000000	0.000000	3.750000	637.486755	-510.981873
636	74.950714	-805.202454	27.785326	-133.131348	0.000000	0.000000	3.750000	-148.548996	953.821838
637	-699.562134	-762.883118	-97.362610	-103.365944	0.000000	0.000000	3.750000	765.057617	848.715393
638	-489.734528	-474.249542	-98.679932	-123.394615	0.000000	0.000000	3.750000	607.096863	681.863831
639	530.519165	656.531006	70.971100	145.625885	0.000000	0.000000	3.750000	-284.382050	-778.215759
640	210.332794	720.443542	36.315140	124.823593	0.000000	0.000000	3.750000	-72.168007	-1573.024170
641	-91.703331	418.685272	-34.927910	112.711479	0.000000	0.000000	3.750000	68.454849	-580.761780
642	-769.772339	257.023956	-111.445160	54.367565	0.000000	0.000000	3.750000	1155.787842	-321.400330
643	701.356628	-313.962250	121.976822	-60.146496	0.000000	0.000000	3.750000	-971.694092	578.482544
644	422.941986	-435.865631	123.446365	-74.139481	0.000000	0.000000	3.750000	-815.878601	749.484558
645	-335.210022	-489.340668	-77.518684	-121.354095	0.000000	0.000000	3.750000	377.921539	535.323730
646	-184.310364	-275.038849	-36.378063	-116.450043	0.000000	0.000000	3.750000	119.813995	351.774963
647	-1068.231323	-261.709442	-152.015640	-35.032066	0.000000	0.000000	3.750000	1264.208618	283.435333
648	-515.571899	-857.096252	-72.127129	-115.297607	0.000000	0.000000	3.750000	355.768982	877.784912
649	579.687256	372.700897	118.511246	53.431396	0.000000	0.000000	3.750000	-1013.666565	-248.749557
650	-137.677673	-658.005615	-3.980412	-129.938599	0.000000	0.000000	3.750000	137.804794	830.833252
651	-1.862080	-849.203735	4.095676	-149.944031	0.000000	0.000000	3.750000	14.125739	1125.016724
652	-455.453461	147.722702	-132.782455	55.720329	0.000000	0.000000	3.750000	835.407288	-255.382401
653	-773.581116	-47.591087	-134.630157	19.253803	0.000000	0.000000	3.750000	458.460388	-6.896284
654	790.430237	517.309509	117.445656	86.731888	0.000000	0.000000	3.750000	-391.608032	-232.464951
655	-299.481842	-21.023354	-115.684021	31.884781	0.000000	0.000000	3.750000	440.130646	-16.608902
656	455.628815	462.759125	92.180397	105.369682	0.000000	0.000000	3.750000	-499.014008	-563.880371
657	-366.120880	647.595520	-60.460224	132.892578	0.000000	0.000000	3.750000	246.786087	-806.293091
658	-65.388191	-582.134277	-13.756454	-125.246582	0.000000	0.000000	3.750000	33.349155	647.321533
659	-684.074341	-397.279877	-114.639282	-73.169754	0.000000	0.000000	3.750000	950.154114	521.502808
660	97.328148	41.221539	153.828339	6.832128	0.000000	0.000000	3.750000	-71.620033	-57.595314
661	94.412727	-945.153076	15.919159	-137.078583	0.000000	0.000000	3.750000	-40.207932	1064.904053
662	731.592224	104.029915	133.681061	34.250793	0.000000	0.000000	3.750000	-905.898071	-68.590866
663	-236.682098	-826.029175	-28.619347	-120.652069	0.000000	0.000000	3.750000	189.161560	1027.755981
664	239.793015	-498.848267	62.016567	-109.680939	0.000000	0.000000	3.750000	-264.548523	398.043030
665	289.899414	-796.680908	68.424164	-112.881042	0.000000	0.000000	3.750000	-485.285217	873.592285
666	-298.404175	-427.147522	-46.550686	-117.085449	0.000000	0.000000	3.750000	325.162628	709.079041
667	-689.748718	135.385544	-138.043762	47.526970	0.000000	0.000000	3.750000	620.857849	-43.379280
668	669.193665	-360.319855	118.918663	-57.291817	0.000000	0.000000	3.750000	-695.424561	327.963593
669	-532.478027	459.983887	-90.440407	78.869781	0.000000	0.000000	3.750000	805.028076	-518.758606
670	-604.372742	174.236038	-119.624260	9.486532	0.000000	0.000000	3.750000	930.427856	6.420503
671	-205.630478	729.418457	-61.588371	130.163116	0.000000	0.000000	3.750000	188.921906	-864.213989
672	-402.560944	454.226501	-105.105835	95.481735	0.000000	0.000000	3.750000	260.238159	-173.500671
673	343.423889	584.617920	73.145844	114.653214	0.000000	0.000000	3.750000	-333.508087	-401.138428
674	671.031189	393.572174	92.498543	66.629333	0.000000	0.000000	3.750000	-376.081451	-141.905838
675	-873.268127	-167.372620	-145.275009	-14.531456	0.000000	0.000000	3.750000	1201.764648	143.286057
676	-335.634979	158.237259	-116.070274	49.024223	0.000000	0.000000	3.750000	454.188202	-98.102089
677	-250.272156	-838.481201	-21.115984	-158.600204	0.000000	0.000000	3.750000	69.840401	1179.738647
678	-563.127747	565.802795	-90.696045	98.641762	0.000000	0.000000	3.750000	662.616760	-630.598999
679	-511.023468	508.687805	-89.608910	91.401138	0.000000	0.000000	3.750000	686.518555	-558.684998
680	-407.492889	729.607971	-65.934570	90.532639	0.000000	0.000000	3.750000	164.611649	-344.603424
681	678.258911	19.091692	132.348633	20.971313	0.000000	0.000000	3.750000	-962.003113	-75.046432
682	-396.931091	-746.242004	-62.884415	-102.203125	0.000000	0.000000	3.750000	394.675720	952.667297
683	-426.483154	-702.500366	-81.145195	-101.565041	0.000000	0.000000	3.750000	794.565613	985.720642
684	-207.205902	-284.313538	-69.649925	-79.905319	0.000000	0.000000	3.750000	622.881653	631.676880
685	805.804626	-36.939373	133.970673	-2.803084	0.000000	0.000000	3.750000	-920.436462	50.825893
686	717.665894	-451.885956	102.766144	-76.309212	0.000000	0.000000	3.750000	-637.229187	531.031067
687	-365.334045	-683.900146	-61.602966	-132.367188	0.000000	0.000000	3.750000	382.508057	840.520874
688	695.401489	-802.051819	92.409019	-110.438080	0.000000	0.000000	3.750000	-778.647583	996.303955
689	754.427979	553.084900	111.514893	81.291840	0.000000	0.000000	3.750000	-955.094238	-556.377930
690	483.228577	760.069519	72.578308	107.853256	0.000000	0.000000	3.750000	-526.273132	-1035.268188
691	-378.193268	-670.199707	-65.046310	-110.240501	0.000000	0.000000	3.750000	566.853943	1075.156860
692	107.751282	403.758087	29.657524	144.997955	0.000000	0.000000	3.750000	-134.273941	-576.544922
693	-603.673706	432.387360	-110.571732	110.044891	0.000000	0.000000	3.750000	530.413330	-557.007446
694	233.036316	-121.010666	151.146210	-16.072969	0.000000	0.000000	3.750000	-176.150833	10.236365
695	162.573196	495.261108	8.485961	143.749725	0.000000	0.000000	3.750000	-12.095567	-420.306213
696	-39.042728	-145.914032	-53.363522	-127.258224	0.000000	0.000000	3.750000	73.803749	326.930450
697	-449.917725	343.809326	-84.951660	81.595825	0.000000	0.000000	3.750000	19.202124	-52.795910
698	-215.009384	-42.014553	-126.350670	-64.766754	0.000000	0.000000	3.750000	203.735535	60.187626
699	538.730957	499.565491	88.318680	100.775803	0.000000	0.000000	3.750000	-520.067627	-716.489319
700	643.064758	357.260895	138.396835	71.988075	0.000000	0.000000	3.750000	-982.984924	-440.288239
701	-370.291077	358.928741	-75.922951	76.809502	0.000000	0.000000	3.750000	335.829926	-321.576050
702	722.627686	316.690735	128.686951	49.828415	0.000000	0.000000	3.750000	-543.773376	-55.762962
703	701.003296	476.104980	104.417084	83.982559	0.000000	0.000000	3.750000	-798.708862	-656.547302
704	262.647400	699.915955	67.636398	122.577759	0.000000	0.000000	3.750000	-367.728088	-635.188660
705	321.358795	-152.960648	154.271255	-34.116550	0.000000	0.000000	3.750000	-386.460144	132.421814
706	387.680603	564.893066	66.227928	97.661789	0.000000	0.000000	3.750000	-507.275146	-945.501465
707	77.781387	-521.131042	55.221989	-124.283806	0.000000	0.000000	3.750000	-221.665253	430.817932
708	49.543686	722.399109	36.701591	126.793861	0.000000	0.000000	3.750000	-69.263855	-915.459290
709	-761.319336	-515.817139	-107.372681	-73.287460	0.000000	0.000000	3.750000	1052.287476	543.763184
710	-163.949081	33.237125	-107.500946	31.420788	0.000000	0.000000	3.750000	377.304840	-43.790195
711	839.892212	486.086914	114.832161	86.886124	0.000000	0.000000	3.750000	-345.803345	-302.600372
712	818.766235	-546.280640	112.724823	-76.086182	0.000000	0.000000	3.750000	-1028.183105	640.428040
713	-21.245060	-283.104523	-19.481472	-136.617859	0.000000	0.000000	3.750000	43.393757	361.609344
714	431.604309	-328.752899	69.918091	-97.526344	0.000000	0.000000	3.750000	-513.589783	930.382812
715	-474.633118	13.981409	-117.963432	-2.906675	0.000000	0.000000	3.750000	394.335999	-21.280031
716	813.623779	-85.129311	145.975311	2.673340	0.000000	0.000000	3.750000	-1063.612183	63.752995
717	-599.783386	568.854065	-93.498047	93.177216	0.000000	0.000000	3.750000	758.627136	-562.447754
718	-598.992737	-801.096558	-82.199554	-108.347580	0.000000	0.000000	3.750000	583.150757	951.795593
719	132.851303	711.593140	44.053249	134.992706	0.000000	0.000000	3.750000	-127.902763	-1017.080933
720	631.528931	-576.740845	112.610794	-89.747528	0.000000	0.000000	3.750000	-685.792786	769.875671
721	-182.444092	284.213562	-123.194984	70.618576	0.000000	0.000000	3.750000	442.732208	-250.235947
722	-771.615173	791.155396	-110.462738	107.303215	0.000000	0.000000	3.750000	698.294128	-638.186584
723	745.098267	249.523773	114.913422	56.381348	0.000000	0.000000	3.750000	-530.195312	-184.248077
724	372.516083	801.255981	60.419605	110.568481	0.000000	0.000000	3.750000	-350.573029	-933.812622
725	531.581055	-748.289795	85.575798	-89.736954	0.000000	0.000000	3.750000	-458.170166	576.959717
726	117.046310	413.696136	-2.247024	121.979126	0.000000	0.000000	3.750000	-37.211929	-707.970642
727	810.375732	-140.638702	144.220230	-22.727226	0.000000	0.000000	3.750000	-904.428833	119.295647
728	868.835083	-249.345703	134.634460	-30.291273	0.000000	0.000000	3.750000	-1035.975342	248.247223
729	374.734650	352.941772	115.542160	59.581512	0.000000	0.000000	3.750000	-607.640137	-245.078323
730	303.151825	-869.623047	40.258427	-127.809456	0.000000	0.000000	3.750000	-333.166473	1011.330505
731	-654.083191	85.143593	-144.635071	31.376476	0.000000	0.000000	3.750000	901.277161	-80.427147
732	-187.559998	-363.873505	28.606537	-122.709183	0.000000	0.000000	3.750000	-66.478493	456.211151
733	-324.101990	536.548279	-72.503670	126.724648	0.000000	0.000000	3.750000	62.736866	-142.172134
734	-94.669785	865.131592	-25.644421	131.522827	0.000000	0.000000	3.750000	59.563190	-1164.664917
735	-143.934021	-444.683716	13.117506	-139.384003	0.000000	0.000000	3.750000	-34.154312	800.246460
736	-697.461304	627.629211	-100.176239	114.318497	0.000000	0.000000	3.750000	697.164551	-778.599426
737	605.802795	-264.041107	119.791336	-60.048943	0.000000	0.000000	3.750000	-920.354858	660.328247
738	413.096771	630.488647	74.623978	101.524384	0.000000	0.000000	3.750000	-417.682770	-725.487366
739	-887.283203	-126.769348	-145.516891	-11.865395	0.000000	0.000000	3.750000	972.759399	20.931637
740	482.606354	819.982178	72.602074	124.357880	0.000000	0.000000	3.750000	-466.489624	-984.438293
741	119.530609	-628.492493	29.807974	-136.789932	0.000000	0.000000	3.750000	-250.681747	1187.721924
742	289.415771	-52.682266	119.931595	-22.367113	0.000000	0.000000	3.750000	-878.495911	274.603516
743	276.645081	231.048828	82.468910	97.884956	0.000000	0.000000	3.750000	-135.173798	-173.597824
744	543.258179	22.116394	131.980865	-2.244143	0.000000	0.000000	3.750000	-836.953369	-16.989975
745	-349.363708	-155.635498	-151.987793	-1.014206	0.000000	0.000000	3.750000	461.961761	160.723450
746	-95.395439	96.688309	76.912613	92.098450	0.000000	0.000000	3.750000	-33.983391	-49.709759
747	-678.157410	-856.247742	-98.309921	-102.465385	0.000000	0.000000	3.750000	939.227661	922.523193
748	704.705750	-38.838398	129.352905	-12.953537	0.000000	0.000000	3.750000	-917.700378	158.387650
749	440.771729	-478.116760	104.577415	-93.077995	0.000000	0.000000	3.750000	-583.064880	601.201294
750	-202.469971	-512.186218	-26.388214	-143.595291	0.000000	0.000000	3.750000	71.874191	482.998566
751	83.416740	271.973358	21.939991	128.133301	0.000000	0.000000	3.750000	0.731620	-582.695374
752	-769.533081	-260.095123	-135.784195	-34.097176	0.000000	0.000000	3.750000	990.090576	306.887054
753	926.686462	440.696686	119.499733	76.705276	0.000000	0.000000	3.750000	-1079.373047	-489.066803
754	-503.926270	-801.873901	-67.601677	-106.329742	0.000000	0.000000	3.750000	318.550354	545.923828
755	-366.192749	995.239685	-72.636147	140.312714	0.000000	0.000000	3.750000	293.395660	-1038.969971
756	635.748901	655.941772	101.568878	81.140358	0.000000	0.000000	3.750000	-748.106934	-629.116394
757	-616.235291	304.168091	-118.828384	41.901222	0.000000	0.000000	3.750000	430.029907	-104.433174
758	-302.752289	599.832031	-64.577576	105.856674	0.000000	0.000000	3.750000	317.745209	-718.880859
759	-275.148956	-799.320190	-74.028824	-141.844040	0.000000	0.000000	3.750000	451.946014	842.026489
760	-357.956146	373.943237	-96.060928	96.250793	0.000000	0.000000	3.750000	191.433899	-76.755577
761	157.652374	717.201050	57.085850	132.200867	0.000000	0.000000	3.750000	-303.983704	-946.277832
762	-452.911682	589.041687	-125.498947	95.988907	0.000000	0.000000	3.750000	665.974121	-392.729584
763	608.260925	-656.074585	86.977142	-91.164520	0.000000	0.000000	3.750000	-897.953857	998.074463
764	-715.603149	385.853790	-121.724213	60.655174	0.000000	0.000000	3.750000	760.982422	-254.980240
765	-36.107620	221.705658	-86.985924	88.368927	0.000000	0.000000	3.750000	147.223953	-122.108429
766	897.558838	675.298950	112.306442	99.434708	0.000000	0.000000	3.750000	-746.651184	-649.682678
767	-247.807846	-929.890564	-52.143574	-136.370224	0.000000	0.000000	3.750000	227.459442	1094.804688
768	-482.594940	-449.962433	-96.186966	-84.451401	0.000000	0.000000	3.750000	603.688477	467.598450
769	675.334961	-180.875992	129.670273	-9.252964	0.000000	0.000000	3.750000	-1509.710693	86.684937
770	-398.212433	-815.574463	-62.014832	-129.962143	0.000000	0.000000	3.750000	418.962280	933.255615
771	-417.363892	-661.539612	-57.005829	-151.638809	0.000000	0.000000	3.750000	320.895172	788.500549
772	694.426758	109.962364	122.830429	16.990662	0.000000	0.000000	3.750000	-1141.571655	-139.847061
773	628.462891	-418.278381	113.397995	-75.079063	0.000000	0.000000	3.750000	-766.448242	586.172363
774	-179.655991	-506.278320	-39.045830	-117.691940	0.000000	0.000000	3.750000	320.000427	783.650208
775	-203.670990	395.114136	-51.609268	127.981644	0.000000	0.000000	3.750000	35.571953	-377.895538
776	591.068542	-965.981262	101.144341	-123.973816	0.000000	0.000000	3.750000	-619.602356	1164.846680
777	189.545685	-705.899536	16.942913	-118.797516	0.000000	0.000000	3.750000	-26.339993	597.437073
778	692.540833	-191.842514	142.905914	-17.717043	0.000000	0.000000	3.750000	-790.686584	111.638878
779	-575.483826	758.799561	-76.183975	102.858810	0.000000	0.000000	3.750000	455.510925	-838.043640
780	-686.006592	76.315605	-119.999672	-0.020187	0.000000	0.000000	3.750000	905.921448	99.810623
781	385.759888	-946.161499	39.578941	-144.684143	0.000000	0.000000	3.750000	-328.152588	1066.209839
782	-177.987839	980.661743	-37.976162	149.242188	0.000000	0.000000	3.750000	2.525241	-451.340759
783	-865.510620	267.115265	-123.864090	51.122757	0.000000	0.000000	3.750000	957.530701	-233.003128
784	-296.256714	761.096558	-58.019672	105.041031	0.000000	0.000000	3.750000	269.465912	-785.572754
785	-569.319397	92.309288	-109.436310	23.822845	0.000000	0.000000	3.750000	296.058777	-53.613995
786	-666.264893	213.547073	-117.282562	12.991600	0.000000	0.000000	3.750000	910.199219	-46.860123
787	526.662537	-829.866089	75.353607	-110.804634	0.000000	0.000000	3.750000	-437.363708	1058.308105
788	-1032.551636	416.184875	-158.066284	72.737274	0.000000	0.000000	3.750000	1150.023560	-320.457031
789	-223.327896	-111.552780	-113.968559	2.479858	0.000000	0.000000	3.750000	486.158081	172.813080
790	781.024719	468.424377	128.429871	73.550720	0.000000	0.000000	3.750000	-935.854553	-434.507721
791	-463.947601	384.066376	-107.733109	86.241402	0.000000	0.000000	3.750000	460.701141	-358.504639
792	467.153870	619.691467	93.816719	101.204506	0.000000	0.000000	3.750000	-533.071106	-720.249451
793	562.482056	112.444038	139.784119	24.986177	0.000000	0.000000	3.750000	-784.515381	-60.435745
794	-383.101257	948.384216	-73.111389	128.680618	0.000000	0.000000	3.750000	631.177490	-1261.128296
795	-36.728127	-333.343231	27.502977	-133.189972	0.000000	0.000000	3.750000	-90.658943	455.070801
796	-65.867416	-727.655334	-21.687145	-122.088760	0.000000	0.000000	3.750000	129.729828	835.709534
797	-112.050201	591.722107	-30.244934	136.692886	0.000000	0.000000	3.750000	53.190952	-753.146057
798	-702.872803	-57.230503	-125.874374	5.623426	0.000000	0.000000	3.750000	1005.555298	10.722225
799	34.955902	-261.484650	-5.712335	-115.859253	0.000000	0.000000	3.750000	26.617443	486.602844
800	1.701097	162.943069	-37.291733	134.941071	0.000000	0.000000	3.750000	155.379440	-369.503967
801	710.965454	83.029350	135.530151	11.294767	0.000000	0.000000	3.750000	-868.693176	-52.196362
802	-499.255554	476.221924	-102.348923	76.867569	0.000000	0.000000	3.750000	897.377930	-520.034912
803	390.898438	-421.824432	46.533096	-134.158722	0.000000	0.000000	3.750000	-167.888046	636.758118
804	-87.398514	642.937439	-27.587713	124.991058	0.000000	0.000000	3.750000	51.128693	-814.436707
805	440.803436	-356.351837	104.542816	-77.269989	0.000000	0.000000	3.750000	-629.769531	645.265625
806	52.309433	-970.013306	22.110771	-142.292206	0.000000	0.000000	3.750000	-92.330765	1164.924927
807	684.407043	-262.139984	102.709511	-33.383232	0.000000	0.000000	3.750000	-320.995270	112.635017
808	635.627014	483.430023	104.873352	95.736893	0.000000	0.000000	3.750000	-672.539734	-545.266174
809	624.923218	-732.529663	92.483932	-102.424088	0.000000	0.000000	3.750000	-728.559387	960.040222
810	504.125732	-262.367554	133.725494	-47.764641	0.000000	0.000000	3.750000	-654.446472	222.144882
811	-59.551811	-584.400330	-24.969360	-137.755096	0.000000	0.000000	3.750000	82.342697	591.764221
812	212.946854	603.824280	22.277853	121.981934	0.000000	0.000000	3.750000	-48.355453	-880.128357
813	913.008789	423.328918	144.564911	46.956093	0.000000	0.000000	3.750000	-1163.809937	-233.226273
814	-191.067947	-213.060516	-126.862396	-28.324772	0.000000	0.000000	3.750000	251.138855	176.556335
815	-982.947815	521.188599	-126.631744	87.636841	0.000000	0.000000	3.750000	1001.828796	-462.416748
816	-662.823730	766.756226	-91.867569	100.281326	0.000000	0.000000	3.750000	650.206177	-767.461487
817	-337.472076	-511.866394	-78.618431	-134.740875	0.000000	0.000000	3.750000	317.228333	643.507385
818	241.117142	883.052979	44.655590	128.458313	0.000000	0.000000	3.750000	-117.081810	-990.099487
819	306.828918	-996.443115	37.222523	-165.874878	0.000000	0.000000	3.750000	-238.073303	1140.670166
820	674.682007	-78.119102	121.926384	-38.960175	0.000000	0.000000	3.750000	-548.238220	214.894974
821	-149.736206	-324.479889	-103.608215	-75.162033	0.000000	0.000000	3.750000	537.224670	376.253143
822	-237.019897	-448.620117	-58.619492	-116.033371	0.000000	0.000000	3.750000	234.027252	426.595581
823	554.465820	-522.172424	92.280090	-102.607315	0.000000	0.000000	3.750000	-440.010162	611.584229
824	-826.325073	249.061462	-139.549286	49.292450	0.000000	0.000000	3.750000	898.484314	-164.308167
825	-357.537201	705.781372	-68.761360	128.793823	0.000000	0.000000	3.750000	283.719391	-654.200745
826	-888.856201	358.747406	-121.710396	65.041595	0.000000	0.000000	3.750000	1057.684448	-353.825073
827	-689.469177	180.306824	-103.032501	24.904682	0.000000	0.000000	3.750000	1004.565247	-91.198486
828	119.721718	-895.163086	27.711149	-124.964287	0.000000	0.000000	3.750000	-304.312592	1079.703247
829	-399.975159	868.443359	-54.537632	120.205544	0.000000	0.000000	3.750000	167.015518	-787.446106
830	151.532150	-443.569489	-10.268431	-147.643341	0.000000	0.000000	3.750000	69.100357	1077.514771
831	813.740234	188.360886	138.540680	39.270889	0.000000	0.000000	3.750000	-646.761658	-84.867950
832	-474.342529	-522.838745	-93.819000	-87.074341	0.000000	0.000000	3.750000	536.337280	602.222473
833	873.513062	641.874512	112.637115	102.063049	0.000000	0.000000	3.750000	-855.546875	-852.859192
834	-689.938660	-109.874649	-145.938095	-4.251140	0.000000	0.000000	3.750000	844.282288	33.115005
835	722.389954	809.652771	92.370544	105.202789	0.000000	0.000000	3.750000	-688.369385	-1001.979553
836	625.276733	-437.789246	114.261696	-62.001938	0.000000	0.000000	3.750000	-806.532471	508.561401
837	-308.156158	-340.531311	-74.725403	-123.093361	0.000000	0.000000	3.750000	90.019958	123.972710
838	464.906555	-639.216003	45.017029	-117.682495	0.000000	0.000000	3.750000	-209.860229	442.047760
839	37.308239	673.722412	25.348698	131.580566	0.000000	0.000000	3.750000	-119.963074	-695.207031
840	333.607727	641.751099	78.252335	111.231720	0.000000	0.000000	3.750000	-282.232300	-420.000275
841	206.133713	550.715271	54.404739	113.646202	0.000000	0.000000	3.750000	-55.230164	-277.697235
842	370.873993	265.788879	66.420975	107.055588	0.000000	0.000000	3.750000	-144.327362	-128.903229
843	9.432955	-578.777405	-37.008240	-126.705734	0.000000	0.000000	3.750000	252.483017	720.338745
844	391.478241	277.171204	94.002380	98.278946	0.000000	0.000000	3.750000	-437.242035	-272.034302
845	-604.690735	-611.721313	-87.162186	-99.129715	0.000000	0.000000	3.750000	530.643127	734.108398
846	777.379456	-832.114563	102.932648	-100.701843	0.000000	0.000000	3.750000	-931.512146	822.341736
847	541.188599	-479.146820	80.085541	-102.402603	0.000000	0.000000	3.750000	-612.473877	740.890686
848	-377.821869	381.317200	-106.767883	70.601044	0.000000	0.000000	3.750000	475.004883	-216.585999
849	-941.804688	-331.396454	-138.800476	-18.287066	0.000000	0.000000	3.750000	1144.191284	188.735474
850	-652.071594	873.961609	-90.333389	117.234253	0.000000	0.000000	3.750000	692.900146	-858.054199
851	-184.606247	-949.423157	-21.087151	-142.447632	0.000000	0.000000	3.750000	147.882065	1151.131836
852	-591.410156	509.172760	-84.287979	106.731064	0.000000	0.000000	3.750000	583.690857	-825.808411
853	-255.805878	744.205994	-48.727013	129.110046	0.000000	0.000000	3.750000	171.320862	-961.157104
854	748.072632	678.720459	103.194466	94.609222	0.000000	0.000000	3.750000	-823.664185	-780.031128
855	124.046005	410.932556	98.717209	110.261993	0.000000	0.000000	3.750000	-177.353363	-186.219101
856	462.584869	-395.672241	121.790558	-84.088730	0.000000	0.000000	3.750000	-599.560303	522.004395
857	-69.842209	-392.886566	-5.606304	-141.889267	0.000000	0.000000	3.750000	13.939804	419.955170
858	830.326355	744.551086	111.897316	93.781372	0.000000	0.000000	3.750000	-948.211853	-646.711548
859	145.558197	288.673035	57.451046	123.268631	0.000000	0.000000	3.750000	-109.299820	-288.412384
860	68.521507	494.755157	44.856880	126.268501	0.000000	0.000000	3.750000	-191.207565	-774.987061
861	657.714722	-53.357914	141.200012	28.252323	0.000000	0.000000	3.750000	-820.591553	-4.251935
862	585.796448	160.194550	136.734695	38.288002	0.000000	0.000000	3.750000	-358.871765	4.476977
863	240.010590	-775.252930	62.001549	-109.689392	0.000000	0.000000	3.750000	-387.441101	877.618591
864	-616.569153	526.120911	-103.083809	106.196594	0.000000	0.000000	3.750000	522.093201	-572.931030
865	-102.573669	-325.170013	31.281139	-117.921341	0.000000	0.000000	3.750000	-86.146294	390.367432
866	128.288666	667.470581	44.438469	96.234634	0.000000	0.000000	3.750000	-208.871613	-939.961365
867	-66.653275	892.835144	-19.169094	140.699585	0.000000	0.000000	3.750000	-22.443037	-1095.039307
868	437.269928	476.955627	80.637688	83.388016	0.000000	0.000000	3.750000	-482.777802	-483.196686
869	565.007080	477.634277	104.963547	66.020096	0.000000	0.000000	3.750000	-620.053284	-374.824677
870	216.417618	-29.990078	117.245575	13.321933	0.000000	0.000000	3.750000	-984.102112	-121.774788
871	-303.830170	11.444595	-118.209961	-58.737099	0.000000	0.000000	3.750000	274.903900	181.637939
872	371.438721	665.419556	71.428436	86.266891	0.000000	0.000000	3.750000	-601.264099	-770.837708
873	710.849426	600.089478	102.777115	103.695915	0.000000	0.000000	3.750000	-610.176514	-689.512634
874	667.737488	-363.044373	140.208038	-40.711975	0.000000	0.000000	3.750000	-1072.176514	163.525955
875	-18.182173	-215.561966	-4.813676	-143.919250	0.000000	0.000000	3.750000	-12.957911	348.393494
876	-604.594360	-342.825378	-108.610077	-59.829971	0.000000	0.000000	3.750000	515.760742	405.071777
877	801.547180	-700.582703	95.211281	-94.291092	0.000000	0.000000	3.750000	-1046.503296	1022.988220
878	791.313843	424.262024	123.628326	65.693756	0.000000	0.000000	3.750000	-283.252533	-134.101898
879	-811.954285	-701.875916	-114.717407	-93.508530	0.000000	0.000000	3.750000	1051.703247	681.870422
880	-226.664047	306.636536	-22.799850	144.207794	0.000000	0.000000	3.750000	10.692127	-590.479797
881	123.784065	-528.230286	34.082130	-139.908539	0.000000	0.000000	3.750000	-220.739105	1063.458862
882	209.591614	-878.358032	23.674377	-131.891663	0.000000	0.000000	3.750000	-59.794731	709.504639
883	-599.349609	-316.391937	-125.064194	-48.113895	0.000000	0.000000	3.750000	913.300354	369.302704
884	426.334473	-721.503845	58.433720	-97.884811	0.000000	0.000000	3.750000	-431.380890	1102.315674
885	-769.043091	51.200855	-139.961426	-3.275623	0.000000	0.000000	3.750000	1048.431030	109.094528
886	-56.433670	85.724800	129.740417	1.889331	0.000000	0.000000	3.750000	-3.336611	111.458275
887	733.973206	-169.906967	124.500977	-37.409748	0.000000	0.000000	3.750000	-884.101624	221.684235
888	-62.748360	480.081757	-37.061996	118.329147	0.000000	0.000000	3.750000	17.365692	-582.887329
889	-554.130249	-534.077515	-105.591034	-91.926758	0.000000	0.000000	3.750000	794.522156	665.106445
890	-630.463867	464.673431	-132.475327	78.524078	0.000000	0.000000	3.750000	767.195068	-306.050812
891	356.077515	-238.536606	108.383499	-91.742691	0.000000	0.000000	3.750000	-389.700714	397.330688
892	-1025.416504	229.956100	-141.752838	42.544567	0.000000	0.000000	3.750000	1202.491577	-217.226074
893	-267.510101	892.156189	-36.281975	141.419296	0.000000	0.000000	3.750000	41.842724	-436.275879
894	-287.304718	-84.967636	-137.202209	-14.603621	0.000000	0.000000	3.750000	302.866730	205.202713
895	-633.531616	394.901794	-83.000732	75.196838	0.000000	0.000000	3.750000	442.392700	-235.258270
896	-722.547729	391.467804	-122.823647	62.914864	0.000000	0.000000	3.750000	887.491272	-339.294678
897	-856.501160	292.684540	-116.788673	52.385693	0.000000	0.000000	3.750000	1100.080933	-271.777954
898	305.054016	-662.869812	86.770584	-129.640915	0.000000	0.000000	3.750000	-581.676025	1061.066895
899	-734.744263	59.393532	-125.992508	1.361698	0.000000	0.000000	3.750000	982.217773	57.939972
900	-474.981934	-575.585022	-94.010498	-103.739632	0.000000	0.000000	3.750000	398.721527	374.044800
901	884.769165	189.529831	124.528488	54.666718	0.000000	0.000000	3.750000	-1112.444458	-241.504105
902	232.054871	707.035706	41.078014	112.749695	0.000000	0.000000	3.750000	-316.978943	-1730.094482
903	-642.864441	-767.822388	-93.804436	-95.690765	0.000000	0.000000	3.750000	961.569946	918.185791
904	403.901215	-566.862366	88.314667	-89.866562	0.000000	0.000000	3.750000	-128.230484	144.292465
905	-513.646362	700.873962	-58.896759	124.799339	0.000000	0.000000	3.750000	217.837540	-902.063110
906	789.658081	668.581543	93.791885	92.882080	0.000000	0.000000	3.750000	-637.157593	-666.455688
907	-294.758392	885.074707	-56.402420	121.551331	0.000000	0.000000	3.750000	425.309174	-1298.246460
908	162.665848	298.309296	66.754967	94.857529	0.000000	0.000000	3.750000	-284.191223	-180.397659
909	630.573120	720.578552	83.292236	91.860641	0.000000	0.000000	3.750000	-711.749573	-956.940430
910	-542.357605	-734.203857	-78.271065	-98.740204	0.000000	0.000000	3.750000	637.178284	912.470093
911	486.843475	-347.421173	97.177834	-70.401657	0.000000	0.000000	3.750000	-276.280090	211.982300
912	424.106445	648.160034	76.519173	112.429001	0.000000	0.000000	3.750000	-189.898209	-440.566528
913	738.241455	-31.994663	107.555489	-9.788017	0.000000	0.000000	3.750000	-966.138245	31.390457
914	-831.762695	-761.569519	-102.608780	-103.862488	0.000000	0.000000	3.750000	502.979492	443.864594
915	707.335571	-358.493591	100.211426	-54.347675	0.000000	0.000000	3.750000	-1082.094238	563.024536
916	-498.206635	717.773682	-67.241852	106.557419	0.000000	0.000000	3.750000	794.749573	-1717.556396
917	976.229553	588.207092	119.151428	94.375854	0.000000	0.000000	3.750000	-1157.957153	-659.632874
918	563.284790	-683.123840	84.442154	-93.517456	0.000000	0.000000	3.750000	-790.625244	971.108337
919	784.839294	358.443390	129.195511	35.558075	0.000000	0.000000	3.750000	-1094.894165	-123.588112
920	-227.679977	-394.545807	-68.540115	-98.500008	0.000000	0.000000	3.750000	1153.557129	1626.690796
921	-35.915447	-251.510132	20.026367	-150.673615	0.000000	0.000000	3.750000	0.838129	577.706360
922	-555.296143	371.891266	-92.822212	99.398354	0.000000	0.000000	3.750000	662.964050	-675.940002
923	-366.253479	500.383087	-68.697235	105.625214	0.000000	0.000000	3.750000	438.991608	-728.890686
924	-189.637390	-566.306580	-23.054424	-148.216751	0.000000	0.000000	3.750000	197.490295	701.164368
925	477.363678	262.029327	132.606094	44.895679	0.000000	0.000000	3.750000	-847.849854	-274.720215
926	-421.982422	245.911453	-124.374535	68.514297	0.000000	0.000000	3.750000	556.293884	-143.659470
927	646.389832	-814.734741	85.125473	-111.146446	0.000000	0.000000	3.750000	-535.525330	1017.976257
928	-68.263565	682.418274	-3.362660	129.954437	0.000000	0.000000	3.750000	-132.300293	-658.917725
929	34.114136	12.374802	-52.205406	121.108017	0.000000	0.000000	3.750000	-20.230930	-63.850651
930	736.944214	-217.108063	134.425964	-20.631374	0.000000	0.000000	3.750000	-915.945557	180.059128
931	405.575592	-874.437927	81.268845	-111.531837	0.000000	0.000000	3.750000	-589.038757	928.715271
932	-200.266953	451.323578	-55.546906	145.773926	0.000000	0.000000	3.750000	94.063118	-500.960968
933	822.468994	-386.668365	123.612595	-51.729340	0.000000	0.000000	3.750000	-1686.819946	693.752319
934	600.718262	1013.249756	102.784676	137.909332	0.000000	0.000000	3.750000	-453.856934	-838.597046
935	705.824707	-556.451782	103.299812	-85.353088	0.000000	0.000000	3.750000	-869.088989	737.352234
936	-446.166168	-54.543678	-114.827354	-16.449223	0.000000	0.000000	3.750000	684.007996	185.215286
937	-262.328613	-253.770142	-67.256783	-125.060661	0.000000	0.000000	3.750000	184.126999	302.294159
938	-513.003479	411.797333	-95.775040	90.835785	0.000000	0.000000	3.750000	552.526733	-494.450104
939	-500.980072	362.034668	-114.148575	87.782654	0.000000	0.000000	3.750000	839.186523	-421.511505
940	765.477173	-862.854248	105.237930	-109.676659	0.000000	0.000000	3.750000	-827.336060	936.053345
941	-421.295532	-688.822754	-80.285934	-119.541473	0.000000	0.000000	3.750000	541.268188	778.045654
942	389.536407	-696.313721	60.568192	-121.767593	0.000000	0.000000	3.750000	-452.608948	685.316284
943	-388.601044	-522.566772	-73.144135	-102.595963	0.000000	0.000000	3.750000	467.755035	675.555786
944	-773.155884	416.835022	-108.545792	51.163406	0.000000	0.000000	3.750000	1079.475708	-292.681427
945	421.569855	731.717468	53.081833	116.473862	0.000000	0.000000	3.750000	-250.875870	-1018.494751
946	-669.037659	-271.432434	-137.794815	-7.514066	0.000000	0.000000	3.750000	706.626831	116.859703
947	-856.143860	52.869583	-128.837280	17.347630	0.000000	0.000000	3.750000	715.388977	-68.533592
948	-383.317474	964.877380	-68.653931	131.112427	0.000000	0.000000	3.750000	391.679810	-1195.343140
949	617.662109	-728.845825	83.472984	-99.660721	0.000000	0.000000	3.750000	-423.593262	560.276184
950	644.733215	401.467407	97.309296	70.218109	0.000000	0.000000	3.750000	-319.562195	-151.546860
951	-393.782562	-759.365295	-76.549332	-109.982437	0.000000	0.000000	3.750000	498.945160	941.229553
952	-492.869293	314.607086	-126.425407	76.941261	0.000000	0.000000	3.750000	863.048218	-285.692261
953	45.704090	90.463493	-152.867020	39.911419	0.000000	0.000000	3.750000	71.901756	-6.081486
954	-214.958008	399.735168	-59.410400	104.241417	0.000000	0.000000	3.750000	20.417427	-31.714067
955	-434.617920	-348.948944	-116.051903	-66.989319	0.000000	0.000000	3.750000	521.432495	461.132111
956	415.877441	-85.012955	128.719910	18.192822	0.000000	0.000000	3.750000	-562.168640	-145.389999
957	96.094818	16.696943	68.481903	-115.178925	0.000000	0.000000	3.750000	-244.214417	357.290314
958	410.216614	689.175781	87.480507	126.739845	0.000000	0.000000	3.750000	-389.921265	-773.929688
959	229.265564	478.424835	23.789810	142.019775	0.000000	0.000000	3.750000	-135.152100	-508.494629
960	189.322266	-450.946472	15.642660	-118.975296	0.000000	0.000000	3.750000	3.070277	526.492249
961	355.672089	211.384506	68.095894	91.427231	0.000000	0.000000	3.750000	-311.384735	-463.970459
962	552.541016	311.165558	100.154427	76.450500	0.000000	0.000000	3.750000	-526.102234	-223.527954
963	-440.690277	890.810913	-70.017433	139.403290	0.000000	0.000000	3.750000	331.850525	-1158.369873
964	260.286957	-774.059509	49.441864	-122.390610	0.000000	0.000000	3.750000	-458.513733	940.272827
965	-739.952942	1.517311	-103.462746	10.552157	0.000000	0.000000	3.750000	897.841736	78.891708
966	771.966187	-546.777649	131.666382	-83.665741	0.000000	0.000000	3.750000	-1020.753967	664.913452
967	251.545074	-814.632019	58.731300	-140.194977	0.000000	0.000000	3.750000	-425.299225	1011.269470
968	570.491760	-700.312805	89.955017	-91.060928	0.000000	0.000000	3.750000	-698.753052	671.759338
969	353.035126	-270.391541	67.328644	-84.444382	0.000000	0.000000	3.750000	-475.679443	596.950745
970	710.887268	824.570190	94.751411	118.853546	0.000000	0.000000	3.750000	-642.949280	-874.212219
971	226.391388	147.650269	102.191528	54.877579	0.000000	0.000000	3.750000	-346.888306	-80.373787
972	-32.033352	-476.546936	-22.144405	-113.866684	0.000000	0.000000	3.750000	120.109993	599.641235
973	630.784180	-561.451172	90.229599	-69.675064	0.000000	0.000000	3.750000	-879.905090	613.832703
974	855.226868	21.111694	135.969543	-2.876943	0.000000	0.000000	3.750000	-1174.511230	71.705887
975	733.230591	5.191066	135.887787	5.522422	0.000000	0.000000	3.750000	-893.624756	4.989188
976	537.927612	176.427826	109.835564	21.901285	0.000000	0.000000	3.750000	-365.162811	-180.966629
977	-346.369476	-97.952919	-133.843414	-33.614281	0.000000	0.000000	3.750000	714.072815	239.030411
978	-563.016174	-79.671707	-129.860596	-5.955520	0.000000	0.000000	3.750000	384.064819	99.860298
979	-249.700928	584.240723	-39.017693	121.907524	0.000000	0.000000	3.750000	112.371155	-839.577515
980	277.405579	-134.068604	122.033554	-93.935089	0.000000	0.000000	3.750000	-276.894409	225.581085
981	-85.448380	240.617599	-128.012009	70.148331	0.000000	0.000000	3.750000	88.202385	-13.311120
982	274.139160	-908.283020	36.223221	-129.011139	0.000000	0.000000	3.750000	-325.032013	1077.117065
983	485.499420	35.822174	145.884048	5.767879	0.000000	0.000000	3.750000	-478.020569	71.409149
984	-657.154724	-94.831406	-126.909088	-28.179234	0.000000	0.000000	3.750000	931.138611	257.033630
985	539.695435	783.308044	67.584030	115.707397	0.000000	0.000000	3.750000	-351.152954	-1039.341309
986	-382.523438	-366.053589	-106.511047	-70.988411	0.000000	0.000000	3.750000	817.562805	491.951782
987	93.044037	506.141846	15.575909	139.130325	0.000000	0.000000	3.750000	-8.937515	-749.295715
988	287.311981	130.997513	136.655090	-60.860977	0.000000	0.000000	3.750000	-24.477829	117.402153
989	790.926575	80.588539	141.596191	10.699081	0.000000	0.000000	3.750000	-1198.479004	12.927242
990	687.891296	565.852356	111.266083	71.019394	0.000000	0.000000	3.750000	-1021.389771	-450.652100
991	-764.651733	279.614929	-116.304993	48.466312	0.000000	0.000000	3.750000	1094.086182	-224.849091
992	-429.111694	-326.882019	-65.458832	-98.179054	0.000000	0.000000	3.750000	396.169617	670.738892
993	-668.525452	155.337143	-109.090034	14.118481	0.000000	0.000000	3.750000	940.015869	-41.811676
994	453.702362	-3.811204	145.963974	3.223941	0.000000	0.000000	3.750000	-643.578857	43.907764
995	-240.574585	-313.542114	-89.410904	-107.729706	0.000000	0.000000	3.750000	243.447296	298.120026
996	759.208801	471.692261	111.364029	81.496124	0.000000	0.000000	3.750000	-524.105286	-242.733521
997	803.411926	40.869999	129.456604	11.873383	0.000000	0.000000	3.750000	-1061.274170	-48.051735
998	591.949890	264.474640	106.799393	54.716255	0.000000	0.000000	3.750000	-811.323547	-353.539978
999	-584.016907	791.302307	-85.145638	92.877426	0.000000	0.000000	3.750000	849.614441	-996.348633
