node	a_force.x	a_force.y	g_force.x	g_force.y	r_force.x	r_force.y	global_speed	move_node.x	move_node.y
0	278.371643	-797.908691	36.913330	-196.550491	0.000000	0.000000	3.750000	101.455078	851.226196
1	-761.860413	-127.921249	-191.543213	-13.227811	0.000000	0.000000	3.750000	741.147278	12.079131
2	-990.476318	935.700684	-143.917419	150.171555	0.000000	0.000000	3.750000	864.925964	-1087.901001
3	32.034977	-80.228104	167.166107	91.057938	0.000000	0.000000	3.750000	100.500214	-36.301579
4	-75.842552	-871.543640	-17.963963	-191.155945	0.000000	0.000000	3.750000	227.584305	980.175476
5	-530.266663	-1128.047485	-89.218163	-167.749710	0.000000	0.000000	3.750000	515.463318	879.127075
6	-1086.563965	70.629158	-209.926697	5.499234	0.000000	0.000000	3.750000	1305.230469	104.057755
7	-35.023453	454.988251	40.689339	199.900146	0.000000	0.000000	3.750000	-58.349506	-493.239380
8	251.456909	-1284.069580	34.885620	-184.734619	0.000000	0.000000	3.750000	-140.282150	1329.298340
9	-110.992142	-448.260529	-53.299637	-190.655823	0.000000	0.000000	3.750000	306.262024	400.498199
10	-511.223206	1154.937256	-88.752975	192.527039	0.000000	0.000000	3.750000	440.513672	-1221.373901
11	302.744263	800.441772	56.413330	185.616638	0.000000	0.000000	3.750000	-302.752167	-954.048157
12	-920.379883	-564.498657	-178.292572	-76.467178	0.000000	0.000000	3.750000	1183.413574	350.269196
13	-1226.628906	-661.816833	-176.382599	-89.960815	0.000000	0.000000	3.750000	1320.728882	514.687256
14	708.774841	-208.480316	196.795746	-45.469170	0.000000	0.000000	3.750000	-515.337219	-28.529852
15	-109.317909	-689.385498	-34.489845	-184.808380	0.000000	0.000000	3.750000	262.151001	943.555908
16	678.989136	473.098450	146.150864	145.167816	0.000000	0.000000	3.750000	-459.438629	-663.181274
17	668.553955	969.159424	125.774948	160.611359	0.000000	0.000000	3.750000	-561.007812	-971.914368
18	107.981873	-717.266846	21.345486	-206.890656	0.000000	0.000000	3.750000	97.887291	754.723877
19	-273.571075	1347.847046	-62.001492	185.934982	0.000000	0.000000	3.750000	376.501465	-1185.793579
20	-210.460999	227.566498	-82.622505	190.718719	0.000000	0.000000	3.750000	404.836578	-148.263474
21	-1053.215576	214.680618	-178.019043	37.844315	0.000000	0.000000	3.750000	1253.053955	-3.429985
22	-975.944702	161.192688	-172.681915	43.096577	0.000000	0.000000	3.750000	434.967773	15.099947
23	-776.000854	599.457397	-166.928345	130.684097	0.000000	0.000000	3.750000	767.830078	-465.925476
24	378.366486	542.797974	111.545677	189.617538	0.000000	0.000000	3.750000	-311.820374	-432.024994
25	-1100.456543	1071.141602	-145.980362	139.619934	0.000000	0.000000	3.750000	972.497498	-972.019836
26	147.968979	425.375305	90.045181	158.164017	0.000000	0.000000	3.750000	-238.474640	-483.619507
27	720.187500	554.077881	152.161774	141.761398	0.000000	0.000000	3.750000	-163.777115	-222.803879
28	1274.267334	710.355835	175.794113	91.103622	0.000000	0.000000	3.750000	-704.767212	-412.447296
29	1329.743042	413.272980	186.336349	83.034729	0.000000	0.000000	3.750000	-1204.778564	-524.927246
30	-829.563416	-224.503906	-181.064270	-50.591961	0.000000	0.000000	3.750000	1029.382812	238.580917
31	1313.711792	912.851868	169.600052	127.197472	0.000000	0.000000	3.750000	-1802.664673	-947.248413
32	-1206.470459	568.288757	-183.781204	101.607834	0.000000	0.000000	3.750000	1157.947144	-496.255798
33	632.952881	190.570618	176.465759	98.304749	0.000000	0.000000	3.750000	-409.104980	-289.015900
34	-1141.480103	-1242.908813	-150.105255	-149.707733	0.000000	0.000000	3.750000	1172.152954	1116.128174
35	366.124420	-219.403198	182.429123	-45.418346	0.000000	0.000000	3.750000	-264.313599	90.957428
36	372.432190	547.741089	124.494095	161.608093	0.000000	0.000000	3.750000	-391.975525	-539.351685
37	-1084.715576	529.717285	-158.576752	93.323868	0.000000	0.000000	3.750000	1091.228760	-559.324158
38	-693.033020	-579.090942	-153.794418	-140.036133	0.000000	0.000000	3.750000	641.507141	805.074829
39	-123.594810	1177.090698	-16.162851	213.388672	0.000000	0.000000	3.750000	65.063438	-1315.226807
40	1296.034668	21.399387	191.592896	12.494296	0.000000	0.000000	3.750000	-1441.172852	-133.155304
41	951.496826	154.358643	203.286926	44.027580	0.000000	0.000000	3.750000	-1023.184265	-228.597824
42	-782.414307	-97.938019	-189.687531	10.891982	0.000000	0.000000	3.750000	1026.339722	-51.405823
43	-736.407837	-922.329102	-120.134773	-169.798798	0.000000	0.000000	3.750000	710.193054	1005.331238
44	-686.543396	-649.923706	-118.107414	-143.688995	0.000000	0.000000	3.750000	642.573914	882.342041
45	1049.447144	-207.095886	190.833588	-21.122597	0.000000	0.000000	3.750000	-1097.561646	10.611262
46	321.772522	904.985962	63.502178	168.426331	0.000000	0.000000	3.750000	-534.800720	-1246.797974
47	-470.789673	468.336731	-131.300629	150.862137	0.000000	0.000000	3.750000	604.988525	-532.159241
48	281.483765	-1336.205322	29.373264	-189.738739	0.000000	0.000000	3.750000	-30.877857	1153.825562
49	-535.861755	280.863495	-167.197052	85.958321	0.000000	0.000000	3.750000	816.925415	-327.437653
50	-1213.166992	1064.458252	-157.451141	135.915756	0.000000	0.000000	3.750000	1194.388428	-943.875061
51	-1124.336548	243.537384	-182.159363	66.734451	0.000000	0.000000	3.750000	1378.843384	-309.819153
52	182.686661	-936.473633	41.299217	-187.499817	0.000000	0.000000	3.750000	40.225456	1015.339294
53	-246.651642	963.848022	-49.496960	197.903717	0.000000	0.000000	3.750000	360.819031	-1141.605957
54	-295.529297	1169.144775	-35.614735	215.070587	0.000000	0.000000	3.750000	294.284271	-1247.563477
55	703.535889	-218.173416	184.303131	-66.693268	0.000000	0.000000	3.750000	-604.761963	279.745117
56	-240.682800	47.865322	-180.291809	66.012039	0.000000	0.000000	3.750000	379.259918	-119.795021
57	1256.176025	173.782730	188.336212	37.328568	0.000000	0.000000	3.750000	-1312.785645	-314.815155
58	-1058.108154	-761.864746	-163.284622	-93.177811	0.000000	0.000000	3.750000	1202.901123	630.026855
59	700.734131	-485.365875	147.898315	-106.066269	0.000000	0.000000	3.750000	-676.753906	518.032776
60	-158.384918	360.916626	-68.224640	187.950134	0.000000	0.000000	3.750000	293.215759	-248.529984
61	652.133667	-1056.294312	102.484482	-155.217484	0.000000	0.000000	3.750000	-490.491730	1071.933350
62	-163.563263	-1149.085449	-17.151293	-201.270081	0.000000	0.000000	3.750000	189.740204	1244.339844
63	711.040771	-1177.936768	101.696564	-158.116913	0.000000	0.000000	3.750000	-473.858215	1264.311768
64	-994.568970	-1020.535522	-145.755615	-142.727783	0.000000	0.000000	3.750000	1048.947266	898.314697
65	364.590851	-1077.727783	69.471863	-187.537933	0.000000	0.000000	3.750000	-62.862354	1224.016602
66	-1200.128662	398.834412	-162.656982	72.294754	0.000000	0.000000	3.750000	1992.481689	-623.718384
67	829.083130	209.687439	164.290619	57.311329	0.000000	0.000000	3.750000	-649.503601	-285.081207
68	922.413391	-816.637695	144.701523	-123.130577	0.000000	0.000000	3.750000	-686.987427	667.888489
69	-293.564819	-593.241882	-44.955498	-188.714874	0.000000	0.000000	3.750000	254.693848	671.295837
70	-1148.959229	-992.188843	-176.422180	-131.433823	0.000000	0.000000	3.750000	1266.075684	724.034119
71	720.317017	9.618910	219.802887	-8.906922	0.000000	0.000000	3.750000	-345.978394	43.123791
72	590.207947	469.872772	137.617737	122.135117	0.000000	0.000000	3.750000	-202.599838	-196.112244
73	-1066.196655	650.919067	-154.065521	100.597061	0.000000	0.000000	3.750000	770.286133	-523.757202
74	1113.910645	800.712463	147.345154	116.762138	0.000000	0.000000	3.750000	-942.183838	-774.791260
75	-1099.291260	-282.883484	-188.350815	-46.470966	0.000000	0.000000	3.750000	1392.554321	171.250092
76	-128.219055	1120.948486	-19.040016	211.142685	0.000000	0.000000	3.750000	171.189041	-1132.810669
77	-39.883530	1222.822021	-7.390845	195.860596	0.000000	0.000000	3.750000	51.894741	-1241.921265
78	1062.017212	-401.930298	153.364670	-73.334000	0.000000	0.000000	3.750000	-876.954895	184.356873
79	1164.723633	-1039.608887	144.962433	-134.869781	0.000000	0.000000	3.750000	-971.921021	821.803040
80	-302.049225	342.707458	-140.787109	150.378326	0.000000	0.000000	3.750000	432.009369	-308.245605
81	-897.300476	-170.156616	-191.970154	-56.096893	0.000000	0.000000	3.750000	804.974426	179.382812
82	-384.926849	1228.130981	-65.253326	186.938339	0.000000	0.000000	3.750000	397.482147	-1345.469482
83	-1229.354858	-703.930969	-165.608231	-101.043167	0.000000	0.000000	3.750000	1286.722290	605.401550
84	-983.366394	-224.016693	-198.470917	-24.679764	0.000000	0.000000	3.750000	1194.220581	81.851570
85	-132.293762	-638.035645	-6.814301	-177.865189	0.000000	0.000000	3.750000	221.741119	963.487366
86	413.206665	-844.900330	85.728760	-182.893372	0.000000	0.000000	3.750000	-117.182419	1198.978027
87	698.311829	-374.969635	164.675476	-98.721336	0.000000	0.000000	3.750000	-614.546448	412.852112
88	971.803101	826.985901	139.731171	113.468941	0.000000	0.000000	3.750000	-928.231689	-762.501892
89	-1003.546143	851.089478	-143.672302	130.360626	0.000000	0.000000	3.750000	941.749573	-1094.616089
90	389.326477	-809.693909	95.984871	-166.278595	0.000000	0.000000	3.750000	-198.859894	724.567322
91	-718.329041	-957.362427	-120.751724	-161.934616	0.000000	0.000000	3.750000	705.637024	844.732422
92	-1186.022705	489.304993	-184.591415	91.441528	0.000000	0.000000	3.750000	1155.299927	-413.758911
93	-1039.074951	-1049.350342	-124.957687	-140.461853	0.000000	0.000000	3.750000	965.973633	1215.620605
94	1143.613770	-1067.888916	155.058136	-138.635651	0.000000	0.000000	3.750000	-587.955139	395.037537
95	-1239.722046	-255.305450	-189.003311	-51.900394	0.000000	0.000000	3.750000	1344.057739	287.974609
96	252.631531	-719.152588	114.348480	-164.078323	0.000000	0.000000	3.750000	-569.357727	1768.745850
97	460.980896	-1353.908936	102.561142	-176.340622	0.000000	0.000000	3.750000	-419.730591	1377.679321
98	-629.543335	794.212280	-118.215607	122.168198	0.000000	0.000000	3.750000	657.257141	-662.107178
99	-827.800293	-300.037018	-190.181030	-79.165329	0.000000	0.000000	3.750000	1026.380127	442.071075
100	-637.419983	513.367798	-150.642975	119.039642	0.000000	0.000000	3.750000	712.327759	-467.889313
101	342.443176	989.430786	54.042290	175.884430	0.000000	0.000000	3.750000	-400.127991	-1107.777832
102	1304.739502	-577.490906	210.970978	-75.277084	0.000000	0.000000	3.750000	-1195.405762	267.289825
103	-698.518982	802.886780	-125.015289	153.538742	0.000000	0.000000	3.750000	421.918793	-673.516357
104	-844.389771	-344.250122	-187.064529	-70.759186	0.000000	0.000000	3.750000	1019.115845	381.066315
105	383.158295	1009.927002	73.965149	183.664917	0.000000	0.000000	3.750000	-481.424957	-963.369324
106	312.839294	1086.326660	48.284317	198.202881	0.000000	0.000000	3.750000	-371.583466	-1182.974487
107	1332.474976	347.649567	192.071350	62.550816	0.000000	0.000000	3.750000	-1338.138184	-430.026733
108	231.601791	-1270.998413	38.089855	-200.410492	0.000000	0.000000	3.750000	-28.321751	1330.961182
109	465.556091	119.713074	178.468292	81.021515	0.000000	0.000000	3.750000	-461.512054	-253.836380
110	-1012.323853	606.223145	-165.885895	108.099731	0.000000	0.000000	3.750000	1168.809692	-623.708435
111	1225.781494	706.285034	166.631424	103.198685	0.000000	0.000000	3.750000	-1052.902832	-644.211426
112	-1320.466309	668.353882	-182.168091	91.815033	0.000000	0.000000	3.750000	1253.769653	-386.616364
113	832.023132	-789.981995	147.049057	-135.559174	0.000000	0.000000	3.750000	-799.751099	891.671692
114	85.911980	-1403.487183	16.321613	-203.343338	0.000000	0.000000	3.750000	174.975464	1626.332520
115	425.325195	822.181824	66.637741	182.193695	0.000000	0.000000	3.750000	-490.613373	-922.518677
116	541.118713	-851.034668	115.193283	-156.093048	0.000000	0.000000	3.750000	-310.934296	690.356384
117	578.245300	398.043396	172.329834	109.106544	0.000000	0.000000	3.750000	-261.654175	-307.515961
118	293.574860	1059.577759	31.503275	173.157532	0.000000	0.000000	3.750000	-235.512161	-1162.578735
119	-175.782883	681.687988	-62.509789	179.414093	0.000000	0.000000	3.750000	431.438934	-656.174561
120	-487.180969	-1094.363281	-70.839600	-169.814590	0.000000	0.000000	3.750000	258.636414	1174.748901
121	225.183395	1206.429565	50.959473	195.466370	0.000000	0.000000	3.750000	-368.585999	-1288.447021
122	1153.521729	155.501953	189.637085	40.908718	0.000000	0.000000	3.750000	-1005.032837	-319.841461
123	177.065384	14.868073	213.249268	34.184200	0.000000	0.000000	3.750000	-80.342308	-33.727051
124	452.961456	-722.253357	89.315834	-160.854172	0.000000	0.000000	3.750000	-102.139648	908.014648
125	-949.715698	629.457214	-157.190552	99.432190	0.000000	0.000000	3.750000	1040.201416	-518.085205
126	1196.525146	-1106.126831	150.725464	-137.469086	0.000000	0.000000	3.750000	-671.858765	548.219788
127	-65.143364	-1286.817871	18.646887	-197.119293	0.000000	0.000000	3.750000	12.827913	1247.033447
128	608.319458	-457.207092	182.336700	-91.483047	0.000000	0.000000	3.750000	-792.573792	328.041626
129	-956.668396	-466.261597	-177.360626	-100.792648	0.000000	0.000000	3.750000	956.474976	570.116699
130	-382.198730	1121.213623	-84.575829	192.215698	0.000000	0.000000	3.750000	453.728516	-1137.982666
131	-906.447754	-1150.440674	-128.571228	-155.799072	0.000000	0.000000	3.750000	753.378296	1062.477539
132	-1130.373535	883.273315	-159.429260	114.010086	0.000000	0.000000	3.750000	960.697083	-697.562256
133	525.790833	301.990570	151.779419	120.820145	0.000000	0.000000	3.750000	-410.097321	-436.224060
134	610.341064	-1129.880127	94.727486	-160.066193	0.000000	0.000000	3.750000	-292.792358	997.562256
135	-236.491760	-1401.336182	-51.437321	-207.725662	0.000000	0.000000	3.750000	239.391953	1451.421753
136	-759.527893	1095.851074	-106.486298	145.122528	0.000000	0.000000	3.750000	687.625000	-1138.566040
137	1114.926880	-984.874023	140.178574	-134.111725	0.000000	0.000000	3.750000	-1346.219482	1220.570312
138	53.997272	-13.227083	192.181030	47.485939	0.000000	0.000000	3.750000	-268.435638	-190.061508
139	300.794434	-874.401367	47.310764	-194.317642	0.000000	0.000000	3.750000	6.406768	401.315399
140	642.654846	488.062012	173.669739	107.019478	0.000000	0.000000	3.750000	-679.530640	-623.825195
141	1116.889160	650.238892	166.271103	83.365768	0.000000	0.000000	3.750000	-1364.704224	-588.878113
142	338.869568	144.397247	199.402176	43.056496	0.000000	0.000000	3.750000	-750.505737	-278.009399
143	866.897705	116.788177	211.760010	10.072458	0.000000	0.000000	3.750000	-764.904114	-76.748222
144	966.565186	1105.799316	119.017136	145.529205	0.000000	0.000000	3.750000	-757.572632	-1188.536133
145	992.333740	-624.687927	154.387024	-110.745636	0.000000	0.000000	3.750000	-1166.152222	893.515015
146	550.519165	1237.850708	99.052254	159.787811	0.000000	0.000000	3.750000	-549.644226	-1437.118652
147	-786.446045	1012.418335	-94.251648	176.398651	0.000000	0.000000	3.750000	465.513550	-1045.241089
148	717.840332	1409.433228	122.644936	189.825043	0.000000	0.000000	3.750000	-695.500122	-1625.584717
149	-148.449127	203.460297	-22.636419	194.236359	0.000000	0.000000	3.750000	272.111267	-153.656158
150	-1215.914307	951.646545	-156.271820	137.270233	0.000000	0.000000	3.750000	1040.790771	-912.878235
151	203.706879	-929.624878	76.507210	-199.843262	0.000000	0.000000	3.750000	-29.958263	2526.955078
152	1006.179443	368.315857	207.232452	44.703247	0.000000	0.000000	3.750000	-1034.284424	-319.684998
153	-626.826294	-207.454819	-203.895172	-29.364513	0.000000	0.000000	3.750000	877.210510	206.336472
154	-1027.511963	941.653564	-156.095306	125.036835	0.000000	0.000000	3.750000	1014.455750	-740.747314
155	519.282593	947.353394	84.228149	152.254211	0.000000	0.000000	3.750000	-399.655060	-960.732361
156	-49.876686	539.097168	-23.269991	190.582809	0.000000	0.000000	3.750000	132.829834	-463.138336
157	431.874329	-990.407288	59.205795	-182.626450	0.000000	0.000000	3.750000	87.587929	1003.757141
158	-850.596985	-587.195679	-194.471970	-107.073013	0.000000	0.000000	3.750000	827.569824	474.958466
159	329.138306	-988.065125	90.129982	-169.530487	0.000000	0.000000	3.750000	-151.968063	505.636353
160	-604.369141	312.737091	-188.930115	59.236080	0.000000	0.000000	3.750000	688.780334	-167.062805
161	-411.292419	-995.973511	-58.155045	-170.343246	0.000000	0.000000	3.750000	146.212341	1073.736328
162	-87.822052	585.960449	47.545502	183.951187	0.000000	0.000000	3.750000	-214.830399	-543.824097
163	-1250.056152	-426.087646	-182.519043	-52.787796	0.000000	0.000000	3.750000	1398.554688	248.228729
164	400.757812	-117.016335	199.999207	0.018010	0.000000	0.000000	3.750000	-392.559357	26.955698
165	1129.936523	591.020508	183.101944	94.390549	0.000000	0.000000	3.750000	-1116.225952	-512.881653
166	-494.396637	30.186176	-191.002579	59.312134	0.000000	0.000000	3.750000	841.310608	-242.592789
167	1147.251465	-583.225830	175.743103	-99.589882	0.000000	0.000000	3.750000	-541.694336	240.720184
168	-1103.536621	-832.390198	-156.728760	-136.747650	0.000000	0.000000	3.750000	697.081543	548.512390
169	763.436646	-901.052734	141.235901	-171.278564	0.000000	0.000000	3.750000	-462.381134	662.387146
170	1398.265625	-140.713898	202.196411	-27.057753	0.000000	0.000000	3.750000	-1435.967407	15.321368
171	-1299.049316	-71.139633	-217.123901	-19.524195	0.000000	0.000000	3.750000	1419.408447	146.054886
172	-1082.420410	422.020325	-183.740356	88.630737	0.000000	0.000000	3.750000	1091.852417	-474.059662
173	332.592896	-311.316284	136.672485	-123.192093	0.000000	0.000000	3.750000	-142.304932	153.110550
174	-1258.684570	-268.861542	-180.341202	-59.804165	0.000000	0.000000	3.750000	1294.268433	223.939346
175	-132.133118	-211.494995	-12.537421	-193.483521	0.000000	0.000000	3.750000	336.656219	333.019592
176	818.628540	1055.888672	141.843201	132.349945	0.000000	0.000000	3.750000	-941.350220	-902.172913
177	-120.762886	9.764404	13.873475	-172.955093	0.000000	0.000000	3.750000	186.896896	150.072083
178	173.589371	184.254272	178.778503	61.807449	0.000000	0.000000	3.750000	-32.474674	-52.466602
179	743.829163	-823.330078	141.698334	-141.141891	0.000000	0.000000	3.750000	-586.456848	764.151428
180	-1325.082520	458.810730	-169.101593	72.522621	0.000000	0.000000	3.750000	1226.609009	-238.472458
181	1020.449097	-227.878571	200.487457	-47.336601	0.000000	0.000000	3.750000	-720.905090	99.706337
182	-573.871826	960.771362	-117.775848	154.158417	0.000000	0.000000	3.750000	675.114014	-943.119507
183	419.392395	-400.121979	147.914856	-119.252563	0.000000	0.000000	3.750000	-364.886841	376.135559
184	1364.571289	-303.594055	200.342514	-38.452415	0.000000	0.000000	3.750000	-1361.919312	127.836441
185	145.670624	1379.991211	33.294014	201.264465	0.000000	0.000000	3.750000	-134.858810	-1296.665039
186	839.200684	457.005768	192.628662	88.530838	0.000000	0.000000	3.750000	-968.332520	-569.589294
187	-338.316010	1213.627075	-25.311029	196.375488	0.000000	0.000000	3.750000	200.394394	-1283.582520
188	-550.585388	-907.865112	-67.300850	-166.944870	0.000000	0.000000	3.750000	367.387939	885.294189
189	-535.421387	-341.865417	-147.513290	-113.294968	0.000000	0.000000	3.750000	565.446777	387.349091
190	-241.263596	956.054626	-39.866249	189.859024	0.000000	0.000000	3.750000	275.079132	-961.485535
191	472.632812	-413.199402	168.937286	-121.341324	0.000000	0.000000	3.750000	-571.154358	502.276428
192	786.598145	-634.835327	124.547195	-159.034286	0.000000	0.000000	3.750000	-431.535126	595.926147
193	626.499634	-807.492676	139.330658	-129.177521	0.000000	0.000000	3.750000	-607.543457	643.247009
194	593.813965	390.530518	190.769684	52.994316	0.000000	0.000000	3.750000	-743.600586	-395.275848
195	-284.377258	763.337036	-31.636398	187.347565	0.000000	0.000000	3.750000	177.444260	-669.228210
196	-847.290527	-492.316742	-178.311890	-103.154343	0.000000	0.000000	3.750000	677.472595	419.775391
197	-1068.011963	39.800900	-207.123596	19.072300	0.000000	0.000000	3.750000	986.374451	-96.143242
198	-823.953491	964.081055	-131.535889	153.303833	0.000000	0.000000	3.750000	710.857910	-1019.222229
199	1147.578369	-775.443298	161.719391	-124.349480	0.000000	0.000000	3.750000	-989.193420	804.100220
200	-789.063721	3.792250	-202.961563	-20.540770	0.000000	0.000000	3.750000	649.936157	-11.247744
201	-944.693848	-822.721802	-112.572418	-145.544800	0.000000	0.000000	3.750000	689.163574	1106.859497
202	-1179.734619	283.179291	-187.761536	56.164001	0.000000	0.000000	3.750000	367.329437	-74.644310
203	-1296.867188	-21.242142	-207.204803	-18.169930	0.000000	0.000000	3.750000	1407.333008	152.486572
204	706.916077	-350.988739	168.103638	-96.831039	0.000000	0.000000	3.750000	-446.398804	211.138824
205	850.304199	-1026.984619	132.808395	-146.851196	0.000000	0.000000	3.750000	-762.292603	1170.886963
206	-895.822876	42.893738	-194.606232	46.132835	0.000000	0.000000	3.750000	907.268494	-168.561676
207	-281.119171	1278.209717	-16.643862	205.326416	0.000000	0.000000	3.750000	64.923378	-1233.195923
208	859.836487	-767.366089	165.493042	-135.676117	0.000000	0.000000	3.750000	-860.210449	670.758789
209	-1100.843506	146.278229	-197.361389	43.015625	0.000000	0.000000	3.750000	1161.151245	-20.007198
210	761.351196	348.889343	201.541870	71.943466	0.000000	0.000000	3.750000	-793.747131	-420.695221
211	-448.202148	-1288.520752	-73.719162	-205.154266	0.000000	0.000000	3.750000	295.273193	1455.159546
212	1210.180908	209.339844	187.783661	9.008127	0.000000	0.000000	3.750000	-1189.014893	12.343952
213	479.722137	-1074.813477	78.531296	-209.767517	0.000000	0.000000	3.750000	-37.494934	1099.185181
214	-422.505157	-33.289799	-174.895142	19.672195	0.000000	0.000000	3.750000	340.423096	-8.570371
215	-344.243774	316.958313	-143.350372	136.515671	0.000000	0.000000	3.750000	457.400024	-174.270294
216	1185.178955	186.941040	194.406830	24.939625	0.000000	0.000000	3.750000	-1484.924927	-176.016693
217	683.838684	-1134.655273	91.767776	-182.188263	0.000000	0.000000	3.750000	-232.248550	1025.047241
218	-901.022827	617.713867	-153.903870	118.107941	0.000000	0.000000	3.750000	882.050476	-595.611267
219	58.946175	1116.226440	38.469017	198.302704	0.000000	0.000000	3.750000	-167.812592	-1400.373657
220	-1142.199463	-345.078217	-203.817108	-50.578991	0.000000	0.000000	3.750000	1224.408569	183.412796
221	-1259.933594	-503.597626	-177.973511	-60.571640	0.000000	0.000000	3.750000	1080.273438	234.028931
222	1193.585449	16.609303	183.938995	-4.730985	0.000000	0.000000	3.750000	-1319.340454	95.055992
223	-931.697876	802.876099	-132.731537	149.605194	0.000000	0.000000	3.750000	563.491028	-547.016907
224	687.087463	-310.993744	179.862137	-82.786125	0.000000	0.000000	3.750000	-630.758362	315.827393
225	-456.299713	44.554688	-200.271881	56.165977	0.000000	0.000000	3.750000	579.412537	-133.567719
226	-1465.051270	548.048889	-195.536484	86.952599	0.000000	0.000000	3.750000	1252.969116	-340.413239
227	124.098114	1394.313110	51.788383	197.316895	0.000000	0.000000	3.750000	-395.412567	-1440.044922
228	-698.554077	-743.446289	-148.617722	-148.365799	0.000000	0.000000	3.750000	774.671326	917.061584
229	-859.279846	261.630432	-171.820496	60.014091	0.000000	0.000000	3.750000	1390.976685	-432.114380
230	795.806641	141.586334	190.973679	44.102699	0.000000	0.000000	3.750000	-769.084961	-217.942352
231	-905.101196	813.029175	-150.349640	137.879929	0.000000	0.000000	3.750000	466.729279	-374.569031
232	-891.127563	974.114929	-122.044701	137.699280	0.000000	0.000000	3.750000	949.449829	-1076.098145
233	1039.248535	-632.338867	183.458679	-98.011475	0.000000	0.000000	3.750000	-1022.717651	365.756470
234	538.352722	-293.241394	196.749542	-67.479965	0.000000	0.000000	3.750000	-549.411072	184.248260
235	-785.114563	766.961792	-135.827057	129.980804	0.000000	0.000000	3.750000	931.990173	-881.490051
236	928.173279	-782.772339	156.330841	-131.059662	0.000000	0.000000	3.750000	-892.036377	785.795532
237	-1054.176514	800.934448	-145.019073	128.861404	0.000000	0.000000	3.750000	941.397095	-1009.783386
238	418.397614	-453.325348	167.092682	-106.223274	0.000000	0.000000	3.750000	-472.164185	338.011108
239	304.792969	-228.920013	147.702209	-95.698242	0.000000	0.000000	3.750000	-249.590485	225.076401
240	482.573456	1289.340698	91.418777	166.559509	0.000000	0.000000	3.750000	-450.445282	-1340.446899
241	1220.703125	681.123047	170.168777	101.224976	0.000000	0.000000	3.750000	-1213.603271	-627.509766
242	679.670044	280.785583	189.963760	79.685104	0.000000	0.000000	3.750000	-654.315430	-282.424591
243	740.901489	1157.919189	91.902283	161.708359	0.000000	0.000000	3.750000	-467.660034	-1208.659058
244	834.966553	1171.700317	121.257553	159.044418	0.000000	0.000000	3.750000	-428.657959	-866.581543
245	176.709549	326.531647	116.416183	162.624435	0.000000	0.000000	3.750000	-203.093201	-332.302338
246	-160.558044	948.211365	-1.139217	213.996887	0.000000	0.000000	3.750000	11.640574	-288.826569
247	-373.638245	509.906006	-161.485565	131.088608	0.000000	0.000000	3.750000	694.144043	-407.968384
248	408.067810	-676.224731	115.669807	-145.658112	0.000000	0.000000	3.750000	-412.054779	645.424744
249	1031.799805	-182.103943	182.645660	-44.547028	0.000000	0.000000	3.750000	-687.907288	154.277832
250	428.571411	-1212.346802	71.566460	-180.306778	0.000000	0.000000	3.750000	-57.855415	1152.325684
251	-814.678223	-27.194696	-191.959930	3.903714	0.000000	0.000000	3.750000	789.261658	-57.033588
252	-574.679993	-669.947693	-150.469147	-143.606903	0.000000	0.000000	3.750000	586.136658	608.463684
253	-489.275970	-1360.680542	-65.291000	-184.805054	0.000000	0.000000	3.750000	375.192596	1428.271484
254	532.506470	1217.892456	81.715172	178.153046	0.000000	0.000000	3.750000	-476.698639	-1266.804321
255	-3.843550	-105.739914	-214.711609	-82.177979	0.000000	0.000000	3.750000	454.353821	38.625217
256	1063.912842	-326.657318	174.186066	-36.641373	0.000000	0.000000	3.750000	-1091.076416	63.200668
257	-933.941406	379.244202	-174.961487	104.902245	0.000000	0.000000	3.750000	778.678040	-467.725189
258	916.896179	-1089.152100	124.408012	-121.649696	0.000000	0.000000	3.750000	-915.991699	893.934631
259	331.926514	899.209167	60.761986	184.234192	0.000000	0.000000	3.750000	-347.677002	-731.852356
260	1029.934326	-760.808228	160.558838	-112.412300	0.000000	0.000000	3.750000	-1214.827881	640.407288
261	-144.030457	-318.924286	-153.389465	-108.640991	0.000000	0.000000	3.750000	381.510651	147.369614
262	1071.315918	766.359985	165.060883	98.075531	0.000000	0.000000	3.750000	-1226.696045	-614.361450
263	-1256.107178	472.518677	-185.789017	88.980042	0.000000	0.000000	3.750000	1533.424683	-423.544189
264	-1036.432495	1008.497437	-126.897583	127.659714	0.000000	0.000000	3.750000	1094.474487	-1088.530640
265	-1367.973633	375.902710	-198.266144	80.534988	0.000000	0.000000	3.750000	1473.677979	-377.432861
266	-1194.823242	-418.394653	-179.734467	-92.192635	0.000000	0.000000	3.750000	923.973877	428.712646
267	-1147.206909	-157.043167	-200.076691	-39.810951	0.000000	0.000000	3.750000	1273.194946	129.548828
268	569.297241	4.146202	193.934296	-4.956909	0.000000	0.000000	3.750000	-350.557251	61.149986
269	-126.493553	-681.393250	-62.219467	-198.427338	0.000000	0.000000	3.750000	378.597656	407.292542
270	-309.574158	1189.243164	-30.429985	209.803192	0.000000	0.000000	3.750000	239.947327	-1130.067993
271	1032.505859	-299.508240	183.157288	-69.780228	0.000000	0.000000	3.750000	-897.949646	275.535706
272	-451.047119	-1332.606201	-90.043701	-200.727570	0.000000	0.000000	3.750000	446.742188	1449.617188
273	-1163.571777	-568.081543	-171.213013	-72.677399	0.000000	0.000000	3.750000	1277.827759	442.665192
274	-1224.704834	265.098389	-190.506638	60.880585	0.000000	0.000000	3.750000	1287.232300	-195.017471
275	-974.002319	-1109.037964	-123.471977	-157.335205	0.000000	0.000000	3.750000	694.236389	1212.588867
276	851.164429	172.479309	203.452682	43.255009	0.000000	0.000000	3.750000	-977.531799	-203.334824
277	-167.226929	880.958252	-11.335013	203.674530	0.000000	0.000000	3.750000	215.274017	-767.257385
278	-497.448822	150.206268	-179.145813	74.449539	0.000000	0.000000	3.750000	532.413513	-246.644226
279	-141.945724	-490.053009	2.004704	-203.949371	0.000000	0.000000	3.750000	223.285278	537.126343
280	251.570190	327.578583	90.187790	169.486328	0.000000	0.000000	3.750000	-137.909042	-450.966278
281	-1524.094727	383.635956	-217.015228	76.180893	0.000000	0.000000	3.750000	1644.873047	-317.051666
282	1001.832153	-724.312927	159.146469	-121.129654	0.000000	0.000000	3.750000	-926.782898	716.514160
283	-1340.515503	88.621887	-217.042969	20.393688	0.000000	0.000000	3.750000	1315.587402	6.986073
284	345.873810	185.495941	195.464752	58.390289	0.000000	0.000000	3.750000	-569.878052	-203.324097
285	886.096252	-947.495422	154.878616	-153.415253	0.000000	0.000000	3.750000	-816.737061	1003.997864
286	-94.963821	526.460754	-56.412292	206.387115	0.000000	0.000000	3.750000	360.096222	-413.128143
287	108.540405	706.286133	12.594440	203.573013	0.000000	0.000000	3.750000	-74.604713	-293.835449
288	869.570496	190.377792	203.474106	32.154228	0.000000	0.000000	3.750000	-706.912598	-173.155289
289	-1215.957642	869.147949	-162.959106	122.720413	0.000000	0.000000	3.750000	1114.502686	-917.662781
290	-869.059082	-731.076050	-134.053497	-128.940521	0.000000	0.000000	3.750000	940.517456	887.574707
291	786.721069	1403.093262	126.591621	170.052536	0.000000	0.000000	3.750000	-635.671814	-1295.809204
292	572.792114	-326.969818	182.565323	-103.777924	0.000000	0.000000	3.750000	-715.449280	432.162048
293	633.750488	-1094.285278	115.963684	-158.011902	0.000000	0.000000	3.750000	-535.176208	1050.986084
294	1214.895752	-570.473389	193.990921	-94.984558	0.000000	0.000000	3.750000	-657.425110	134.128265
295	-283.406494	-140.245346	-163.959351	-117.674072	0.000000	0.000000	3.750000	255.266785	64.608543
296	1128.267090	-6.086860	193.928986	-5.247839	0.000000	0.000000	3.750000	-1135.473755	49.400303
297	-845.340698	818.011108	-140.099304	122.344513	0.000000	0.000000	3.750000	1020.880798	-915.589905
298	284.242188	-840.494995	118.235161	-168.685120	0.000000	0.000000	3.750000	-271.554718	613.651489
299	-610.746094	-363.468323	-151.525177	-133.581741	0.000000	0.000000	3.750000	557.093506	474.335205
300	857.836060	-743.333191	156.497070	-143.012711	0.000000	0.000000	3.750000	-556.786072	541.111755
301	-95.199219	-697.309998	-4.002942	-197.954712	0.000000	0.000000	3.750000	166.962677	879.772461
302	1093.183838	-1289.458252	136.472092	-164.835251	0.000000	0.000000	3.750000	-762.596130	1363.683350
303	-1302.176758	387.449585	-184.161224	60.988182	0.000000	0.000000	3.750000	1332.858032	-145.666183
304	-1.147167	-1295.636475	21.325233	-202.881195	0.000000	0.000000	3.750000	21.508707	1330.897583
305	-266.273438	584.690186	-0.928299	195.997772	0.000000	0.000000	3.750000	17.078354	-714.283203
306	-880.876831	-377.183777	-179.749176	-96.468826	0.000000	0.000000	3.750000	712.466675	387.792908
307	372.103516	-1283.910156	77.488663	-180.029800	0.000000	0.000000	3.750000	-313.709503	1387.772339
308	672.909058	84.142021	189.976410	2.979150	0.000000	0.000000	3.750000	-513.526306	0.407026
309	-1073.213379	427.801453	-191.966537	69.019623	0.000000	0.000000	3.750000	1030.234619	-218.100754
310	804.311401	250.662445	193.852234	56.791073	0.000000	0.000000	3.750000	-1003.875122	-361.638916
311	-1136.043701	501.424744	-185.205170	94.672249	0.000000	0.000000	3.750000	1179.250122	-502.521301
312	-1024.018066	-736.299805	-158.365356	-89.690552	0.000000	0.000000	3.750000	1039.225220	550.418823
313	87.801086	715.075684	6.534539	199.892914	0.000000	0.000000	3.750000	-60.302399	-558.060547
314	-111.578941	986.355103	4.289355	193.952454	0.000000	0.000000	3.750000	-53.568123	-1089.100830
315	-975.140198	-736.911377	-187.316040	-94.923645	0.000000	0.000000	3.750000	472.790771	214.851166
316	-1210.436035	392.973328	-194.864563	53.202671	0.000000	0.000000	3.750000	1501.490234	-105.454391
317	25.947783	1296.611816	26.059975	192.241333	0.000000	0.000000	3.750000	-86.890343	-1387.102417
318	143.032440	252.512527	169.790588	109.424934	0.000000	0.000000	3.750000	-344.549286	-278.289276
319	108.950134	-865.793152	83.604530	-181.678879	0.000000	0.000000	3.750000	-176.078842	1016.324036
320	334.993866	-1036.102539	77.715614	-188.606628	0.000000	0.000000	3.750000	-92.981812	1242.178101
321	806.788208	994.978149	135.933289	138.412903	0.000000	0.000000	3.750000	-995.219360	-1059.657593
322	-335.541016	374.719238	37.102921	202.603897	0.000000	0.000000	3.750000	67.390007	-374.096466
323	942.520020	-679.393494	178.301865	-110.943237	0.000000	0.000000	3.750000	-803.956299	619.981873
324	-832.784668	-1172.468872	-120.737259	-146.705322	0.000000	0.000000	3.750000	613.132996	880.068848
325	791.122498	1118.534058	133.965302	143.069275	0.000000	0.000000	3.750000	-875.330627	-1283.949341
326	59.800373	1386.864990	44.827782	194.911316	0.000000	0.000000	3.750000	-261.925690	-1411.723999
327	321.906128	664.089600	96.614441	175.115295	0.000000	0.000000	3.750000	-212.920471	-461.621460
328	-737.473389	-1078.074097	-105.192856	-167.745178	0.000000	0.000000	3.750000	664.141418	1044.692383
329	-439.970032	799.211548	-43.529442	199.280426	0.000000	0.000000	3.750000	256.464386	-487.477539
330	1515.266357	224.889664	215.784393	30.998705	0.000000	0.000000	3.750000	-1349.296875	-280.042267
331	-1131.988770	-1106.892456	-139.732941	-148.629303	0.000000	0.000000	3.750000	1010.865784	998.580078
332	-870.110229	497.304199	-170.989548	78.144569	0.000000	0.000000	3.750000	1065.245117	-472.221649
333	-1336.096558	829.203003	-179.571167	120.041962	0.000000	0.000000	3.750000	1203.837769	-701.501282
334	-890.276245	513.192139	-177.452148	123.149200	0.000000	0.000000	3.750000	806.512756	-407.315277
335	1205.194824	977.467773	174.589264	133.859512	0.000000	0.000000	3.750000	-1316.660522	-818.089294
336	836.719788	1021.769653	136.060394	149.297241	0.000000	0.000000	3.750000	-504.530151	-916.480164
337	661.795410	-302.680206	161.961121	-78.540207	0.000000	0.000000	3.750000	-635.885559	321.740356
338	-214.989990	458.868347	-18.827389	203.128601	0.000000	0.000000	3.750000	46.296299	-205.234726
339	11.816805	198.546844	144.708725	123.108826	0.000000	0.000000	3.750000	-268.959991	-340.582092
340	539.962341	181.064362	199.971130	1.529343	0.000000	0.000000	3.750000	-291.081909	-53.015408
341	-138.804611	-433.310181	1.073018	-191.987030	0.000000	0.000000	3.750000	107.638199	541.074524
342	-12.743731	-1088.242432	-1.637260	-179.992065	0.000000	0.000000	3.750000	105.263741	1113.853638
343	-1297.169922	681.121338	-184.074768	96.851074	0.000000	0.000000	3.750000	1192.258911	-496.775879
344	-875.933350	-100.803627	-188.076218	-26.891293	0.000000	0.000000	3.750000	520.659790	187.853729
345	85.875191	-992.793579	15.138397	-213.463715	0.000000	0.000000	3.750000	38.044846	297.454712
346	-1384.319702	62.449287	-201.806671	41.344452	0.000000	0.000000	3.750000	1099.554688	-37.627148
347	-789.057983	-802.496277	-132.561218	-147.076569	0.000000	0.000000	3.750000	754.755127	848.886597
348	-779.761963	-701.392395	-145.709778	-125.027359	0.000000	0.000000	3.750000	691.275940	799.657776
349	-1409.671753	-15.666968	-205.495789	-14.404224	0.000000	0.000000	3.750000	1482.524414	94.430939
350	1022.450562	-1145.836914	136.754242	-143.185791	0.000000	0.000000	3.750000	-703.958069	861.104675
351	-303.706573	988.255005	-92.195923	181.977753	0.000000	0.000000	3.750000	447.516968	-874.096924
352	832.380981	-984.014954	141.795410	-146.662048	0.000000	0.000000	3.750000	-744.979919	967.597351
353	-1034.044434	-366.198669	-175.578461	-77.691925	0.000000	0.000000	3.750000	908.082581	473.557983
354	941.349243	872.951599	139.293121	146.291168	0.000000	0.000000	3.750000	-738.558044	-973.105042
355	1273.132446	-10.602318	205.998901	0.478625	0.000000	0.000000	3.750000	-1142.756104	88.053894
356	-609.439697	-122.526550	-184.531403	-35.946186	0.000000	0.000000	3.750000	301.765167	54.764114
357	709.937073	625.601257	134.487854	122.625504	0.000000	0.000000	3.750000	-739.870911	-737.849487
358	-71.104149	994.806030	40.301468	199.979309	0.000000	0.000000	3.750000	-246.008972	-1418.290283
359	241.656219	915.481201	37.281456	192.419586	0.000000	0.000000	3.750000	-267.913116	-825.187195
360	-510.951965	-1250.515381	-80.036858	-178.913025	0.000000	0.000000	3.750000	501.472992	1404.936890
361	1242.111694	-426.549683	178.743088	-58.261124	0.000000	0.000000	3.750000	-1330.798340	213.527084
362	130.237335	-713.341003	99.466080	-157.163269	0.000000	0.000000	3.750000	-235.875565	825.074219
363	-97.384560	1235.832886	26.186424	210.375061	0.000000	0.000000	3.750000	-12.331536	-1810.589355
364	-63.387070	221.242523	16.497561	205.155090	0.000000	0.000000	3.750000	145.222565	-247.406097
365	-535.421814	1.498505	-203.924545	-29.141041	0.000000	0.000000	3.750000	555.174377	131.031021
366	115.938919	759.659607	70.568222	189.270508	0.000000	0.000000	3.750000	-334.283508	-708.739746
367	-617.265381	-131.313629	-213.629562	-43.419151	0.000000	0.000000	3.750000	301.647827	79.688179
368	980.375427	55.542240	191.992035	-1.628461	0.000000	0.000000	3.750000	-928.294312	-72.836174
369	804.995483	377.598816	186.992371	70.941673	0.000000	0.000000	3.750000	-848.225403	-494.519196
370	-570.524414	797.512268	-113.275375	159.951294	0.000000	0.000000	3.750000	633.746948	-744.163757
371	-1116.536743	407.337708	-212.250366	57.877228	0.000000	0.000000	3.750000	580.142090	-6.744825
372	-591.218445	1225.022095	-98.476105	176.368286	0.000000	0.000000	3.750000	462.383392	-1321.741821
373	-534.672180	864.294556	-55.711731	177.459061	0.000000	0.000000	3.750000	391.452728	-897.322998
374	661.488770	1219.653564	108.485977	168.018433	0.000000	0.000000	3.750000	-448.271088	-1045.703003
375	188.409927	-1147.763672	51.909515	-193.141174	0.000000	0.000000	3.750000	-28.482052	968.617126
376	-1183.174438	219.823639	-182.527924	35.748657	0.000000	0.000000	3.750000	1413.994507	59.731255
377	-364.243164	637.040527	-53.026768	194.883789	0.000000	0.000000	3.750000	472.587769	-582.393066
378	576.984924	-1309.957520	107.856323	-168.423279	0.000000	0.000000	3.750000	-558.639771	1341.702148
379	579.460754	-493.750092	118.556641	-158.577118	0.000000	0.000000	3.750000	-312.066162	637.510315
380	104.300674	-1331.938965	29.888815	-193.706223	0.000000	0.000000	3.750000	-2.010856	2440.107666
381	755.538635	-927.635193	131.186218	-142.917114	0.000000	0.000000	3.750000	-527.373169	811.290955
382	341.363770	-1043.861938	104.001228	-170.829132	0.000000	0.000000	3.750000	-401.216919	1154.424927
383	347.170227	224.297729	164.562683	86.689491	0.000000	0.000000	3.750000	-451.155579	-273.467377
384	342.967743	-113.911530	183.383301	-84.702469	0.000000	0.000000	3.750000	-369.531769	177.172913
385	-795.882996	1228.131958	-125.001617	166.248367	0.000000	0.000000	3.750000	931.418457	-1413.459106
386	-723.547058	-528.640747	-172.094299	-120.339828	0.000000	0.000000	3.750000	696.158325	372.515564
387	-163.103928	-159.450562	100.051895	-170.348572	0.000000	0.000000	3.750000	174.844879	64.481956
388	-694.442444	1146.884277	-96.995628	172.613235	0.000000	0.000000	3.750000	496.241638	-1295.819580
389	-627.701965	-1326.703247	-87.200500	-184.423065	0.000000	0.000000	3.750000	438.519440	1146.443359
390	814.639343	1032.626953	132.368546	139.076843	0.000000	0.000000	3.750000	-969.097473	-1240.689697
391	-891.072388	1072.971436	-125.518318	155.708481	0.000000	0.000000	3.750000	850.574768	-1010.171570
392	-196.185913	397.253815	-18.931753	213.096710	0.000000	0.000000	3.750000	226.770233	-321.061401
393	462.523071	-433.705017	110.243561	-166.857819	0.000000	0.000000	3.750000	-214.766037	701.775757
394	146.481049	-667.537842	83.910782	-188.128036	0.000000	0.000000	3.750000	-148.138092	911.332886
395	288.116760	-955.962769	87.718498	-188.588867	0.000000	0.000000	3.750000	-141.077148	1027.227295
396	-761.421753	-21.134357	-197.565994	-31.095108	0.000000	0.000000	3.750000	919.502380	250.270966
397	-467.404266	1345.214600	-57.736412	191.484375	0.000000	0.000000	3.750000	263.910004	-1333.421387
398	57.637245	1228.061768	33.377350	182.980682	0.000000	0.000000	3.750000	-203.515350	-1439.730957
399	-188.046265	-802.137512	38.307438	-198.328262	0.000000	0.000000	3.750000	24.422152	1131.861328
400	-203.127075	647.264709	-72.597977	199.160156	0.000000	0.000000	3.750000	530.410034	-611.224182
401	-1128.108398	423.113953	-194.155579	74.615532	0.000000	0.000000	3.750000	940.358887	-369.151581
402	-1180.263672	295.392029	-181.170364	57.242538	0.000000	0.000000	3.750000	1366.612915	-205.926788
403	-1058.516846	-421.612030	-183.822601	-88.441772	0.000000	0.000000	3.750000	492.806061	197.949280
404	39.190262	-273.861420	116.658836	-154.980438	0.000000	0.000000	3.750000	-198.847794	191.544113
405	-269.841064	-220.357193	-174.491913	-69.971573	0.000000	0.000000	3.750000	538.680847	163.848022
406	-728.441528	241.217285	-194.175781	38.668816	0.000000	0.000000	3.750000	393.354645	-101.375793
407	-550.324280	918.047607	-84.939896	183.270813	0.000000	0.000000	3.750000	458.082031	-713.381653
408	-977.044983	1304.882568	-123.338066	172.427673	0.000000	0.000000	3.750000	660.509644	-1290.506714
409	-982.302368	726.225586	-160.099304	109.562637	0.000000	0.000000	3.750000	856.313416	-700.316101
410	-653.115356	633.498230	-141.939392	143.725937	0.000000	0.000000	3.750000	659.274353	-706.266052
411	1190.160889	-90.789810	185.995575	1.279333	0.000000	0.000000	3.750000	-2398.923340	2.839371
412	-736.793213	-527.274292	-167.132568	-120.423691	0.000000	0.000000	3.750000	661.398987	411.259369
413	49.859241	804.210815	-1.887699	181.982346	0.000000	0.000000	3.750000	57.933769	-550.310608
414	-830.320374	-1024.170654	-87.407440	-166.443649	0.000000	0.000000	3.750000	578.124878	912.587769
415	-1411.524292	556.379700	-203.800232	77.388023	0.000000	0.000000	3.750000	1555.205933	-356.356567
416	692.976440	-945.772827	120.169121	-144.575790	0.000000	0.000000	3.750000	-489.517944	980.814636
417	-573.662292	1077.242676	-83.946472	177.110947	0.000000	0.000000	3.750000	372.004242	-1135.524414
418	957.191650	-66.320694	202.849625	-35.873878	0.000000	0.000000	3.750000	-809.600647	25.139669
419	-1021.795959	-567.415344	-182.080536	-82.744263	0.000000	0.000000	3.750000	1012.914978	505.425812
420	1041.794800	158.973557	206.785614	22.443233	0.000000	0.000000	3.750000	-1278.657104	-170.240311
421	555.535828	-847.598633	126.418999	-144.502625	0.000000	0.000000	3.750000	-556.929260	1024.972534
422	-1088.898682	-640.917419	-145.478867	-115.895592	0.000000	0.000000	3.750000	1111.224609	756.057617
423	1301.773071	-757.567383	179.003387	-105.931458	0.000000	0.000000	3.750000	-1313.906128	601.589294
424	-821.921387	-978.095337	-114.374367	-136.390930	0.000000	0.000000	3.750000	779.977112	915.225891
425	1231.055664	-296.043427	183.204117	-42.192368	0.000000	0.000000	3.750000	-1341.992432	234.468857
426	813.215210	1054.973511	112.075859	143.398041	0.000000	0.000000	3.750000	-405.389587	-628.463928
427	801.465942	-1020.929932	121.685059	-135.337311	0.000000	0.000000	3.750000	-818.675781	1374.198364
428	-938.615112	-320.581970	-193.874466	-80.699615	0.000000	0.000000	3.750000	919.952942	318.786957
429	982.915710	74.320381	203.936920	5.072581	0.000000	0.000000	3.750000	-1153.333740	-41.171677
430	-98.378700	1270.931641	-25.514038	206.428558	0.000000	0.000000	3.750000	103.263046	-987.009888
431	-845.679688	-744.446472	-161.337891	-131.277451	0.000000	0.000000	3.750000	1016.926880	953.404724
432	-1271.206909	127.833389	-193.753510	9.765697	0.000000	0.000000	3.750000	1339.155029	47.355656
433	-1017.243835	922.359985	-153.011047	125.664520	0.000000	0.000000	3.750000	1417.523926	-1279.369995
434	1060.470703	-414.622437	172.173676	-80.344803	0.000000	0.000000	3.750000	-1286.779053	309.517670
435	-978.988342	872.822021	-140.905136	141.934570	0.000000	0.000000	3.750000	732.326416	-915.077515
436	862.755615	1271.715576	114.818001	171.034302	0.000000	0.000000	3.750000	-718.514648	-1292.150757
437	1205.964722	912.727051	152.539169	119.865387	0.000000	0.000000	3.750000	-1147.090454	-778.474976
438	-1074.211914	1142.774780	-128.672577	158.301483	0.000000	0.000000	3.750000	1059.302368	-1278.879150
439	-1168.543213	-605.127563	-178.085236	-103.545380	0.000000	0.000000	3.750000	1013.481140	597.732727
440	-1252.537964	-931.454102	-157.287018	-136.105499	0.000000	0.000000	3.750000	1169.847778	872.661133
441	188.384384	1225.589722	83.906464	196.864197	0.000000	0.000000	3.750000	-440.118073	-1285.259888
442	-1221.088623	32.017838	-182.838089	20.637371	0.000000	0.000000	3.750000	1256.171997	11.242985
443	1163.751953	-579.428284	177.351288	-88.034912	0.000000	0.000000	3.750000	-1542.623413	548.162170
444	1124.419434	751.001221	157.401031	116.794174	0.000000	0.000000	3.750000	-1098.016235	-746.320129
445	875.344116	-336.903687	183.869598	-67.880463	0.000000	0.000000	3.750000	-790.119446	222.150345
446	423.199524	1382.887695	90.661621	191.635162	0.000000	0.000000	3.750000	-458.580811	-1416.620117
447	354.923004	771.780273	96.738449	175.047577	0.000000	0.000000	3.750000	-495.270935	-880.892822
448	-95.869446	835.317749	0.429117	209.980347	0.000000	0.000000	3.750000	10.665009	-356.618896
449	166.707809	-69.945663	184.695145	-52.352623	0.000000	0.000000	3.750000	-228.709427	163.911697
450	-1277.290405	694.702393	-177.116547	97.126633	0.000000	0.000000	3.750000	2449.710938	-1069.919800
451	-640.988647	1050.015015	-101.341217	181.642273	0.000000	0.000000	3.750000	589.772156	-1009.269287
452	320.155426	-445.994690	150.703461	-134.502441	0.000000	0.000000	3.750000	-515.190125	692.401428
453	441.698486	1106.781250	106.506775	159.750122	0.000000	0.000000	3.750000	-554.180603	-996.529785
454	-692.733887	1061.554688	-113.102661	164.947815	0.000000	0.000000	3.750000	706.950073	-1098.699219
455	-1115.647705	-424.304993	-184.240143	-100.774124	0.000000	0.000000	3.750000	1213.899902	763.837341
456	1272.225952	988.406372	189.429443	123.257431	0.000000	0.000000	3.750000	-1197.701782	-861.750061
457	-930.643677	1263.972290	-114.507988	173.641800	0.000000	0.000000	3.750000	617.428040	-1314.055176
458	-559.064819	-792.553833	-66.086479	-158.797165	0.000000	0.000000	3.750000	503.485748	1071.692993
459	-700.559814	-531.859009	-143.592468	-127.454666	0.000000	0.000000	3.750000	697.531128	769.083313
460	995.207520	-1124.506104	134.492645	-134.207367	0.000000	0.000000	3.750000	-936.568420	1093.066528
461	250.806732	592.677185	131.511520	134.342346	0.000000	0.000000	3.750000	-493.618805	-695.992798
462	-1174.968262	-436.711456	-173.241653	-61.994503	0.000000	0.000000	3.750000	1244.082031	431.045807
463	15.583702	111.237663	-157.370300	95.339767	0.000000	0.000000	3.750000	303.857697	-163.293427
464	-862.818115	-1092.716064	-121.480865	-135.522430	0.000000	0.000000	3.750000	792.271790	1028.190308
465	-1270.716553	-948.765320	-160.084061	-123.194244	0.000000	0.000000	3.750000	1272.344238	747.363159
466	934.803101	-493.413910	162.465454	-102.317848	0.000000	0.000000	3.750000	-642.855042	401.979889
467	1243.110107	189.346817	195.758545	9.725309	0.000000	0.000000	3.750000	-1342.053589	-86.457443
468	467.646118	609.037659	97.349777	170.113617	0.000000	0.000000	3.750000	-308.636139	-519.713745
469	-256.097870	900.537903	-55.025421	165.070129	0.000000	0.000000	3.750000	403.710510	-1048.949585
470	23.010727	-9.466820	213.543152	4.059136	0.000000	0.000000	3.750000	22.229156	10.318782
471	-952.755249	-19.523809	-199.999756	-0.154966	0.000000	0.000000	3.750000	1062.556396	59.120468
472	-549.216492	-512.320923	-154.153168	-114.456055	0.000000	0.000000	3.750000	561.409668	520.280457
473	-146.310425	398.691864	-22.235214	192.704620	0.000000	0.000000	3.750000	275.674042	-570.110168
474	-218.645432	690.498535	-20.878536	198.902069	0.000000	0.000000	3.750000	206.922943	-710.116699
475	1173.057617	-97.003075	199.700989	-30.377132	0.000000	0.000000	3.750000	-1243.672974	1.429832
476	694.871033	295.069580	184.063370	72.954750	0.000000	0.000000	3.750000	-732.418030	-492.946228
477	-1008.431274	881.535339	-150.551758	125.499596	0.000000	0.000000	3.750000	1000.454773	-879.903137
478	1057.237671	175.231018	191.570175	30.607710	0.000000	0.000000	3.750000	-1300.045166	-254.085068
479	-432.422028	-1233.393799	-62.538414	-194.176666	0.000000	0.000000	3.750000	282.745697	1430.828247
480	330.395630	-515.867676	119.808472	-157.632767	0.000000	0.000000	3.750000	-163.303345	260.211029
481	-1068.268677	-296.648987	-179.962585	-47.003983	0.000000	0.000000	3.750000	892.554382	179.351639
482	111.241364	-1218.663208	83.930466	-199.022003	0.000000	0.000000	3.750000	-206.437378	1247.612549
483	1171.561890	-548.467712	180.494080	-90.689163	0.000000	0.000000	3.750000	-1270.918701	361.961639
484	843.519653	-618.088928	164.266403	-103.200844	0.000000	0.000000	3.750000	-357.755341	253.100525
485	-1007.565735	-275.147827	-190.107666	-73.993507	0.000000	0.000000	3.750000	1046.376465	369.203247
486	687.770386	-413.021606	174.902008	-96.999451	0.000000	0.000000	3.750000	-920.831787	401.096832
487	721.257629	-1134.228516	143.374512	-156.162537	0.000000	0.000000	3.750000	-673.613647	1111.937256
488	148.620193	-282.621155	158.654755	-128.155579	0.000000	0.000000	3.750000	-149.127487	149.223373
489	715.141907	-1140.341553	119.169930	-170.473480	0.000000	0.000000	3.750000	-670.318848	1598.117065
490	-1027.848389	440.278198	-168.756287	73.328659	0.000000	0.000000	3.750000	1127.885864	-387.322662
491	177.134689	1063.843018	39.240265	179.766968	0.000000	0.000000	3.750000	-278.746368	-1106.432861
492	-808.597656	539.732361	-141.596191	135.521515	0.000000	0.000000	3.750000	670.315002	-502.234283
493	389.066956	-585.744019	116.576584	-150.032883	0.000000	0.000000	3.750000	-1030.826416	1441.177979
494	-592.507812	-972.016724	-79.679985	-156.930161	0.000000	0.000000	3.750000	414.988251	843.847229
495	-615.522705	1104.982178	-103.645493	168.704773	0.000000	0.000000	3.750000	536.081604	-1150.963379
496	-140.377319	-243.870392	-139.326447	-129.107147	0.000000	0.000000	3.750000	355.740417	149.616272
497	-558.471863	-1340.409424	-91.798538	-186.646790	0.000000	0.000000	3.750000	493.136749	1056.256958
498	98.029129	-913.700806	14.378244	-191.454193	0.000000	0.000000	3.750000	147.021271	823.186340
499	-332.338409	-478.803711	-113.376434	-126.671196	0.000000	0.000000	3.750000	458.193420	462.654938
500	84.570435	100.058136	159.113922	73.831444	0.000000	0.000000	3.750000	83.234985	-3.379332
501	167.259766	-403.498993	147.250488	-120.064148	0.000000	0.000000	3.750000	-415.061798	541.948303
502	861.433350	92.576927	215.629364	43.634590	0.000000	0.000000	3.750000	-1064.850464	-238.890228
503	-150.877625	74.721336	-197.704437	41.356251	0.000000	0.000000	3.750000	338.162781	-34.267673
504	981.657227	-853.035461	160.884277	-118.811157	0.000000	0.000000	3.750000	-986.983093	610.712524
505	311.203979	-1327.442383	66.848709	-199.073730	0.000000	0.000000	3.750000	-232.708771	1492.312134
506	994.358765	-705.660583	160.078323	-109.594162	0.000000	0.000000	3.750000	-833.046814	527.546021
507	1070.004272	-1030.239624	163.071381	-138.577469	0.000000	0.000000	3.750000	-891.588867	782.205811
508	1377.430298	359.791138	207.425919	52.635426	0.000000	0.000000	3.750000	-1322.396362	-340.496185
509	-459.899200	-828.690674	-76.465897	-186.967743	0.000000	0.000000	3.750000	345.167633	898.058105
510	228.382843	506.874878	154.758057	138.969742	0.000000	0.000000	3.750000	-553.382629	-626.375000
511	-783.382568	-1036.507568	-119.432571	-129.274323	0.000000	0.000000	3.750000	757.871277	845.219910
512	-1186.000854	-144.105026	-191.230637	-42.971069	0.000000	0.000000	3.750000	1407.563477	164.922607
513	-1013.506104	332.449249	-196.356506	47.413536	0.000000	0.000000	3.750000	848.373474	-135.857361
514	260.767578	-44.793774	199.406662	14.997950	0.000000	0.000000	3.750000	-414.063934	-209.209885
515	1062.742188	-936.549805	144.462585	-120.310181	0.000000	0.000000	3.750000	-1142.578003	857.109070
516	-1350.170044	388.098907	-197.800964	49.898331	0.000000	0.000000	3.750000	1420.144287	-98.773827
517	-98.080994	1078.768311	-7.520217	203.859467	0.000000	0.000000	3.750000	-29.745331	-748.803650
518	-691.847961	1077.958008	-107.965408	151.456360	0.000000	0.000000	3.750000	634.581299	-1252.161987
519	-377.703644	-1140.149658	-62.429272	-183.679108	0.000000	0.000000	3.750000	207.779190	1098.262451
520	-767.723633	-1193.643555	-115.835091	-142.961273	0.000000	0.000000	3.750000	870.112183	1397.780762
521	-873.700073	1188.614868	-118.352966	153.715897	0.000000	0.000000	3.750000	914.174194	-1207.845825
522	-743.804077	-1162.485352	-87.653404	-186.420746	0.000000	0.000000	3.750000	471.243347	1250.898682
523	-1062.221436	-772.916016	-156.329132	-114.878784	0.000000	0.000000	3.750000	1065.320801	711.606201
524	428.862457	7.431057	173.208069	31.130169	0.000000	0.000000	3.750000	-318.103516	-170.463242
525	-257.726929	-486.912415	-47.571136	-192.172607	0.000000	0.000000	3.750000	288.774384	497.317871
526	-1143.874146	281.414581	-215.490204	44.312241	0.000000	0.000000	3.750000	1032.554565	-112.060913
527	-310.415924	-818.776855	-71.877808	-184.492676	0.000000	0.000000	3.750000	317.957581	885.331055
528	1254.423218	245.386078	194.904144	20.695490	0.000000	0.000000	3.750000	-1131.746460	-158.319595
529	1102.366699	267.683563	208.124878	57.792603	0.000000	0.000000	3.750000	-940.762817	-287.795380
530	-1205.878418	606.103882	-172.261353	93.496346	0.000000	0.000000	3.750000	1182.263306	-451.620514
531	614.436035	-1211.112305	95.551041	-175.690277	0.000000	0.000000	3.750000	-241.437927	1193.213745
532	-630.519958	-620.366394	-77.530701	-162.446838	0.000000	0.000000	3.750000	358.179718	781.762268
533	1016.665527	393.434570	188.162811	26.358082	0.000000	0.000000	3.750000	-1328.985474	-199.932007
534	-1024.711182	-542.341797	-154.695648	-92.028374	0.000000	0.000000	3.750000	908.918640	573.755188
535	143.598236	-679.614624	108.287506	-148.755692	0.000000	0.000000	3.750000	-276.865692	696.538269
536	-570.058777	959.407654	-108.631485	182.048798	0.000000	0.000000	3.750000	719.378174	-849.297180
537	-898.051147	211.706482	-184.629456	76.888931	0.000000	0.000000	3.750000	758.123474	-275.838745
538	924.710205	-329.976288	191.803070	-63.365921	0.000000	0.000000	3.750000	-910.821594	203.626053
539	958.199158	-108.100189	203.796448	-9.107201	0.000000	0.000000	3.750000	-968.436462	6.375968
540	1088.100830	-569.787109	170.871338	-83.070915	0.000000	0.000000	3.750000	-589.457214	112.638283
541	629.110718	-1052.906494	108.797646	-148.386597	0.000000	0.000000	3.750000	-552.324707	1059.677979
542	886.352295	-774.863770	143.854889	-117.904915	0.000000	0.000000	3.750000	-726.405457	538.831360
543	-502.893494	957.686035	-90.840202	171.417664	0.000000	0.000000	3.750000	547.649902	-952.164612
544	734.260254	-937.197266	112.458969	-160.524567	0.000000	0.000000	3.750000	-439.838226	920.122681
545	-311.544678	905.319824	-51.115059	191.286804	0.000000	0.000000	3.750000	366.181641	-904.736267
546	920.576355	-891.270874	145.311783	-128.531799	0.000000	0.000000	3.750000	-685.248901	656.024719
547	873.828979	-580.483643	166.749100	-106.764694	0.000000	0.000000	3.750000	-963.731018	554.465637
548	-521.606079	776.027344	-73.470795	183.863220	0.000000	0.000000	3.750000	438.072845	-870.311096
549	909.478088	99.965584	197.154434	18.277184	0.000000	0.000000	3.750000	-1202.920410	-51.102322
550	-1146.865601	15.171768	-201.893311	-6.562698	0.000000	0.000000	3.750000	1246.310303	67.590263
551	823.310120	-187.296143	187.906219	-48.235664	0.000000	0.000000	3.750000	-748.024841	105.415192
552	-598.127625	-1118.120361	-83.434059	-177.354080	0.000000	0.000000	3.750000	416.270935	1184.189697
553	-1204.904053	-798.854736	-148.637924	-118.349457	0.000000	0.000000	3.750000	1196.586182	758.222351
554	-196.510590	1148.030396	-35.695320	204.913528	0.000000	0.000000	3.750000	272.299286	-1113.326660
555	281.351013	-524.628601	109.042191	-160.410797	0.000000	0.000000	3.750000	-113.775223	337.824860
556	-966.365295	-304.780823	-189.351166	-50.614204	0.000000	0.000000	3.750000	829.958435	223.060257
557	-345.021973	-1315.258911	-24.767479	-196.444824	0.000000	0.000000	3.750000	184.322540	1441.789185
558	222.812744	722.275452	74.654343	176.890869	0.000000	0.000000	3.750000	-421.337982	-787.117981
559	995.461853	-378.572296	191.699539	-75.413002	0.000000	0.000000	3.750000	-939.414917	299.310791
560	926.620239	-473.448547	158.299835	-85.650909	0.000000	0.000000	3.750000	-310.708527	101.979271
561	-922.707153	752.021851	-139.972046	125.504349	0.000000	0.000000	3.750000	585.033447	-442.523346
562	-248.026245	-1238.459229	-30.079567	-187.603882	0.000000	0.000000	3.750000	213.848160	1362.490845
563	-1181.068604	721.281799	-158.088623	108.958267	0.000000	0.000000	3.750000	1288.518066	-769.849792
564	862.760620	968.857971	134.306610	142.750473	0.000000	0.000000	3.750000	-527.334839	-698.055298
565	-440.648926	1174.694824	-63.510918	174.820892	0.000000	0.000000	3.750000	419.748749	-1301.319824
566	-485.743500	-925.568848	-64.391846	-170.227875	0.000000	0.000000	3.750000	261.648773	899.523010
567	-264.623047	395.456390	-118.875885	135.151703	0.000000	0.000000	3.750000	621.045044	-454.527802
568	-916.666870	-351.054474	-186.521210	-60.210976	0.000000	0.000000	3.750000	836.187134	320.696899
569	738.437866	252.176941	179.786972	82.935562	0.000000	0.000000	3.750000	-752.558228	-591.059448
570	-735.059631	-345.944946	-171.563965	-90.563255	0.000000	0.000000	3.750000	1037.522827	474.056641
571	1230.493042	-164.394028	189.380051	-31.604927	0.000000	0.000000	3.750000	-1313.338623	56.410595
572	704.907837	-284.223511	183.511398	-56.455078	0.000000	0.000000	3.750000	-780.056152	151.749802
573	-272.605438	-394.642578	-97.727325	-165.216034	0.000000	0.000000	3.750000	781.624939	515.952698
574	-930.200684	-649.922241	-159.766968	-102.832458	0.000000	0.000000	3.750000	927.315247	580.394775
575	456.893707	-1127.468872	95.338867	-155.029617	0.000000	0.000000	3.750000	-437.646729	1071.281372
576	77.041809	1260.576416	29.815498	199.787354	0.000000	0.000000	3.750000	-190.443268	-1175.898804
577	896.451294	1131.467896	117.618942	149.216141	0.000000	0.000000	3.750000	-658.361816	-1146.410278
578	1067.341431	964.361328	134.630081	128.338135	0.000000	0.000000	3.750000	-948.444946	-1050.184326
579	819.630310	847.847717	140.532928	153.343048	0.000000	0.000000	3.750000	-707.597229	-971.083618
580	679.095886	-978.114502	122.410202	-142.684067	0.000000	0.000000	3.750000	-586.107544	1079.467407
581	573.341492	-781.203735	118.132523	-141.064819	0.000000	0.000000	3.750000	-445.017181	922.489868
582	-717.681519	-1079.972290	-113.048637	-172.208984	0.000000	0.000000	3.750000	563.932434	977.432495
583	960.858337	-137.722443	205.746887	-30.504234	0.000000	0.000000	3.750000	-842.034973	-30.806543
584	-15.982680	350.733643	79.012672	179.349167	0.000000	0.000000	3.750000	-45.311283	-295.043243
585	-959.099365	699.583862	-141.805756	100.832176	0.000000	0.000000	3.750000	1173.114502	-818.293823
586	1118.970215	-1191.252075	151.675156	-148.116852	0.000000	0.000000	3.750000	-1038.924316	1101.502930
587	-681.351196	651.924072	-137.358459	125.412773	0.000000	0.000000	3.750000	394.981812	-301.683594
588	-231.199280	426.244080	-56.742889	189.639404	0.000000	0.000000	3.750000	392.775513	-323.946808
589	-1161.400879	333.709656	-196.720032	73.492065	0.000000	0.000000	3.750000	1037.555908	-434.025452
590	1204.780884	1110.755737	160.539703	141.502304	0.000000	0.000000	3.750000	-749.918213	-731.894470
591	577.666382	52.705322	200.945908	20.488747	0.000000	0.000000	3.750000	-592.691162	-213.944443
592	845.702087	353.696472	184.035507	61.374596	0.000000	0.000000	3.750000	-954.484070	-352.097290
593	-27.214928	920.997070	8.007454	203.838959	0.000000	0.000000	3.750000	-203.578613	-1085.411011
594	90.791992	-682.029907	53.770325	-205.052963	0.000000	0.000000	3.750000	5.324373	679.525818
595	244.887360	-481.878906	144.497833	-160.549408	0.000000	0.000000	3.750000	-266.282501	297.371613
596	-289.801941	-420.056152	-94.173431	-167.300705	0.000000	0.000000	3.750000	297.528015	307.001190
597	94.906906	662.901245	52.214302	199.271423	0.000000	0.000000	3.750000	-181.311707	-566.932617
598	98.000069	-502.064667	40.212273	-199.768158	0.000000	0.000000	3.750000	143.837646	174.455124
599	-913.641235	-931.941223	-118.226021	-146.171967	0.000000	0.000000	3.750000	632.274475	1044.326050
600	1216.821045	-593.530151	167.979126	-97.049454	0.000000	0.000000	3.750000	-1287.008423	524.631348
601	944.552246	1205.031372	135.949310	160.054626	0.000000	0.000000	3.750000	-831.609009	-1259.869385
602	-683.380859	-1146.890503	-103.520294	-175.782562	0.000000	0.000000	3.750000	559.228271	1054.818115
603	370.973511	675.504517	132.131104	150.134766	0.000000	0.000000	3.750000	-577.197388	-864.554443
604	729.432617	950.958557	125.344223	160.947113	0.000000	0.000000	3.750000	-600.589722	-1100.237793
605	-449.023621	567.408936	-100.514587	151.718994	0.000000	0.000000	3.750000	564.729553	-513.226074
606	665.090576	-1258.796997	105.140785	-186.386673	0.000000	0.000000	3.750000	-382.301941	1215.812622
607	-687.678101	146.722290	-208.564316	56.179550	0.000000	0.000000	3.750000	802.744263	-128.900269
608	331.425049	747.538025	109.632050	157.622223	0.000000	0.000000	3.750000	-555.183777	-860.795471
609	-368.647186	-868.420776	-86.323929	-167.008911	0.000000	0.000000	3.750000	525.939270	880.153625
610	-1103.382568	1206.540283	-139.287018	151.773254	0.000000	0.000000	3.750000	971.453064	-1090.656250
611	443.822327	92.963722	205.987030	1.501787	0.000000	0.000000	3.750000	-329.608978	-73.528694
612	-403.429688	-1047.923828	-70.482758	-174.287231	0.000000	0.000000	3.750000	546.063965	1192.605469
613	-740.359009	1122.064697	-119.175552	158.117401	0.000000	0.000000	3.750000	764.987183	-1146.735596
614	193.008316	-518.488281	48.500862	-204.282715	0.000000	0.000000	3.750000	69.434105	596.097107
615	1103.514282	148.064072	177.946960	4.340063	0.000000	0.000000	3.750000	-1211.139160	5.478235
616	275.710632	963.579224	44.330948	188.865997	0.000000	0.000000	3.750000	-296.946838	-941.213867
617	-189.328583	1140.934937	-26.529261	202.266373	0.000000	0.000000	3.750000	232.460754	-1020.740601
618	1124.520630	-819.996399	150.332138	-116.190483	0.000000	0.000000	3.750000	-1049.162720	744.259766
619	211.624939	651.806519	59.597130	193.007874	0.000000	0.000000	3.750000	-273.666962	-817.311768
620	1221.817139	971.094238	152.670044	129.196976	0.000000	0.000000	3.750000	-1147.600220	-936.588867
621	-132.433014	818.393982	-52.145920	221.946106	0.000000	0.000000	3.750000	399.807190	-757.869324
622	1117.686523	451.263916	171.288376	67.203262	0.000000	0.000000	3.750000	-1216.756714	-441.133514
623	-484.446045	530.622192	-139.379944	123.161125	0.000000	0.000000	3.750000	632.805725	-421.116791
624	-93.461266	565.315186	-59.451878	184.596802	0.000000	0.000000	3.750000	479.791718	-392.028229
625	1058.257690	119.062912	201.916580	5.802875	0.000000	0.000000	3.750000	-1216.419922	-18.559090
626	157.628418	174.469589	195.658691	11.347793	0.000000	0.000000	3.750000	-411.150146	-100.131569
627	-1165.919189	-1112.627563	-142.712769	-142.958282	0.000000	0.000000	3.750000	1139.876587	1134.151733
628	558.743103	-825.593933	90.945137	-162.233459	0.000000	0.000000	3.750000	-109.754074	870.305481
629	1049.968506	-936.820312	159.378815	-117.482841	0.000000	0.000000	3.750000	-922.381348	554.808655
630	3.240656	1063.531738	37.587830	196.435806	0.000000	0.000000	3.750000	-167.994324	-1312.737061
631	323.702179	-1022.447876	102.212112	-169.573105	0.000000	0.000000	3.750000	-337.830688	1058.734009
632	580.399292	-990.135254	106.649399	-166.818039	0.000000	0.000000	3.750000	-316.016968	895.245972
633	1283.880249	478.604248	180.473785	59.407177	0.000000	0.000000	3.750000	-1321.078613	-419.520905
634	-534.028870	106.109215	-176.865189	63.739174	0.000000	0.000000	3.750000	808.844238	-281.801453
635	-338.563293	-594.176514	-110.821678	-171.269806	0.000000	0.000000	3.750000	481.798950	580.273682
636	-285.613281	987.830750	-11.065197	209.706726	0.000000	0.000000	3.750000	133.078110	-969.265442
637	-1214.419067	-62.722569	-195.692383	-10.974928	0.000000	0.000000	3.750000	1372.596191	20.560678
638	-91.875458	-420.612610	24.207836	-182.325226	0.000000	0.000000	3.750000	162.389587	398.861572
639	-926.222473	1192.458008	-119.119797	158.159515	0.000000	0.000000	3.750000	725.843201	-1110.057861
640	-1094.722412	-1121.128174	-141.305191	-138.696899	0.000000	0.000000	3.750000	1036.709839	936.462952
641	-405.244415	617.838867	-17.487358	191.201950	0.000000	0.000000	3.750000	39.671875	-317.332581
642	112.714188	100.848869	182.201599	-33.936005	0.000000	0.000000	3.750000	-33.889641	77.434464
643	612.222046	-798.754150	102.901978	-150.106140	0.000000	0.000000	3.750000	-225.726944	748.494385
644	688.901550	280.470917	176.107086	86.029144	0.000000	0.000000	3.750000	-601.959656	-401.658722
645	-415.820129	-498.189575	-68.165161	-181.627533	0.000000	0.000000	3.750000	341.775360	706.618164
646	-447.350494	-897.373474	-15.667391	-189.352539	0.000000	0.000000	3.750000	188.058609	1292.824463
647	-101.139938	-950.050659	-42.085579	-193.474930	0.000000	0.000000	3.750000	293.709930	1003.879639
648	-685.575928	-138.807297	-186.445618	-66.646667	0.000000	0.000000	3.750000	616.949280	252.740356
649	893.659424	538.168823	192.313705	68.054413	0.000000	0.000000	3.750000	-1042.420166	-403.454315
650	1265.442261	-741.720947	172.567291	-92.929985	0.000000	0.000000	3.750000	-1283.294678	453.020813
651	1194.584473	79.457397	193.757095	-9.704663	0.000000	0.000000	3.750000	-1203.487061	70.605347
652	-1017.889404	1156.466919	-127.128098	143.883270	0.000000	0.000000	3.750000	925.432495	-1175.270508
653	1229.398193	289.600830	188.864120	34.556717	0.000000	0.000000	3.750000	-1212.752563	-322.262482
654	-526.224426	-1070.018921	-62.792213	-187.776932	0.000000	0.000000	3.750000	170.231781	1144.825806
655	-50.109680	-192.477600	96.200584	-182.151581	0.000000	0.000000	3.750000	-6.045135	154.611313
656	-882.917053	-1001.196106	-113.892578	-149.572174	0.000000	0.000000	3.750000	736.329468	1481.965820
657	-1337.854614	472.801208	-193.374054	91.662277	0.000000	0.000000	3.750000	1176.351685	-401.146576
658	157.924652	976.199951	23.073711	204.700317	0.000000	0.000000	3.750000	-198.734299	-811.314270
659	972.482788	-565.075806	164.264160	-103.214401	0.000000	0.000000	3.750000	-1092.783203	753.691895
660	-663.810303	-493.506226	-113.402046	-164.736298	0.000000	0.000000	3.750000	474.321533	496.092499
661	166.998947	1168.763550	13.317427	211.580444	0.000000	0.000000	3.750000	-131.598877	-1134.777588
662	-83.884857	1274.726685	-14.161453	187.465820	0.000000	0.000000	3.750000	128.417175	-1297.966797
663	-1306.896362	601.664551	-171.617767	98.739029	0.000000	0.000000	3.750000	536.311829	-273.641357
664	-514.393799	1070.212280	-61.227089	200.872040	0.000000	0.000000	3.750000	248.113815	-731.333984
665	-381.697693	-387.453094	-126.385757	-139.170105	0.000000	0.000000	3.750000	523.747986	404.292480
666	-1023.523682	-669.550903	-189.902832	-84.857132	0.000000	0.000000	3.750000	1080.556396	409.512909
667	817.560730	-960.589966	142.905151	-128.225632	0.000000	0.000000	3.750000	-745.199524	829.753967
668	-600.587097	964.628052	-96.244225	170.742126	0.000000	0.000000	3.750000	501.052856	-761.619385
669	437.373901	691.468750	160.165527	116.403839	0.000000	0.000000	3.750000	-668.063110	-680.626953
670	1210.393555	-410.428894	179.191162	-79.405518	0.000000	0.000000	3.750000	-1176.122681	230.237289
671	-1199.302734	-1000.735474	-136.862427	-151.276764	0.000000	0.000000	3.750000	1011.083435	1195.061890
672	-412.492401	-991.611389	-77.750259	-168.969818	0.000000	0.000000	3.750000	614.498230	1143.115234
673	493.300018	878.144897	95.574478	150.164154	0.000000	0.000000	3.750000	-528.970215	-1081.597412
674	1175.341919	255.692352	181.494370	62.639923	0.000000	0.000000	3.750000	-1264.462769	-491.938873
675	-1165.749512	-287.588501	-197.615219	-76.759583	0.000000	0.000000	3.750000	1162.221802	363.439117
676	1196.159424	482.553406	188.096283	55.096451	0.000000	0.000000	3.750000	-1337.878540	-270.904907
677	-820.772827	-76.316940	-203.908905	-29.260609	0.000000	0.000000	3.750000	674.308716	173.067535
678	265.117554	-792.628174	74.604980	-191.998444	0.000000	0.000000	3.750000	-29.360096	868.917969
679	-626.865356	1170.537964	-89.792145	160.601624	0.000000	0.000000	3.750000	457.626862	-1299.243530
680	-1180.706055	337.151672	-186.212112	61.160950	0.000000	0.000000	3.750000	2046.132446	-431.925140
681	-216.102280	-663.512146	-95.654083	-159.518433	0.000000	0.000000	3.750000	414.923340	607.895996
682	932.730469	-680.432190	153.996124	-97.000481	0.000000	0.000000	3.750000	-1214.755859	654.921143
683	-191.891922	-565.036743	-42.189663	-179.091217	0.000000	0.000000	3.750000	289.153839	664.197754
684	-1275.575317	-662.169678	-166.360168	-99.800400	0.000000	0.000000	3.750000	1240.805298	594.157471
685	1032.340576	1142.884521	152.587433	141.354309	0.000000	0.000000	3.750000	-1115.549927	-1128.189453
686	30.297337	-1038.638794	12.017265	-179.597534	0.000000	0.000000	3.750000	72.763573	1119.421997
687	1075.977783	788.060364	135.839020	108.737068	0.000000	0.000000	3.750000	-907.861328	-704.563171
688	-639.852295	813.722900	-148.898682	127.456512	0.000000	0.000000	3.750000	672.417725	-541.874268
689	599.127991	-914.941833	140.059631	-156.468292	0.000000	0.000000	3.750000	-558.222778	881.878540
690	-242.526215	1174.552734	-52.981071	186.621231	0.000000	0.000000	3.750000	151.044449	-632.222290
691	124.417130	-437.956604	80.282455	-169.994736	0.000000	0.000000	3.750000	-145.919952	336.667419
692	120.696747	867.632568	29.871920	197.751953	0.000000	0.000000	3.750000	-265.531921	-787.103882
693	654.773315	-899.772827	129.794769	-138.756012	0.000000	0.000000	3.750000	-621.069397	779.181030
694	-1196.458130	-908.943909	-141.326721	-126.990784	0.000000	0.000000	3.750000	1170.447510	878.938354
695	-1130.060791	-801.626221	-147.776459	-131.779602	0.000000	0.000000	3.750000	760.529053	745.142639
696	394.635529	-142.444809	197.047791	-19.394978	0.000000	0.000000	3.750000	-673.157166	69.432137
697	-233.367661	410.378418	-94.069092	169.591599	0.000000	0.000000	3.750000	577.519897	-284.454071
698	532.080017	1057.112671	91.316437	175.684875	0.000000	0.000000	3.750000	-506.661987	-1151.206299
699	957.955872	640.758484	175.439697	96.024628	0.000000	0.000000	3.750000	-1034.273438	-660.513245
700	-1191.767944	960.102417	-149.845840	138.427368	0.000000	0.000000	3.750000	994.226135	-1048.123413
701	155.702423	383.535614	152.897675	125.790070	0.000000	0.000000	3.750000	-383.737030	-496.310486
702	1190.964233	307.061310	187.221771	57.999107	0.000000	0.000000	3.750000	-1304.880249	-501.852753
703	-68.280899	-918.690308	3.744388	-181.959610	0.000000	0.000000	3.750000	118.931046	1021.377563
704	-501.895569	-707.883850	-101.732826	-158.090607	0.000000	0.000000	3.750000	688.753113	712.788574
705	-468.338501	690.874451	-92.315094	172.891327	0.000000	0.000000	3.750000	589.492249	-658.351929
706	-915.845581	1178.697876	-125.663734	163.231567	0.000000	0.000000	3.750000	665.841553	-989.663757
707	-1078.250122	618.850891	-182.011688	100.676407	0.000000	0.000000	3.750000	1113.063477	-648.789062
708	561.598022	1276.656860	77.838791	186.399506	0.000000	0.000000	3.750000	-402.988190	-1380.837769
709	1013.057861	645.266357	169.712341	105.818993	0.000000	0.000000	3.750000	-913.180176	-626.491943
710	-1156.942139	1059.191284	-138.992279	138.192383	0.000000	0.000000	3.750000	1021.529541	-973.020935
711	914.016602	557.772095	154.812653	87.845749	0.000000	0.000000	3.750000	-665.212097	-349.672577
712	-212.005585	-668.848877	-54.795120	-192.325333	0.000000	0.000000	3.750000	404.763428	625.186035
713	-249.726456	-1067.446777	-79.745529	-185.590637	0.000000	0.000000	3.750000	465.169647	767.151672
714	-682.230225	-784.488403	-144.252823	-110.973000	0.000000	0.000000	3.750000	803.358398	553.378052
715	984.688843	-604.448486	181.040466	-106.414398	0.000000	0.000000	3.750000	-949.284058	436.923187
716	-971.854980	98.224403	-175.657730	10.970337	0.000000	0.000000	3.750000	997.461853	-28.179335
717	905.023010	-1197.830322	143.542664	-153.282303	0.000000	0.000000	3.750000	-477.763062	543.347290
718	-1158.738281	-238.737244	-180.749146	-43.858002	0.000000	0.000000	3.750000	704.397705	62.187767
719	-808.362915	104.113655	-199.674194	11.403997	0.000000	0.000000	3.750000	788.180359	-91.410759
720	401.871216	375.356689	175.453461	100.096481	0.000000	0.000000	3.750000	-361.154114	-291.681061
721	-641.097534	1068.781982	-115.426697	173.033066	0.000000	0.000000	3.750000	550.207336	-998.716919
722	97.968353	-398.623413	54.616402	-196.484314	0.000000	0.000000	3.750000	151.663757	417.086914
723	153.025192	-668.224487	45.786854	-188.514450	0.000000	0.000000	3.750000	-26.222097	421.233826
724	-637.895874	-227.800613	-179.650360	-100.802490	0.000000	0.000000	3.750000	596.864685	269.729034
725	1116.074585	-368.296173	198.765930	-54.109695	0.000000	0.000000	3.750000	-1319.617065	239.147171
726	-277.035828	1022.764648	-70.333748	189.359451	0.000000	0.000000	3.750000	440.829987	-1023.038208
727	-1083.294067	901.685486	-160.059479	129.680099	0.000000	0.000000	3.750000	974.062683	-864.501770
728	-1071.971436	-184.719070	-203.687286	-30.774864	0.000000	0.000000	3.750000	1214.441284	83.811913
729	1258.126465	-315.104858	191.378265	-70.637978	0.000000	0.000000	3.750000	-1414.266235	296.541687
730	479.502960	941.472656	101.334579	172.427643	0.000000	0.000000	3.750000	-595.757935	-1044.398804
731	358.128998	1075.293213	59.720303	195.062531	0.000000	0.000000	3.750000	-258.654144	-766.351990
732	-532.328064	111.078476	-187.756317	8.410191	0.000000	0.000000	3.750000	321.275238	65.637283
733	960.795349	103.604454	199.619324	12.327290	0.000000	0.000000	3.750000	-1110.769287	-145.586380
734	943.657166	-864.560425	142.815643	-122.260506	0.000000	0.000000	3.750000	-860.562195	809.109863
735	-1284.847900	363.874237	-188.596085	45.464226	0.000000	0.000000	3.750000	1271.441040	-107.490013
736	811.203003	-568.656311	150.925110	-125.047440	0.000000	0.000000	3.750000	-563.196045	628.657043
737	-243.057938	-692.942749	-25.759693	-202.366882	0.000000	0.000000	3.750000	175.420639	1038.233276
738	344.272583	-1218.251221	72.119064	-186.541672	0.000000	0.000000	3.750000	-245.571777	1372.058960
739	-108.932884	-1277.674561	4.961042	-209.939423	0.000000	0.000000	3.750000	192.670135	1438.919312
740	-3.980541	-88.081055	-137.277588	-116.403015	0.000000	0.000000	3.750000	278.320038	175.774094
741	-306.962555	1089.263550	-57.188705	197.901962	0.000000	0.000000	3.750000	386.400726	-1067.641846
742	-520.567871	-108.718864	-197.992828	-1.685753	0.000000	0.000000	3.750000	790.581360	8.848589
743	592.573242	-328.640350	202.919647	-103.953873	0.000000	0.000000	3.750000	-533.081116	361.607239
744	1367.409790	490.161926	206.143509	64.503189	0.000000	0.000000	3.750000	-1091.647583	-438.825836
745	560.849182	466.941132	170.773773	104.091103	0.000000	0.000000	3.750000	-645.981201	-577.621765
746	-78.654121	-504.912781	-23.682081	-186.487457	0.000000	0.000000	3.750000	255.643005	591.034424
747	-232.549332	1166.089600	-12.167397	221.665039	0.000000	0.000000	3.750000	114.366508	-1192.892944
748	947.661560	-247.280991	200.014862	-63.980858	0.000000	0.000000	3.750000	-937.635010	180.620529
749	-402.143036	775.922302	-79.741577	172.452744	0.000000	0.000000	3.750000	490.881958	-685.805847
750	-101.639038	-224.615997	44.933598	-196.660889	0.000000	0.000000	3.750000	231.928741	236.529846
751	-375.365906	-653.495483	-85.049637	-174.362457	0.000000	0.000000	3.750000	442.584381	803.146118
752	501.326996	1001.105896	93.426231	160.833801	0.000000	0.000000	3.750000	-504.807007	-961.077393
753	242.195633	-331.368958	88.048256	-181.797302	0.000000	0.000000	3.750000	-64.194115	343.789886
754	957.150818	-1256.932861	151.471207	-165.018890	0.000000	0.000000	3.750000	-643.713989	967.199524
755	-426.783234	-284.697021	-90.073608	-155.827789	0.000000	0.000000	3.750000	426.760590	421.822906
756	256.679871	1163.207520	20.814529	221.000610	0.000000	0.000000	3.750000	-119.662437	-518.010498
757	-962.051025	857.338989	-138.529022	138.655029	0.000000	0.000000	3.750000	624.273804	-818.806274
758	-580.736328	988.425415	-85.372742	167.497620	0.000000	0.000000	3.750000	455.569855	-1014.319214
759	-940.498840	-684.224609	-147.479309	-129.095764	0.000000	0.000000	3.750000	824.653748	794.898987
760	-212.228226	1294.265869	-5.404586	197.926239	0.000000	0.000000	3.750000	38.455753	-1419.461670
761	846.505737	1225.304810	128.287079	148.183517	0.000000	0.000000	3.750000	-812.552246	-1088.477661
762	-527.519226	-424.071014	-167.248749	-98.304138	0.000000	0.000000	3.750000	673.120056	359.127930
763	711.895996	-904.200195	139.602112	-145.997345	0.000000	0.000000	3.750000	-905.322876	1031.782715
764	672.895874	-1000.397583	131.665039	-147.876419	0.000000	0.000000	3.750000	-613.578735	986.108826
765	1167.920532	-604.172607	177.275406	-78.788879	0.000000	0.000000	3.750000	-1279.871948	213.378586
766	284.344147	-633.364380	100.711731	-163.445129	0.000000	0.000000	3.750000	-133.312714	597.085083
767	-86.391861	-549.396973	73.080727	-190.458191	0.000000	0.000000	3.750000	-158.096375	664.091064
768	-834.208496	-1054.752686	-124.501236	-153.956451	0.000000	0.000000	3.750000	412.841278	578.002991
769	305.880005	-1055.415771	85.963882	-169.436356	0.000000	0.000000	3.750000	-246.400574	1083.411987
770	-766.717407	-1038.529297	-129.673462	-154.879639	0.000000	0.000000	3.750000	506.412231	531.756042
771	-258.112946	618.173828	-47.419556	198.405609	0.000000	0.000000	3.750000	206.840118	-444.807922
772	1023.069824	333.286957	175.873535	54.078461	0.000000	0.000000	3.750000	-1141.044189	-361.602173
773	112.020859	-757.129456	20.993076	-190.842987	0.000000	0.000000	3.750000	63.493904	805.194519
774	-104.776672	814.665710	-10.926732	209.712952	0.000000	0.000000	3.750000	187.496689	-888.030273
775	45.060165	1345.927856	13.818953	193.507187	0.000000	0.000000	3.750000	-84.000221	-1503.355347
776	708.961609	-115.338814	183.629700	-48.780346	0.000000	0.000000	3.750000	-266.645599	73.922729
777	961.700745	-1154.393066	138.009338	-144.751892	0.000000	0.000000	3.750000	-881.994995	1213.421265
778	721.646973	839.163574	148.326508	118.739899	0.000000	0.000000	3.750000	-1030.084961	-935.698669
779	-879.439636	393.770996	-195.961060	69.736816	0.000000	0.000000	3.750000	1152.108521	-365.732452
780	1098.218750	-947.927185	164.554108	-127.223770	0.000000	0.000000	3.750000	-1058.927734	721.956909
781	1040.025635	215.598816	203.332932	33.038826	0.000000	0.000000	3.750000	-1129.783936	-265.988495
782	-322.911957	70.402847	-144.532318	-132.208374	0.000000	0.000000	3.750000	290.689514	94.936142
783	1089.834106	524.967896	180.965057	80.347046	0.000000	0.000000	3.750000	-1109.657837	-498.176941
784	211.009552	192.190567	140.284515	131.049713	0.000000	0.000000	3.750000	-174.820755	-300.726013
785	722.390015	820.156067	122.883896	136.948120	0.000000	0.000000	3.750000	-562.511108	-914.490356
786	700.158081	-777.467346	119.053368	-158.199615	0.000000	0.000000	3.750000	-386.817627	974.185120
787	-222.233078	452.383179	10.231156	187.721298	0.000000	0.000000	3.750000	18.973354	-487.218414
788	705.316528	-1153.516357	119.333725	-157.996643	0.000000	0.000000	3.750000	-647.831787	1247.392700
789	1097.803833	-473.037292	186.476196	-66.557640	0.000000	0.000000	3.750000	-1285.372803	247.680359
790	547.684692	61.667770	181.352539	-15.317155	0.000000	0.000000	3.750000	-777.743103	-34.266266
791	-563.326660	-14.141687	-195.493866	13.954833	0.000000	0.000000	3.750000	577.845154	62.586643
792	1191.446289	-606.838135	175.177582	-96.425308	0.000000	0.000000	3.750000	-347.808716	136.886566
793	135.236633	657.182190	40.991531	191.661804	0.000000	0.000000	3.750000	-260.091248	-703.117065
794	-1421.282959	548.173767	-176.803009	93.488235	0.000000	0.000000	3.750000	1356.623657	-440.213257
795	-429.497040	1274.258667	-54.922295	181.888275	0.000000	0.000000	3.750000	279.123260	-1410.557129
796	1054.638794	-652.224731	162.542328	-98.386917	0.000000	0.000000	3.750000	-1081.087769	612.034485
797	157.116150	-493.699310	72.001442	-197.235123	0.000000	0.000000	3.750000	0.673842	458.172638
798	498.183716	-109.843262	178.712799	-51.547180	0.000000	0.000000	3.750000	-705.180237	132.284256
799	-1198.303223	-465.952271	-180.828186	-64.537834	0.000000	0.000000	3.750000	1478.799194	459.573212
800	-1174.564453	761.228760	-159.615601	103.066498	0.000000	0.000000	3.750000	1223.180298	-639.895020
801	-1023.678833	671.220459	-167.711792	108.962067	0.000000	0.000000	3.750000	990.631042	-611.123230
802	-1300.249756	342.184387	-192.193481	55.326950	0.000000	0.000000	3.750000	1408.130493	-183.770462
803	-262.834808	1124.389282	-47.608147	198.366882	0.000000	0.000000	3.750000	307.348846	-1123.536377
804	413.088501	-584.102234	138.687225	-126.782112	0.000000	0.000000	3.750000	-104.856255	176.904831
805	-703.280212	-65.846275	-196.618134	-23.351839	0.000000	0.000000	3.750000	561.898682	78.194809
806	1080.305420	77.030762	202.853210	21.600109	0.000000	0.000000	3.750000	-921.005920	-114.181183
807	1289.126709	578.339478	182.948532	90.251328	0.000000	0.000000	3.750000	-1432.783569	-510.861389
808	887.514160	-22.362434	202.752640	22.524693	0.000000	0.000000	3.750000	-868.352539	-108.606590
809	29.621361	991.009705	-9.727539	203.765137	0.000000	0.000000	3.750000	161.386414	-827.291687
810	-520.652161	942.917725	-100.224899	159.056473	0.000000	0.000000	3.750000	562.091064	-863.759094
811	714.306396	-951.603394	132.561798	-138.891876	0.000000	0.000000	3.750000	-660.314453	891.094910
812	-1135.233765	-441.362274	-189.610931	-69.650436	0.000000	0.000000	3.750000	1225.598389	296.455811
813	144.909134	903.341736	32.661293	181.077972	0.000000	0.000000	3.750000	-239.608185	-1172.934448
814	731.507935	174.569275	160.639435	61.454880	0.000000	0.000000	3.750000	-530.686646	-356.087677
815	-905.407104	915.089233	-152.214432	141.754166	0.000000	0.000000	3.750000	636.492249	-644.892456
816	-120.359116	-786.513733	-77.084656	-175.837738	0.000000	0.000000	3.750000	411.933960	575.026672
817	166.608475	-202.598328	100.944771	-146.458405	0.000000	0.000000	3.750000	43.912819	235.402924
818	999.447449	1052.215332	134.514130	139.792114	0.000000	0.000000	3.750000	-871.502441	-1077.472778
819	-511.161163	409.976776	-167.882538	104.973557	0.000000	0.000000	3.750000	649.452820	-368.301819
820	-614.059143	83.595291	-177.562424	29.416668	0.000000	0.000000	3.750000	261.045685	-6.540561
821	-947.521912	-971.004150	-142.406616	-125.778587	0.000000	0.000000	3.750000	1082.567749	819.858704
822	-1002.679749	-1186.977417	-140.613693	-142.223785	0.000000	0.000000	3.750000	1038.067139	871.005432
823	938.787170	981.093140	143.527084	142.140594	0.000000	0.000000	3.750000	-883.110901	-946.094849
824	309.529968	-637.346436	111.841827	-177.694275	0.000000	0.000000	3.750000	-71.502144	532.578064
825	520.961975	1096.115112	84.579315	176.810532	0.000000	0.000000	3.750000	-428.769745	-1189.035645
826	-881.898193	-99.993553	-195.817688	-8.451235	0.000000	0.000000	3.750000	928.289185	31.305346
827	-1220.688965	-692.536743	-189.587280	-90.313416	0.000000	0.000000	3.750000	1274.367920	505.284973
828	767.693665	623.233154	181.362946	68.868652	0.000000	0.000000	3.750000	-1151.027832	-596.993164
829	-1140.207520	447.703888	-194.005371	63.061653	0.000000	0.000000	3.750000	408.265930	-83.782249
830	-854.028992	-509.477966	-148.447601	-112.068268	0.000000	0.000000	3.750000	717.703247	576.031128
831	-116.936600	536.637390	-96.547714	175.099884	0.000000	0.000000	3.750000	547.284302	-386.998199
832	283.032562	1206.335083	38.323639	182.008987	0.000000	0.000000	3.750000	-304.930939	-1314.565430
833	-1342.095215	144.309692	-197.241714	17.300388	0.000000	0.000000	3.750000	1381.455200	28.327032
834	1100.587769	-188.028503	197.232208	-43.593082	0.000000	0.000000	3.750000	-646.192932	14.198444
835	-1030.203125	-550.404175	-135.995422	-105.303375	0.000000	0.000000	3.750000	479.725006	346.139679
836	1022.210876	-705.145081	172.777588	-104.650162	0.000000	0.000000	3.750000	-1157.617432	537.011047
837	-403.085846	-1256.722778	-55.015564	-192.283615	0.000000	0.000000	3.750000	255.737595	1486.386475
838	-711.667480	-792.682434	-116.911453	-157.314026	0.000000	0.000000	3.750000	624.652344	870.967773
839	786.513000	931.702942	130.332916	138.249634	0.000000	0.000000	3.750000	-802.288635	-1162.875488
840	341.540405	84.553947	159.621140	113.679749	0.000000	0.000000	3.750000	-244.500122	-342.077087
841	717.301575	841.422485	141.702194	143.957977	0.000000	0.000000	3.750000	-657.414612	-868.259094
842	-1167.852173	894.470703	-163.931274	121.418808	0.000000	0.000000	3.750000	1283.175537	-910.723877
843	-1152.742188	828.836548	-141.275803	124.036880	0.000000	0.000000	3.750000	1069.280518	-959.450439
844	-232.783295	-784.253174	-23.300133	-200.648834	0.000000	0.000000	3.750000	256.055939	914.123291
845	126.551384	628.691284	-0.346680	199.997437	0.000000	0.000000	3.750000	-32.428040	-465.841522
846	-48.788662	1176.260620	-3.422798	187.968750	0.000000	0.000000	3.750000	-19.895252	-1226.370728
847	-468.515015	-1283.616211	-73.876106	-194.438431	0.000000	0.000000	3.750000	277.372528	906.397949
848	1173.660522	-125.433426	193.044250	-33.900860	0.000000	0.000000	3.750000	-1059.006592	41.865524
849	160.000488	830.868225	73.782761	179.419983	0.000000	0.000000	3.750000	-525.113708	-934.012329
850	1055.255615	788.379333	155.692322	131.817108	0.000000	0.000000	3.750000	-875.646301	-835.350769
851	-1156.356445	713.659912	-168.242645	100.545074	0.000000	0.000000	3.750000	509.342285	-290.307037
852	-1379.456787	-302.133270	-201.895599	-40.914738	0.000000	0.000000	3.750000	1492.288086	196.533539
853	576.896973	-447.870789	163.063538	-112.313164	0.000000	0.000000	3.750000	-646.502808	479.411957
854	92.034988	464.812347	125.594406	147.857269	0.000000	0.000000	3.750000	-302.818359	-447.507294
855	-948.227051	-862.260254	-144.339798	-141.315338	0.000000	0.000000	3.750000	811.651123	799.491882
856	-831.150513	1197.510254	-105.472290	169.926697	0.000000	0.000000	3.750000	557.686829	-1357.695801
857	1049.483032	-475.434418	157.805817	-82.344826	0.000000	0.000000	3.750000	-1275.272217	380.139648
858	570.230896	-1175.484619	110.434387	-159.498764	0.000000	0.000000	3.750000	-598.260498	1200.052124
859	-1050.916992	-588.456787	-165.361771	-97.567101	0.000000	0.000000	3.750000	989.415161	682.035217
860	-871.768372	214.890503	-174.602173	84.558105	0.000000	0.000000	3.750000	808.730652	-404.279388
861	1137.060059	661.606995	170.534454	83.771194	0.000000	0.000000	3.750000	-916.330933	-345.623260
862	-83.651161	-418.383759	41.593658	-175.100372	0.000000	0.000000	3.750000	103.736732	639.070190
863	772.654236	-130.961990	182.687241	-34.942871	0.000000	0.000000	3.750000	-895.424011	72.490242
864	589.760376	-142.513779	191.101227	-33.389473	0.000000	0.000000	3.750000	-697.304199	-3.111174
865	-600.056519	301.415710	-178.340302	59.486992	0.000000	0.000000	3.750000	710.377991	-204.278671
866	-755.657593	-665.942139	-144.410431	-114.015610	0.000000	0.000000	3.750000	394.909210	388.799042
867	-386.858917	-649.291748	-89.789635	-153.693878	0.000000	0.000000	3.750000	453.709625	712.448975
868	143.964676	-1066.745728	88.675560	-174.771286	0.000000	0.000000	3.750000	-88.402542	527.800720
869	319.614899	-543.077759	61.580544	-196.569641	0.000000	0.000000	3.750000	-43.042088	760.985657
870	628.474243	824.978394	145.989044	136.700409	0.000000	0.000000	3.750000	-747.963623	-819.405701
871	159.933441	1314.674194	10.551525	187.703125	0.000000	0.000000	3.750000	31.119925	-1194.921021
872	492.054932	44.366795	179.767822	9.105064	0.000000	0.000000	3.750000	-586.343384	-97.580994
873	-905.062866	34.273544	-197.169464	33.528259	0.000000	0.000000	3.750000	793.290405	-106.377190
874	-170.944351	-336.260956	72.994751	-181.891846	0.000000	0.000000	3.750000	-93.775764	540.073914
875	949.680420	802.872620	143.909943	135.989197	0.000000	0.000000	3.750000	-592.589722	-743.600220
876	1222.205566	827.581482	168.536133	107.682755	0.000000	0.000000	3.750000	-1184.853638	-729.071777
877	134.862122	27.565193	174.315430	114.525009	0.000000	0.000000	3.750000	42.329182	-153.730148
878	-1132.438232	-377.963043	-192.774567	-66.733353	0.000000	0.000000	3.750000	1180.476685	253.005386
879	1015.825623	1011.585632	149.847305	123.214355	0.000000	0.000000	3.750000	-1171.635010	-915.216431
880	863.168884	-815.582947	148.306488	-134.183197	0.000000	0.000000	3.750000	-759.035217	759.130371
881	-350.767639	-1185.760132	-17.704552	-193.190338	0.000000	0.000000	3.750000	180.326706	1405.923096
882	-3.657211	973.988037	3.667491	199.953445	0.000000	0.000000	3.750000	-61.792046	-462.092255
883	-421.526794	-1024.473633	-116.164726	-182.103638	0.000000	0.000000	3.750000	637.423096	1042.174805
884	938.684082	1004.514709	152.947968	125.741486	0.000000	0.000000	3.750000	-993.235291	-838.109436
885	149.128860	611.657166	15.805563	187.331345	0.000000	0.000000	3.750000	-201.594299	-852.066284
886	176.380905	-1129.517944	47.473358	-177.768524	0.000000	0.000000	3.750000	-123.309044	1307.720459
887	574.684875	-465.138336	175.870514	-125.399002	0.000000	0.000000	3.750000	-591.447144	536.524109
888	287.912689	1317.871216	25.936049	202.343597	0.000000	0.000000	3.750000	-36.847721	-1144.976196
889	854.517151	-1022.639709	146.361450	-139.220062	0.000000	0.000000	3.750000	-848.744934	905.657593
890	-735.765381	704.897705	-127.124924	133.022980	0.000000	0.000000	3.750000	604.769775	-548.124146
891	1351.038452	-630.830078	184.130295	-105.068710	0.000000	0.000000	3.750000	-676.827026	262.010559
892	-145.319275	-88.380768	125.360107	-152.441177	0.000000	0.000000	3.750000	77.609428	158.501160
893	893.818542	442.658539	166.136597	96.238319	0.000000	0.000000	3.750000	-749.815063	-583.865540
894	757.408386	809.630432	155.240051	109.546829	0.000000	0.000000	3.750000	-877.633423	-665.858459
895	284.051727	374.849640	44.845737	192.851685	0.000000	0.000000	3.750000	-179.550873	-537.309448
896	894.926697	1157.787109	127.802307	143.284607	0.000000	0.000000	3.750000	-886.265381	-1180.361816
897	466.379761	-94.428452	205.629471	-51.578049	0.000000	0.000000	3.750000	-279.129883	80.876373
898	636.856689	-1126.900146	99.039116	-155.070038	0.000000	0.000000	3.750000	-517.864258	1273.588379
899	236.608734	719.909607	95.644257	168.784164	0.000000	0.000000	3.750000	-494.146057	-794.664673
900	1135.485474	-951.643738	157.042236	-139.418518	0.000000	0.000000	3.750000	-1433.378540	1509.013184
901	-441.873627	-58.090145	-175.342377	55.776680	0.000000	0.000000	3.750000	267.073486	-69.753731
902	-740.599854	-935.561890	-138.531357	-152.463318	0.000000	0.000000	3.750000	851.662109	929.630493
903	996.010193	777.953613	159.257324	114.250015	0.000000	0.000000	3.750000	-896.464966	-692.236206
904	-1054.464355	676.189941	-161.907318	110.462402	0.000000	0.000000	3.750000	1044.727905	-796.954651
905	1097.440674	-127.024612	197.494324	-58.578545	0.000000	0.000000	3.750000	-1091.703491	180.758820
906	-54.199261	969.061401	-0.989445	187.997345	0.000000	0.000000	3.750000	-7.809760	-268.703705
907	100.964981	-1319.628662	58.087807	-193.465759	0.000000	0.000000	3.750000	-185.120178	1482.350220
908	-783.560913	-170.760300	-192.964508	-66.186707	0.000000	0.000000	3.750000	694.464050	245.614655
909	332.566681	-969.338562	80.737991	-171.985001	0.000000	0.000000	3.750000	-167.275238	1134.989014
910	-1099.897217	-739.255188	-159.252960	-127.488586	0.000000	0.000000	3.750000	587.206177	542.052063
911	451.363892	-976.853027	96.782188	-151.765717	0.000000	0.000000	3.750000	-469.114105	1071.786987
912	-813.165466	-183.381592	-205.145889	-18.663948	0.000000	0.000000	3.750000	637.126953	-26.119583
913	158.192978	-1340.525146	18.165445	-199.171997	0.000000	0.000000	3.750000	66.891975	1368.688721
914	-124.391975	-881.170349	-5.633525	-205.918915	0.000000	0.000000	3.750000	192.873825	965.082703
915	844.489624	-369.622223	182.028992	-77.906448	0.000000	0.000000	3.750000	-706.578064	283.422089
916	-600.577087	-628.094299	-102.238770	-160.143738	0.000000	0.000000	3.750000	684.074646	773.411682
917	988.915344	298.380798	208.143463	27.861067	0.000000	0.000000	3.750000	-1235.094971	-220.984940
918	-117.996292	855.041809	-53.824760	190.533066	0.000000	0.000000	3.750000	441.091461	-712.263550
919	-428.563110	181.982819	-188.426697	36.868965	0.000000	0.000000	3.750000	365.169586	-18.839741
920	17.672302	-1047.830811	11.714456	-197.644241	0.000000	0.000000	3.750000	24.672981	278.247864
921	833.739319	-1165.950195	123.864578	-141.426239	0.000000	0.000000	3.750000	-738.021301	1088.349243
922	1116.863159	177.737000	180.415741	23.961143	0.000000	0.000000	3.750000	-1284.694580	-220.079437
923	-1216.587402	-473.185944	-162.498856	-86.313324	0.000000	0.000000	3.750000	1231.947510	530.179626
924	1230.942383	635.127441	191.537567	95.440811	0.000000	0.000000	3.750000	-894.125427	-349.193176
925	-549.136536	-992.489319	-70.900826	-184.870331	0.000000	0.000000	3.750000	376.431061	1046.814453
926	1161.145508	-969.955994	165.124954	-132.957214	0.000000	0.000000	3.750000	-1256.420410	860.041687
927	-758.129883	-911.192444	-118.996353	-140.341904	0.000000	0.000000	3.750000	709.531250	892.297729
928	494.840271	960.041504	63.913094	195.833939	0.000000	0.000000	3.750000	-407.659546	-1000.128174
929	-826.579834	-1047.344604	-110.495026	-166.705841	0.000000	0.000000	3.750000	681.296143	1105.860596
930	944.426331	-1218.723877	136.534943	-143.394501	0.000000	0.000000	3.750000	-2056.469238	2786.043213
931	-190.691299	-564.148926	-35.998421	-186.557434	0.000000	0.000000	3.750000	119.110222	492.530579
932	-873.418701	-371.815643	-171.994247	-109.694061	0.000000	0.000000	3.750000	689.958923	591.883179
933	755.331482	574.670898	164.337570	87.115799	0.000000	0.000000	3.750000	-1073.954956	-565.176270
934	-1100.444580	-769.784729	-157.683594	-126.252579	0.000000	0.000000	3.750000	1042.090698	700.985413
935	-813.717163	308.464294	-166.940353	77.374741	0.000000	0.000000	3.750000	843.618103	-341.693604
936	-409.219147	-1030.468994	-68.654175	-189.972992	0.000000	0.000000	3.750000	250.147919	1093.480347
937	475.265533	-364.991272	126.105820	-119.851608	0.000000	0.000000	3.750000	-124.101929	148.891083
938	606.097778	613.797058	145.462463	131.363434	0.000000	0.000000	3.750000	-137.192886	-157.696152
939	365.912018	552.996521	97.113464	153.923935	0.000000	0.000000	3.750000	-423.481079	-596.128540
940	-130.211090	1354.951050	-23.389931	192.584808	0.000000	0.000000	3.750000	182.855423	-1384.727051
941	1126.815796	-147.431656	193.954224	-48.795433	0.000000	0.000000	3.750000	-956.808105	103.059097
942	-874.084351	-1013.294250	-130.423096	-138.165649	0.000000	0.000000	3.750000	1336.820923	1202.493042
943	137.020676	669.938416	82.974457	161.981323	0.000000	0.000000	3.750000	-224.824524	-643.162903
944	1109.293335	871.353210	146.056259	130.703888	0.000000	0.000000	3.750000	-867.343994	-852.590942
945	589.968506	937.349243	119.499969	142.532013	0.000000	0.000000	3.750000	-610.945740	-952.370361
946	915.863220	-640.478821	156.291687	-114.929893	0.000000	0.000000	3.750000	-827.218323	564.940125
947	-932.757263	-1076.058716	-138.290680	-160.685059	0.000000	0.000000	3.750000	908.368469	1031.045410
948	-91.766884	-1280.330566	41.240585	-193.656647	0.000000	0.000000	3.750000	-135.913315	1401.203613
949	991.841431	679.750916	170.223724	119.526550	0.000000	0.000000	3.750000	-756.327454	-755.622498
950	-682.511963	-1340.477051	-110.480316	-178.588623	0.000000	0.000000	3.750000	655.580200	1336.607910
951	-739.303833	97.027031	-176.929932	84.330566	0.000000	0.000000	3.750000	678.753113	-354.987671
952	-675.520142	1239.983887	-105.056709	158.312607	0.000000	0.000000	3.750000	740.942932	-1446.674927
953	1080.515381	1176.257324	158.621582	143.647339	0.000000	0.000000	3.750000	-937.459961	-1126.133057
954	224.085007	193.354721	190.204926	84.175255	0.000000	0.000000	3.750000	-1018.031250	-576.351685
955	360.877411	-1128.938110	51.655918	-193.207153	0.000000	0.000000	3.750000	103.313202	2869.226807
956	72.407455	-86.963509	145.810745	-108.888550	0.000000	0.000000	3.750000	-181.712708	237.908920
957	81.337402	530.848755	25.981911	182.155746	0.000000	0.000000	3.750000	-111.203056	-613.586487
958	-353.596405	-954.999268	18.144936	-187.120148	0.000000	0.000000	3.750000	60.492191	1097.964355
959	-209.477997	-304.848328	-155.774429	-115.620018	0.000000	0.000000	3.750000	530.871887	274.016205
960	1229.315186	-919.764832	163.393692	-118.769455	0.000000	0.000000	3.750000	-1286.087524	723.548035
961	-635.976990	913.926208	-132.065308	155.482254	0.000000	0.000000	3.750000	1019.047180	-1247.812988
962	-585.480652	-190.513000	-127.103775	-141.219315	0.000000	0.000000	3.750000	432.363586	315.289856
963	960.224731	-1141.059937	120.480499	-146.914612	0.000000	0.000000	3.750000	-745.166321	1394.993164
964	-113.194138	589.198364	-73.287209	192.470200	0.000000	0.000000	3.750000	459.916046	-389.243896
965	465.282013	593.257019	161.339905	100.339890	0.000000	0.000000	3.750000	-564.635864	-515.332764
966	559.762451	-1220.204102	82.505493	-166.695312	0.000000	0.000000	3.750000	-254.722488	1278.357422
967	-936.103149	1063.555664	-118.087708	171.227554	0.000000	0.000000	3.750000	617.627686	-1201.294189
968	-1255.434937	-704.685608	-159.799667	-113.489555	0.000000	0.000000	3.750000	1163.494995	660.236389
969	804.833618	814.891663	178.604462	117.882309	0.000000	0.000000	3.750000	-772.542603	-582.788635
970	368.189178	-117.209610	168.037048	-58.715599	0.000000	0.000000	3.750000	-545.897827	165.920547
971	664.815308	-451.925385	153.947784	-93.268654	0.000000	0.000000	3.750000	-317.047485	160.563370
972	904.788269	-383.883270	180.065445	-77.408844	0.000000	0.000000	3.750000	-1054.576538	326.103088
973	1202.582153	-130.035629	170.834610	-33.036320	0.000000	0.000000	3.750000	-1348.556030	143.266785
974	-36.934059	-398.858765	-40.249695	-169.225998	0.000000	0.000000	3.750000	283.940643	306.541534
975	625.727600	-82.877487	173.750092	-38.659275	0.000000	0.000000	3.750000	-874.080750	88.406662
976	5.621626	-1207.504761	8.417747	-185.806000	0.000000	0.000000	3.750000	207.769043	1233.305908
977	-589.246338	1179.402100	-102.323441	164.819733	0.000000	0.000000	3.750000	544.718933	-1225.798828
978	-6.859222	-967.657166	-17.253387	-179.169922	0.000000	0.000000	3.750000	231.243256	1056.457031
979	1193.764282	916.913330	149.685516	129.607864	0.000000	0.000000	3.750000	-1100.615723	-927.062866
980	1031.485107	529.647400	168.899414	95.440125	0.000000	0.000000	3.750000	-807.736572	-545.393127
981	-264.228607	199.128098	101.657539	157.563538	0.000000	0.000000	3.750000	67.739662	-218.460129
982	743.513611	700.059021	122.474289	131.906952	0.000000	0.000000	3.750000	-548.304443	-790.614319
983	-97.040207	760.113831	-35.128838	188.758972	0.000000	0.000000	3.750000	198.154465	-568.205261
984	1174.637451	-648.498901	168.529114	-100.044098	0.000000	0.000000	3.750000	-299.452332	106.973282
985	-82.582230	422.907227	-40.709190	183.510406	0.000000	0.000000	3.750000	299.021759	-379.385315
986	573.413757	-666.867615	119.223473	-147.936447	0.000000	0.000000	3.750000	-380.214203	635.718323
987	1129.019897	78.220512	173.241028	16.234028	0.000000	0.000000	3.750000	-1165.499756	-108.762550
988	516.583069	1372.610352	56.301617	200.235168	0.000000	0.000000	3.750000	-403.248962	-1415.327148
989	1108.223511	-947.250366	138.154694	-124.536240	0.000000	0.000000	3.750000	-1013.454041	872.020508
990	-829.206299	709.788879	-119.760689	157.673630	0.000000	0.000000	3.750000	661.525940	-704.903931
991	167.214355	964.449463	13.261141	193.543701	0.000000	0.000000	3.750000	-52.481884	-486.603699
992	764.410950	787.157043	167.262161	130.257599	0.000000	0.000000	3.750000	-828.143799	-775.841187
993	419.679871	-522.059998	141.343842	-114.654480	0.000000	0.000000	3.750000	-612.032593	599.922913
994	868.758911	703.097412	170.585510	100.518013	0.000000	0.000000	3.750000	-893.031921	-652.096558
995	-973.270691	501.431244	-153.396454	94.177780	0.000000	0.000000	3.750000	859.488586	-450.356079
996	-609.207703	646.359314	-88.869904	183.603577	0.000000	0.000000	3.750000	533.296692	-509.992554
997	-642.847656	-1005.702393	-114.607384	-161.459015	0.000000	0.000000	3.750000	602.797913	921.749573
998	20.441689	693.830933	-37.350060	200.525940	0.000000	0.000000	3.750000	239.766357	-413.068512
999	1255.472534	-219.198502	190.188324	-55.065063	0.000000	0.000000	3.750000	-1127.227905	218.261627
