node	a_force.x	a_force.y	g_force.x	g_force.y	r_force.x	r_force.y	global_speed	move_node.x	move_node.y
0	1117.710938	63.671871	191.185043	-17.671387	0.000000	0.000000	3.750000	-1203.928223	94.357353
1	391.155090	-395.193787	72.543777	-179.910538	0.000000	0.000000	3.750000	-306.272339	407.873352
2	-35.286793	-1116.971802	-30.557800	-205.742920	0.000000	0.000000	3.750000	109.111069	883.084900
3	66.413200	580.672607	-76.581749	173.882782	0.000000	0.000000	3.750000	242.314117	-487.385437
4	1144.773438	958.257996	150.080078	135.202240	0.000000	0.000000	3.750000	-1128.893677	-793.815735
5	-1324.700195	-293.720703	-188.504990	-83.074753	0.000000	0.000000	3.750000	1221.172974	364.962250
6	-1040.978271	1076.548706	-157.348877	132.955688	0.000000	0.000000	3.750000	955.648376	-709.171814
7	-441.956757	389.604218	-183.531387	79.349518	0.000000	0.000000	3.750000	410.483765	30.206892
8	-373.445312	1117.209961	-79.034058	170.577820	0.000000	0.000000	3.750000	276.958496	-1088.553589
9	110.384201	-1093.631348	-4.901427	-189.936768	0.000000	0.000000	3.750000	19.215424	1257.017700
10	652.860718	-369.787720	142.318512	-131.828964	0.000000	0.000000	3.750000	-582.153809	898.901428
11	1209.023193	-38.977707	192.399506	-24.867256	0.000000	0.000000	3.750000	-1015.252625	174.864075
12	-1105.859619	-329.241882	-186.485794	-87.508209	0.000000	0.000000	3.750000	1313.694458	355.847595
13	99.174408	-258.456360	-18.586945	-195.073212	0.000000	0.000000	3.750000	34.453701	160.854874
14	-886.564148	-891.568481	-133.854477	-143.174103	0.000000	0.000000	3.750000	973.591980	879.318176
15	186.030304	-1226.955811	-4.924132	-195.938095	0.000000	0.000000	3.750000	11.743977	1397.001465
16	419.566101	-1180.018677	39.665558	-218.427551	0.000000	0.000000	3.750000	-269.714569	1238.036133
17	-300.768982	-1169.681396	-66.196793	-178.093201	0.000000	0.000000	3.750000	209.412918	1340.185791
18	-869.745850	734.511902	-173.095978	122.399361	0.000000	0.000000	3.750000	759.018982	-455.885620
19	634.925842	-1080.028076	90.048454	-185.275970	0.000000	0.000000	3.750000	-553.194824	1336.633301
20	480.696350	802.080811	94.215286	192.144409	0.000000	0.000000	3.750000	-274.005524	-458.860046
21	-266.732239	656.564819	-106.569038	152.443298	0.000000	0.000000	3.750000	450.202545	-584.987305
22	447.796265	615.343933	96.033417	184.497437	0.000000	0.000000	3.750000	-408.297668	-496.605957
23	-459.134399	1245.689941	-92.177872	170.699799	0.000000	0.000000	3.750000	326.461700	-1045.432861
24	295.673462	821.883911	42.090897	183.226105	0.000000	0.000000	3.750000	-97.945091	-886.178650
25	1243.285156	-449.288147	165.971344	-83.961319	0.000000	0.000000	3.750000	-1208.262573	579.211914
26	-1076.144531	902.558533	-153.578735	124.966225	0.000000	0.000000	3.750000	1363.828979	-651.522705
27	621.088623	-814.968140	108.541748	-167.984161	0.000000	0.000000	3.750000	-650.322388	966.891968
28	-851.779785	-523.399841	-141.939392	-120.204712	0.000000	0.000000	3.750000	851.379700	649.510132
29	132.690430	-385.331696	17.488514	-177.137985	0.000000	0.000000	3.750000	-35.533115	624.445374
30	-393.046234	-1305.583984	-72.854576	-196.954849	0.000000	0.000000	3.750000	238.682022	1336.424316
31	-392.519958	1096.279297	-85.391075	174.193970	0.000000	0.000000	3.750000	321.386169	-1133.395630
32	-1125.372925	441.952209	-192.332031	54.844620	0.000000	0.000000	3.750000	1257.950073	-186.387604
33	1148.612305	-423.775574	155.800659	-97.887192	0.000000	0.000000	3.750000	-1192.333740	583.389160
34	-176.809372	339.191528	-141.316483	117.805359	0.000000	0.000000	3.750000	479.827942	-138.621140
35	-290.610107	1401.853516	-71.099884	186.934540	0.000000	0.000000	3.750000	359.398041	-1390.753662
36	-259.429230	599.924805	-123.399368	152.269684	0.000000	0.000000	3.750000	549.705444	-408.024902
37	458.386597	1202.738159	65.371506	180.527557	0.000000	0.000000	3.750000	-281.250793	-1237.041504
38	-201.924713	1116.025879	-49.783829	166.725159	0.000000	0.000000	3.750000	197.242737	-1148.206787
39	962.141968	1184.846680	130.129974	157.105316	0.000000	0.000000	3.750000	-790.821045	-1098.338379
40	570.661072	952.246826	96.147675	159.221863	0.000000	0.000000	3.750000	-540.514893	-839.854797
41	-854.106567	961.186646	-163.504883	147.194092	0.000000	0.000000	3.750000	822.687439	-683.570740
42	693.122620	1287.466553	88.078568	201.595856	0.000000	0.000000	3.750000	-201.809540	-563.292969
43	1083.044922	751.836426	144.888092	103.397003	0.000000	0.000000	3.750000	-1227.088989	-568.934387
44	-936.849060	87.083809	-175.574036	-12.196184	0.000000	0.000000	3.750000	576.561768	-7.789796
45	-1045.167480	24.139236	-201.838074	-41.197266	0.000000	0.000000	3.750000	1206.451660	323.446228
46	37.040230	-25.023893	-38.948563	-187.863220	0.000000	0.000000	3.750000	-47.196457	92.546394
47	-421.043121	277.278503	-175.637009	47.657806	0.000000	0.000000	3.750000	568.860107	26.097179
48	-1177.464478	-548.886108	-180.060089	-104.120132	0.000000	0.000000	3.750000	1383.844238	444.243530
49	977.185791	-98.236938	179.725403	-61.633068	0.000000	0.000000	3.750000	-882.399414	370.381378
50	1033.209717	-841.514832	133.422363	-148.991272	0.000000	0.000000	3.750000	-910.611877	917.122009
51	-277.410767	-696.692139	-77.055779	-186.725098	0.000000	0.000000	3.750000	324.852142	960.028381
52	803.666199	-1050.141113	104.311539	-163.569656	0.000000	0.000000	3.750000	-646.842285	1189.221313
53	-889.490112	-755.912598	-148.469482	-139.902832	0.000000	0.000000	3.750000	692.167297	613.028259
54	1169.891846	-1035.724121	134.845703	-142.241425	0.000000	0.000000	3.750000	-1036.740723	1168.110352
55	-998.431030	574.504761	-173.135132	73.268097	0.000000	0.000000	3.750000	790.875671	-221.340378
56	917.379272	-504.410309	149.129120	-97.182587	0.000000	0.000000	3.750000	-954.025513	560.457031
57	-4.775525	198.743942	-182.490814	22.277107	0.000000	0.000000	3.750000	106.462181	2.336910
58	-854.462402	-101.859833	-190.313751	-61.484570	0.000000	0.000000	3.750000	686.292236	263.154633
59	-432.299347	-417.382324	-133.850342	-159.210815	0.000000	0.000000	3.750000	542.728577	623.272217
60	1195.062500	-30.126839	207.090118	-34.826241	0.000000	0.000000	3.750000	-1186.550415	345.376038
61	781.967896	-240.586456	164.789032	-116.812027	0.000000	0.000000	3.750000	-664.618469	810.166016
62	1073.603149	-1024.836426	122.053535	-160.956024	0.000000	0.000000	3.750000	-808.792725	1242.859375
63	1071.558838	1147.347046	149.854675	147.117188	0.000000	0.000000	3.750000	-994.659119	-845.516479
64	-538.370850	673.606750	-149.559723	120.397430	0.000000	0.000000	3.750000	638.105164	-410.459045
65	-426.961792	-891.091797	-91.032455	-175.830322	0.000000	0.000000	3.750000	340.448456	1177.007812
66	981.187256	658.768372	179.064758	101.836861	0.000000	0.000000	3.750000	-971.625183	-366.717651
67	-374.967468	332.841614	-163.929153	83.562729	0.000000	0.000000	3.750000	443.340271	-98.240807
68	795.099121	73.306297	205.866364	-41.452522	0.000000	0.000000	3.750000	-912.459167	59.957138
69	870.577026	593.308777	150.464355	105.905945	0.000000	0.000000	3.750000	-816.213257	-432.666595
70	25.292370	1209.085693	-24.933603	210.528320	0.000000	0.000000	3.750000	73.675194	-1140.831543
71	-376.381317	-499.446564	-114.277649	-171.393036	0.000000	0.000000	3.750000	359.422363	710.237244
72	-918.373169	777.838257	-141.985748	120.148590	0.000000	0.000000	3.750000	1027.135864	-645.326904
73	1031.796509	-392.216705	182.493530	-107.887405	0.000000	0.000000	3.750000	-955.562622	441.930023
74	-772.045105	-796.307861	-116.369965	-152.715271	0.000000	0.000000	3.750000	680.721985	1029.470947
75	473.916168	-1086.128784	56.282860	-196.082214	0.000000	0.000000	3.750000	-356.090240	1209.957153
76	273.221039	-287.125366	70.700050	-187.033997	0.000000	0.000000	3.750000	-542.563110	424.167053
77	-205.215240	-39.331470	-133.162979	-154.474594	0.000000	0.000000	3.750000	321.779663	185.991257
78	-240.061569	-337.971375	-115.627403	-148.237000	0.000000	0.000000	3.750000	290.495911	340.435333
79	-421.799652	515.064148	-165.492432	112.295029	0.000000	0.000000	3.750000	682.827454	-275.533386
80	-1065.752197	336.974670	-169.882141	37.628128	0.000000	0.000000	3.750000	1382.031494	-160.736115
81	918.792664	918.563232	126.421661	167.682770	0.000000	0.000000	3.750000	-687.282898	-865.904053
82	-352.290283	-1037.714722	-82.648331	-168.854935	0.000000	0.000000	3.750000	291.792084	1428.153687
83	-194.539215	1504.882202	-34.100029	211.265472	0.000000	0.000000	3.750000	163.986359	-1507.533447
84	179.392120	-759.943848	8.985209	-199.797089	0.000000	0.000000	3.750000	-144.024811	1027.779663
85	577.860962	1311.343384	71.272324	193.276932	0.000000	0.000000	3.750000	-357.414276	-1347.366333
86	-1092.355713	-1019.880249	-138.178375	-139.006241	0.000000	0.000000	3.750000	981.358582	1001.827026
87	-505.750153	-807.667114	-126.879852	-172.329315	0.000000	0.000000	3.750000	472.752228	714.736389
88	1053.938110	-1063.454346	126.266251	-167.799820	0.000000	0.000000	3.750000	-792.770935	1174.386597
89	216.600769	-1198.307129	-0.039894	-211.999786	0.000000	0.000000	3.750000	-53.063141	1312.444092
90	-799.926147	-865.692810	-127.756294	-145.994232	0.000000	0.000000	3.750000	787.437073	856.052917
91	-951.377808	606.208679	-161.209106	96.722427	0.000000	0.000000	3.750000	883.226440	-391.419708
92	26.038622	245.652817	-127.013519	151.721100	0.000000	0.000000	3.750000	78.337914	-6.619837
93	-959.001099	1007.176453	-160.735428	144.291138	0.000000	0.000000	3.750000	982.597961	-725.293823
94	1264.223633	-303.547150	218.033752	-29.343861	0.000000	0.000000	3.750000	-1048.265381	211.888901
95	10.697596	994.759766	-18.967070	185.029190	0.000000	0.000000	3.750000	-14.078851	-1220.389893
96	-1280.171387	-681.590271	-181.178345	-121.234093	0.000000	0.000000	3.750000	1108.343140	533.887085
97	851.136108	-310.656647	171.592133	-121.062233	0.000000	0.000000	3.750000	-636.498291	494.340912
98	-579.222473	-697.339355	-103.304565	-147.404495	0.000000	0.000000	3.750000	558.515930	952.647766
99	-383.494110	826.601440	-105.798790	164.992035	0.000000	0.000000	3.750000	441.255402	-835.355164
100	-256.602875	-1381.319092	-66.253120	-203.482895	0.000000	0.000000	3.750000	173.108994	1469.753418
101	837.107056	-140.877960	167.089523	-90.448616	0.000000	0.000000	3.750000	-702.566895	343.268616
102	-956.934814	1176.693970	-128.291138	137.423798	0.000000	0.000000	3.750000	879.553345	-1138.106201
103	211.480637	1057.250977	20.721127	182.829315	0.000000	0.000000	3.750000	-152.890488	-989.832336
104	-1068.865601	-1056.592651	-140.043976	-142.785309	0.000000	0.000000	3.750000	1006.688293	1120.666870
105	1243.953125	-635.820557	169.406006	-113.654762	0.000000	0.000000	3.750000	-1253.779907	685.394897
106	-787.962769	-1105.610107	-122.020508	-163.483582	0.000000	0.000000	3.750000	1021.442261	1610.672729
107	1238.188477	440.674469	189.510773	50.015518	0.000000	0.000000	3.750000	-1082.561523	-226.300446
108	424.981201	-973.862366	45.835678	-186.448624	0.000000	0.000000	3.750000	-258.908112	1102.567505
109	-31.815220	59.900330	-197.443314	-3.391953	0.000000	0.000000	3.750000	42.180767	5.921443
110	217.269150	1145.132812	14.730097	193.439941	0.000000	0.000000	3.750000	-99.470970	-1031.401245
111	-121.900230	406.272400	-151.578033	124.181976	0.000000	0.000000	3.750000	319.511505	-47.911102
112	-959.271301	-721.132690	-137.730453	-125.003845	0.000000	0.000000	3.750000	692.817627	480.463257
113	1212.272339	-180.889618	174.163177	-59.356346	0.000000	0.000000	3.750000	-1217.807861	387.611603
114	-404.185364	-345.418610	-117.536316	-141.565521	0.000000	0.000000	3.750000	532.820740	860.447571
115	-978.231750	429.881195	-197.794098	64.351067	0.000000	0.000000	3.750000	1192.847290	-248.246307
116	-537.014587	1082.159668	-106.068016	155.220367	0.000000	0.000000	3.750000	516.093445	-939.564026
117	1375.795166	-459.923401	181.172775	-79.870346	0.000000	0.000000	3.750000	-914.210022	277.196228
118	1009.915466	214.943924	173.277100	15.844218	0.000000	0.000000	3.750000	-1180.975952	-117.888519
119	-757.989441	1186.531982	-123.267975	147.203949	0.000000	0.000000	3.750000	493.832184	-618.658813
120	360.520325	-944.253540	32.441677	-187.209869	0.000000	0.000000	3.750000	-271.398926	1673.050415
121	-930.250916	738.451599	-165.386261	105.181488	0.000000	0.000000	3.750000	942.727173	-497.262787
122	-819.628967	-1041.447021	-121.575577	-135.437210	0.000000	0.000000	3.750000	702.304077	664.966370
123	-400.931702	555.128540	-107.234390	161.668579	0.000000	0.000000	3.750000	412.179016	-557.900574
124	-983.329956	554.263855	-146.117661	124.551689	0.000000	0.000000	3.750000	674.110413	-426.897858
125	-711.130554	598.005676	-168.358704	107.956741	0.000000	0.000000	3.750000	823.531982	-378.749115
126	646.206970	423.887512	165.070282	94.078163	0.000000	0.000000	3.750000	-695.549072	-263.086182
127	-426.056824	874.686401	-114.067596	146.916901	0.000000	0.000000	3.750000	685.537842	-848.427246
128	771.962036	-708.861450	122.751175	-152.800964	0.000000	0.000000	3.750000	-735.957275	883.995117
129	-870.007019	-1105.900757	-122.800621	-162.898438	0.000000	0.000000	3.750000	589.065002	823.154846
130	-257.648315	-655.881104	-47.527893	-177.754822	0.000000	0.000000	3.750000	77.240173	360.298126
131	507.729126	636.101929	157.840912	183.421997	0.000000	0.000000	3.750000	-695.097595	-467.521332
132	-854.204651	362.169678	-184.705063	76.703140	0.000000	0.000000	3.750000	1031.043213	-237.982605
133	1181.250000	-1104.751343	142.338501	-148.915253	0.000000	0.000000	3.750000	-1103.612793	1144.004272
134	-558.499512	-1141.635010	-126.617805	-152.223145	0.000000	0.000000	3.750000	799.230347	1059.011597
135	1125.512695	493.559296	158.021851	94.257545	0.000000	0.000000	3.750000	-1232.803467	-450.661957
136	-657.003540	-1147.226685	-115.499710	-165.721909	0.000000	0.000000	3.750000	774.105774	1263.011719
137	-195.809616	-600.737000	-9.283556	-207.791763	0.000000	0.000000	3.750000	126.416664	908.887512
138	-1012.653870	883.305542	-153.169312	143.662918	0.000000	0.000000	3.750000	922.633728	-776.615784
139	-1167.065430	-555.742249	-180.622528	-81.112717	0.000000	0.000000	3.750000	1506.730103	483.033997
140	489.042450	-718.246033	95.406281	-171.211624	0.000000	0.000000	3.750000	-439.033478	688.575195
141	1249.233154	-482.533081	179.681854	-61.759071	0.000000	0.000000	3.750000	-1677.713135	411.642853
142	839.273315	-721.957642	155.702454	-108.887268	0.000000	0.000000	3.750000	-1060.242554	587.569214
143	-1238.169434	115.322845	-202.255753	56.492569	0.000000	0.000000	3.750000	1094.332031	-70.022690
144	-244.891449	-677.307251	-51.110359	-189.218445	0.000000	0.000000	3.750000	79.735161	374.099365
145	220.325256	981.717773	62.611336	170.890427	0.000000	0.000000	3.750000	-301.003845	-1127.007324
146	328.573853	-807.072388	54.601067	-186.143921	0.000000	0.000000	3.750000	-246.715347	471.757355
147	296.771484	417.566406	62.568489	187.854141	0.000000	0.000000	3.750000	-287.805634	-794.030823
148	1194.127075	25.185427	185.466888	14.072231	0.000000	0.000000	3.750000	-1139.431030	-67.565239
149	446.986176	-939.654785	94.929085	-164.585205	0.000000	0.000000	3.750000	-615.532471	883.351624
150	617.366577	148.296722	148.381348	131.076141	0.000000	0.000000	3.750000	-692.220032	-293.500061
151	1135.020386	802.130737	158.227203	141.096222	0.000000	0.000000	3.750000	-910.472046	-766.244873
152	628.703735	-412.268951	171.626099	-106.517029	0.000000	0.000000	3.750000	-313.951752	266.183197
153	-959.151123	996.361633	-149.517319	144.597931	0.000000	0.000000	3.750000	847.272034	-844.283752
154	-765.768188	-655.426453	-122.625778	-137.182022	0.000000	0.000000	3.750000	636.293213	676.764099
155	-994.492554	963.400635	-151.443909	145.481003	0.000000	0.000000	3.750000	914.696899	-855.496216
156	-254.329559	-1203.535156	-32.546707	-207.461914	0.000000	0.000000	3.750000	118.054504	767.696533
157	-802.359131	-575.003418	-160.645035	-108.761978	0.000000	0.000000	3.750000	780.797241	533.828918
158	-431.147827	-632.211609	-126.373734	-133.700562	0.000000	0.000000	3.750000	183.049698	129.507278
159	1169.860718	519.681763	163.970215	114.511284	0.000000	0.000000	3.750000	-1173.425537	-502.540131
160	130.277374	191.185364	183.815918	67.902832	0.000000	0.000000	3.750000	-446.570282	83.484146
161	480.456573	-788.911804	84.559830	-172.376328	0.000000	0.000000	3.750000	-525.106689	986.900940
162	810.010132	-786.086670	147.345947	-116.760986	0.000000	0.000000	3.750000	-1116.039429	997.384644
163	1035.986816	967.525452	165.434082	129.349304	0.000000	0.000000	3.750000	-1168.532104	-716.665039
164	742.560913	495.324310	193.418808	58.247940	0.000000	0.000000	3.750000	-832.729492	-311.646454
165	1174.713623	-312.054291	194.226807	-38.467873	0.000000	0.000000	3.750000	-1292.268433	349.111450
166	-850.000977	830.400757	-135.561310	147.047913	0.000000	0.000000	3.750000	752.917053	-870.637573
167	-628.209106	965.149353	-90.523285	160.191223	0.000000	0.000000	3.750000	431.098389	-1042.019531
168	-872.417175	-177.096741	-178.690170	-43.864174	0.000000	0.000000	3.750000	780.852112	0.091382
169	618.680542	-297.496735	180.197937	-66.277496	0.000000	0.000000	3.750000	-912.607056	325.630127
170	374.616699	911.466797	54.891190	181.898193	0.000000	0.000000	3.750000	-323.482544	-1097.740234
171	-396.986938	-1231.291138	-88.861412	-179.172104	0.000000	0.000000	3.750000	248.268097	963.878296
172	1243.637817	-173.324951	183.661224	-11.146962	0.000000	0.000000	3.750000	-1258.885376	201.003098
173	-307.727753	-657.907288	-120.310577	-149.630524	0.000000	0.000000	3.750000	416.565155	531.207825
174	957.890320	-802.842773	157.812744	-132.403259	0.000000	0.000000	3.750000	-800.724365	875.797607
175	-1167.458008	-99.502579	-187.544357	-41.122787	0.000000	0.000000	3.750000	1162.465576	285.576080
176	747.625000	728.617249	145.764755	128.017761	0.000000	0.000000	3.750000	-883.509460	-692.571533
177	203.879608	293.904846	103.193901	175.972290	0.000000	0.000000	3.750000	-604.875122	-746.507141
178	1356.239258	-326.603149	198.660706	-23.106627	0.000000	0.000000	3.750000	-1466.368408	158.128220
179	-295.819000	692.868774	-61.173462	196.703491	0.000000	0.000000	3.750000	120.960602	-625.922424
180	-1351.370605	-332.105713	-191.595856	-63.988369	0.000000	0.000000	3.750000	1337.261597	254.604477
181	-815.300781	-605.420044	-144.558929	-113.836357	0.000000	0.000000	3.750000	882.015198	683.370300
182	-1141.541504	-117.430481	-206.419220	-38.613995	0.000000	0.000000	3.750000	1066.258545	155.865112
183	-780.236938	-679.064087	-178.580551	-90.042900	0.000000	0.000000	3.750000	797.874329	578.272278
184	861.418213	1043.991333	133.898392	153.904816	0.000000	0.000000	3.750000	-540.065125	-715.719604
185	617.310852	-112.430084	182.150772	-25.990904	0.000000	0.000000	3.750000	-697.657898	-47.968006
186	747.193970	-1264.228516	92.782379	-168.092789	0.000000	0.000000	3.750000	-551.657654	1359.010498
187	114.324554	782.060303	11.491621	191.654755	0.000000	0.000000	3.750000	-118.614815	-805.878479
188	43.714005	938.000000	-8.411244	199.822876	0.000000	0.000000	3.750000	-2.752664	-1051.612183
189	-1184.132568	-600.974854	-179.356934	-83.875122	0.000000	0.000000	3.750000	1577.609619	640.852356
190	-971.047119	-793.403198	-135.859756	-124.085846	0.000000	0.000000	3.750000	581.756226	403.300964
191	659.927368	1005.932800	92.999222	188.284363	0.000000	0.000000	3.750000	-492.318420	-1183.191284
192	1065.135254	-446.971558	159.839737	-91.143585	0.000000	0.000000	3.750000	-1075.642334	522.259766
193	284.025452	933.438904	15.809570	193.354279	0.000000	0.000000	3.750000	-118.742645	-1044.677612
194	715.281616	1186.116821	91.656525	191.161621	0.000000	0.000000	3.750000	-462.906555	-1311.014404
195	355.583496	718.683838	104.858688	186.545044	0.000000	0.000000	3.750000	-470.817871	-627.270325
196	-709.618042	800.690918	-115.250336	165.894958	0.000000	0.000000	3.750000	797.539001	-1382.604370
197	1222.370361	-303.029358	186.158691	-26.247017	0.000000	0.000000	3.750000	-1419.743530	246.664124
198	-700.255554	-876.658081	-110.249176	-152.279663	0.000000	0.000000	3.750000	582.461182	891.175232
199	684.027527	-978.641907	96.625015	-151.867065	0.000000	0.000000	3.750000	-660.748962	1003.453247
200	-1253.936768	-166.057281	-207.999283	-0.491462	0.000000	0.000000	3.750000	1819.898193	90.685036
201	218.608719	849.166687	35.015427	207.059875	0.000000	0.000000	3.750000	-110.368340	-994.260681
202	62.522308	-1247.148926	5.305794	-199.929245	0.000000	0.000000	3.750000	-99.310074	1220.933472
203	175.813370	1282.204590	18.813026	203.130676	0.000000	0.000000	3.750000	-144.705551	-1424.141235
204	1204.619019	185.450211	209.301727	44.595654	0.000000	0.000000	3.750000	-1377.561035	-260.963593
205	-526.946777	-1407.600952	-93.046249	-201.557312	0.000000	0.000000	3.750000	406.444031	1597.841309
206	680.801270	1441.999023	95.740860	202.506958	0.000000	0.000000	3.750000	-450.118866	-1487.212524
207	1230.535034	214.095245	194.226013	55.499947	0.000000	0.000000	3.750000	-1333.914917	-395.838165
208	-647.117188	-148.676331	-181.932190	-27.495592	0.000000	0.000000	3.750000	618.919006	16.212395
209	-26.014973	1304.095215	1.840172	199.991531	0.000000	0.000000	3.750000	-30.611561	-1050.805786
210	-262.719604	-1025.383057	-43.570892	-182.880005	0.000000	0.000000	3.750000	111.074745	1078.251465
211	562.881226	585.702637	153.710068	146.003265	0.000000	0.000000	3.750000	-738.466064	-564.005981
212	1280.130737	566.410645	187.556656	80.236534	0.000000	0.000000	3.750000	-1372.531250	-367.571777
213	-975.415161	-693.074097	-142.414169	-125.768936	0.000000	0.000000	3.750000	915.089905	613.354553
214	942.286194	893.165405	127.683777	156.526077	0.000000	0.000000	3.750000	-639.389587	-1027.392090
215	-712.734558	997.318176	-111.833580	172.997971	0.000000	0.000000	3.750000	503.274078	-1189.677124
216	-416.549011	879.328857	-66.070877	201.439697	0.000000	0.000000	3.750000	224.136642	-1276.443726
217	513.066772	1257.022339	78.769905	190.335938	0.000000	0.000000	3.750000	-148.675278	-542.797546
218	1051.933594	-646.684204	158.174637	-115.741745	0.000000	0.000000	3.750000	-1194.610474	657.644043
219	1052.440186	699.208557	157.557953	119.911957	0.000000	0.000000	3.750000	-1163.808838	-607.364807
220	762.381653	-860.202209	132.664078	-136.015396	0.000000	0.000000	3.750000	-786.537231	769.142151
221	1021.808228	190.381851	210.691193	23.519497	0.000000	0.000000	3.750000	-1177.910278	-139.528656
222	-923.877808	619.189209	-150.001907	119.846161	0.000000	0.000000	3.750000	1001.764343	-611.747864
223	-879.547485	-183.193085	-165.078827	-40.605587	0.000000	0.000000	3.750000	820.244080	130.275452
224	-670.894226	284.838867	-174.189178	106.172195	0.000000	0.000000	3.750000	910.812500	-321.421722
225	-256.143921	279.793091	-117.622574	159.198349	0.000000	0.000000	3.750000	122.201546	-84.376602
226	660.671387	-1044.329102	117.616409	-156.787659	0.000000	0.000000	3.750000	-750.496887	961.431335
227	-605.729919	709.847534	-113.260628	176.838272	0.000000	0.000000	3.750000	546.812683	-719.813049
228	873.597717	-328.492310	191.473251	-14.172065	0.000000	0.000000	3.750000	-557.135559	60.957405
229	1188.145996	305.221680	206.603302	55.776993	0.000000	0.000000	3.750000	-1387.033569	-371.082428
230	-207.013977	-858.020691	-70.889114	-184.874405	0.000000	0.000000	3.750000	324.795807	1091.298462
231	-33.845024	898.829834	-17.231510	201.259094	0.000000	0.000000	3.750000	-65.080994	-760.448364
232	1342.097900	-795.246216	171.139389	-121.701263	0.000000	0.000000	3.750000	-2068.811523	1257.161743
233	397.407867	1103.566650	84.020462	179.289032	0.000000	0.000000	3.750000	-474.447784	-1079.860718
234	-401.508423	101.337456	-173.896927	94.560593	0.000000	0.000000	3.750000	318.245636	-1.053347
235	446.642700	-1011.676697	97.647881	-172.246307	0.000000	0.000000	3.750000	-567.832153	885.092102
236	912.878540	12.805676	207.242065	17.643143	0.000000	0.000000	3.750000	-323.850830	-18.463364
237	481.888794	1178.737549	84.805634	170.022949	0.000000	0.000000	3.750000	-449.858643	-1156.623779
238	-453.296082	948.872498	-92.460815	170.547333	0.000000	0.000000	3.750000	385.570557	-1073.872070
239	-175.415741	-127.455109	-179.605774	29.221987	0.000000	0.000000	3.750000	354.154999	84.787125
240	296.538239	388.291199	30.163857	183.537750	0.000000	0.000000	3.750000	-105.328941	-689.043274
241	-845.829224	-332.229919	-171.880493	-85.562897	0.000000	0.000000	3.750000	524.156555	288.931763
242	930.646729	92.478271	183.553299	12.802269	0.000000	0.000000	3.750000	-831.895691	-203.157257
243	-1019.149231	119.670380	-191.841537	48.992424	0.000000	0.000000	3.750000	1199.463013	-164.105789
244	-1073.824463	1036.064697	-136.250793	135.276367	0.000000	0.000000	3.750000	1073.076172	-959.466492
245	-734.254517	-640.279419	-201.557617	-88.173180	0.000000	0.000000	3.750000	835.933350	347.417480
246	-688.281494	459.076416	-151.108551	90.232513	0.000000	0.000000	3.750000	948.348511	-412.142120
247	-772.877686	-939.735107	-139.647919	-131.766678	0.000000	0.000000	3.750000	1758.563965	1590.774170
248	810.589661	777.997559	145.513336	137.206360	0.000000	0.000000	3.750000	-921.424561	-687.105286
249	-1134.460571	-767.471802	-168.942276	-107.039993	0.000000	0.000000	3.750000	1375.038574	521.750427
250	-265.211243	567.572510	-71.332169	167.438446	0.000000	0.000000	3.750000	343.500000	-638.458496
251	-187.086182	-924.392944	-61.857483	-179.647491	0.000000	0.000000	3.750000	219.030807	1088.518433
252	-677.409424	-1025.266724	-102.317062	-169.513504	0.000000	0.000000	3.750000	507.346100	1177.147583
253	-1156.533936	183.139740	-198.653168	23.164230	0.000000	0.000000	3.750000	1151.290649	-6.063774
254	1272.254639	-74.867065	195.284851	-32.676456	0.000000	0.000000	3.750000	-1388.252075	306.657013
255	-1187.532715	169.616089	-189.993622	1.547821	0.000000	0.000000	3.750000	1071.135376	24.175919
256	-857.352661	-786.517639	-166.145538	-114.887993	0.000000	0.000000	3.750000	1192.038208	631.726501
257	923.510681	1089.022461	114.921944	158.770538	0.000000	0.000000	3.750000	-710.754028	-1607.902588
258	682.506958	1106.088989	106.654968	164.439697	0.000000	0.000000	3.750000	-636.491028	-1284.241455
259	116.821930	855.035034	57.045059	204.180908	0.000000	0.000000	3.750000	-198.715347	-840.615845
260	1062.587036	686.444885	159.895599	113.352417	0.000000	0.000000	3.750000	-1268.405884	-606.256409
261	-934.747192	-1018.889526	-125.215836	-148.178925	0.000000	0.000000	3.750000	668.713501	796.060852
262	67.084167	-618.183105	-4.780127	-193.940933	0.000000	0.000000	3.750000	7.356004	556.042297
263	-518.731934	-558.452637	-164.592697	-110.056824	0.000000	0.000000	3.750000	736.238892	351.444366
264	-1104.425293	-548.093994	-171.518860	-90.648392	0.000000	0.000000	3.750000	867.890259	559.620422
265	67.269272	-55.091373	154.470154	103.564514	0.000000	0.000000	3.750000	-214.578323	-79.628212
266	-1058.128784	914.135864	-141.293304	130.000671	0.000000	0.000000	3.750000	1158.726929	-976.653137
267	431.954590	-716.561462	130.281021	-143.738861	0.000000	0.000000	3.750000	-381.755920	658.706543
268	-1109.357666	595.664246	-152.001923	88.718552	0.000000	0.000000	3.750000	1275.523193	-486.183868
269	776.889526	1281.510010	113.640686	166.999619	0.000000	0.000000	3.750000	-530.572388	-1277.789185
270	-809.026184	962.749817	-107.230385	151.975952	0.000000	0.000000	3.750000	484.337067	-1188.249878
271	-58.665997	-431.848389	-3.133888	-207.921463	0.000000	0.000000	3.750000	-68.873085	174.725342
272	-1025.956787	-376.036652	-180.947433	-89.788551	0.000000	0.000000	3.750000	526.785400	275.812622
273	-355.775574	1061.009644	-70.903641	176.273193	0.000000	0.000000	3.750000	312.644592	-1264.145020
274	-678.978088	1111.612183	-103.280136	171.268585	0.000000	0.000000	3.750000	567.796570	-1247.607666
275	605.003662	-787.012573	91.513710	-131.244568	0.000000	0.000000	3.750000	-544.657166	676.793518
276	662.674255	863.118958	87.801147	170.748199	0.000000	0.000000	3.750000	-509.791260	-1018.242004
277	-791.918213	-899.869690	-118.821686	-160.875305	0.000000	0.000000	3.750000	420.588165	773.536743
278	-775.268555	-28.590469	-193.223846	17.317909	0.000000	0.000000	3.750000	865.663025	41.327721
279	74.625565	-701.431030	29.534740	-203.867157	0.000000	0.000000	3.750000	-0.218651	517.839478
280	693.478943	-1078.559570	115.134567	-146.082275	0.000000	0.000000	3.750000	-836.395325	1056.929810
281	862.026306	914.196716	141.123413	150.066513	0.000000	0.000000	3.750000	-1268.279541	-1118.337891
282	-1570.833008	75.821213	-227.198212	19.100155	0.000000	0.000000	3.750000	1293.265137	-101.473000
283	-719.896729	-1391.473633	-123.568245	-172.257538	0.000000	0.000000	3.750000	381.729736	859.467712
284	-616.708252	1328.409180	-68.273521	190.111588	0.000000	0.000000	3.750000	329.524445	-1403.644897
285	-1169.352295	28.019661	-193.785141	9.108222	0.000000	0.000000	3.750000	1387.228394	80.219734
286	1307.453369	18.414196	203.901123	6.349960	0.000000	0.000000	3.750000	-1247.808350	-13.227226
287	1031.903564	-1024.247681	137.126770	-153.727844	0.000000	0.000000	3.750000	-1001.929810	1130.775146
288	912.025940	-813.981445	151.629089	-133.463730	0.000000	0.000000	3.750000	-923.109375	890.362976
289	-1171.121704	-864.309204	-146.779190	-120.646996	0.000000	0.000000	3.750000	1172.226440	769.486877
290	-940.811218	770.114563	-165.809265	100.712891	0.000000	0.000000	3.750000	1133.717041	-539.632568
291	-582.587891	596.676941	-110.396439	147.202652	0.000000	0.000000	3.750000	718.155151	-917.200378
292	295.735443	25.109566	182.681366	76.323837	0.000000	0.000000	3.750000	-452.855896	-15.932532
293	1279.457886	649.867188	164.051514	107.248230	0.000000	0.000000	3.750000	-1428.950317	-527.820251
294	-1197.759033	-75.837921	-215.996826	1.091398	0.000000	0.000000	3.750000	1434.102051	95.781158
295	-1026.488281	972.127075	-131.672150	147.872696	0.000000	0.000000	3.750000	776.328186	-820.439453
296	185.688507	1291.831543	31.364267	191.447647	0.000000	0.000000	3.750000	-167.526077	-1388.983398
297	901.852539	201.566635	192.268433	55.070335	0.000000	0.000000	3.750000	-974.593994	-319.553650
298	67.229065	1157.215332	5.508277	189.920105	0.000000	0.000000	3.750000	-68.109062	-1424.415894
299	274.960205	905.874207	57.939526	172.529816	0.000000	0.000000	3.750000	-325.330536	-705.958252
300	1196.308350	203.463898	184.138672	54.377392	0.000000	0.000000	3.750000	-1152.856323	-376.411346
301	-477.202148	944.073730	-71.503540	178.187225	0.000000	0.000000	3.750000	275.659393	-1040.499390
302	-982.568176	-808.868042	-172.738312	-129.682037	0.000000	0.000000	3.750000	833.661865	627.646484
303	969.787842	1184.955322	128.950195	147.606995	0.000000	0.000000	3.750000	-915.940369	-1133.484985
304	-124.792519	1216.686768	-34.269012	211.237793	0.000000	0.000000	3.750000	107.709267	-1328.203491
305	-1049.701538	-149.825546	-193.886719	6.627474	0.000000	0.000000	3.750000	978.457153	-13.842257
306	508.862366	-191.001801	173.484497	-91.200424	0.000000	0.000000	3.750000	-384.332428	170.955124
307	-783.959473	-400.346191	-167.630341	-133.024368	0.000000	0.000000	3.750000	594.863281	370.642242
308	1125.215820	-709.327698	165.861755	-84.176331	0.000000	0.000000	3.750000	-854.331299	340.854553
309	-814.113892	-1262.493164	-122.175903	-165.857300	0.000000	0.000000	3.750000	548.939331	951.726807
310	703.058899	-577.225220	132.055084	-107.055054	0.000000	0.000000	3.750000	-623.569702	705.208801
311	1333.112305	-510.918945	201.782074	-65.022308	0.000000	0.000000	3.750000	-1372.632080	358.708344
312	-598.730652	541.670837	-155.683655	149.726257	0.000000	0.000000	3.750000	762.063354	-558.634583
313	1182.146729	446.515015	163.088196	97.475914	0.000000	0.000000	3.750000	-1200.013306	-446.193481
314	683.346802	-83.539528	174.907745	42.498604	0.000000	0.000000	3.750000	-582.478149	-45.942348
315	80.020592	292.198730	115.126419	148.614471	0.000000	0.000000	3.750000	-468.063812	-342.704742
316	-731.994873	1203.269409	-116.347153	165.125702	0.000000	0.000000	3.750000	541.491943	-1181.698242
317	-134.592072	-406.315063	-25.959749	-196.278137	0.000000	0.000000	3.750000	209.983734	529.754089
318	-761.414429	-421.766479	-196.145020	-56.053188	0.000000	0.000000	3.750000	825.759888	119.371025
319	-352.545776	121.563255	-155.483597	90.684845	0.000000	0.000000	3.750000	620.752869	-201.379883
320	-269.747772	-492.922363	-178.014893	-115.123749	0.000000	0.000000	3.750000	484.240845	230.881027
321	-737.003906	-1171.957153	-122.818878	-139.683563	0.000000	0.000000	3.750000	904.494141	1080.765991
322	966.240723	-149.432739	203.523880	-51.748947	0.000000	0.000000	3.750000	-1150.011353	339.746643
323	-184.673492	612.048828	-67.106712	190.527222	0.000000	0.000000	3.750000	277.104034	-798.473572
324	488.776978	67.321472	180.272339	60.014519	0.000000	0.000000	3.750000	-680.733948	-177.898895
325	798.171631	-103.778046	181.064606	-18.426479	0.000000	0.000000	3.750000	-663.186951	61.856369
326	855.159668	483.949219	155.155975	102.578903	0.000000	0.000000	3.750000	-1005.157715	-542.506714
327	748.692444	-1083.299927	124.318573	-154.106628	0.000000	0.000000	3.750000	-869.501709	991.730652
328	-220.641998	554.753723	-19.721874	186.958786	0.000000	0.000000	3.750000	-8.820235	-439.807892
329	964.597046	-929.033447	137.610382	-131.009094	0.000000	0.000000	3.750000	-882.151978	848.620361
330	-717.399902	-219.811325	-186.993103	-43.561100	0.000000	0.000000	3.750000	579.980591	156.877502
331	796.745117	-174.606384	207.803253	-8.840603	0.000000	0.000000	3.750000	-481.654114	-27.316254
332	-321.104919	-637.997070	-62.238922	-164.627594	0.000000	0.000000	3.750000	298.538879	815.216614
333	829.600342	226.980972	201.535736	65.776443	0.000000	0.000000	3.750000	-969.316406	-450.541931
334	491.139557	-977.156006	73.726410	-164.208313	0.000000	0.000000	3.750000	-454.235352	1071.477295
335	-816.381470	-1230.125244	-112.583344	-179.634262	0.000000	0.000000	3.750000	592.136475	1357.743530
336	-102.056740	-425.707092	35.325409	-198.873016	0.000000	0.000000	3.750000	-167.836807	319.777618
337	-963.381592	-507.591431	-177.580994	-78.103958	0.000000	0.000000	3.750000	973.465332	255.203278
338	867.484985	16.890179	194.502518	24.045547	0.000000	0.000000	3.750000	-299.701630	-63.177868
339	-1152.631104	-249.893478	-212.851181	-22.143986	0.000000	0.000000	3.750000	1278.813354	110.807381
340	-1123.558594	917.945801	-157.256058	136.141342	0.000000	0.000000	3.750000	1443.137573	-1072.875244
341	979.863403	1029.984619	132.867462	135.816345	0.000000	0.000000	3.750000	-872.714355	-774.473877
342	161.327393	717.009644	61.479622	192.416870	0.000000	0.000000	3.750000	-253.739639	-802.796082
343	-1021.668701	-1203.957642	-146.614868	-141.844330	0.000000	0.000000	3.750000	458.312286	414.272430
344	107.795166	935.744995	7.030437	189.869171	0.000000	0.000000	3.750000	35.147964	-1130.599976
345	-774.342285	819.787476	-135.549408	152.453918	0.000000	0.000000	3.750000	750.140381	-978.942993
346	-399.577087	1304.543457	-57.863010	191.445969	0.000000	0.000000	3.750000	229.849121	-1296.216553
347	-631.014587	686.950439	-111.485596	151.376770	0.000000	0.000000	3.750000	501.642517	-616.047668
348	-617.215637	-948.325806	-99.375023	-161.939713	0.000000	0.000000	3.750000	484.330139	932.560669
349	-281.669586	1133.247314	-60.378418	184.364716	0.000000	0.000000	3.750000	310.788483	-1255.155640
350	-770.972534	61.492561	-192.673981	45.598087	0.000000	0.000000	3.750000	891.635925	-28.549923
351	1300.287354	443.214478	171.275833	91.103851	0.000000	0.000000	3.750000	-1391.600342	-446.442291
352	1004.355713	-880.471985	133.016068	-135.671341	0.000000	0.000000	3.750000	-887.162109	860.432678
353	-1059.305054	358.472626	-189.038300	71.177444	0.000000	0.000000	3.750000	1154.970947	-140.420944
354	295.852722	-990.818848	68.092979	-196.538116	0.000000	0.000000	3.750000	-297.478851	1043.242432
355	-945.070557	593.425964	-175.105560	96.632339	0.000000	0.000000	3.750000	1019.416687	-444.621521
356	-1075.608398	-1088.629883	-143.458252	-133.550247	0.000000	0.000000	3.750000	1100.993774	903.895020
357	531.418213	177.444595	180.821808	106.770828	0.000000	0.000000	3.750000	-706.362305	-227.402298
358	1023.566040	508.380646	176.317841	110.344467	0.000000	0.000000	3.750000	-883.337585	-483.828033
359	294.883789	-469.244446	114.134735	-151.889465	0.000000	0.000000	3.750000	-282.784637	618.467773
360	380.756592	892.891846	45.435692	205.025269	0.000000	0.000000	3.750000	-165.358307	-1141.739136
361	-939.893799	992.487732	-125.011543	148.349762	0.000000	0.000000	3.750000	817.145630	-1297.989868
362	1024.244751	-155.690094	197.729401	-30.051144	0.000000	0.000000	3.750000	-1089.840698	184.614487
363	466.311035	-1049.182129	88.484100	-183.811218	0.000000	0.000000	3.750000	-505.573486	1042.508545
364	221.751144	-1314.652344	27.129814	-204.205627	0.000000	0.000000	3.750000	-196.854813	1287.040649
365	-1264.196289	624.751343	-165.641693	104.777191	0.000000	0.000000	3.750000	1294.153931	-550.036804
366	311.218475	-1275.725342	45.262611	-196.863586	0.000000	0.000000	3.750000	-345.545959	1358.496094
367	150.584900	-162.948395	202.215363	37.950508	0.000000	0.000000	3.750000	-226.320938	62.629292
368	-1027.070312	230.355545	-195.714233	64.278694	0.000000	0.000000	3.750000	773.764954	-156.536179
369	-920.854370	458.637390	-162.172318	113.594559	0.000000	0.000000	3.750000	1449.745850	-768.026062
370	795.107361	-636.761047	156.917816	-117.441956	0.000000	0.000000	3.750000	-742.058044	660.427307
371	-104.325684	715.718079	-32.594009	185.148499	0.000000	0.000000	3.750000	-18.464657	-870.330078
372	-199.749496	-1323.071655	-80.612427	-191.743088	0.000000	0.000000	3.750000	368.055573	1133.788208
373	-305.368622	-1208.355103	-60.970383	-207.215652	0.000000	0.000000	3.750000	208.116974	1011.071289
374	734.011230	-1218.702515	105.495964	-174.602951	0.000000	0.000000	3.750000	-579.167114	1310.542480
375	-182.775360	-484.194946	-82.398209	-180.025635	0.000000	0.000000	3.750000	284.923920	355.809021
376	1018.827332	76.282295	200.094086	39.728539	0.000000	0.000000	3.750000	-1332.705688	-249.018036
377	-487.364197	583.646545	-128.427032	145.404388	0.000000	0.000000	3.750000	873.380310	-861.481262
378	-1077.046997	1126.357422	-141.330231	141.512390	0.000000	0.000000	3.750000	1047.148315	-985.905273
379	1028.330688	207.372726	208.171432	49.604012	0.000000	0.000000	3.750000	-820.132446	-177.057266
380	-1123.226196	993.124451	-148.158752	122.117432	0.000000	0.000000	3.750000	1237.446899	-739.398987
381	-69.549576	230.878799	-134.830597	133.847763	0.000000	0.000000	3.750000	402.743835	-210.223618
382	1051.111206	941.482361	135.350952	133.341476	0.000000	0.000000	3.750000	-1005.570618	-793.441650
383	-1040.646729	-1260.276489	-134.518906	-174.082275	0.000000	0.000000	3.750000	797.044617	1027.428101
384	37.241928	-372.183350	43.427734	-184.970123	0.000000	0.000000	3.750000	-133.601364	261.029999
385	798.704834	-240.626404	160.285187	-102.022812	0.000000	0.000000	3.750000	-752.598877	502.566437
386	245.148254	-831.307617	64.167511	-191.536102	0.000000	0.000000	3.750000	-199.938507	940.125183
387	-849.780823	1055.408569	-128.386200	148.097473	0.000000	0.000000	3.750000	604.972778	-798.466187
388	-836.055054	33.754208	-199.338837	16.126558	0.000000	0.000000	3.750000	592.710510	85.633736
389	-872.866211	-968.713623	-131.744324	-119.697037	0.000000	0.000000	3.750000	1024.492065	817.472961
390	253.747665	-187.100128	193.341339	-31.312277	0.000000	0.000000	3.750000	-235.437775	137.348480
391	-22.999184	-235.599518	-108.768478	-158.189484	0.000000	0.000000	3.750000	347.269135	262.032501
392	-1217.720337	576.003784	-178.547546	102.744385	0.000000	0.000000	3.750000	1212.722656	-514.504700
393	-883.109009	-958.259644	-119.892044	-149.965118	0.000000	0.000000	3.750000	695.675171	1155.410645
394	544.779724	-1294.625854	87.936684	-186.287262	0.000000	0.000000	3.750000	-499.770752	1355.729858
395	561.873413	502.885651	111.564377	153.794861	0.000000	0.000000	3.750000	-677.378662	-731.497925
396	1054.141479	-1061.407837	139.258270	-149.074249	0.000000	0.000000	3.750000	-1028.489624	1115.220337
397	-207.875702	866.903442	-67.181061	188.377930	0.000000	0.000000	3.750000	211.048126	-994.850525
398	1307.747314	77.832596	203.879242	6.983100	0.000000	0.000000	3.750000	-1538.159058	101.802452
399	1122.927124	-47.953339	195.934814	5.042876	0.000000	0.000000	3.750000	-1208.465698	34.281818
400	959.954407	324.486359	189.238190	81.393456	0.000000	0.000000	3.750000	-1001.407837	-444.753540
401	833.798706	-250.692810	183.662582	-40.147560	0.000000	0.000000	3.750000	-972.062439	303.603027
402	814.180237	1331.857788	130.634232	174.523331	0.000000	0.000000	3.750000	-939.830200	-1643.178589
403	-197.236771	-979.666504	-75.198639	-174.485077	0.000000	0.000000	3.750000	370.685486	1052.638550
404	36.627083	-337.341156	-21.919712	-200.658875	0.000000	0.000000	3.750000	-90.535599	183.029739
405	-406.446564	-1088.969360	-75.188286	-145.744247	0.000000	0.000000	3.750000	197.291702	678.443481
406	1106.426147	516.477661	173.309540	91.538193	0.000000	0.000000	3.750000	-1372.819824	-475.996887
407	70.356049	1276.620972	-11.399664	201.677856	0.000000	0.000000	3.750000	5.551205	-1449.951660
408	-9.335928	226.968048	-51.416046	189.102356	0.000000	0.000000	3.750000	75.872047	-161.506989
409	-1005.600220	-855.706543	-159.254181	-114.254433	0.000000	0.000000	3.750000	948.501648	696.358704
410	444.787537	708.505920	116.227661	167.651535	0.000000	0.000000	3.750000	-757.942810	-1029.135986
411	1209.083618	131.759552	192.073456	39.035156	0.000000	0.000000	3.750000	-1405.117676	-217.255020
412	853.075867	-756.957214	165.770813	-104.575378	0.000000	0.000000	3.750000	-844.800903	508.058685
413	-114.397415	770.243469	-46.615326	177.994308	0.000000	0.000000	3.750000	79.945686	-772.558289
414	937.007385	-679.542969	162.196350	-95.059280	0.000000	0.000000	3.750000	-951.925903	481.364960
415	-454.895599	311.511597	-167.742966	116.091446	0.000000	0.000000	3.750000	821.041138	-394.459045
416	1040.791870	-934.373962	148.228027	-128.235107	0.000000	0.000000	3.750000	-1121.449341	769.857849
417	-1071.317261	852.523132	-164.146149	117.725433	0.000000	0.000000	3.750000	1108.442993	-517.297119
418	-1081.838379	-322.116730	-201.933517	-28.962179	0.000000	0.000000	3.750000	1197.897339	210.804352
419	1288.366211	94.200104	205.764709	30.410355	0.000000	0.000000	3.750000	-754.835938	-196.393890
420	1031.186035	-898.083557	164.555450	-133.660553	0.000000	0.000000	3.750000	-792.510925	749.776917
421	138.991058	687.910767	72.028465	173.654541	0.000000	0.000000	3.750000	-319.189880	-773.895386
422	1038.516479	-1012.834595	141.625671	-138.369614	0.000000	0.000000	3.750000	-1005.995422	907.822205
423	701.143311	-401.674469	180.015900	-82.440689	0.000000	0.000000	3.750000	-663.762451	168.791687
424	795.910400	835.945862	123.437576	159.896606	0.000000	0.000000	3.750000	-709.736633	-794.227661
425	259.507324	-448.078674	115.519165	-143.201645	0.000000	0.000000	3.750000	-414.665222	308.374512
426	270.941589	-111.770294	166.127991	103.914154	0.000000	0.000000	3.750000	-300.311401	-54.553280
427	1359.751221	-514.317383	203.491150	-72.438370	0.000000	0.000000	3.750000	-1234.425049	375.724670
428	925.006531	-261.276154	187.264404	-50.667900	0.000000	0.000000	3.750000	-891.621399	369.511871
429	-1090.503662	282.198914	-185.749512	74.126740	0.000000	0.000000	3.750000	796.129272	-163.638245
430	554.950256	-439.639709	167.682816	-109.005997	0.000000	0.000000	3.750000	-1474.985596	1090.576050
431	-320.658630	274.992493	-131.866058	122.515533	0.000000	0.000000	3.750000	551.022583	-343.843658
432	-202.260254	-316.792358	-61.802101	-179.627045	0.000000	0.000000	3.750000	58.945724	127.303215
433	-131.391205	12.906628	-109.626434	162.361923	0.000000	0.000000	3.750000	-14.845943	-21.994528
434	1144.079224	-409.327972	203.133850	-44.722511	0.000000	0.000000	3.750000	-1062.137573	364.544983
435	-925.931885	371.547058	-157.097198	83.691292	0.000000	0.000000	3.750000	892.463379	-367.905487
436	410.632812	728.758118	108.183342	168.204651	0.000000	0.000000	3.750000	-513.304993	-479.771667
437	-246.796265	139.770996	-105.915192	172.004486	0.000000	0.000000	3.750000	36.316017	-113.953125
438	896.739868	-898.829102	129.335510	-139.183929	0.000000	0.000000	3.750000	-725.566223	890.895447
439	1372.231201	-123.381638	203.735153	10.391768	0.000000	0.000000	3.750000	-1195.206787	-45.104668
440	1225.885620	-24.383938	188.644592	22.654152	0.000000	0.000000	3.750000	-933.287415	-69.924995
441	1174.150146	-121.138763	207.998398	-0.467301	0.000000	0.000000	3.750000	-1219.223999	132.947571
442	-1030.080322	829.396118	-134.173996	125.910004	0.000000	0.000000	3.750000	901.341675	-813.807373
443	955.608521	958.499023	122.667419	155.423584	0.000000	0.000000	3.750000	-611.220520	-976.980713
444	-543.772522	1109.836548	-78.899689	172.840820	0.000000	0.000000	3.750000	302.230316	-1276.735474
445	164.236572	-1430.676147	36.383579	-212.913483	0.000000	0.000000	3.750000	-195.237015	1469.945801
446	-489.528534	1012.807373	-87.399872	164.182587	0.000000	0.000000	3.750000	358.336761	-1321.105103
447	613.125854	596.373901	113.355278	152.478271	0.000000	0.000000	3.750000	-570.748474	-577.074463
448	-483.711487	-896.393799	-89.197441	-181.238373	0.000000	0.000000	3.750000	309.976410	908.316711
449	-533.967957	-914.013855	-104.658722	-172.772522	0.000000	0.000000	3.750000	220.443726	465.606506
450	390.006653	-311.748413	149.669571	-155.696991	0.000000	0.000000	3.750000	-387.384583	196.391373
451	1001.704468	-704.121765	154.693436	-117.072380	0.000000	0.000000	3.750000	-836.500427	615.375610
452	-858.301819	-523.251831	-179.462433	-83.646721	0.000000	0.000000	3.750000	1761.923706	562.865906
453	691.513550	1225.767822	101.901978	162.725235	0.000000	0.000000	3.750000	-543.975525	-1285.242432
454	126.606819	592.617920	10.157588	193.732727	0.000000	0.000000	3.750000	-130.965317	-853.381592
455	26.127028	-179.224609	-126.821571	-139.938904	0.000000	0.000000	3.750000	-72.453636	26.606987
456	-591.316223	-160.357605	-165.260040	-93.738655	0.000000	0.000000	3.750000	357.712982	130.273285
457	1186.562988	-499.151062	187.246628	-42.457745	0.000000	0.000000	3.750000	-1425.093628	268.040253
458	-477.770233	734.452942	-108.469711	158.423248	0.000000	0.000000	3.750000	438.374237	-837.008423
459	-465.819641	97.975761	-188.471069	87.944931	0.000000	0.000000	3.750000	512.226257	-53.022060
460	574.895874	1162.377563	104.799301	179.669403	0.000000	0.000000	3.750000	-608.175293	-1135.308350
461	209.373734	-1262.307373	41.686596	-177.161591	0.000000	0.000000	3.750000	-331.498108	1395.687012
462	885.585693	-616.314209	171.280777	-114.450394	0.000000	0.000000	3.750000	-887.144226	615.867188
463	703.015625	-1042.265747	105.475151	-155.624420	0.000000	0.000000	3.750000	-702.991638	957.574768
464	-136.904770	-1059.571899	-21.343054	-182.756577	0.000000	0.000000	3.750000	-20.476158	1182.495117
465	-533.034180	-1310.857666	-77.622925	-190.813873	0.000000	0.000000	3.750000	329.676208	1505.951294
466	53.838516	-880.323975	-7.640100	-187.843079	0.000000	0.000000	3.750000	-79.698853	960.753052
467	-710.645325	267.503754	-185.088028	90.415962	0.000000	0.000000	3.750000	829.197510	-132.008179
468	74.639236	-1266.188110	7.925905	-193.837128	0.000000	0.000000	3.750000	-119.998352	1147.101929
469	255.317734	-1258.462891	34.361393	-180.762985	0.000000	0.000000	3.750000	-314.639465	1431.740479
470	687.729614	-1196.310791	100.500397	-163.595627	0.000000	0.000000	3.750000	-637.049377	1253.272827
471	-31.904718	-1118.094727	4.960965	-195.936951	0.000000	0.000000	3.750000	-117.556740	1346.347290
472	-7.398899	-152.707672	-183.356140	-61.360634	0.000000	0.000000	3.750000	54.117565	1.555408
473	-23.555107	533.463806	-21.541555	186.761597	0.000000	0.000000	3.750000	45.201210	-901.587891
474	-437.995209	796.064636	-121.298203	166.501144	0.000000	0.000000	3.750000	491.329376	-792.121399
475	-294.244202	-1243.669922	-60.884216	-182.088165	0.000000	0.000000	3.750000	150.413239	1393.815552
476	457.762970	1089.297607	59.446632	165.655670	0.000000	0.000000	3.750000	-221.079269	-1015.776428
477	-1185.913818	-111.482117	-187.383774	-15.206963	0.000000	0.000000	3.750000	1317.387573	179.639999
478	-749.959106	676.909607	-118.924210	137.771088	0.000000	0.000000	3.750000	643.946655	-629.762756
479	246.195953	546.816895	74.461060	174.794800	0.000000	0.000000	3.750000	-427.373413	-591.003662
480	823.966064	1012.140503	128.059525	143.055084	0.000000	0.000000	3.750000	-767.368286	-856.538757
481	627.746460	-585.765564	161.957718	-127.295700	0.000000	0.000000	3.750000	-563.220459	610.060730
482	-1078.445312	1009.751221	-135.093292	139.232895	0.000000	0.000000	3.750000	956.315308	-990.449585
483	1295.806885	66.331711	197.870636	40.455494	0.000000	0.000000	3.750000	-356.033813	-76.180199
484	1260.536621	68.183273	190.572388	23.368576	0.000000	0.000000	3.750000	-1300.399536	-176.100037
485	460.000671	616.339478	96.429337	179.747131	0.000000	0.000000	3.750000	-298.999603	-315.350555
486	355.152496	-1051.441650	59.967636	-186.600677	0.000000	0.000000	3.750000	-285.677399	1034.657837
487	836.602844	-1113.582275	109.060013	-150.671417	0.000000	0.000000	3.750000	-747.654968	1143.468140
488	269.350891	-617.321106	91.774124	-173.185303	0.000000	0.000000	3.750000	-422.889130	690.639160
489	821.780396	866.481934	110.708160	144.453491	0.000000	0.000000	3.750000	-480.976685	-1012.230591
490	-1109.664062	-1027.862793	-163.713654	-125.034302	0.000000	0.000000	3.750000	1262.180542	802.038574
491	1324.465820	564.593262	188.014526	93.540123	0.000000	0.000000	3.750000	-1338.176514	-413.039459
492	-992.451904	1163.959351	-131.160095	158.848633	0.000000	0.000000	3.750000	755.600403	-1110.962402
493	-767.207825	-594.479736	-179.360596	-73.930717	0.000000	0.000000	3.750000	888.361023	337.424591
494	702.057617	740.653809	134.574478	142.497559	0.000000	0.000000	3.750000	-766.148926	-725.025940
495	-1161.779541	264.880554	-181.413757	41.045567	0.000000	0.000000	3.750000	402.928680	5.684228
496	272.065857	893.240112	93.245178	176.932709	0.000000	0.000000	3.750000	-487.745544	-812.796387
497	1220.518433	289.925049	172.696838	88.382065	0.000000	0.000000	3.750000	-1360.410889	-481.212097
498	694.434875	1046.622803	104.088577	173.116760	0.000000	0.000000	3.750000	-821.046875	-1195.137695
499	-593.068848	482.783752	-146.748871	144.567291	0.000000	0.000000	3.750000	610.030212	-442.430939
500	-164.839264	1108.219482	-22.721909	186.621841	0.000000	0.000000	3.750000	46.069088	-931.492493
501	-306.404663	-1181.996460	-34.822094	-184.746796	0.000000	0.000000	3.750000	227.266434	1103.551270
502	-1129.723267	-582.750061	-155.817139	-94.044815	0.000000	0.000000	3.750000	1249.980103	458.499054
503	-932.603821	337.524200	-179.302307	83.990845	0.000000	0.000000	3.750000	916.025513	-319.763092
504	66.417107	1255.521484	2.163050	201.988373	0.000000	0.000000	3.750000	-188.542984	-5262.639648
505	243.030396	140.855957	148.327408	105.403198	0.000000	0.000000	3.750000	-325.357025	-44.589935
506	-880.483643	-79.991257	-181.779266	8.956814	0.000000	0.000000	3.750000	971.510803	12.906899
507	-341.128418	-887.595581	-125.718033	-150.368988	0.000000	0.000000	3.750000	530.530212	718.858337
508	56.185471	-281.292786	-56.134830	-187.185822	0.000000	0.000000	3.750000	-158.248108	181.645676
509	244.229050	-911.762756	78.275269	-190.547821	0.000000	0.000000	3.750000	-367.096588	749.852661
510	-546.161560	260.413940	-167.162552	109.801926	0.000000	0.000000	3.750000	687.597778	-386.180084
511	914.182983	829.345459	128.526703	147.975800	0.000000	0.000000	3.750000	-993.769897	-1260.315552
512	-66.281555	709.425842	-25.632259	198.347137	0.000000	0.000000	3.750000	86.857635	-513.916626
513	408.367645	-957.720520	60.562424	-177.977661	0.000000	0.000000	3.750000	-237.620300	864.197144
514	593.160034	1018.223755	66.016571	180.291901	0.000000	0.000000	3.750000	-252.695740	-1255.260864
515	870.938171	-939.188049	126.802322	-127.754044	0.000000	0.000000	3.750000	-1054.142578	912.381592
516	785.644104	-589.015625	161.109833	-88.876152	0.000000	0.000000	3.750000	-1050.976440	396.597992
517	-1030.192261	1040.573730	-138.823364	160.224670	0.000000	0.000000	3.750000	762.068359	-1014.790955
518	-44.287750	-598.829163	33.603889	-170.668152	0.000000	0.000000	3.750000	-76.495682	120.348694
519	46.516476	-1338.289795	21.748363	-204.848541	0.000000	0.000000	3.750000	-76.438194	1291.409058
520	-816.730164	-1117.472900	-110.966782	-187.643326	0.000000	0.000000	3.750000	506.962067	1076.194702
521	261.172852	-283.898193	147.233871	-129.362854	0.000000	0.000000	3.750000	-575.312622	312.081543
522	303.213989	1099.060181	72.337357	188.603302	0.000000	0.000000	3.750000	-342.795013	-1073.984863
523	291.046051	-1064.309326	73.256050	-188.248230	0.000000	0.000000	3.750000	-348.185120	1125.965942
524	-665.579285	-740.655457	-106.396385	-178.725449	0.000000	0.000000	3.750000	356.430359	839.876404
525	-491.769501	233.471497	-162.624084	98.234970	0.000000	0.000000	3.750000	385.355560	-84.993599
526	959.310730	-730.624756	161.367889	-111.248985	0.000000	0.000000	3.750000	-1183.477661	725.491760
527	-251.389755	-249.025543	-71.882568	-188.775299	0.000000	0.000000	3.750000	151.172668	341.607269
528	972.598511	-1008.169067	133.805511	-126.301407	0.000000	0.000000	3.750000	-1166.370117	980.100891
529	226.304657	315.800781	133.822525	145.875763	0.000000	0.000000	3.750000	-443.775818	-146.623734
530	1143.492920	-49.545410	183.989349	-1.929756	0.000000	0.000000	3.750000	-1385.520874	127.575607
531	484.953552	884.926636	114.185188	161.758286	0.000000	0.000000	3.750000	-591.907532	-846.748352
532	765.561218	909.763550	118.621208	145.851822	0.000000	0.000000	3.750000	-899.827637	-1434.608276
533	492.357544	-410.378296	156.340134	-127.895386	0.000000	0.000000	3.750000	-414.002441	589.417053
534	-883.223328	-783.174683	-147.284622	-129.318359	0.000000	0.000000	3.750000	743.357666	669.553711
535	-415.107330	-81.920036	-199.204712	-52.442245	0.000000	0.000000	3.750000	296.176453	145.473328
536	-457.772888	-1351.903076	-53.320503	-194.832977	0.000000	0.000000	3.750000	104.832748	1498.304932
537	872.978333	-1210.903809	121.017456	-156.711823	0.000000	0.000000	3.750000	-710.973206	1153.283325
538	1047.341797	25.457512	197.684418	11.174343	0.000000	0.000000	3.750000	-1187.400635	-72.876518
539	-1026.180542	-689.568481	-153.671341	-111.736771	0.000000	0.000000	3.750000	1067.662354	744.992798
540	638.665222	36.393257	173.669037	10.723886	0.000000	0.000000	3.750000	-848.382690	-35.940002
541	775.979858	529.617737	158.249939	97.734962	0.000000	0.000000	3.750000	-967.043091	-395.426361
542	532.487610	-653.530090	135.043121	-133.652618	0.000000	0.000000	3.750000	-574.011902	687.624084
543	-1140.581787	397.140411	-180.272522	81.888977	0.000000	0.000000	3.750000	1262.976685	-497.199921
544	-617.839294	482.189178	-129.039185	163.132080	0.000000	0.000000	3.750000	456.103638	-444.281708
545	-738.808777	-470.968933	-142.376770	-128.813232	0.000000	0.000000	3.750000	474.463715	425.174927
546	-798.743835	-1226.183960	-101.109520	-163.218475	0.000000	0.000000	3.750000	533.110535	1352.076782
547	-909.317871	-1115.244507	-113.514709	-147.344238	0.000000	0.000000	3.750000	779.850220	1199.076050
548	1001.044678	784.042542	155.668457	119.092300	0.000000	0.000000	3.750000	-1434.857300	-818.123596
549	-566.403442	-1143.287354	-64.547821	-191.407776	0.000000	0.000000	3.750000	139.270538	839.719421
550	-1296.523804	639.437195	-175.511795	95.889908	0.000000	0.000000	3.750000	1448.253784	-485.835114
551	69.156311	-405.010803	107.395889	-185.092606	0.000000	0.000000	3.750000	-236.741928	250.102417
552	680.581787	-207.119751	179.337906	-41.156197	0.000000	0.000000	3.750000	-758.272949	156.341965
553	-448.618286	307.100067	-103.080490	169.047089	0.000000	0.000000	3.750000	298.213409	-407.865662
554	1208.445679	107.508766	188.905121	20.348888	0.000000	0.000000	3.750000	-942.948059	-3.110002
555	1019.248657	558.455566	158.956604	92.674667	0.000000	0.000000	3.750000	-1123.714600	-496.482971
556	-1070.775635	361.206177	-160.630646	81.224518	0.000000	0.000000	3.750000	1269.574341	-430.910736
557	-224.053802	778.308105	-44.132286	197.119354	0.000000	0.000000	3.750000	140.302826	-959.625549
558	-1389.305176	-43.545258	-203.672211	11.469730	0.000000	0.000000	3.750000	918.504578	100.041885
559	-181.284668	-398.048065	-33.613770	-178.855576	0.000000	0.000000	3.750000	213.300659	464.486633
560	-711.589111	673.115784	-131.465347	128.726929	0.000000	0.000000	3.750000	422.800659	-305.661743
561	337.429932	-51.697330	189.732269	-90.009117	0.000000	0.000000	3.750000	-661.292114	293.303131
562	834.692261	665.797668	146.895355	147.260529	0.000000	0.000000	3.750000	-841.233887	-766.570618
563	-238.758148	443.301025	-82.989517	197.249634	0.000000	0.000000	3.750000	138.412796	-465.705872
564	88.821457	794.172729	49.756527	172.986206	0.000000	0.000000	3.750000	-263.532318	-777.317932
565	590.885925	338.796844	182.417160	81.999817	0.000000	0.000000	3.750000	-859.402527	-404.190491
566	16.230526	-553.721375	55.031548	-198.347046	0.000000	0.000000	3.750000	-82.449127	111.231461
567	-1370.444580	-450.038666	-186.368652	-72.569016	0.000000	0.000000	3.750000	1346.816895	317.640533
568	574.864014	-221.060913	178.660797	-58.514008	0.000000	0.000000	3.750000	-797.890137	191.564804
569	1233.071167	627.287964	190.769257	87.785446	0.000000	0.000000	3.750000	-1521.452148	-408.860657
570	1161.620239	926.465027	158.409271	122.091690	0.000000	0.000000	3.750000	-1316.941284	-855.628662
571	-251.325027	-1267.360840	-21.134623	-194.857025	0.000000	0.000000	3.750000	88.288460	1315.329956
572	79.911598	952.372681	33.074635	162.665466	0.000000	0.000000	3.750000	-51.064873	-463.184784
573	696.097107	193.855713	170.345276	44.250916	0.000000	0.000000	3.750000	-882.067627	-306.953125
574	-374.409332	-524.699280	-68.585968	-159.911438	0.000000	0.000000	3.750000	278.502655	519.428711
575	1080.768555	364.807922	182.068069	60.951988	0.000000	0.000000	3.750000	-1091.731079	-411.618286
576	-1228.201538	147.659653	-201.604156	42.273621	0.000000	0.000000	3.750000	427.433350	-6.497295
577	-1159.708618	885.735718	-153.766174	124.737289	0.000000	0.000000	3.750000	434.797455	-210.449371
578	-483.974030	-72.554703	-185.662140	-11.140978	0.000000	0.000000	3.750000	401.262848	93.722534
579	-40.447956	1199.765625	8.756013	193.801590	0.000000	0.000000	3.750000	-193.383209	-1353.930298
580	-600.914917	-545.370667	-134.740997	-139.564514	0.000000	0.000000	3.750000	237.852859	306.887054
581	199.368057	964.173218	46.305187	206.881180	0.000000	0.000000	3.750000	-200.493439	-978.123108
582	404.826263	36.120384	149.684555	132.620468	0.000000	0.000000	3.750000	-441.100647	-193.983688
583	-1020.607910	-538.278625	-188.761505	-77.343948	0.000000	0.000000	3.750000	752.853333	112.766068
584	1094.200195	-966.954956	147.257034	-120.063683	0.000000	0.000000	3.750000	-1241.301025	859.728210
585	-1106.716919	1137.572998	-138.648651	146.903107	0.000000	0.000000	3.750000	929.740417	-1065.056396
586	1222.416504	-103.095154	193.972107	3.193780	0.000000	0.000000	3.750000	-1185.255859	129.982010
587	-1240.471558	-134.609207	-187.531036	13.267602	0.000000	0.000000	3.750000	931.895630	28.570341
588	-204.891830	799.459412	-55.674431	177.458984	0.000000	0.000000	3.750000	43.671719	-514.715454
589	-1042.359863	785.560242	-157.610779	126.340874	0.000000	0.000000	3.750000	1001.814087	-524.017151
590	-927.805176	-1112.974487	-125.019676	-150.950577	0.000000	0.000000	3.750000	844.277710	976.443420
591	-78.579918	-856.219482	-32.348450	-197.365845	0.000000	0.000000	3.750000	200.746613	839.851990
592	312.888092	104.548653	178.983551	18.952211	0.000000	0.000000	3.750000	-496.713196	120.399582
593	-1081.830078	-1016.527100	-130.387466	-138.199234	0.000000	0.000000	3.750000	870.990723	1063.672119
594	-1340.241577	31.577637	-202.089706	27.851971	0.000000	0.000000	3.750000	1115.716553	-146.920517
595	1217.918579	-659.639404	172.380188	-75.025658	0.000000	0.000000	3.750000	-1347.705566	440.298950
596	1001.226807	141.152344	191.753052	29.439575	0.000000	0.000000	3.750000	-931.127869	-182.053070
597	-885.347534	-329.400482	-179.322418	-31.103249	0.000000	0.000000	3.750000	1074.331909	156.473572
598	-862.957397	-903.496277	-158.971741	-111.191185	0.000000	0.000000	3.750000	892.033630	467.492035
599	700.835022	-1054.225220	116.801590	-154.897659	0.000000	0.000000	3.750000	-788.079773	912.187439
600	-422.100586	986.228333	-86.443825	178.131866	0.000000	0.000000	3.750000	338.485901	-982.588440
601	-1179.470337	-511.416412	-180.645554	-94.778641	0.000000	0.000000	3.750000	955.935120	559.561646
602	-352.605469	-1142.797607	-69.583145	-183.231720	0.000000	0.000000	3.750000	247.684967	938.293701
603	779.501221	765.506042	154.932358	113.401474	0.000000	0.000000	3.750000	-894.823975	-583.177185
604	981.299438	994.566040	124.118881	130.361084	0.000000	0.000000	3.750000	-510.126801	-631.223694
605	216.046906	-1224.841309	19.650517	-188.980988	0.000000	0.000000	3.750000	-88.320465	1505.682129
606	1151.895996	1051.104614	136.993530	137.363647	0.000000	0.000000	3.750000	-1118.946777	-1087.127075
607	-881.277344	420.304565	-179.091858	101.779221	0.000000	0.000000	3.750000	825.733276	-206.685043
608	-63.270607	-603.989746	14.638959	-195.451416	0.000000	0.000000	3.750000	-30.717733	711.376465
609	292.080109	24.847572	187.884918	28.212753	0.000000	0.000000	3.750000	-464.595917	44.835247
610	1092.990723	510.405975	189.931427	74.444603	0.000000	0.000000	3.750000	-1079.814209	-471.040344
611	873.109375	809.039856	169.832977	113.016319	0.000000	0.000000	3.750000	-944.964111	-554.160095
612	-806.714844	974.258606	-109.079987	155.565186	0.000000	0.000000	3.750000	517.350403	-1269.708496
613	-928.860596	-554.744141	-185.829208	-88.900818	0.000000	0.000000	3.750000	831.606812	462.833923
614	-631.901917	991.866089	-118.643829	150.955673	0.000000	0.000000	3.750000	319.224426	-518.841736
615	-292.658569	62.651291	-186.518982	42.638695	0.000000	0.000000	3.750000	-4.883663	-11.844834
616	664.078308	161.280991	183.393524	41.358612	0.000000	0.000000	3.750000	-779.610779	-141.376480
617	726.538940	-1045.392578	116.991898	-157.254242	0.000000	0.000000	3.750000	-898.405823	1185.515381
618	476.306519	394.077454	166.720306	124.342117	0.000000	0.000000	3.750000	-697.715027	-226.260696
619	979.155029	145.951767	186.259155	46.597668	0.000000	0.000000	3.750000	-1057.586914	-338.531281
620	366.124451	-368.021912	105.807610	-174.405792	0.000000	0.000000	3.750000	-250.211029	294.247986
621	500.244446	276.636017	194.366364	84.636391	0.000000	0.000000	3.750000	-425.330353	-117.781723
622	-289.624237	1105.375244	-56.058380	198.224777	0.000000	0.000000	3.750000	197.205475	-1166.669678
623	-725.650757	1000.967896	-117.470856	161.863281	0.000000	0.000000	3.750000	529.173340	-1139.407104
624	-666.773193	929.324463	-121.461754	148.697021	0.000000	0.000000	3.750000	667.210449	-1017.539124
625	-237.677826	-1026.530029	-29.060356	-177.638672	0.000000	0.000000	3.750000	131.442276	1120.563232
626	-49.678596	-631.417908	10.975196	-199.698318	0.000000	0.000000	3.750000	-85.998466	795.071960
627	961.724243	482.474854	167.625900	126.496384	0.000000	0.000000	3.750000	-888.862488	-572.346497
628	-821.197083	1069.114014	-125.278442	163.520615	0.000000	0.000000	3.750000	343.515625	-675.612244
629	-1236.091431	-371.930267	-182.073578	-60.930943	0.000000	0.000000	3.750000	1297.886475	215.260254
630	1045.127441	-163.698776	203.998657	0.672603	0.000000	0.000000	3.750000	-1241.563965	57.265053
631	856.704590	217.832123	165.591553	46.508293	0.000000	0.000000	3.750000	-707.392761	-283.296722
632	-1099.966797	263.518616	-180.687378	58.751774	0.000000	0.000000	3.750000	1372.013550	-280.312317
633	478.622498	499.221710	135.738693	146.882812	0.000000	0.000000	3.750000	-636.567932	-584.801147
634	-502.724579	-117.063629	-187.215729	32.384830	0.000000	0.000000	3.750000	782.209839	12.245258
635	-487.793884	850.319580	-100.396225	170.655365	0.000000	0.000000	3.750000	333.844727	-974.954285
636	1126.217773	991.475708	141.172180	144.479080	0.000000	0.000000	3.750000	-626.298523	-592.622498
637	-251.185654	-427.475128	-89.839951	-153.664474	0.000000	0.000000	3.750000	384.344818	667.543884
638	903.910217	304.461975	178.218674	53.221584	0.000000	0.000000	3.750000	-686.176514	-355.212769
639	-409.171082	-1242.140137	-95.020462	-159.895096	0.000000	0.000000	3.750000	415.795319	1153.789429
640	-200.961487	440.194855	-35.898582	182.475281	0.000000	0.000000	3.750000	-20.889215	-205.203644
641	-935.973511	1144.834839	-124.645760	151.257904	0.000000	0.000000	3.750000	563.262024	-902.988647
642	1057.389648	1109.398804	147.757446	140.654190	0.000000	0.000000	3.750000	-991.986755	-808.889832
643	469.627686	-1189.226562	77.263809	-175.767090	0.000000	0.000000	3.750000	-406.091583	1233.878906
644	707.417725	552.668884	151.669678	117.729492	0.000000	0.000000	3.750000	-860.702759	-609.508972
645	-282.114044	467.609070	-108.440430	165.659485	0.000000	0.000000	3.750000	189.275604	-192.419067
646	-528.549683	-709.106873	-144.652023	-129.274078	0.000000	0.000000	3.750000	722.449646	662.682800
647	-768.255493	-514.205444	-151.784973	-117.581039	0.000000	0.000000	3.750000	735.296997	527.004578
648	1185.957031	910.818970	142.137283	151.858459	0.000000	0.000000	3.750000	-912.639771	-1006.063904
649	-1291.286255	-969.036255	-179.535309	-120.094330	0.000000	0.000000	3.750000	1275.827148	631.126526
650	-216.850693	-337.923279	-28.949556	-197.874268	0.000000	0.000000	3.750000	166.114502	395.715759
651	-1134.699219	-219.621170	-174.970718	-32.699051	0.000000	0.000000	3.750000	1349.384033	207.535767
652	-583.484619	-337.186371	-181.919373	-78.162117	0.000000	0.000000	3.750000	706.825195	286.157196
653	579.168335	-1100.656494	94.867218	-171.511444	0.000000	0.000000	3.750000	-574.901306	1153.557373
654	1221.136597	957.581055	145.740967	131.055206	0.000000	0.000000	3.750000	-1181.035278	-897.472107
655	-1179.137207	-13.687883	-208.880646	-21.653515	0.000000	0.000000	3.750000	1192.526123	110.165886
656	274.220886	-871.018860	65.385406	-186.892136	0.000000	0.000000	3.750000	-162.841125	562.919250
657	-39.090996	-173.048676	-159.149323	-80.594238	0.000000	0.000000	3.750000	13.314831	20.509354
658	-1067.385620	-1228.789185	-165.260544	-154.158478	0.000000	0.000000	3.750000	655.540649	597.489929
659	195.567612	1201.313354	27.959053	196.016052	0.000000	0.000000	3.750000	-175.982849	-1234.772095
660	912.297791	1132.919189	126.576752	162.524811	0.000000	0.000000	3.750000	-773.083252	-1000.653381
661	219.282364	-1235.463379	19.874271	-201.019897	0.000000	0.000000	3.750000	-85.799675	1135.900146
662	-612.996765	638.771973	-132.860489	135.821747	0.000000	0.000000	3.750000	377.667633	-371.898743
663	-433.185944	-1029.386353	-58.700333	-197.458984	0.000000	0.000000	3.750000	302.607666	1437.030518
664	478.410400	-130.877991	179.597198	-83.336609	0.000000	0.000000	3.750000	-455.397705	72.746521
665	-303.325958	-983.115234	-96.717651	-161.210358	0.000000	0.000000	3.750000	197.974136	494.390228
666	808.940918	-609.751221	159.231354	-142.970245	0.000000	0.000000	3.750000	-585.148621	643.480286
667	137.778748	1279.393433	35.867798	190.655319	0.000000	0.000000	3.750000	-283.243591	-1277.002686
668	533.914734	-505.519836	146.150879	-136.517944	0.000000	0.000000	3.750000	-391.334717	572.421814
669	-1129.279785	409.439392	-173.157196	78.206284	0.000000	0.000000	3.750000	1211.116089	-362.919128
670	-482.491760	-1060.207031	-138.215256	-173.725464	0.000000	0.000000	3.750000	647.727112	816.666138
671	-1016.192871	756.737793	-141.471542	146.975220	0.000000	0.000000	3.750000	800.514771	-955.456787
672	-109.411545	308.189545	-120.936264	161.773590	0.000000	0.000000	3.750000	142.218536	-103.804283
673	-308.368134	-17.218338	-198.072479	39.614342	0.000000	0.000000	3.750000	367.143616	18.116728
674	703.401367	1018.638794	102.515625	174.053131	0.000000	0.000000	3.750000	-463.110413	-920.236267
675	-20.173691	210.991943	-109.793106	181.321518	0.000000	0.000000	3.750000	35.958778	-151.785034
676	963.911804	1062.862793	114.080063	146.907257	0.000000	0.000000	3.750000	-1301.341919	-1726.252930
677	499.434662	-1158.404663	90.187408	-180.749054	0.000000	0.000000	3.750000	-572.876038	1227.890259
678	757.375305	-1149.444702	102.950119	-169.130920	0.000000	0.000000	3.750000	-635.294800	1096.414917
679	-616.723511	-177.497421	-185.450317	-30.856056	0.000000	0.000000	3.750000	761.485107	95.597359
680	-82.625107	81.981880	-20.010216	206.400375	0.000000	0.000000	3.750000	-186.239929	-90.160461
681	389.774841	-839.103821	86.822220	-184.601990	0.000000	0.000000	3.750000	-418.924316	864.632385
682	896.122253	-693.720459	142.230835	-110.318619	0.000000	0.000000	3.750000	-892.696838	606.475586
683	-794.495789	0.525249	-187.334869	31.701786	0.000000	0.000000	3.750000	800.507812	-17.144722
684	174.638687	-686.405579	26.030998	-170.018585	0.000000	0.000000	3.750000	-143.548431	740.791626
685	-816.884644	673.350708	-116.355614	139.947739	0.000000	0.000000	3.750000	622.126038	-766.297546
686	-132.152557	-242.634308	-111.177353	-163.823944	0.000000	0.000000	3.750000	345.425934	308.840210
687	289.258270	1024.044556	71.950394	175.849640	0.000000	0.000000	3.750000	-528.557251	-1163.237671
688	-1184.304199	1199.351807	-153.023727	155.266663	0.000000	0.000000	3.750000	1028.773193	-1092.633057
689	-304.391479	763.106506	-71.277863	178.278900	0.000000	0.000000	3.750000	281.011383	-627.222778
690	1092.581543	757.347412	147.640198	125.849930	0.000000	0.000000	3.750000	-1014.770081	-730.495605
691	-496.683228	891.586487	-102.354599	183.366241	0.000000	0.000000	3.750000	362.899109	-790.282898
692	794.384277	-1132.929199	108.493515	-155.977829	0.000000	0.000000	3.750000	-684.782104	1141.692993
693	991.967529	253.601868	193.218628	32.902264	0.000000	0.000000	3.750000	-1080.228149	-171.956497
694	-786.820679	-1130.081299	-127.955971	-143.147659	0.000000	0.000000	3.750000	724.643677	770.081055
695	-1182.411621	443.480316	-175.440796	48.415798	0.000000	0.000000	3.750000	1167.148560	-146.842636
696	503.435699	154.420013	139.133377	146.412750	0.000000	0.000000	3.750000	-632.265259	-309.687408
697	1064.462036	-70.114952	191.947037	-4.266021	0.000000	0.000000	3.750000	-755.430908	180.540451
698	1026.152832	-1274.871826	130.792496	-164.296448	0.000000	0.000000	3.750000	-1050.795166	1340.255859
699	-1234.565430	-175.832123	-200.808685	-35.942478	0.000000	0.000000	3.750000	1240.254272	198.669571
700	-522.715393	-720.172485	-155.844498	-131.637726	0.000000	0.000000	3.750000	870.583374	714.272522
701	-821.341248	465.347717	-148.337997	108.865128	0.000000	0.000000	3.750000	728.408203	-445.669159
702	662.622192	940.982544	101.918533	172.082764	0.000000	0.000000	3.750000	-640.935791	-935.173462
703	340.979675	645.601379	65.999123	193.024933	0.000000	0.000000	3.750000	-172.849579	-399.406799
704	804.897217	1180.765137	118.214981	158.834564	0.000000	0.000000	3.750000	-687.931396	-1416.366455
705	30.320564	690.985413	-13.247570	205.559479	0.000000	0.000000	3.750000	-99.475494	-574.363953
706	749.072693	926.663147	133.362213	140.891052	0.000000	0.000000	3.750000	-682.926819	-609.612915
707	116.692322	290.056915	29.316315	205.839539	0.000000	0.000000	3.750000	-179.435028	-186.774765
708	1087.836548	-353.542908	194.376907	-61.916176	0.000000	0.000000	3.750000	-1116.838379	377.960052
709	-824.684692	-1100.239746	-103.064392	-157.230255	0.000000	0.000000	3.750000	590.472107	1277.924072
710	-212.652359	-951.334595	-14.613449	-199.463242	0.000000	0.000000	3.750000	-58.376865	1012.062378
711	473.047729	-1115.137085	76.961014	-180.257935	0.000000	0.000000	3.750000	-367.308838	1017.213501
712	1192.126343	-161.959503	201.984650	2.429978	0.000000	0.000000	3.750000	-1068.759399	90.996735
713	390.661438	640.578125	81.123024	169.596344	0.000000	0.000000	3.750000	-386.229706	-687.665588
714	63.224876	236.462723	29.674713	171.443115	0.000000	0.000000	3.750000	-265.096375	-556.763489
715	-728.564331	717.277222	-147.814850	128.711945	0.000000	0.000000	3.750000	1156.939209	-990.703308
716	1195.750488	-242.350449	183.851562	-47.943684	0.000000	0.000000	3.750000	-1351.510742	329.411957
717	79.247086	351.486938	6.717201	201.877136	0.000000	0.000000	3.750000	-144.548599	-506.015839
718	-751.720825	-1043.657837	-103.946800	-170.864288	0.000000	0.000000	3.750000	689.355347	1606.207520
719	-99.418549	-1143.658081	-38.950722	-183.920746	0.000000	0.000000	3.750000	205.608383	1083.531860
720	-901.609070	874.381653	-135.568893	121.428963	0.000000	0.000000	3.750000	1106.814087	-850.705200
721	898.778503	1083.389160	134.044357	140.241455	0.000000	0.000000	3.750000	-955.509949	-763.827393
722	767.888245	-613.144653	169.966248	-97.608795	0.000000	0.000000	3.750000	-629.756714	355.457672
723	-103.335045	308.315430	2.279528	195.946320	0.000000	0.000000	3.750000	-61.598145	-41.375484
724	619.239685	531.372864	164.039413	124.606972	0.000000	0.000000	3.750000	-1004.185425	-655.761475
725	392.378052	-882.876099	82.775246	-159.837524	0.000000	0.000000	3.750000	-485.238464	776.887207
726	1022.131226	-621.760925	168.670135	-83.031845	0.000000	0.000000	3.750000	-1109.777710	461.963348
727	-451.761261	791.453125	-104.445297	168.211182	0.000000	0.000000	3.750000	418.207184	-619.346375
728	844.453857	1034.123657	111.743088	165.870331	0.000000	0.000000	3.750000	-569.397705	-1235.004883
729	120.407104	-714.749756	-3.784793	-211.964142	0.000000	0.000000	3.750000	-23.456282	391.453247
730	488.553162	152.031097	115.703415	143.042999	0.000000	0.000000	3.750000	-464.346222	-222.898819
731	-923.063721	272.244141	-178.671234	43.939003	0.000000	0.000000	3.750000	1025.703491	47.210953
732	-1214.288818	287.995026	-195.815613	57.201752	0.000000	0.000000	3.750000	1414.273315	-277.530762
733	-369.362183	-785.471924	-143.588928	-142.072952	0.000000	0.000000	3.750000	307.261993	309.741638
734	462.612396	577.906433	142.868668	125.245575	0.000000	0.000000	3.750000	-570.873962	-308.089844
735	-234.272400	683.872681	-80.849045	189.469788	0.000000	0.000000	3.750000	268.278442	-915.150208
736	200.125961	-772.241455	58.947090	-176.407867	0.000000	0.000000	3.750000	-130.694687	879.085815
737	506.882812	-616.541931	121.172943	-146.344452	0.000000	0.000000	3.750000	-436.711945	689.547424
738	284.558380	-955.231323	52.040516	-180.652908	0.000000	0.000000	3.750000	-170.568695	1010.685730
739	1170.607544	-452.085815	183.153381	-63.959660	0.000000	0.000000	3.750000	-1280.878052	425.372986
740	915.794800	336.581329	187.139221	42.926514	0.000000	0.000000	3.750000	-1151.437622	-171.085709
741	315.762451	741.418701	58.201153	197.592773	0.000000	0.000000	3.750000	-48.858196	-439.297760
742	1096.589600	985.909424	141.519562	152.434296	0.000000	0.000000	3.750000	-898.795227	-945.057495
743	-10.840981	610.453857	-14.646338	195.445007	0.000000	0.000000	3.750000	-61.172081	-513.961365
744	950.450195	1019.162659	111.006332	144.227112	0.000000	0.000000	3.750000	-480.119354	-775.085022
745	-1296.949829	57.081608	-195.977386	-2.884734	0.000000	0.000000	3.750000	1103.421387	159.219467
746	369.965027	-944.631592	79.299286	-192.290421	0.000000	0.000000	3.750000	-452.867798	1038.374146
747	-1030.014771	372.100372	-169.745255	71.010559	0.000000	0.000000	3.750000	756.409607	-232.396469
748	896.079102	-508.560730	177.476105	-78.346756	0.000000	0.000000	3.750000	-939.444702	426.684753
749	1392.340942	19.923180	205.803299	8.995356	0.000000	0.000000	3.750000	-1559.011108	6.045420
750	-1062.840820	-528.400146	-179.503082	-68.133904	0.000000	0.000000	3.750000	1504.514160	345.226318
751	-667.006836	351.291718	-163.939438	121.400833	0.000000	0.000000	3.750000	692.303101	-336.438354
752	272.395569	1106.456177	28.025448	189.943604	0.000000	0.000000	3.750000	-193.558807	-1292.010742
753	1288.053589	-766.517334	160.636017	-112.302765	0.000000	0.000000	3.750000	-1265.818481	712.277588
754	-1057.360474	1043.759644	-136.538300	137.816132	0.000000	0.000000	3.750000	897.452820	-942.750854
755	121.654343	1106.755981	7.557380	195.854095	0.000000	0.000000	3.750000	-103.282173	-1283.262695
756	-25.966484	-1084.869873	-6.347399	-191.894745	0.000000	0.000000	3.750000	-45.223133	1233.163818
757	380.008667	-305.367035	138.983276	-114.376419	0.000000	0.000000	3.750000	-492.634583	643.568298
758	1250.873535	-660.321777	155.199692	-109.603111	0.000000	0.000000	3.750000	-1076.132812	577.556091
759	-1229.060791	851.620544	-155.747223	131.751953	0.000000	0.000000	3.750000	1190.513306	-798.421021
760	-1018.396484	-1075.988159	-139.014130	-149.301361	0.000000	0.000000	3.750000	905.945068	823.840332
761	-501.823242	819.047546	-86.476227	171.421173	0.000000	0.000000	3.750000	265.610626	-732.338684
762	-707.578857	-69.328125	-196.298904	-38.294807	0.000000	0.000000	3.750000	882.399231	229.032928
763	-251.819763	-1102.637207	-27.225893	-190.059006	0.000000	0.000000	3.750000	74.447533	1241.023804
764	895.458679	-342.645203	192.334076	-67.995468	0.000000	0.000000	3.750000	-975.460266	421.254852
765	120.383865	918.511597	40.176804	179.557495	0.000000	0.000000	3.750000	-99.529945	-545.826416
766	437.895721	1035.114990	98.729706	171.628815	0.000000	0.000000	3.750000	-649.727905	-1155.505981
767	59.965378	-632.273376	33.119583	-205.345642	0.000000	0.000000	3.750000	-146.341476	652.312927
768	837.580383	-14.926620	197.979736	1.530327	0.000000	0.000000	3.750000	-297.139832	45.365879
769	-248.409668	1070.001709	-19.400686	189.002289	0.000000	0.000000	3.750000	-56.561905	-804.062988
770	-376.913635	1249.414307	-35.780258	196.773285	0.000000	0.000000	3.750000	204.251770	-1388.556885
771	780.244446	1041.268799	126.877167	141.427597	0.000000	0.000000	3.750000	-649.611023	-632.013611
772	-1251.344238	24.972076	-195.864960	7.258995	0.000000	0.000000	3.750000	1217.179199	54.175274
773	-639.162292	-1092.822388	-86.617882	-166.857056	0.000000	0.000000	3.750000	378.936554	956.777039
774	381.775116	-491.854858	132.917938	-138.548264	0.000000	0.000000	3.750000	-545.606689	779.544983
775	948.369263	560.267395	146.402039	97.681496	0.000000	0.000000	3.750000	-1115.368774	-433.685944
776	-273.625397	-611.923950	-70.874901	-204.040985	0.000000	0.000000	3.750000	308.127594	766.919250
777	66.404648	414.816284	48.834969	179.474472	0.000000	0.000000	3.750000	-255.785385	-838.153931
778	558.814392	1158.338257	84.533577	167.922089	0.000000	0.000000	3.750000	-492.614502	-1330.141357
779	621.515137	133.873184	187.094193	51.291527	0.000000	0.000000	3.750000	-727.452454	-296.589233
780	-438.185333	-455.271118	-123.564362	-162.320068	0.000000	0.000000	3.750000	424.318634	539.139465
781	-158.225204	-1060.712036	-22.224918	-190.705109	0.000000	0.000000	3.750000	-38.409355	775.324951
782	-748.535217	1205.216309	-96.276505	166.114792	0.000000	0.000000	3.750000	432.761078	-1210.882324
783	-346.770325	-1181.036865	-49.110138	-187.679688	0.000000	0.000000	3.750000	139.161942	1317.354126
784	-116.492615	928.309875	-5.510020	205.925995	0.000000	0.000000	3.750000	-24.004358	-1019.659790
785	1076.271240	986.651184	150.211639	128.996933	0.000000	0.000000	3.750000	-1207.590088	-813.432312
786	681.062927	785.231018	131.946533	139.468353	0.000000	0.000000	3.750000	-413.319031	-318.708191
787	583.515381	949.264954	118.928314	140.399445	0.000000	0.000000	3.750000	-759.986267	-1012.073303
788	-456.035797	-1108.725586	-65.138626	-178.483765	0.000000	0.000000	3.750000	253.020721	1176.239990
789	989.581726	-1226.200073	132.162476	-158.016022	0.000000	0.000000	3.750000	-932.702209	1202.662598
790	-425.790802	938.026550	-49.881489	185.402283	0.000000	0.000000	3.750000	43.036663	-1053.857056
791	858.503601	679.893127	124.891190	143.184357	0.000000	0.000000	3.750000	-553.339111	-842.105713
792	-1052.604736	-377.541046	-178.975616	-74.847542	0.000000	0.000000	3.750000	1338.191895	210.488113
793	-111.811142	938.249084	10.524435	183.697876	0.000000	0.000000	3.750000	15.053982	-915.957581
794	-519.770996	-567.178650	-122.997345	-165.248962	0.000000	0.000000	3.750000	495.258759	803.958435
795	-250.201630	546.594116	-43.303246	178.830841	0.000000	0.000000	3.750000	91.403740	-590.438477
796	146.777710	1055.748535	52.217575	188.915848	0.000000	0.000000	3.750000	-250.370102	-1224.750366
797	778.076050	806.413513	131.936157	144.942917	0.000000	0.000000	3.750000	-408.917603	-423.896362
798	929.562378	-921.370605	147.234085	-123.231995	0.000000	0.000000	3.750000	-972.244751	826.362793
799	879.719971	-441.620148	176.053497	-60.008720	0.000000	0.000000	3.750000	-1107.947144	467.930084
800	-1109.419189	808.036011	-161.066193	111.683212	0.000000	0.000000	3.750000	1296.947632	-601.170105
801	-494.902832	687.256836	-102.450104	145.560760	0.000000	0.000000	3.750000	486.473114	-735.878906
802	484.343445	-1022.515015	65.561096	-165.486084	0.000000	0.000000	3.750000	-347.610962	1094.469482
803	514.714905	-1386.599487	67.870140	-194.498138	0.000000	0.000000	3.750000	-393.443726	1425.961182
804	-871.334229	124.504471	-186.437592	45.864494	0.000000	0.000000	3.750000	958.771179	-0.822514
805	-1227.390503	185.126099	-188.592499	23.071310	0.000000	0.000000	3.750000	1073.463379	-11.609877
806	-43.353992	857.115112	-45.105358	196.898392	0.000000	0.000000	3.750000	102.452843	-929.882263
807	-197.739151	-37.119144	-177.848846	99.726662	0.000000	0.000000	3.750000	361.951569	76.513046
808	-782.659180	964.878540	-126.328949	152.461838	0.000000	0.000000	3.750000	356.920502	-567.481750
809	-4.762023	-269.355225	-170.785919	-67.079605	0.000000	0.000000	3.750000	101.580696	37.719105
810	-565.668579	965.730164	-106.512611	137.589676	0.000000	0.000000	3.750000	623.858643	-1021.940369
811	-817.614197	631.816162	-135.609787	133.078857	0.000000	0.000000	3.750000	792.780090	-787.552856
812	511.883789	1263.500122	93.938583	158.212112	0.000000	0.000000	3.750000	-472.038177	-1221.151978
813	249.064423	529.022034	114.474167	149.117035	0.000000	0.000000	3.750000	-443.430817	-307.223480
814	-952.811523	160.887970	-181.985779	2.208202	0.000000	0.000000	3.750000	821.548157	83.479721
815	-1165.581543	-641.992188	-151.831604	-107.438721	0.000000	0.000000	3.750000	1083.103394	656.965576
816	-393.542938	-279.783234	-126.109062	-144.748947	0.000000	0.000000	3.750000	175.888641	167.324234
817	1186.739136	-1205.532715	148.302917	-145.843018	0.000000	0.000000	3.750000	-1166.914673	1013.682434
818	-322.667542	544.923340	-88.230080	166.010010	0.000000	0.000000	3.750000	330.413177	-540.078796
819	-1360.476318	208.234024	-215.867172	30.419827	0.000000	0.000000	3.750000	2039.997681	-241.038422
820	-566.912659	-1320.080811	-95.710922	-182.414520	0.000000	0.000000	3.750000	256.071991	763.662415
821	-1053.955078	503.359039	-181.464783	88.736961	0.000000	0.000000	3.750000	959.029602	-334.495789
822	969.531250	158.840912	197.515839	13.836133	0.000000	0.000000	3.750000	-1152.723755	-33.324150
823	-522.746948	1189.711182	-85.503349	167.429031	0.000000	0.000000	3.750000	389.450104	-1328.565552
824	4.796601	335.202209	-56.801792	189.677124	0.000000	0.000000	3.750000	116.541252	-480.740234
825	68.684494	262.922791	-30.983150	187.436523	0.000000	0.000000	3.750000	-65.092400	-254.991501
826	201.856644	473.922241	80.133995	154.445496	0.000000	0.000000	3.750000	-536.534729	-652.359436
827	-15.405476	-539.781189	-84.988907	-169.903244	0.000000	0.000000	3.750000	359.633514	314.291962
828	470.298065	-1132.932007	62.188034	-173.171692	0.000000	0.000000	3.750000	-297.987061	1143.016479
829	-1092.684570	727.461609	-154.431046	110.680466	0.000000	0.000000	3.750000	1208.082397	-497.277252
830	143.440567	-1078.043213	37.803696	-192.319244	0.000000	0.000000	3.750000	-138.151947	1190.917603
831	-1133.910767	1109.678955	-155.193146	132.404388	0.000000	0.000000	3.750000	1229.119873	-857.883484
832	-122.634750	1341.996460	-26.645334	202.251495	0.000000	0.000000	3.750000	28.441332	-1373.380981
833	1169.857300	620.550049	149.544373	117.201904	0.000000	0.000000	3.750000	-1284.660889	-783.307861
834	462.662598	1276.678223	68.675507	192.091522	0.000000	0.000000	3.750000	-177.440018	-837.939270
835	-270.054749	1200.202515	-40.866463	195.780243	0.000000	0.000000	3.750000	210.049088	-1249.491211
836	1386.421631	-89.472038	197.331802	16.251877	0.000000	0.000000	3.750000	-1393.984253	-73.727135
837	333.471039	968.306519	56.447777	185.605804	0.000000	0.000000	3.750000	-252.475510	-930.561829
838	-1039.399414	855.412659	-151.558273	117.841034	0.000000	0.000000	3.750000	405.087646	-189.225677
839	867.167419	-81.195328	185.864914	6.739329	0.000000	0.000000	3.750000	-274.390167	16.092873
840	147.754517	-608.882751	33.235176	-172.833313	0.000000	0.000000	3.750000	-94.254295	379.129028
841	-794.884155	-995.932312	-133.412689	-140.843201	0.000000	0.000000	3.750000	1029.183472	867.162598
842	1431.649780	246.602478	211.123260	34.762802	0.000000	0.000000	3.750000	-425.681366	-79.875526
843	23.778482	263.543915	2.393108	191.967636	0.000000	0.000000	3.750000	-53.836983	-143.163635
844	382.503448	24.169024	197.635834	64.816246	0.000000	0.000000	3.750000	-609.467712	-61.002476
845	-145.467636	-826.005554	-41.563690	-195.633484	0.000000	0.000000	3.750000	224.322769	885.464905
846	568.932129	-378.809753	192.310516	-61.799072	0.000000	0.000000	3.750000	-549.441895	78.963951
847	-719.032593	-1142.526001	-124.187668	-151.634979	0.000000	0.000000	3.750000	776.069214	1160.145264
848	-143.963486	-1005.463867	-23.259514	-184.535507	0.000000	0.000000	3.750000	-26.029644	698.909302
849	1038.115967	-1082.685547	149.474579	-132.880798	0.000000	0.000000	3.750000	-1233.051514	983.456482
850	-1114.298096	-435.187500	-189.288177	-64.567657	0.000000	0.000000	3.750000	1294.943481	183.941101
851	-1091.845093	-922.012939	-136.281113	-129.501831	0.000000	0.000000	3.750000	415.884186	319.910339
852	1007.103271	363.021088	185.264099	63.977711	0.000000	0.000000	3.750000	-1175.611206	-351.745392
853	982.898682	1121.968018	132.133423	155.424438	0.000000	0.000000	3.750000	-974.157593	-1194.909302
854	82.895966	607.366638	-15.018055	197.426392	0.000000	0.000000	3.750000	-36.723991	-635.870483
855	-54.165710	-1331.547607	-15.690401	-197.377213	0.000000	0.000000	3.750000	61.088692	1282.208130
856	-1152.347534	73.758133	-179.899506	38.624931	0.000000	0.000000	3.750000	1231.919800	-132.573425
857	-918.812012	1233.533325	-121.897278	166.061279	0.000000	0.000000	3.750000	565.516846	-1180.961304
858	-809.448303	278.652313	-183.773346	83.842636	0.000000	0.000000	3.750000	985.989624	-192.823593
859	415.381744	820.102905	52.779716	180.439148	0.000000	0.000000	3.750000	-257.225250	-941.517029
860	-714.652039	-1080.255005	-103.030975	-154.856079	0.000000	0.000000	3.750000	520.311279	1022.573792
861	-1019.096619	1001.111816	-144.159698	123.765411	0.000000	0.000000	3.750000	930.416077	-659.557617
862	27.473568	-664.817322	-3.520006	-179.965500	0.000000	0.000000	3.750000	28.255642	798.895386
863	1064.201660	1054.492920	142.238876	140.598343	0.000000	0.000000	3.750000	-991.605469	-795.677307
864	-408.769165	1073.747681	-65.523605	169.794174	0.000000	0.000000	3.750000	230.181076	-1069.211548
865	-1132.085327	-412.877533	-193.991638	-39.636791	0.000000	0.000000	3.750000	1132.730713	291.195740
866	-561.963562	-1079.356323	-100.175110	-151.950424	0.000000	0.000000	3.750000	665.839722	1091.254028
867	-63.467716	-928.700684	-17.206993	-179.174042	0.000000	0.000000	3.750000	-50.325600	987.345947
868	537.675659	-401.945984	159.304138	-110.715240	0.000000	0.000000	3.750000	-472.828217	361.146637
869	-1064.716797	-767.974854	-156.976807	-107.042068	0.000000	0.000000	3.750000	1309.866943	645.014709
870	-1195.075439	14.797371	-197.546188	13.397915	0.000000	0.000000	3.750000	1329.060425	-68.486580
871	-532.338501	-1101.140625	-101.630608	-158.161545	0.000000	0.000000	3.750000	549.900940	1061.496338
872	-833.877563	-373.434601	-162.114120	-57.463863	0.000000	0.000000	3.750000	900.511963	123.599373
873	-1028.446411	-572.210205	-177.151398	-68.682396	0.000000	0.000000	3.750000	1071.450806	322.398102
874	-1170.551147	510.146271	-171.291168	55.310722	0.000000	0.000000	3.750000	1301.892212	-349.404175
875	-885.690613	-590.517029	-138.111755	-124.583847	0.000000	0.000000	3.750000	749.842163	700.827332
876	591.090942	-679.374207	128.458496	-148.032776	0.000000	0.000000	3.750000	-520.426514	773.273071
877	-1239.391235	-517.019226	-156.914459	-107.133965	0.000000	0.000000	3.750000	1156.694946	636.872559
878	188.647964	-1312.878784	6.169718	-191.900681	0.000000	0.000000	3.750000	-10.723087	876.992554
879	-920.993652	987.970276	-140.626709	145.010773	0.000000	0.000000	3.750000	865.046936	-941.018494
880	1066.842041	-725.220581	161.197464	-125.025421	0.000000	0.000000	3.750000	-1172.270752	857.914185
881	-583.873535	-1098.988892	-99.608810	-173.428680	0.000000	0.000000	3.750000	410.700928	1077.290161
882	-814.739380	736.499207	-137.371048	150.810852	0.000000	0.000000	3.750000	500.098114	-393.755035
883	-515.631470	-1152.144531	-84.327957	-156.755554	0.000000	0.000000	3.750000	410.111603	1267.973022
884	-1234.906128	-737.300781	-205.399750	-98.969299	0.000000	0.000000	3.750000	749.957886	326.821777
885	-791.361755	-1060.012451	-139.296478	-170.283569	0.000000	0.000000	3.750000	824.929565	1019.914185
886	970.206909	-250.336716	208.005554	-40.959312	0.000000	0.000000	3.750000	-1062.275635	237.032120
887	-521.800720	1205.839355	-100.239563	168.425720	0.000000	0.000000	3.750000	432.378418	-1184.967285
888	856.664185	-778.947632	170.271667	-126.299156	0.000000	0.000000	3.750000	-822.736755	678.101257
889	-383.399750	807.446838	-107.365692	166.355896	0.000000	0.000000	3.750000	267.808899	-736.527954
890	1210.836426	-177.009064	201.479309	-14.486092	0.000000	0.000000	3.750000	-1291.071045	208.044128
891	-1287.267334	230.788345	-197.776093	57.624321	0.000000	0.000000	3.750000	1641.608032	-406.185669
892	536.216125	-1102.071289	93.113388	-163.321350	0.000000	0.000000	3.750000	-636.724670	1246.886841
893	839.348938	-701.242371	145.441376	-106.050774	0.000000	0.000000	3.750000	-939.994019	632.974060
894	-851.158875	1151.703735	-124.191429	149.038544	0.000000	0.000000	3.750000	469.661987	-624.097778
895	-841.648743	1095.712646	-115.250580	148.528900	0.000000	0.000000	3.750000	650.851807	-1239.853027
896	-703.995483	-323.904694	-175.140015	-56.408958	0.000000	0.000000	3.750000	772.704651	224.819443
897	-1104.775146	-139.749893	-215.024231	-20.452974	0.000000	0.000000	3.750000	566.268433	100.152725
898	-814.765869	-506.023071	-169.569794	-76.432091	0.000000	0.000000	3.750000	857.662109	275.880157
899	8.666604	-869.266113	-18.458054	-179.050964	0.000000	0.000000	3.750000	74.087006	882.714172
900	432.091095	539.892639	125.428223	165.922821	0.000000	0.000000	3.750000	-355.113708	-337.062164
901	-201.112396	-207.650604	-179.735199	-47.857109	0.000000	0.000000	3.750000	432.259033	177.055115
902	-1025.939087	62.083763	-206.952576	45.959229	0.000000	0.000000	3.750000	1257.253540	40.716370
903	-57.201778	1081.027588	-30.538380	187.529755	0.000000	0.000000	3.750000	168.197327	-1155.034912
904	1006.714905	604.875061	172.222244	105.560593	0.000000	0.000000	3.750000	-1074.466187	-486.000641
905	529.558044	751.677673	117.194107	147.001190	0.000000	0.000000	3.750000	-765.028259	-818.981995
906	-700.898621	662.083069	-146.476715	124.130112	0.000000	0.000000	3.750000	830.120178	-567.670105
907	-56.698715	1148.423096	-29.405062	199.848175	0.000000	0.000000	3.750000	119.933807	-1229.915894
908	953.392700	-635.620667	161.872498	-103.252434	0.000000	0.000000	3.750000	-1113.973389	576.088257
909	-687.886719	1174.486206	-117.769501	166.569473	0.000000	0.000000	3.750000	545.723389	-1252.828613
910	-789.037170	-437.350586	-158.949493	-131.037796	0.000000	0.000000	3.750000	620.368103	450.921539
911	1211.764404	-264.925232	192.092224	-27.137745	0.000000	0.000000	3.750000	-1223.204346	255.640640
912	549.735718	-1195.302490	71.873108	-169.381561	0.000000	0.000000	3.750000	-417.196838	1286.093628
913	1094.586914	682.609070	146.884338	120.518021	0.000000	0.000000	3.750000	-1081.958252	-654.585205
914	-364.706757	-247.986984	-134.180008	-128.807007	0.000000	0.000000	3.750000	481.519501	355.934265
915	-834.597717	-1251.788452	-128.043121	-143.069305	0.000000	0.000000	3.750000	840.205811	1141.389404
916	-1131.063599	-290.182953	-189.387451	-31.563768	0.000000	0.000000	3.750000	1416.767700	166.418732
917	129.536423	-1000.829102	-15.370066	-185.363754	0.000000	0.000000	3.750000	47.663723	1098.409058
918	-1062.604980	796.136292	-137.199738	113.402069	0.000000	0.000000	3.750000	1224.822998	-776.893921
919	-928.180359	869.171265	-134.919739	125.110596	0.000000	0.000000	3.750000	908.250977	-834.281006
920	459.552002	758.358215	70.499084	178.587494	0.000000	0.000000	3.750000	-436.596710	-844.618103
921	506.123383	916.657227	93.127151	172.462494	0.000000	0.000000	3.750000	-489.523376	-866.484192
922	269.843994	-1200.436157	47.511883	-208.658585	0.000000	0.000000	3.750000	-208.523254	1075.226929
923	712.272461	-22.414860	200.297165	-48.132042	0.000000	0.000000	3.750000	-1152.787842	187.766235
924	-325.309906	1261.207642	-47.553833	183.952087	0.000000	0.000000	3.750000	190.900528	-1315.074829
925	-433.153992	386.632080	-116.246780	139.966690	0.000000	0.000000	3.750000	122.050812	-95.800232
926	-764.320374	-460.633667	-148.822739	-101.249664	0.000000	0.000000	3.750000	665.407776	357.291687
927	-1051.727173	1093.807983	-143.918488	150.171402	0.000000	0.000000	3.750000	858.094666	-954.131348
928	-345.497406	1103.504761	-49.996189	170.832977	0.000000	0.000000	3.750000	189.636398	-1480.810547
929	916.398132	564.694702	161.649750	137.161804	0.000000	0.000000	3.750000	-856.007263	-717.617249
930	-254.935623	806.580688	-78.055771	188.476105	0.000000	0.000000	3.750000	371.228363	-982.276306
931	649.816406	-62.346588	190.101074	-62.132690	0.000000	0.000000	3.750000	-835.298584	137.540970
932	-794.459167	-760.174561	-126.245949	-147.301559	0.000000	0.000000	3.750000	627.988770	627.552063
933	232.609589	-547.803589	68.899681	-170.613007	0.000000	0.000000	3.750000	-333.265381	777.650208
934	-992.673767	420.654053	-165.751312	79.889725	0.000000	0.000000	3.750000	973.201477	-361.363007
935	-921.099121	536.548340	-158.491272	104.787933	0.000000	0.000000	3.750000	1008.781006	-637.480469
936	213.929138	810.023865	11.882535	201.650146	0.000000	0.000000	3.750000	-83.307777	-1014.701965
937	-34.437263	-1167.103760	32.068874	-207.536499	0.000000	0.000000	3.750000	-109.428360	1265.701660
938	1106.284180	-527.600708	172.226257	-75.379601	0.000000	0.000000	3.750000	-1161.491821	461.018951
939	227.418854	-518.139221	51.252594	-184.939224	0.000000	0.000000	3.750000	-107.095490	141.752853
940	-546.822144	1173.252197	-102.189713	176.557175	0.000000	0.000000	3.750000	486.608429	-1296.916504
941	1260.234497	16.771072	199.826965	-8.302830	0.000000	0.000000	3.750000	-1312.025391	154.532104
942	-612.351807	-1142.509155	-91.053902	-166.760849	0.000000	0.000000	3.750000	415.372650	928.342529
943	-162.155197	224.961411	-126.228256	147.268234	0.000000	0.000000	3.750000	373.270172	-154.073425
944	-1010.862000	-763.389221	-147.436844	-99.730118	0.000000	0.000000	3.750000	1264.475464	632.817078
945	-474.986389	-259.746094	-185.025696	-111.449585	0.000000	0.000000	3.750000	437.041565	197.714172
946	-1124.872070	-1123.618652	-151.858856	-133.201401	0.000000	0.000000	3.750000	1236.147461	830.091980
947	986.718628	-569.250000	148.623627	-115.130310	0.000000	0.000000	3.750000	-850.880310	721.083252
948	-798.836548	-153.661499	-204.829956	-74.622612	0.000000	0.000000	3.750000	740.629578	226.251236
949	180.827423	-562.407471	27.636864	-189.961731	0.000000	0.000000	3.750000	-205.253571	281.818390
950	-1041.007812	359.557709	-184.809937	71.051498	0.000000	0.000000	3.750000	1221.581299	-225.575943
951	-939.807129	309.266846	-171.861221	53.498043	0.000000	0.000000	3.750000	1069.565674	-59.125702
952	-82.235504	461.068542	-35.291336	200.920715	0.000000	0.000000	3.750000	15.629181	-382.499817
953	824.642578	-290.941925	164.800064	-77.231735	0.000000	0.000000	3.750000	-550.648499	244.572052
954	1224.770996	-571.401855	169.203918	-77.239243	0.000000	0.000000	3.750000	-705.210327	307.947296
955	508.722839	-709.070007	107.552734	-139.313721	0.000000	0.000000	3.750000	-544.858154	813.957520
956	-727.390381	161.339935	-164.148438	87.465546	0.000000	0.000000	3.750000	818.124329	-246.272034
957	662.162109	-166.538300	176.936584	-33.052311	0.000000	0.000000	3.750000	-825.324585	11.129270
958	661.191284	-989.788818	91.375687	-166.584641	0.000000	0.000000	3.750000	-539.549805	917.029785
959	-1091.702637	570.154785	-170.306564	88.652481	0.000000	0.000000	3.750000	1299.352051	-461.494019
960	-476.740387	-395.342377	-154.427887	-92.475433	0.000000	0.000000	3.750000	407.843262	253.444397
961	-975.400513	-454.262787	-169.621735	-81.070587	0.000000	0.000000	3.750000	1036.616455	450.965759
962	-171.736694	1206.598022	-18.251268	183.091782	0.000000	0.000000	3.750000	-12.815251	-1284.428589
963	319.399323	508.920837	67.134407	196.864136	0.000000	0.000000	3.750000	-193.677475	-427.548462
964	-278.805664	-1043.072876	-55.820194	-169.017365	0.000000	0.000000	3.750000	111.539368	1059.449097
965	-939.163025	-214.892151	-197.303894	-16.586115	0.000000	0.000000	3.750000	480.154755	26.885214
966	487.272705	-681.872742	116.259644	-134.787598	0.000000	0.000000	3.750000	-661.271912	771.819763
967	-1104.272217	-816.071838	-172.281189	-120.079163	0.000000	0.000000	3.750000	1199.705566	686.397339
968	1094.615479	930.578674	155.928650	125.243988	0.000000	0.000000	3.750000	-964.114319	-622.997375
969	253.547562	802.401611	40.525703	152.714142	0.000000	0.000000	3.750000	-248.828415	-1166.026245
970	-1082.989624	-484.362915	-182.122406	-87.380249	0.000000	0.000000	3.750000	1117.210571	470.587982
971	-919.450745	-592.269043	-167.937012	-88.865356	0.000000	0.000000	3.750000	565.862610	328.470856
972	1156.305908	889.323425	156.991638	117.342224	0.000000	0.000000	3.750000	-1373.629883	-718.654114
973	810.597595	131.208054	163.545105	100.579857	0.000000	0.000000	3.750000	-886.518250	-384.305603
974	1313.693848	610.756714	162.069336	106.624916	0.000000	0.000000	3.750000	-1395.205078	-572.534363
975	-122.278458	-753.138672	-87.665604	-161.773361	0.000000	0.000000	3.750000	391.432098	778.831787
976	-688.884216	-15.757522	-187.627197	11.814930	0.000000	0.000000	3.750000	825.514587	43.412064
977	475.956451	319.232117	114.454041	154.154480	0.000000	0.000000	3.750000	-327.100922	-326.033844
978	202.047379	-978.740173	-22.661234	-200.724792	0.000000	0.000000	3.750000	89.598900	862.021240
979	-365.982697	1081.882812	-63.287724	185.499908	0.000000	0.000000	3.750000	146.499023	-540.183960
980	-638.447693	146.718201	-187.772858	-9.222367	0.000000	0.000000	3.750000	665.842896	85.808220
981	-573.178406	-1137.769043	-78.074554	-179.774963	0.000000	0.000000	3.750000	180.259232	1084.223633
982	487.302063	-207.335464	164.431763	-95.190987	0.000000	0.000000	3.750000	-451.549561	309.417816
983	-842.208313	315.914612	-169.730591	65.674484	0.000000	0.000000	3.750000	807.607910	-69.278206
984	-808.211792	989.729004	-124.143188	143.834427	0.000000	0.000000	3.750000	718.928955	-983.110046
985	-34.728596	-403.709137	-10.984135	-181.665955	0.000000	0.000000	3.750000	100.993118	610.396240
986	-899.736145	402.758636	-154.042877	50.143898	0.000000	0.000000	3.750000	909.132141	-131.218842
987	376.835693	-1083.235229	46.682060	-182.111786	0.000000	0.000000	3.750000	-240.441528	920.951294
988	-95.586868	-449.189362	-50.436214	-183.163818	0.000000	0.000000	3.750000	301.990662	461.504333
989	875.473267	-336.145111	188.690979	-35.491035	0.000000	0.000000	3.750000	-993.620483	138.905579
990	-710.524048	-887.434631	-127.495575	-132.668289	0.000000	0.000000	3.750000	720.893311	765.767090
991	667.975952	-421.073669	172.865021	-73.903152	0.000000	0.000000	3.750000	-770.791504	323.092438
992	698.587524	-591.548706	163.855560	-114.661346	0.000000	0.000000	3.750000	-331.692291	407.679688
993	-897.621460	-967.537415	-144.251755	-114.225311	0.000000	0.000000	3.750000	909.444641	710.293335
994	250.158783	-397.243256	158.094299	-108.881760	0.000000	0.000000	3.750000	-391.585541	96.099510
995	1177.403809	723.781433	149.631836	110.480194	0.000000	0.000000	3.750000	-1123.183228	-577.505676
996	1104.183716	-551.300598	159.911331	-82.633904	0.000000	0.000000	3.750000	-1435.992554	705.175049
997	1116.858398	278.641449	185.006378	70.544785	0.000000	0.000000	3.750000	-1084.408569	-462.136902
998	580.404358	-938.568481	72.399673	-173.500107	0.000000	0.000000	3.750000	-407.648712	949.787292
999	-645.290283	927.013489	-111.980713	158.418091	0.000000	0.000000	3.750000	646.793579	-997.098511
