node	a_force.x	a_force.y	g_force.x	g_force.y	r_force.x	r_force.y	global_speed	move_node.x	move_node.y
0	-448.811066	-456.377258	-92.743546	-85.291229	0.000000	0.000000	3.750000	849.946411	663.698303
1	990.157959	-456.171234	146.866653	-77.366646	0.000000	0.000000	3.750000	-923.018127	287.492737
2	503.067169	581.853394	69.430054	92.927017	0.000000	0.000000	3.750000	-631.171082	-1088.450195
3	308.366241	347.628296	67.208527	96.989761	0.000000	0.000000	3.750000	-682.495972	-931.950500
4	537.362976	-257.630981	111.261368	-50.044010	0.000000	0.000000	3.750000	-537.696472	94.702354
5	-315.322845	107.451660	-112.389008	52.379845	0.000000	0.000000	3.750000	96.557693	-92.592041
6	-743.899719	185.315826	-141.250961	44.179146	0.000000	0.000000	3.750000	643.434692	-79.982880
7	-314.014923	-774.334717	-48.935509	-109.568672	0.000000	0.000000	3.750000	526.450867	1408.536255
8	34.755775	139.622192	39.764030	117.444122	0.000000	0.000000	3.750000	-147.405838	-225.743332
9	-732.028442	415.927979	-105.814102	60.723587	0.000000	0.000000	3.750000	2248.955566	-1051.339966
10	135.717072	-457.141296	11.947557	-121.412521	0.000000	0.000000	3.750000	-197.170868	689.761230
11	152.132950	868.979492	24.639540	131.715195	0.000000	0.000000	3.750000	-202.653900	-1172.456299
12	-827.022888	-388.543427	-119.336449	-69.301544	0.000000	0.000000	3.750000	1019.442017	424.622589
13	575.046143	-612.275879	81.471054	-76.853531	0.000000	0.000000	3.750000	-783.528259	792.545349
14	838.711548	36.406635	127.608131	10.005600	0.000000	0.000000	3.750000	-1033.777832	24.172682
15	-182.510712	-676.222900	-64.018173	-124.504166	0.000000	0.000000	3.750000	218.400299	747.626221
16	744.766174	-636.483521	136.821091	-128.933929	0.000000	0.000000	3.750000	-376.816528	355.723236
17	-35.521690	191.143066	-9.241114	147.708008	0.000000	0.000000	3.750000	-32.684383	-399.705627
18	-491.663513	-694.093994	-88.798996	-94.945847	0.000000	0.000000	3.750000	673.659241	819.383118
19	-276.042633	571.161621	-40.057610	93.804703	0.000000	0.000000	3.750000	231.199768	-896.555725
20	61.375160	375.864868	31.699959	128.130569	0.000000	0.000000	3.750000	-183.299454	-341.099213
21	95.919365	400.894501	-2.636495	119.965828	0.000000	0.000000	3.750000	-112.455132	-382.800720
22	-566.833984	649.346680	-107.098526	116.163025	0.000000	0.000000	3.750000	561.688354	-698.940552
23	538.148071	468.674927	88.070511	84.425026	0.000000	0.000000	3.750000	-558.861389	-550.645264
24	-211.259293	707.971802	-50.987152	134.671082	0.000000	0.000000	3.750000	160.538742	-479.514862
25	53.843712	828.322510	14.955473	147.242432	0.000000	0.000000	3.750000	-93.255203	-1091.477295
26	-924.232422	-601.046753	-115.104095	-86.527328	0.000000	0.000000	3.750000	1125.075928	642.736328
27	776.060913	-637.930359	101.363235	-96.568108	0.000000	0.000000	3.750000	-472.743347	552.572144
28	-210.711990	720.411255	-37.553642	126.545181	0.000000	0.000000	3.750000	159.199554	-764.662842
29	-494.811340	-218.791382	-111.685471	-43.889801	0.000000	0.000000	3.750000	669.734802	206.909622
30	-153.519455	234.634995	-102.248413	45.708435	0.000000	0.000000	3.750000	293.222504	-118.638275
31	140.136551	-642.952759	30.878868	-122.157669	0.000000	0.000000	3.750000	-207.968048	875.457520
32	559.124878	-770.088562	76.845856	-109.775131	0.000000	0.000000	3.750000	-445.788361	894.457703
33	470.058838	795.579346	65.452446	121.490303	0.000000	0.000000	3.750000	-451.010620	-1174.912598
34	-565.297974	-929.973511	-81.382111	-128.377640	0.000000	0.000000	3.750000	494.524353	1068.501831
35	706.033020	474.291046	113.035019	79.164871	0.000000	0.000000	3.750000	-796.733093	-590.592590
36	521.961365	-259.349213	121.945847	-72.752136	0.000000	0.000000	3.750000	-417.590363	322.426086
37	-2.621029	821.695312	3.844082	119.938416	0.000000	0.000000	3.750000	-50.561668	-1142.154419
38	-485.993866	-283.069580	-98.694305	-57.056335	0.000000	0.000000	3.750000	723.923889	374.582336
39	577.244507	-22.263393	122.903702	16.428980	0.000000	0.000000	3.750000	-427.587494	26.163874
40	-750.130859	-381.437653	-116.043213	-67.006287	0.000000	0.000000	3.750000	980.975098	378.812775
41	-160.626343	-724.392822	-19.897236	-128.468277	0.000000	0.000000	3.750000	157.920212	912.576660
42	-183.196091	-227.053040	-72.450272	-119.795372	0.000000	0.000000	3.750000	329.377716	498.760864
43	-578.321106	683.119629	-98.471931	118.402435	0.000000	0.000000	3.750000	496.699097	-771.902039
44	-792.978821	-117.902863	-154.346756	-22.650002	0.000000	0.000000	3.750000	1423.364380	97.959854
45	-617.795654	157.593018	-145.625458	26.400633	0.000000	0.000000	3.750000	719.184448	-29.847281
46	-704.046265	330.675873	-95.312027	54.914349	0.000000	0.000000	3.750000	1032.256592	-462.900482
47	365.967194	551.107605	77.673660	114.064804	0.000000	0.000000	3.750000	-616.209900	-797.458252
48	732.531616	65.381889	127.159241	-14.646679	0.000000	0.000000	3.750000	-1070.828735	114.490379
49	694.197754	-716.294800	77.636948	-118.895660	0.000000	0.000000	3.750000	-377.806122	1018.806702
50	16.353472	288.916565	31.311176	142.602295	0.000000	0.000000	3.750000	-150.668564	-413.150635
51	772.715210	-482.732361	118.442215	-81.898987	0.000000	0.000000	3.750000	-841.218567	590.510315
52	-979.871826	-202.924103	-139.290833	-36.523499	0.000000	0.000000	3.750000	1170.270386	162.323853
53	-416.424286	-515.719055	-69.718475	-82.481659	0.000000	0.000000	3.750000	451.444214	771.115112
54	315.137390	682.130371	40.256569	106.655502	0.000000	0.000000	3.750000	-684.477783	-2255.857178
55	424.282654	360.268494	80.628700	114.450836	0.000000	0.000000	3.750000	-541.754395	-694.406494
56	-495.747070	-714.969971	-85.196342	-111.090912	0.000000	0.000000	3.750000	470.569275	1047.456055
57	788.912109	264.006012	125.810745	39.945435	0.000000	0.000000	3.750000	-968.978333	-249.716370
58	80.552986	-790.085083	-4.390599	-149.934784	0.000000	0.000000	3.750000	-85.750717	788.104431
59	-214.321198	387.325378	-50.020920	143.530914	0.000000	0.000000	3.750000	55.271156	-534.508728
60	406.123413	219.270111	88.000290	113.977386	0.000000	0.000000	3.750000	-423.499939	-382.060760
61	-691.195984	166.910767	-134.869064	55.911873	0.000000	0.000000	3.750000	624.703491	-341.202911
62	-250.374176	810.074097	-23.697231	125.787254	0.000000	0.000000	3.750000	221.718826	-1316.255737
63	-290.011688	-577.252258	-52.041664	-136.408981	0.000000	0.000000	3.750000	111.902924	508.933105
64	-251.118439	-671.049927	-39.514687	-117.534637	0.000000	0.000000	3.750000	104.337288	705.925232
65	-321.888519	797.026245	-37.438614	128.663513	0.000000	0.000000	3.750000	210.346146	-1062.008789
66	767.407227	-642.214111	119.596985	-97.018097	0.000000	0.000000	3.750000	-1050.222656	733.143311
67	-536.386841	457.292175	-76.695740	81.619385	0.000000	0.000000	3.750000	436.798035	-560.114746
68	167.204224	-297.199402	94.005096	-98.280350	0.000000	0.000000	3.750000	-252.025253	271.188934
69	-940.028931	-404.281677	-129.056610	-59.231422	0.000000	0.000000	3.750000	1105.809082	410.402466
70	-303.272522	380.408264	-73.935364	94.514511	0.000000	0.000000	3.750000	146.684128	-322.965973
71	-909.466187	-52.431633	-146.748077	19.205906	0.000000	0.000000	3.750000	1070.013916	-6.483933
72	639.984375	761.500732	81.011932	109.238266	0.000000	0.000000	3.750000	-598.580200	-1060.392944
73	-530.280396	-368.815735	-103.457497	-56.747421	0.000000	0.000000	3.750000	479.135193	411.076172
74	-574.500732	155.364746	-96.917404	31.796251	0.000000	0.000000	3.750000	866.525696	-218.718903
75	-750.725403	348.637085	-106.826897	45.209641	0.000000	0.000000	3.750000	1026.127808	-237.606018
76	-468.200836	-501.361816	-84.691940	-95.975380	0.000000	0.000000	3.750000	592.399902	634.571838
77	-363.525360	356.618195	-92.294304	94.370193	0.000000	0.000000	3.750000	576.545776	-524.372070
78	-713.489990	423.938782	-113.730324	81.641983	0.000000	0.000000	3.750000	735.102722	-511.749817
79	1005.028931	143.166382	170.671387	21.336554	0.000000	0.000000	3.750000	-1212.972778	-98.564468
80	717.065369	-252.129135	112.324570	-42.226948	0.000000	0.000000	3.750000	-961.617065	229.737976
81	-31.616390	532.434570	-8.888353	125.686073	0.000000	0.000000	3.750000	16.989868	-415.418579
82	132.168976	372.233765	59.180115	131.277161	0.000000	0.000000	3.750000	-242.097580	-485.902618
83	248.747650	-636.055786	39.479233	-134.318237	0.000000	0.000000	3.750000	-240.465378	800.739624
84	-839.607300	188.663895	-132.696915	29.789492	0.000000	0.000000	3.750000	973.063904	-96.497375
85	-141.725067	-293.980225	-60.935005	-128.260666	0.000000	0.000000	3.750000	155.227371	308.670105
86	-194.993225	-131.901093	-111.995865	-0.208281	0.000000	0.000000	3.750000	425.990875	156.069626
87	748.178528	-609.076172	99.442490	-77.376457	0.000000	0.000000	3.750000	-962.213501	549.980042
88	-21.136602	-669.464172	-12.650418	-119.331314	0.000000	0.000000	3.750000	78.834129	715.336731
89	-73.098473	175.215118	-38.073978	124.261002	0.000000	0.000000	3.750000	110.053627	-128.582016
90	613.914734	12.207945	121.750473	-7.798570	0.000000	0.000000	3.750000	-665.139465	53.408142
91	-422.753723	-810.032715	-55.404572	-119.809486	0.000000	0.000000	3.750000	398.399872	804.769348
92	393.659912	57.968903	116.082993	58.520615	0.000000	0.000000	3.750000	-557.658997	-344.408508
93	406.334656	659.414185	62.154575	111.896362	0.000000	0.000000	3.750000	-456.617584	-918.808167
94	-486.076874	445.940369	-109.257164	124.975433	0.000000	0.000000	3.750000	350.284912	-404.581207
95	-93.351440	-568.846375	-40.751717	-154.719498	0.000000	0.000000	3.750000	22.719978	693.465088
96	-745.970642	752.597351	-102.858414	88.972710	0.000000	0.000000	3.750000	894.581055	-730.290527
97	-998.170898	115.536888	-145.705200	25.958080	0.000000	0.000000	3.750000	1077.728271	-32.488327
98	171.663055	160.611145	77.463348	114.202042	0.000000	0.000000	3.750000	-184.453812	-162.886810
99	492.326813	183.335022	126.801758	63.916397	0.000000	0.000000	3.750000	-711.862549	-387.213104
100	-532.129211	-498.398315	-92.679031	-96.781174	0.000000	0.000000	3.750000	742.554504	766.470642
101	-884.520569	111.557205	-135.786591	7.613597	0.000000	0.000000	3.750000	1146.057373	22.257021
102	374.386597	918.644531	60.129971	135.234207	0.000000	0.000000	3.750000	-359.921906	-1208.079590
103	261.984802	-638.459229	57.722229	-107.480896	0.000000	0.000000	3.750000	-441.415802	876.451294
104	-761.534424	-774.135376	-112.404396	-99.323929	0.000000	0.000000	3.750000	903.255981	739.226562
105	537.361938	740.261169	84.633286	131.046585	0.000000	0.000000	3.750000	-590.209351	-908.532288
106	383.759491	-991.187073	43.218872	-147.810944	0.000000	0.000000	3.750000	-162.392624	802.975037
107	907.522095	-411.291870	143.228790	-50.884098	0.000000	0.000000	3.750000	-824.366516	134.913544
108	268.121399	269.612915	112.656799	99.030975	0.000000	0.000000	3.750000	-509.280853	-290.480927
109	-547.350098	945.613159	-72.283012	131.434265	0.000000	0.000000	3.750000	390.856323	-1136.484009
110	-323.774719	303.268707	-121.212624	101.348404	0.000000	0.000000	3.750000	505.412018	-420.435242
111	-541.235962	-516.229736	-106.145767	-81.786430	0.000000	0.000000	3.750000	571.940186	378.131805
112	76.550400	-422.242676	43.109413	-103.370514	0.000000	0.000000	3.750000	-314.165863	531.670044
113	708.318115	-576.299377	107.805908	-89.318954	0.000000	0.000000	3.750000	-828.400391	624.387756
114	622.149292	293.385864	119.156845	46.750381	0.000000	0.000000	3.750000	-1049.744263	-302.218842
115	536.269592	-586.350220	75.243851	-93.478661	0.000000	0.000000	3.750000	-335.571106	333.892120
116	829.453613	678.944458	113.839828	100.719879	0.000000	0.000000	3.750000	-884.127441	-784.956970
117	204.293167	53.248135	102.927315	53.496387	0.000000	0.000000	3.750000	-426.530731	-183.811478
118	515.805725	-378.966705	108.597046	-63.895432	0.000000	0.000000	3.750000	-775.723022	360.259888
119	422.865845	824.331665	75.423950	122.667099	0.000000	0.000000	3.750000	-527.546753	-958.211792
120	81.943947	38.358959	-143.385925	-43.302986	0.000000	0.000000	3.750000	65.840637	80.377075
121	636.441406	-639.673157	81.337242	-108.995605	0.000000	0.000000	3.750000	-365.810699	862.745300
122	50.043060	452.291534	17.530664	138.895142	0.000000	0.000000	3.750000	-158.924988	-487.899811
123	15.192396	-549.807312	-8.525881	-109.668419	0.000000	0.000000	3.750000	-8.238524	451.353882
124	-231.778915	321.404480	-92.028877	102.833237	0.000000	0.000000	3.750000	458.163208	-554.824646
125	-894.009888	308.019165	-154.672272	48.170998	0.000000	0.000000	3.750000	752.309326	-176.864212
126	-273.729370	-201.673767	-90.631729	-75.563461	0.000000	0.000000	3.750000	287.462524	207.186569
127	759.530762	772.731140	93.758896	103.967499	0.000000	0.000000	3.750000	-647.245239	-852.373047
128	301.532440	498.787384	59.894268	108.575623	0.000000	0.000000	3.750000	-420.947937	-686.955994
129	-637.428345	266.758728	-127.340759	26.159367	0.000000	0.000000	3.750000	677.941467	-96.411774
130	47.496704	803.647522	-6.907306	127.813461	0.000000	0.000000	3.750000	42.379292	-888.883362
131	431.454681	-355.340912	98.296921	-78.827042	0.000000	0.000000	3.750000	-507.873016	441.995758
132	555.572205	-192.791504	119.391388	-69.207321	0.000000	0.000000	3.750000	-875.800293	436.701599
133	869.121826	37.336254	138.473373	20.618244	0.000000	0.000000	3.750000	-756.182129	-107.605469
134	399.285858	342.403351	83.404282	83.471573	0.000000	0.000000	3.750000	-498.576843	-357.919037
135	-58.759075	-792.958984	-11.446237	-137.523376	0.000000	0.000000	3.750000	-16.990713	518.916016
136	-538.884216	-457.820068	-103.191879	-75.732651	0.000000	0.000000	3.750000	694.172791	478.342255
137	-309.554901	340.177917	-93.859894	77.937881	0.000000	0.000000	3.750000	493.826141	-448.919373
138	1034.262207	540.879272	141.049103	75.531776	0.000000	0.000000	3.750000	-1161.865845	-471.346954
139	693.531738	-415.199371	111.773865	-73.907890	0.000000	0.000000	3.750000	-909.965759	383.084534
140	1.850437	963.418701	-14.820274	139.213348	0.000000	0.000000	3.750000	90.985367	-1100.569458
141	812.666687	648.254395	112.842117	95.763123	0.000000	0.000000	3.750000	-847.799561	-581.417542
142	-122.111404	558.409363	-40.957718	110.662323	0.000000	0.000000	3.750000	85.639481	-532.409973
143	597.756226	-887.650574	86.881805	-131.967194	0.000000	0.000000	3.750000	-554.429626	1174.931152
144	190.235352	671.645142	30.010649	107.904274	0.000000	0.000000	3.750000	-176.217255	-962.714111
145	261.448547	-721.374756	38.283237	-113.729393	0.000000	0.000000	3.750000	-264.308594	994.293884
146	722.278687	-474.328918	111.385864	-49.768707	0.000000	0.000000	3.750000	-872.314453	160.552750
147	-85.887299	294.166016	-51.786945	117.052025	0.000000	0.000000	3.750000	50.406521	-361.605988
148	390.616211	-358.655548	116.194016	-91.667603	0.000000	0.000000	3.750000	-482.767487	390.043427
149	-565.804871	-310.713562	-130.360504	-65.742729	0.000000	0.000000	3.750000	841.449463	474.729706
150	-829.089111	304.505341	-128.144287	45.551575	0.000000	0.000000	3.750000	1066.059570	-235.170670
151	-21.917591	-602.730286	0.004825	-149.999451	0.000000	0.000000	3.750000	-86.251671	840.657288
152	703.367493	479.017151	101.300537	64.328682	0.000000	0.000000	3.750000	-849.635742	-448.627808
153	613.485352	796.332397	102.386276	98.392197	0.000000	0.000000	3.750000	-738.952515	-634.115356
154	59.781181	502.817871	7.401712	127.783096	0.000000	0.000000	3.750000	-179.263916	-564.906555
155	-498.579956	645.896973	-72.391449	93.184982	0.000000	0.000000	3.750000	532.823486	-879.976807
156	444.576721	-938.978149	60.886158	-128.283997	0.000000	0.000000	3.750000	-415.489044	1292.712646
157	483.349152	-688.871277	72.857811	-100.335175	0.000000	0.000000	3.750000	-206.846024	618.218079
158	664.047363	135.987503	130.669403	29.690149	0.000000	0.000000	3.750000	-947.257751	-223.863327
159	-486.215088	-178.106171	-118.140297	-21.044445	0.000000	0.000000	3.750000	1040.793823	203.413361
160	-10.167955	573.394165	1.367100	135.991943	0.000000	0.000000	3.750000	-88.149582	-642.054199
161	180.294601	-403.198761	44.574684	-143.213348	0.000000	0.000000	3.750000	-237.042038	364.932343
162	-720.369324	755.248535	-81.894485	111.072922	0.000000	0.000000	3.750000	534.425476	-1001.145874
163	-759.129150	580.734497	-106.989754	70.264648	0.000000	0.000000	3.750000	934.827576	-452.457306
164	-299.956390	-579.533508	-67.884789	-122.440247	0.000000	0.000000	3.750000	352.684509	781.030457
165	-585.936951	-518.361450	-126.167908	-50.769901	0.000000	0.000000	3.750000	1091.226562	299.438538
166	868.858398	392.019714	147.547760	66.877502	0.000000	0.000000	3.750000	-304.138763	-110.463547
167	41.298923	343.937256	23.189968	103.431946	0.000000	0.000000	3.750000	-230.391174	-614.592163
168	-247.158295	-160.303345	-120.670189	-92.413315	0.000000	0.000000	3.750000	118.561081	78.571564
169	294.613464	866.518311	51.404068	136.651337	0.000000	0.000000	3.750000	-267.789703	-909.885681
170	-572.018005	497.890625	-90.974091	92.863739	0.000000	0.000000	3.750000	622.483032	-758.310364
171	697.112122	697.741089	89.734337	91.278419	0.000000	0.000000	3.750000	-589.023376	-621.912109
172	743.897461	239.425903	123.995758	73.219086	0.000000	0.000000	3.750000	-781.000793	-518.660767
173	-920.075012	232.147949	-134.654602	45.077217	0.000000	0.000000	3.750000	1157.617554	-182.418518
174	-352.165894	-450.423492	-77.310387	-96.948318	0.000000	0.000000	3.750000	183.866745	333.708740
175	-800.988647	482.000000	-117.596313	79.593124	0.000000	0.000000	3.750000	865.777527	-483.125183
176	-866.339111	162.672714	-119.138939	34.377594	0.000000	0.000000	3.750000	965.268433	-130.847809
177	-761.201111	-744.659241	-113.567589	-104.011536	0.000000	0.000000	3.750000	489.963867	456.836426
178	229.759888	-594.270935	35.637451	-108.286522	0.000000	0.000000	3.750000	-264.353760	767.813721
179	924.296509	718.173462	108.432297	97.767014	0.000000	0.000000	3.750000	-952.726196	-687.395081
180	-205.574707	-539.705139	-46.580662	-108.415939	0.000000	0.000000	3.750000	267.430603	1253.629883
181	-313.986694	-464.375244	-73.389656	-109.716415	0.000000	0.000000	3.750000	265.089966	600.785095
182	674.681213	663.353516	101.114792	113.488754	0.000000	0.000000	3.750000	-642.266357	-935.295105
183	-648.911499	-372.075256	-109.306320	-49.518929	0.000000	0.000000	3.750000	1046.090698	413.041138
184	-337.438843	551.838379	-89.073112	110.589249	0.000000	0.000000	3.750000	261.330719	-350.733521
185	-520.884033	61.068676	-121.157578	14.307738	0.000000	0.000000	3.750000	707.144653	1.903955
186	44.656837	-678.786621	5.720872	-139.882202	0.000000	0.000000	3.750000	-174.366928	911.582581
187	-47.700771	-323.415619	-39.583176	-128.019897	0.000000	0.000000	3.750000	36.137268	218.685150
188	657.766052	-79.736404	137.919479	-4.708682	0.000000	0.000000	3.750000	-812.777832	73.406799
189	-836.292603	-660.494873	-108.119675	-82.499268	0.000000	0.000000	3.750000	833.814148	578.784119
190	417.339905	-662.698853	58.632786	-116.026047	0.000000	0.000000	3.750000	-305.051025	1004.047791
191	706.573853	327.273102	108.667175	63.775696	0.000000	0.000000	3.750000	-209.601242	-117.803696
192	397.823059	-907.717590	62.455513	-120.810608	0.000000	0.000000	3.750000	-407.253815	1182.005371
193	898.545166	-272.737457	130.119843	-45.961220	0.000000	0.000000	3.750000	-1653.705444	159.142380
194	-552.350159	578.880615	-69.768448	90.157303	0.000000	0.000000	3.750000	540.965332	-888.364441
195	-460.196075	1.438241	-132.593567	30.233475	0.000000	0.000000	3.750000	703.957825	70.640816
196	-654.092773	276.972321	-115.192009	33.626678	0.000000	0.000000	3.750000	914.163452	-170.674255
197	528.966492	782.292114	78.125671	118.576004	0.000000	0.000000	3.750000	-611.570435	-1267.799561
198	189.845016	572.401184	4.412900	119.917648	0.000000	0.000000	3.750000	-162.568771	-712.836792
199	-477.783264	765.596130	-87.687111	103.955864	0.000000	0.000000	3.750000	509.538879	-829.859436
200	130.542786	-4.425852	11.405416	-123.474052	0.000000	0.000000	3.750000	-34.003708	246.671738
201	-139.654999	-858.916870	-30.560810	-124.297920	0.000000	0.000000	3.750000	143.606430	1163.012329
202	168.438782	614.105896	36.896317	124.654022	0.000000	0.000000	3.750000	-293.346863	-793.255920
203	-318.343964	-95.451645	-123.295624	-47.138824	0.000000	0.000000	3.750000	269.457581	146.255646
204	-322.381348	-211.580093	-109.509827	-80.644592	0.000000	0.000000	3.750000	351.217529	306.894073
205	169.559326	-951.375916	20.892221	-142.476364	0.000000	0.000000	3.750000	-190.719971	1198.210815
206	104.315811	-45.495270	-72.494850	-102.999084	0.000000	0.000000	3.750000	46.957039	249.483170
207	561.419556	-754.247498	109.058670	-125.145699	0.000000	0.000000	3.750000	-402.282654	774.889343
208	67.002846	438.231201	-0.309178	147.999329	0.000000	0.000000	3.750000	-34.394714	-408.448578
209	109.893211	370.470032	54.871071	148.164993	0.000000	0.000000	3.750000	-279.678711	-574.586426
210	85.918839	708.596802	18.765701	122.571762	0.000000	0.000000	3.750000	-108.395325	-993.480042
211	-430.703491	305.634827	-121.644669	60.810547	0.000000	0.000000	3.750000	429.773102	-371.210419
212	-71.727478	-840.856934	0.025060	-121.999954	0.000000	0.000000	3.750000	47.523830	1058.803955
213	126.823608	-942.516541	15.869739	-157.200989	0.000000	0.000000	3.750000	-159.216248	1612.703857
214	720.508789	349.040131	104.500557	83.878532	0.000000	0.000000	3.750000	-658.901733	-467.040436
215	814.832886	-571.789551	139.730713	-69.361267	0.000000	0.000000	3.750000	-996.711121	293.233734
216	-520.450439	-502.536499	-97.189316	-83.295868	0.000000	0.000000	3.750000	723.980530	540.319885
217	-323.129089	639.616211	-74.671814	136.966888	0.000000	0.000000	3.750000	284.217682	-733.931763
218	-894.883179	359.075958	-140.914490	66.926117	0.000000	0.000000	3.750000	952.845886	-465.679810
219	-498.227051	-260.772522	-116.491440	-48.017834	0.000000	0.000000	3.750000	511.530273	187.068726
220	-792.154175	563.141052	-112.947968	82.720917	0.000000	0.000000	3.750000	898.670715	-605.524475
221	-208.983963	60.475876	-104.673660	54.458302	0.000000	0.000000	3.750000	236.696121	-41.237396
222	-477.935608	-824.985901	-80.322250	-119.515984	0.000000	0.000000	3.750000	401.989166	878.019531
223	534.069885	508.845123	84.517044	90.735153	0.000000	0.000000	3.750000	-514.630066	-573.083252
224	627.834473	-230.624664	98.733063	-52.874989	0.000000	0.000000	3.750000	-401.295441	206.553894
225	37.231472	-287.301208	-38.916309	-130.296967	0.000000	0.000000	3.750000	-22.320286	271.818146
226	-546.703552	294.802460	-110.208313	72.650375	0.000000	0.000000	3.750000	550.833984	-409.363525
227	-827.402771	503.886658	-127.566925	52.635773	0.000000	0.000000	3.750000	974.541931	-206.796188
228	281.226105	131.693115	118.310844	37.128704	0.000000	0.000000	3.750000	-532.023071	-184.801895
229	539.012329	-78.458572	147.337189	13.981060	0.000000	0.000000	3.750000	-638.409607	6.302390
230	-214.853851	243.650116	-130.257782	51.311428	0.000000	0.000000	3.750000	235.974777	-108.400604
231	637.429321	95.795029	135.869934	5.942891	0.000000	0.000000	3.750000	-848.640686	15.929667
232	542.635498	-642.123779	97.317444	-100.644424	0.000000	0.000000	3.750000	-667.849854	749.842102
233	-241.825241	691.327026	-57.207500	116.735626	0.000000	0.000000	3.750000	300.769897	-871.593994
234	846.892212	263.375122	154.530167	21.346592	0.000000	0.000000	3.750000	-704.056458	71.064255
235	-453.932404	790.236755	-57.626419	118.756020	0.000000	0.000000	3.750000	272.354523	-1066.966064
236	-165.385498	513.735229	-84.871887	128.496948	0.000000	0.000000	3.750000	199.078674	-539.221252
237	159.787567	219.790466	-2.425676	131.977341	0.000000	0.000000	3.750000	24.244020	-463.480499
238	676.101196	-471.198853	108.173889	-72.099197	0.000000	0.000000	3.750000	-801.426270	365.603821
239	-166.092972	421.463898	-48.925602	120.441086	0.000000	0.000000	3.750000	120.786636	-457.737274
240	31.299469	615.159546	25.398581	121.370926	0.000000	0.000000	3.750000	-174.196136	-937.137085
241	-616.989868	497.281128	-101.465408	67.739777	0.000000	0.000000	3.750000	352.854980	-236.454315
242	111.052261	-858.110229	26.662376	-133.360596	0.000000	0.000000	3.750000	-337.967590	1203.894165
243	66.337906	-372.730164	-9.319697	-125.654274	0.000000	0.000000	3.750000	-52.183716	522.332764
244	320.246552	-450.101837	54.448189	-106.936340	0.000000	0.000000	3.750000	-313.497589	697.278259
245	500.157684	871.014038	78.357925	120.813934	0.000000	0.000000	3.750000	-653.212463	-1262.111572
246	713.043213	239.102310	125.711411	70.232574	0.000000	0.000000	3.750000	-672.401672	-425.688843
247	-94.538300	255.483765	-18.600063	138.754425	0.000000	0.000000	3.750000	6.411988	-158.138626
248	545.742371	461.762115	91.490822	83.698441	0.000000	0.000000	3.750000	-648.179321	-587.127380
249	-38.038029	416.205292	-21.981895	128.121277	0.000000	0.000000	3.750000	-91.641136	-385.142303
250	-261.489929	445.365570	-62.852875	104.562416	0.000000	0.000000	3.750000	233.040451	-551.089539
251	336.103790	568.204285	82.888412	112.823677	0.000000	0.000000	3.750000	-421.564148	-417.769165
252	-42.325199	-757.379395	-26.810188	-141.482178	0.000000	0.000000	3.750000	165.139297	967.762939
253	-239.314758	-461.707428	-80.343765	-121.905190	0.000000	0.000000	3.750000	322.920532	552.909058
254	-63.325974	559.985474	-32.165813	111.450516	0.000000	0.000000	3.750000	83.145981	-651.015137
255	529.320374	512.714233	67.651642	68.112076	0.000000	0.000000	3.750000	-858.298889	-857.123901
256	351.888611	-797.745422	50.773827	-126.166374	0.000000	0.000000	3.750000	-327.642120	1163.337036
257	549.566162	-347.964996	91.686974	-80.482895	0.000000	0.000000	3.750000	-768.188782	666.984802
258	-736.096924	-551.580994	-128.042175	-89.112953	0.000000	0.000000	3.750000	880.689880	517.908386
259	204.385727	536.122864	15.529516	112.937202	0.000000	0.000000	3.750000	-165.410889	-845.495361
260	-56.449154	-383.019592	-36.255821	-135.200867	0.000000	0.000000	3.750000	-43.652317	202.091797
261	701.239502	-702.024780	115.154465	-111.082306	0.000000	0.000000	3.750000	-718.726929	862.294250
262	811.146606	-371.403198	118.794136	-52.800064	0.000000	0.000000	3.750000	-1128.027588	300.756439
263	702.824341	713.688782	100.274475	108.852982	0.000000	0.000000	3.750000	-605.408325	-793.670715
264	-893.785156	-679.634460	-140.019913	-77.422066	0.000000	0.000000	3.750000	981.796448	351.408691
265	104.657372	-271.863708	58.797958	-111.435120	0.000000	0.000000	3.750000	-191.788376	258.245636
266	-905.437073	-375.260864	-114.627899	-69.400284	0.000000	0.000000	3.750000	1082.308960	503.840088
267	-799.527039	-256.265015	-159.595367	-27.807838	0.000000	0.000000	3.750000	1077.635742	129.719910
268	-281.501495	88.198982	-140.348541	21.565718	0.000000	0.000000	3.750000	506.612976	70.390007
269	518.392517	406.101807	80.364838	91.790451	0.000000	0.000000	3.750000	-483.739075	-589.138611
270	-366.697449	422.599579	-93.787033	117.063889	0.000000	0.000000	3.750000	539.204529	-750.268555
271	532.703613	816.757568	65.625755	119.118240	0.000000	0.000000	3.750000	-409.545135	-1118.546997
272	497.582153	84.657677	124.454460	19.672897	0.000000	0.000000	3.750000	-798.015503	-53.958271
273	-484.321716	795.503418	-63.845264	115.531296	0.000000	0.000000	3.750000	302.407440	-1149.066284
274	707.757263	547.247375	115.866150	107.419563	0.000000	0.000000	3.750000	-587.773254	-596.775574
275	435.127655	-504.665649	94.487640	-80.299919	0.000000	0.000000	3.750000	-758.204346	606.548096
276	-639.042969	71.518112	-108.558609	17.736580	0.000000	0.000000	3.750000	603.421631	84.237000
277	77.898384	-574.976379	-2.317925	-101.973312	0.000000	0.000000	3.750000	-78.131363	806.231140
278	687.650146	-520.785706	121.165680	-74.046234	0.000000	0.000000	3.750000	-817.473267	417.642059
279	840.976929	723.104431	110.607025	98.335365	0.000000	0.000000	3.750000	-1191.685303	-661.722656
280	191.644409	-59.875298	161.595856	-9.618227	0.000000	0.000000	3.750000	-189.015778	114.112885
281	-241.900360	132.678314	-130.349747	51.077744	0.000000	0.000000	3.750000	238.243927	-75.692284
282	481.605225	-8.304851	139.997864	-0.757222	0.000000	0.000000	3.750000	-611.732361	19.732054
283	820.534790	-717.040710	101.737350	-90.252464	0.000000	0.000000	3.750000	-983.539368	819.038269
284	-971.781982	497.730499	-134.068985	67.271851	0.000000	0.000000	3.750000	1202.921509	-541.063049
285	470.165039	-209.786194	109.468536	-53.851761	0.000000	0.000000	3.750000	-546.452332	76.509766
286	-169.343323	162.603149	-35.664429	131.239288	0.000000	0.000000	3.750000	115.703232	-309.223663
287	-403.019531	-590.285034	-83.806000	-107.109604	0.000000	0.000000	3.750000	315.993652	509.887634
288	-732.361938	-26.992018	-135.738892	24.871872	0.000000	0.000000	3.750000	1108.267578	24.084248
289	-402.473419	641.284424	-55.007980	95.257866	0.000000	0.000000	3.750000	326.989441	-851.639038
290	-158.279816	-914.847229	-37.720066	-126.495537	0.000000	0.000000	3.750000	202.832062	1196.701416
291	-552.102539	-64.877136	-143.870529	-6.096358	0.000000	0.000000	3.750000	613.131897	71.184082
292	205.368317	421.966309	45.072918	138.867767	0.000000	0.000000	3.750000	-282.638550	-664.463989
293	119.469528	-90.362061	97.902817	-72.793327	0.000000	0.000000	3.750000	-348.782654	307.376648
294	-705.478882	78.488602	-104.370522	18.513466	0.000000	0.000000	3.750000	1133.398682	-62.592239
295	-274.816193	252.212646	-129.946014	46.435654	0.000000	0.000000	3.750000	194.788269	-15.949187
296	-976.585693	386.254578	-159.494720	64.384949	0.000000	0.000000	3.750000	958.753540	-369.047913
297	-710.039551	691.334900	-121.184509	91.750854	0.000000	0.000000	3.750000	1235.226196	-715.793640
298	-574.506592	-397.975830	-70.457344	-79.194267	0.000000	0.000000	3.750000	564.717346	790.555359
299	628.161133	-501.407593	92.906860	-85.113548	0.000000	0.000000	3.750000	-727.174866	656.982605
300	712.626343	342.462830	119.622169	55.808006	0.000000	0.000000	3.750000	-404.506622	-154.044144
301	33.086937	-255.256744	19.329094	-130.575562	0.000000	0.000000	3.750000	-147.709732	480.801971
302	-312.709534	578.309082	-73.480988	112.054283	0.000000	0.000000	3.750000	353.740295	-1037.906860
303	258.172913	-326.320557	91.351532	-64.798538	0.000000	0.000000	3.750000	-474.826202	372.850891
304	-18.237743	616.966370	-32.830879	129.915543	0.000000	0.000000	3.750000	124.332985	-784.460022
305	-235.650116	520.371338	-59.070190	129.129517	0.000000	0.000000	3.750000	203.903854	-706.441101
306	511.396851	29.772957	105.485153	31.188089	0.000000	0.000000	3.750000	-543.870361	-283.452362
307	-560.750854	-316.028259	-139.643982	-42.609238	0.000000	0.000000	3.750000	563.632019	200.451340
308	-230.552979	780.686829	-59.878578	126.547562	0.000000	0.000000	3.750000	255.766296	-1019.532654
309	588.009888	-317.569611	121.085648	-61.919029	0.000000	0.000000	3.750000	-643.310791	150.261475
310	-180.468613	-598.713623	-13.890299	-137.298782	0.000000	0.000000	3.750000	82.528969	610.056763
311	859.530579	144.143509	130.913162	16.892048	0.000000	0.000000	3.750000	-922.894104	99.146851
312	531.978210	-869.306641	74.404152	-111.445038	0.000000	0.000000	3.750000	-567.152161	1024.382324
313	-227.876434	838.909546	-39.715870	119.576668	0.000000	0.000000	3.750000	209.860809	-1056.881470
314	-641.864563	-519.441223	-90.228912	-82.114136	0.000000	0.000000	3.750000	521.892700	439.450897
315	-489.087158	-721.419678	-62.963291	-95.034584	0.000000	0.000000	3.750000	464.364044	998.629272
316	652.173218	380.411560	111.184944	63.418503	0.000000	0.000000	3.750000	-776.496460	-441.127350
317	-146.350616	-759.830566	-47.456085	-123.173416	0.000000	0.000000	3.750000	180.001801	982.188843
318	74.016586	935.634277	14.107780	147.325958	0.000000	0.000000	3.750000	-159.497955	-1062.968506
319	2.935003	768.647278	10.474527	121.549500	0.000000	0.000000	3.750000	-130.567581	-1206.843872
320	529.486694	699.303589	75.397736	100.951233	0.000000	0.000000	3.750000	-633.357300	-1039.655396
321	617.219604	416.418701	125.495621	95.993866	0.000000	0.000000	3.750000	-610.263489	-429.712952
322	95.391052	858.734802	6.424808	143.856583	0.000000	0.000000	3.750000	-67.258781	-1147.590088
323	-738.971191	482.388000	-98.258904	82.031616	0.000000	0.000000	3.750000	763.605286	-605.367493
324	774.132568	936.265747	106.476761	129.948578	0.000000	0.000000	3.750000	-738.252441	-1067.003296
325	-596.518555	-285.237610	-106.496048	-59.519691	0.000000	0.000000	3.750000	687.992676	392.570007
326	-797.000732	-735.252197	-99.850296	-103.758934	0.000000	0.000000	3.750000	845.725586	926.383850
327	629.393066	753.638306	91.929153	100.224815	0.000000	0.000000	3.750000	-580.170776	-711.832886
328	-877.745422	-586.257935	-127.043732	-90.529892	0.000000	0.000000	3.750000	496.416626	407.052460
329	664.394897	-528.825623	106.699127	-74.264572	0.000000	0.000000	3.750000	-845.443848	463.051331
330	-97.324059	-869.132690	-35.637600	-133.318634	0.000000	0.000000	3.750000	172.198624	1214.792603
331	-475.979980	-595.155396	-92.938736	-96.531281	0.000000	0.000000	3.750000	523.948608	454.659607
332	558.373413	219.271301	122.477371	43.580849	0.000000	0.000000	3.750000	-895.164490	-325.703888
333	-206.255798	-446.364075	-80.935486	-104.275711	0.000000	0.000000	3.750000	315.647552	400.729797
334	143.811951	769.116821	21.269382	142.420502	0.000000	0.000000	3.750000	-107.731056	-980.436584
335	-473.362274	-257.586578	-115.932343	-63.114738	0.000000	0.000000	3.750000	468.721832	365.340912
336	598.370056	943.671875	81.252571	128.459137	0.000000	0.000000	3.750000	-354.485382	-892.934204
337	-909.465942	-314.887390	-142.444336	-53.041519	0.000000	0.000000	3.750000	933.103821	201.486710
338	712.710327	-684.343323	105.447227	-85.888565	0.000000	0.000000	3.750000	-948.769836	639.664062
339	-711.421326	654.311035	-112.893639	101.779251	0.000000	0.000000	3.750000	725.268799	-644.351501
340	-698.778931	-107.385010	-110.755760	-40.707703	0.000000	0.000000	3.750000	994.960876	242.075577
341	-819.326477	-603.246033	-102.926178	-97.827362	0.000000	0.000000	3.750000	780.079346	805.609314
342	-259.196411	1162.111084	-35.238319	168.351593	0.000000	0.000000	3.750000	247.935471	-1279.597534
343	-798.439331	-165.332993	-125.896057	-5.115244	0.000000	0.000000	3.750000	1082.245850	112.049835
344	-478.821655	744.325684	-78.358475	106.225922	0.000000	0.000000	3.750000	329.589539	-497.955627
345	535.143616	357.696045	157.280029	53.088120	0.000000	0.000000	3.750000	-435.368286	-213.151749
346	870.913696	686.044861	103.977699	96.709030	0.000000	0.000000	3.750000	-1018.249268	-889.296753
347	607.014038	409.485657	104.802414	86.674080	0.000000	0.000000	3.750000	-448.127686	-407.388947
348	166.359009	-624.405945	15.876869	-120.962311	0.000000	0.000000	3.750000	-198.792191	952.413818
349	-650.917175	-607.576416	-88.248550	-78.333801	0.000000	0.000000	3.750000	700.266296	665.253052
350	-823.040955	-439.488770	-131.731201	-53.017815	0.000000	0.000000	3.750000	810.114685	290.033356
351	158.649841	449.871216	-8.191588	109.694489	0.000000	0.000000	3.750000	151.759308	-1053.354248
352	-438.620148	58.146210	-159.727142	9.258455	0.000000	0.000000	3.750000	730.323608	168.453537
353	-513.232178	-491.330963	-94.873062	-73.478577	0.000000	0.000000	3.750000	681.311340	541.769714
354	286.270416	-318.644470	90.089554	-101.879494	0.000000	0.000000	3.750000	-348.359528	543.551086
355	-843.570923	447.135864	-117.130493	51.618038	0.000000	0.000000	3.750000	1016.027832	-358.308685
356	358.870361	-848.197876	65.466187	-128.257996	0.000000	0.000000	3.750000	-464.188171	1196.233276
357	505.849060	-845.023315	86.338196	-110.207428	0.000000	0.000000	3.750000	-608.623535	928.503540
358	-586.198486	598.671509	-95.426987	99.687912	0.000000	0.000000	3.750000	521.937195	-654.618225
359	156.054794	-247.586945	46.259483	-140.581635	0.000000	0.000000	3.750000	-260.754242	479.839844
360	623.647888	-358.124756	111.071884	-88.469879	0.000000	0.000000	3.750000	-788.393127	497.309692
361	746.890869	726.544434	128.057068	89.092041	0.000000	0.000000	3.750000	-866.360352	-598.440857
362	-407.313751	476.740356	-117.142548	83.747391	0.000000	0.000000	3.750000	573.993835	-435.669891
363	99.802979	527.506042	15.378069	143.175049	0.000000	0.000000	3.750000	-204.004578	-692.951843
364	720.917603	185.037384	128.743469	29.139511	0.000000	0.000000	3.750000	-1363.419067	-266.549683
365	517.600159	557.614807	79.354889	84.609680	0.000000	0.000000	3.750000	-658.910278	-747.979553
366	837.335510	-337.079773	129.946838	-52.092972	0.000000	0.000000	3.750000	-1170.503784	272.440979
367	392.786041	-475.074036	65.709534	-88.216522	0.000000	0.000000	3.750000	-363.457733	726.527710
368	494.714844	601.768127	72.316887	82.886848	0.000000	0.000000	3.750000	-548.210205	-821.783813
369	-210.233765	81.018494	-133.971497	-2.537385	0.000000	0.000000	3.750000	299.648071	47.275757
370	-511.909485	61.678207	-141.458176	-12.380885	0.000000	0.000000	3.750000	545.713806	125.748283
371	-544.195374	850.359680	-81.422592	113.886475	0.000000	0.000000	3.750000	420.161255	-981.031738
372	128.542587	-749.062378	36.367981	-120.637329	0.000000	0.000000	3.750000	-232.970108	831.874084
373	883.598877	452.858002	117.694687	68.146355	0.000000	0.000000	3.750000	-1147.904053	-538.305969
374	810.744507	79.996109	129.336136	13.112560	0.000000	0.000000	3.750000	-918.666199	69.152039
375	-773.804321	459.236725	-129.350952	67.707687	0.000000	0.000000	3.750000	928.989624	-461.973175
376	397.864075	-733.892883	57.938801	-91.143028	0.000000	0.000000	3.750000	-463.579559	1000.931580
377	-38.305084	-963.001770	-5.982195	-145.877380	0.000000	0.000000	3.750000	78.431320	1104.943115
378	416.643036	-919.594971	60.163834	-135.218948	0.000000	0.000000	3.750000	-340.163361	1270.233521
379	493.996887	9.494911	114.432388	28.795998	0.000000	0.000000	3.750000	-694.338745	-143.275803
380	129.104324	339.475891	64.968506	112.600685	0.000000	0.000000	3.750000	-316.869904	-445.103119
381	-15.166533	38.999020	-118.439209	-58.274811	0.000000	0.000000	3.750000	205.196411	98.704544
382	1032.628906	-655.922485	139.943817	-85.507950	0.000000	0.000000	3.750000	-859.579102	397.121521
383	360.536438	732.264526	59.212540	122.432983	0.000000	0.000000	3.750000	-353.776001	-877.748169
384	-668.910583	-735.087769	-101.688248	-101.957993	0.000000	0.000000	3.750000	665.045776	825.396729
385	-221.606750	-273.224548	-85.120735	-87.398026	0.000000	0.000000	3.750000	359.361786	466.620819
386	181.991821	-23.727156	117.049706	69.247696	0.000000	0.000000	3.750000	-231.048691	-115.486023
387	-500.573303	-628.412476	-96.153946	-112.509613	0.000000	0.000000	3.750000	488.807587	630.756165
388	177.033386	-541.298889	42.396732	-127.116074	0.000000	0.000000	3.750000	-180.064316	613.960815
389	-817.276062	-44.018726	-123.978485	-2.306694	0.000000	0.000000	3.750000	1097.514282	81.584198
390	501.856812	-624.475586	75.263382	-98.545990	0.000000	0.000000	3.750000	-361.738098	695.753296
391	-455.364441	228.710388	-123.933266	39.241676	0.000000	0.000000	3.750000	661.196655	-25.882172
392	-515.409607	223.463104	-99.238129	47.453075	0.000000	0.000000	3.750000	777.976135	-366.180603
393	306.371521	801.993530	45.205036	130.385941	0.000000	0.000000	3.750000	-351.879669	-907.313049
394	385.227905	-75.052773	105.891327	-52.067467	0.000000	0.000000	3.750000	-560.594666	260.541077
395	-49.995605	-604.130127	-39.387794	-132.259583	0.000000	0.000000	3.750000	110.889038	458.886505
396	-751.510071	720.805420	-99.422287	89.839905	0.000000	0.000000	3.750000	743.842163	-700.462036
397	555.035706	-916.099670	73.597443	-130.703278	0.000000	0.000000	3.750000	-396.458832	894.518555
398	-717.164062	-118.430496	-111.878021	-21.891884	0.000000	0.000000	3.750000	835.982239	67.686546
399	817.944946	-662.862549	118.138329	-89.147369	0.000000	0.000000	3.750000	-960.627747	565.299133
400	-124.365356	-499.493988	12.938951	-143.415680	0.000000	0.000000	3.750000	-194.425598	703.997131
401	11.897255	-834.555298	13.970475	-155.373093	0.000000	0.000000	3.750000	-52.285183	1413.637573
402	474.812378	605.690735	95.352829	94.147491	0.000000	0.000000	3.750000	-507.725861	-640.870850
403	-307.514709	-278.748718	-107.850990	-68.935944	0.000000	0.000000	3.750000	382.443054	251.732742
404	-718.173950	-88.174721	-104.545799	-40.176743	0.000000	0.000000	3.750000	1519.291382	490.300659
405	759.115295	660.414062	107.314262	96.018959	0.000000	0.000000	3.750000	-917.755981	-764.339417
406	-170.079056	-1049.179443	-20.863045	-164.683655	0.000000	0.000000	3.750000	91.692574	1166.066772
407	-113.496445	-12.145526	-75.154160	98.628479	0.000000	0.000000	3.750000	211.942078	-225.224823
408	511.071136	-1041.183960	76.819382	-140.350891	0.000000	0.000000	3.750000	-436.164764	1468.085571
409	-37.519321	-267.099182	-79.929245	-105.048965	0.000000	0.000000	3.750000	284.895569	351.720917
410	-109.923676	735.752747	-11.697448	157.566406	0.000000	0.000000	3.750000	63.284996	-1024.842041
411	373.300018	-123.368805	123.811775	23.380386	0.000000	0.000000	3.750000	-534.250366	-95.522446
412	568.521912	-81.102280	127.056587	-27.505054	0.000000	0.000000	3.750000	-727.723511	73.180176
413	284.664154	727.879272	34.465370	131.560242	0.000000	0.000000	3.750000	-210.241455	-1036.475342
414	611.946777	125.205811	139.999908	0.049816	0.000000	0.000000	3.750000	-909.283997	37.178314
415	-806.368164	-130.040619	-123.846756	-32.340897	0.000000	0.000000	3.750000	991.606628	149.209091
416	669.053894	245.179901	125.107719	42.095688	0.000000	0.000000	3.750000	-821.989929	-249.260986
417	117.471199	236.294067	-45.167561	134.563782	0.000000	0.000000	3.750000	56.550056	-34.887650
418	-113.472839	621.756470	-48.415062	124.947830	0.000000	0.000000	3.750000	177.885712	-447.515472
419	879.134766	-131.014038	134.254364	-21.720108	0.000000	0.000000	3.750000	-1128.876099	156.321930
420	-631.504761	659.734253	-103.081635	88.714012	0.000000	0.000000	3.750000	726.143311	-619.273621
421	-464.869171	155.414780	-125.734138	40.185474	0.000000	0.000000	3.750000	508.200500	-225.553238
422	852.190063	349.226257	134.755920	70.319229	0.000000	0.000000	3.750000	-1083.929077	-452.565521
423	-717.200806	246.955902	-121.471001	46.311901	0.000000	0.000000	3.750000	621.477661	-215.570297
424	639.441895	223.549774	121.574188	46.037933	0.000000	0.000000	3.750000	-475.904510	-264.169800
425	-713.340576	-350.588531	-93.089218	-54.757469	0.000000	0.000000	3.750000	1057.844360	508.394165
426	-10.387398	423.176758	-16.903923	147.031372	0.000000	0.000000	3.750000	102.852074	-774.114136
427	500.555786	-511.362000	89.157791	-86.176727	0.000000	0.000000	3.750000	-174.807022	238.915405
428	-738.997925	-186.724823	-145.523041	-61.538769	0.000000	0.000000	3.750000	905.041626	347.604004
429	-658.161133	-743.031006	-90.544250	-101.477768	0.000000	0.000000	3.750000	769.155518	924.087524
430	581.994995	-629.469727	90.813995	-87.343094	0.000000	0.000000	3.750000	-769.751709	699.738037
431	-155.690933	26.819601	-62.847874	109.206779	0.000000	0.000000	3.750000	258.367249	-513.294678
432	440.714508	814.082397	70.358627	125.640816	0.000000	0.000000	3.750000	-471.171082	-1035.883057
433	-497.325836	-704.280823	-79.110542	-95.485107	0.000000	0.000000	3.750000	546.583435	924.505798
434	314.457642	-601.749939	59.231483	-104.362610	0.000000	0.000000	3.750000	-384.150726	968.783386
435	115.010590	782.061401	17.474842	140.920624	0.000000	0.000000	3.750000	-135.158081	-925.272888
436	721.602539	364.006622	94.985519	66.586365	0.000000	0.000000	3.750000	-825.920105	-502.757629
437	-62.443478	866.398499	-34.168282	141.944916	0.000000	0.000000	3.750000	117.299187	-1077.410034
438	64.265282	235.679810	21.733665	124.088913	0.000000	0.000000	3.750000	-109.272385	-171.514450
439	-151.441132	-502.291992	-23.695789	-133.915985	0.000000	0.000000	3.750000	-87.775108	756.890442
440	-578.520996	166.093399	-129.907196	4.906274	0.000000	0.000000	3.750000	728.773499	20.517784
441	158.393478	187.642624	12.922728	133.373566	0.000000	0.000000	3.750000	-108.764832	-436.510040
442	-463.083801	-412.587708	-105.058678	-92.534607	0.000000	0.000000	3.750000	583.559814	477.135681
443	639.847961	-180.336441	126.761459	-17.763187	0.000000	0.000000	3.750000	-1010.470703	124.621323
444	381.394226	1008.994751	45.302589	142.995148	0.000000	0.000000	3.750000	-257.352905	-1185.882935
445	7.789163	-88.220901	-26.875767	100.425362	0.000000	0.000000	3.750000	-6.842772	-91.039070
446	-626.923828	820.141846	-94.675186	108.501282	0.000000	0.000000	3.750000	619.295532	-907.129639
447	-616.633423	686.205811	-99.579643	101.231865	0.000000	0.000000	3.750000	1348.936768	-1445.181396
448	496.903748	-319.620026	92.011604	-48.475269	0.000000	0.000000	3.750000	-427.420319	200.223877
449	963.466309	174.024658	143.185181	15.295424	0.000000	0.000000	3.750000	-1151.830933	-22.022894
450	-129.172485	153.451126	-122.206894	38.052177	0.000000	0.000000	3.750000	301.540863	-26.666378
451	-199.257660	-441.749756	-97.902512	-110.991257	0.000000	0.000000	3.750000	298.241791	312.397400
452	-220.579727	530.148743	-59.018593	109.053360	0.000000	0.000000	3.750000	262.439331	-768.985962
453	-593.138245	728.750610	-95.618637	112.964012	0.000000	0.000000	3.750000	435.666962	-740.452209
454	-374.043701	541.258667	-89.372681	146.952087	0.000000	0.000000	3.750000	163.056091	-572.795105
455	-753.842773	-49.954865	-155.428925	28.383591	0.000000	0.000000	3.750000	923.410828	-50.998299
456	-580.900024	222.060822	-127.724884	52.252495	0.000000	0.000000	3.750000	677.170105	-320.190338
457	-657.640442	-269.649292	-140.923676	-29.606024	0.000000	0.000000	3.750000	556.308655	119.714813
458	593.780029	-596.595215	82.884995	-78.269257	0.000000	0.000000	3.750000	-699.648193	686.621704
459	830.204224	270.655792	141.728699	25.473988	0.000000	0.000000	3.750000	-618.526062	-78.415894
460	-784.580017	-129.571686	-130.544342	-38.133560	0.000000	0.000000	3.750000	993.304688	257.552094
461	-657.167847	-367.931793	-90.788086	-62.108936	0.000000	0.000000	3.750000	963.364502	618.568420
462	-202.237579	-417.727112	-78.992462	-105.755341	0.000000	0.000000	3.750000	397.142426	525.849609
463	-647.165588	-617.862061	-95.355522	-82.360855	0.000000	0.000000	3.750000	819.722717	625.548279
464	193.671448	-1010.300171	19.661263	-146.688202	0.000000	0.000000	3.750000	-117.500763	1125.421997
465	466.214752	-859.038940	46.124725	-121.541862	0.000000	0.000000	3.750000	-251.328247	1109.564575
466	122.511513	-710.386658	19.694462	-108.222504	0.000000	0.000000	3.750000	-94.425896	716.937683
467	-118.840874	669.072815	-36.655640	130.966766	0.000000	0.000000	3.750000	179.064163	-1022.565308
468	821.570435	252.944519	136.072235	32.929405	0.000000	0.000000	3.750000	-896.749634	-219.992828
469	459.883484	-193.246582	103.002045	-85.712143	0.000000	0.000000	3.750000	-600.319763	544.049133
470	-362.392822	780.934387	-78.953888	122.807831	0.000000	0.000000	3.750000	309.400116	-903.781494
471	728.285522	-35.400242	126.870453	-16.966831	0.000000	0.000000	3.750000	-886.079285	163.199661
472	-132.898132	-745.201355	-4.528935	-137.925659	0.000000	0.000000	3.750000	18.412476	1083.536255
473	816.920166	-278.778412	135.941147	-33.464432	0.000000	0.000000	3.750000	-1086.513428	123.705734
474	-585.497803	481.267578	-102.856583	94.976440	0.000000	0.000000	3.750000	645.361328	-590.469421
475	800.014648	-358.938904	117.049171	-51.801117	0.000000	0.000000	3.750000	-1082.757568	260.684723
476	-669.397034	-976.858521	-98.318848	-126.226913	0.000000	0.000000	3.750000	575.537537	1047.453979
477	-56.893505	-109.515854	27.157652	-126.985062	0.000000	0.000000	3.750000	-6.682403	77.260139
478	-445.028595	301.223846	-141.144379	66.432037	0.000000	0.000000	3.750000	385.790161	-287.466644
479	357.711029	648.168701	36.253860	129.002197	0.000000	0.000000	3.750000	-247.788757	-655.547546
480	356.574036	-428.435699	85.992584	-120.454407	0.000000	0.000000	3.750000	-420.847412	557.210083
481	671.837158	-562.174316	111.472931	-84.697113	0.000000	0.000000	3.750000	-415.467529	325.531769
482	-332.516296	-536.821045	-64.701248	-133.106659	0.000000	0.000000	3.750000	214.411133	764.747986
483	-669.444031	-331.942017	-114.058304	-66.442657	0.000000	0.000000	3.750000	900.429382	396.869507
484	582.562561	742.255859	87.833237	93.109184	0.000000	0.000000	3.750000	-716.106689	-816.820679
485	248.232147	-678.038818	27.861721	-131.071442	0.000000	0.000000	3.750000	-220.091782	908.038452
486	485.565277	-141.548264	125.252342	-26.378677	0.000000	0.000000	3.750000	-647.012512	104.942612
487	75.465515	-417.415344	25.517399	-109.054382	0.000000	0.000000	3.750000	-215.615448	832.422424
488	132.031845	-89.254974	88.172592	-84.318375	0.000000	0.000000	3.750000	-185.438950	183.445938
489	304.254791	633.173706	62.909290	131.751358	0.000000	0.000000	3.750000	-320.936859	-642.541199
490	-369.383057	-65.929398	-129.036102	42.961193	0.000000	0.000000	3.750000	633.510010	-170.360001
491	-786.381348	-117.336609	-115.324554	-24.983625	0.000000	0.000000	3.750000	1010.541260	91.651184
492	237.346771	42.183884	125.678680	33.239204	0.000000	0.000000	3.750000	-462.430176	-142.413696
493	477.921265	781.692627	79.384628	100.409454	0.000000	0.000000	3.750000	-630.335266	-927.068726
494	-889.244934	-96.747513	-172.983322	-18.782137	0.000000	0.000000	3.750000	1319.742065	138.233017
495	701.244324	457.974365	104.605644	93.045609	0.000000	0.000000	3.750000	-526.384033	-376.226196
496	506.256134	355.654114	94.495514	67.279930	0.000000	0.000000	3.750000	-594.131531	-387.681396
497	-773.630066	-538.145325	-99.154633	-74.460037	0.000000	0.000000	3.750000	1644.552734	912.618225
498	794.619324	-639.896729	112.744942	-95.877792	0.000000	0.000000	3.750000	-984.388550	739.593567
499	-144.194611	512.433533	-36.785477	114.222412	0.000000	0.000000	3.750000	142.149323	-665.815613
500	-857.847534	888.422607	-109.438583	108.347549	0.000000	0.000000	3.750000	885.014648	-941.154785
501	606.236267	400.258118	91.767990	53.051960	0.000000	0.000000	3.750000	-198.613892	-83.534546
502	-130.852310	-160.615585	-121.990082	-76.243652	0.000000	0.000000	3.750000	106.893929	24.365778
503	720.656860	957.965820	103.582428	113.959122	0.000000	0.000000	3.750000	-862.571289	-963.557922
504	775.946777	-68.601196	132.848328	17.523373	0.000000	0.000000	3.750000	-777.824036	-2.807469
505	554.683594	-823.571533	88.030884	-133.604553	0.000000	0.000000	3.750000	-347.496246	823.180115
506	-536.360596	466.233093	-92.546951	66.565292	0.000000	0.000000	3.750000	253.410919	-138.818207
507	69.024590	617.635071	23.161564	123.852875	0.000000	0.000000	3.750000	-213.062653	-912.167847
508	-280.540527	-231.858124	-132.303680	-56.838074	0.000000	0.000000	3.750000	375.461090	296.226868
509	545.827637	-191.221100	144.424911	-40.514320	0.000000	0.000000	3.750000	-733.190430	162.301315
510	656.535278	120.995667	126.171280	21.557114	0.000000	0.000000	3.750000	-1005.243896	-44.650555
511	-733.025391	326.482452	-128.318985	55.982887	0.000000	0.000000	3.750000	557.859619	-318.328888
512	-678.165466	-439.051788	-103.381027	-114.141785	0.000000	0.000000	3.750000	459.658386	560.049622
513	463.503967	-688.603943	89.219177	-115.567810	0.000000	0.000000	3.750000	-745.092041	1102.345581
514	-156.456909	-784.237427	-63.189758	-144.812866	0.000000	0.000000	3.750000	244.331512	885.990112
515	808.841248	-153.240341	135.299591	-43.102245	0.000000	0.000000	3.750000	-1044.602905	157.394638
516	-752.799683	550.855408	-106.147385	105.984451	0.000000	0.000000	3.750000	678.474304	-767.200256
517	-817.118713	92.504814	-146.103943	33.963020	0.000000	0.000000	3.750000	1015.328552	-109.749474
518	-380.060791	-815.886963	-49.910831	-122.199951	0.000000	0.000000	3.750000	325.086639	1275.131470
519	205.007370	-509.841919	38.688091	-126.203125	0.000000	0.000000	3.750000	-265.776550	813.614014
520	236.314453	-231.965118	60.290806	-135.162018	0.000000	0.000000	3.750000	-318.068298	531.027588
521	-217.628418	386.504456	-62.074707	123.248535	0.000000	0.000000	3.750000	167.120438	-607.216125
522	-866.676086	882.911743	-113.424713	115.666740	0.000000	0.000000	3.750000	798.225769	-953.552185
523	-12.409431	-148.754135	26.897467	-141.464081	0.000000	0.000000	3.750000	-138.460175	399.582153
524	-255.294434	-339.958130	-73.050613	-112.336998	0.000000	0.000000	3.750000	253.080536	466.904816
525	708.709656	-480.045502	119.434845	-109.449768	0.000000	0.000000	3.750000	-526.381470	438.816254
526	518.929443	-759.285156	69.114182	-100.534622	0.000000	0.000000	3.750000	-603.476013	1040.806274
527	634.580200	-888.720215	95.768280	-112.838043	0.000000	0.000000	3.750000	-705.001648	909.727783
528	-565.443176	325.255615	-136.407455	52.044800	0.000000	0.000000	3.750000	444.448395	-130.809937
529	-386.914032	40.328655	-110.954834	33.835686	0.000000	0.000000	3.750000	575.517334	-91.645599
530	550.714111	-527.190918	98.530884	-107.737648	0.000000	0.000000	3.750000	-448.227692	667.992737
531	613.428223	677.910339	86.881073	85.648575	0.000000	0.000000	3.750000	-766.457764	-758.558594
532	-605.916016	-792.051636	-88.130890	-95.566399	0.000000	0.000000	3.750000	746.477356	914.462463
533	126.779037	-228.743652	20.096153	-130.461166	0.000000	0.000000	3.750000	-65.961685	351.143066
534	-745.177734	-694.073120	-101.694405	-87.259666	0.000000	0.000000	3.750000	864.928101	720.329773
535	76.489174	209.724518	71.115578	106.425308	0.000000	0.000000	3.750000	-177.797211	-207.415039
536	-127.811089	973.220337	-27.574032	155.575256	0.000000	0.000000	3.750000	170.171844	-1194.564453
537	-245.087677	66.557480	-127.294769	-13.383814	0.000000	0.000000	3.750000	261.297516	103.350090
538	679.464478	670.079712	96.719803	89.828987	0.000000	0.000000	3.750000	-877.670044	-675.120667
539	680.589661	-296.905151	122.103851	-83.633865	0.000000	0.000000	3.750000	-1143.510132	676.383667
540	-569.384216	258.541016	-136.309067	57.652718	0.000000	0.000000	3.750000	795.660767	-343.928741
541	-33.489803	1160.719238	-4.246890	167.946259	0.000000	0.000000	3.750000	-11.973223	-1276.681152
542	192.644562	-92.525177	83.269615	-86.406853	0.000000	0.000000	3.750000	-327.859680	322.636841
543	-776.012634	629.429871	-100.064224	89.124313	0.000000	0.000000	3.750000	1149.031982	-1089.867676
544	913.189392	-177.744125	135.060257	-49.946236	0.000000	0.000000	3.750000	-1087.846069	265.546265
545	-131.096924	561.292419	-27.357700	116.832047	0.000000	0.000000	3.750000	33.449211	-179.591141
546	44.853233	-266.327576	44.481716	-122.126373	0.000000	0.000000	3.750000	-214.311234	199.630432
547	349.395569	185.393402	117.526810	76.074799	0.000000	0.000000	3.750000	-499.648102	-284.713043
548	-180.597000	-643.104980	-38.520081	-126.253845	0.000000	0.000000	3.750000	121.448395	866.695435
549	902.932068	-15.395008	144.619171	-20.030251	0.000000	0.000000	3.750000	-1075.195312	51.532337
550	-313.910706	23.737892	-118.985367	15.564050	0.000000	0.000000	3.750000	503.339203	2.984483
551	-877.437500	290.649109	-128.956024	54.500420	0.000000	0.000000	3.750000	1011.968079	-324.715179
552	-25.125858	-206.928665	-2.837381	-121.961792	0.000000	0.000000	3.750000	-62.641350	292.631439
553	-474.644928	-254.117035	-118.952057	-35.017467	0.000000	0.000000	3.750000	813.884399	102.182243
554	-420.542175	-879.698364	-54.435535	-124.630249	0.000000	0.000000	3.750000	300.653839	927.262390
555	308.436951	-53.849548	120.634392	-42.793953	0.000000	0.000000	3.750000	-450.853302	167.399734
556	351.703064	-564.949585	49.174690	-102.847549	0.000000	0.000000	3.750000	-129.274399	594.992798
557	-176.352753	-356.881866	-53.599495	-148.630554	0.000000	0.000000	3.750000	175.852859	507.712830
558	70.380714	19.928278	-95.558235	90.351677	0.000000	0.000000	3.750000	53.568283	-15.734485
559	-415.183929	-227.983932	-129.132202	-27.365540	0.000000	0.000000	3.750000	896.870972	196.493042
560	584.250244	206.165359	104.437325	45.703888	0.000000	0.000000	3.750000	-937.873108	-417.878632
561	-817.351746	-204.409271	-133.232880	-42.994919	0.000000	0.000000	3.750000	506.579193	66.361176
562	-712.751526	478.953552	-109.824028	69.560516	0.000000	0.000000	3.750000	733.663879	-481.060944
563	963.576965	-1.403776	150.387970	-22.077709	0.000000	0.000000	3.750000	-1222.904541	103.434479
564	685.882202	589.395630	87.651665	81.958176	0.000000	0.000000	3.750000	-391.956543	-378.524231
565	654.169312	-579.491150	109.484970	-80.676117	0.000000	0.000000	3.750000	-428.328735	252.309616
566	-119.907295	1022.683228	-19.896973	170.815063	0.000000	0.000000	3.750000	21.257904	-208.505981
567	759.975769	710.455566	91.289917	100.807266	0.000000	0.000000	3.750000	-654.935486	-910.068787
568	-357.984863	-855.620972	-51.141991	-134.611404	0.000000	0.000000	3.750000	191.774170	992.853333
569	-213.418243	202.058289	-97.667442	88.791451	0.000000	0.000000	3.750000	353.593964	-184.296585
570	-628.682373	-907.784485	-90.505936	-112.002480	0.000000	0.000000	3.750000	620.680603	1077.602661
571	-823.007141	497.119812	-119.067497	77.372604	0.000000	0.000000	3.750000	502.121124	-237.130936
572	-663.143799	-144.346664	-137.937881	4.131976	0.000000	0.000000	3.750000	769.390015	24.904375
573	-796.071716	242.108810	-113.697426	44.236649	0.000000	0.000000	3.750000	935.404358	-305.540802
574	-883.361816	-524.792419	-127.514877	-52.762787	0.000000	0.000000	3.750000	1139.819336	357.165619
575	-705.021057	689.094299	-105.303444	95.263741	0.000000	0.000000	3.750000	873.572449	-835.927856
576	784.441895	-415.054230	116.908432	-65.485718	0.000000	0.000000	3.750000	-985.136902	441.534027
577	-355.507080	875.239136	-60.645912	121.728577	0.000000	0.000000	3.750000	280.311340	-1087.193481
578	-794.009033	-504.651001	-119.551773	-68.929810	0.000000	0.000000	3.750000	1011.006042	453.750885
579	-123.721077	979.811523	-25.567688	151.862640	0.000000	0.000000	3.750000	127.337196	-1164.494263
580	-582.781128	-155.412918	-90.829048	-58.430084	0.000000	0.000000	3.750000	569.811646	335.635712
581	-594.413208	236.070526	-137.098938	60.852139	0.000000	0.000000	3.750000	372.605896	-257.463165
582	-624.282410	-636.828369	-91.516327	-113.756775	0.000000	0.000000	3.750000	501.522369	858.580872
583	167.570419	246.310883	116.551346	81.061417	0.000000	0.000000	3.750000	-155.609436	-159.198471
584	-452.987091	994.414795	-87.414627	138.760468	0.000000	0.000000	3.750000	515.492737	-1198.544434
585	-434.225830	-391.029907	-104.736031	-54.354034	0.000000	0.000000	3.750000	532.818481	289.495636
586	943.700806	-345.569092	130.352097	-70.087021	0.000000	0.000000	3.750000	-1213.920166	431.775146
587	-564.617859	-593.429993	-80.780884	-80.438614	0.000000	0.000000	3.750000	685.801331	949.817749
588	481.659302	-571.490784	98.332352	-105.198029	0.000000	0.000000	3.750000	-545.055176	747.417053
589	448.533630	360.184174	92.992172	99.239075	0.000000	0.000000	3.750000	-539.196289	-701.891724
590	154.191010	672.544434	6.118988	123.848938	0.000000	0.000000	3.750000	-40.506813	-932.592651
591	304.049957	-103.682144	127.957008	-22.955727	0.000000	0.000000	3.750000	-536.776184	67.089317
592	-726.057495	870.059387	-106.803520	113.705612	0.000000	0.000000	3.750000	783.367493	-975.620667
593	-212.825821	-716.201050	-18.571995	-148.845001	0.000000	0.000000	3.750000	166.939621	752.933411
594	-406.655548	579.507996	-80.536194	86.241798	0.000000	0.000000	3.750000	342.720154	-574.701843
595	-655.259277	-359.729736	-109.183754	-58.777657	0.000000	0.000000	3.750000	893.726868	341.066254
596	-739.943237	-176.299683	-133.559692	-48.226532	0.000000	0.000000	3.750000	811.563354	242.204834
597	918.971924	-320.701721	141.219482	-44.279289	0.000000	0.000000	3.750000	-1108.954346	99.253242
598	34.575127	71.465393	125.729233	20.769539	0.000000	0.000000	3.750000	-93.336769	108.342445
599	811.838562	347.116608	122.790451	71.319221	0.000000	0.000000	3.750000	-882.797424	-392.434906
600	-98.978783	-770.723755	-20.645809	-132.399948	0.000000	0.000000	3.750000	131.040283	1052.664185
601	-627.528015	-255.206207	-112.178917	-29.527027	0.000000	0.000000	3.750000	906.418762	142.944061
602	-303.647675	-560.978455	-59.431164	-124.545959	0.000000	0.000000	3.750000	283.549500	949.379639
603	90.357956	-575.745972	1.532990	-109.989250	0.000000	0.000000	3.750000	-48.931591	830.221436
604	-64.728905	-434.864471	-47.814049	-114.409302	0.000000	0.000000	3.750000	119.874146	415.340302
605	745.416748	795.260132	99.505951	104.088646	0.000000	0.000000	3.750000	-748.247803	-1042.844727
606	-787.688477	183.539795	-137.776566	24.844734	0.000000	0.000000	3.750000	792.563904	-14.878758
607	-73.144684	-427.156097	-39.976067	-96.008675	0.000000	0.000000	3.750000	117.190361	635.567993
608	-120.859528	623.712280	-6.900563	129.816620	0.000000	0.000000	3.750000	9.620126	-839.775085
609	-224.981689	281.175964	-77.470581	101.893341	0.000000	0.000000	3.750000	279.448822	-465.041534
610	420.749542	29.998806	122.969223	27.468029	0.000000	0.000000	3.750000	-514.105164	-153.951309
611	865.227295	593.269836	115.225471	99.130821	0.000000	0.000000	3.750000	-1054.432617	-621.719482
612	611.672119	502.034210	90.842598	78.406326	0.000000	0.000000	3.750000	-935.217712	-585.251648
613	-561.990906	-240.746918	-122.717545	-28.572702	0.000000	0.000000	3.750000	498.559082	105.371086
614	-177.975601	-630.803406	-44.083260	-120.168091	0.000000	0.000000	3.750000	150.602066	968.919678
615	-473.180420	502.212921	-90.471100	87.698219	0.000000	0.000000	3.750000	665.524658	-672.946411
616	-578.152588	-526.041260	-111.778847	-108.818336	0.000000	0.000000	3.750000	681.753662	579.958313
617	-653.893250	211.725189	-143.999634	48.661510	0.000000	0.000000	3.750000	445.643799	-179.623627
618	-161.920425	382.821747	-27.841030	106.417908	0.000000	0.000000	3.750000	41.544361	-529.429504
619	497.643463	659.295288	79.267181	127.344788	0.000000	0.000000	3.750000	-697.742493	-1002.341431
620	976.841187	208.380112	148.967804	39.045677	0.000000	0.000000	3.750000	-1209.074097	-245.568695
621	426.951538	-652.670288	68.978897	-95.736748	0.000000	0.000000	3.750000	-210.356140	619.389465
622	-757.524170	-649.012939	-108.055069	-115.274002	0.000000	0.000000	3.750000	506.518616	544.287415
623	-230.327942	467.553955	-79.562637	110.286850	0.000000	0.000000	3.750000	101.582283	-349.194824
624	-995.586792	467.832794	-133.713455	76.397873	0.000000	0.000000	3.750000	859.665283	-379.085022
625	-369.486206	429.399292	-82.998672	105.200592	0.000000	0.000000	3.750000	443.968231	-656.517944
626	-237.401779	-544.516113	-78.902588	-115.647263	0.000000	0.000000	3.750000	317.053192	598.600342
627	234.078064	-558.317322	69.637497	-135.109314	0.000000	0.000000	3.750000	-668.715576	1033.526489
628	-626.542297	587.633362	-92.426788	88.550934	0.000000	0.000000	3.750000	765.734802	-850.926208
629	533.783569	92.768150	155.300262	-14.756386	0.000000	0.000000	3.750000	-702.737671	102.781479
630	-527.828125	481.489685	-81.895264	64.102715	0.000000	0.000000	3.750000	766.066772	-522.996765
631	-509.906189	-287.205444	-117.020493	-123.313400	0.000000	0.000000	3.750000	593.727600	659.550842
632	-866.756226	-4.805192	-149.915085	-5.044655	0.000000	0.000000	3.750000	1082.247681	74.853516
633	872.408142	146.536041	153.173615	29.558466	0.000000	0.000000	3.750000	-809.949707	-212.150528
634	-618.164368	267.282715	-110.378746	35.672043	0.000000	0.000000	3.750000	373.677765	-99.661804
635	-110.744232	-623.851624	-25.428295	-113.178619	0.000000	0.000000	3.750000	125.138008	663.079102
636	-424.929291	-351.393738	-70.033783	-76.884491	0.000000	0.000000	3.750000	440.320679	611.005310
637	-269.644287	-352.976379	-125.176819	-47.820110	0.000000	0.000000	3.750000	399.840729	166.853348
638	-327.560913	241.282532	-81.187485	104.076477	0.000000	0.000000	3.750000	157.509140	-331.992096
639	-653.866028	-132.892502	-118.339157	-29.660910	0.000000	0.000000	3.750000	956.380554	123.550072
640	-148.450302	-124.222694	-72.381706	-112.763000	0.000000	0.000000	3.750000	257.649628	250.564056
641	-680.161316	383.898529	-109.875671	80.145203	0.000000	0.000000	3.750000	262.734802	-198.698166
642	157.162323	540.873352	56.053951	112.844818	0.000000	0.000000	3.750000	-341.116180	-672.116699
643	-792.717712	374.496399	-114.638596	56.938194	0.000000	0.000000	3.750000	1004.377380	-391.320587
644	389.576630	414.815918	97.065414	124.665176	0.000000	0.000000	3.750000	-573.446472	-485.948853
645	-438.829437	279.142395	-111.939034	73.658737	0.000000	0.000000	3.750000	540.908813	-417.814636
646	126.168282	-18.381260	122.528030	43.377663	0.000000	0.000000	3.750000	-102.289734	-11.122790
647	817.316040	276.132996	116.648537	47.634697	0.000000	0.000000	3.750000	-1072.608643	-299.325928
648	-828.885010	413.730286	-105.301132	72.771339	0.000000	0.000000	3.750000	912.034180	-591.820312
649	-607.456299	-502.975220	-90.109756	-114.873314	0.000000	0.000000	3.750000	401.994537	774.398376
650	-284.526398	583.116699	-51.939953	168.156799	0.000000	0.000000	3.750000	52.464134	-588.814453
651	-300.056824	376.584106	-91.847168	116.050156	0.000000	0.000000	3.750000	329.506989	-538.532410
652	819.410278	89.195000	135.747421	53.745316	0.000000	0.000000	3.750000	-899.947937	-253.445175
653	-886.164856	-541.526978	-136.782913	-79.084595	0.000000	0.000000	3.750000	944.152283	453.735077
654	-427.007141	-686.922607	-62.635826	-109.327675	0.000000	0.000000	3.750000	283.200958	759.473511
655	411.723755	572.484192	78.058174	123.381195	0.000000	0.000000	3.750000	-422.458893	-687.403137
656	208.213776	773.322327	37.338039	149.404358	0.000000	0.000000	3.750000	-246.133942	-688.563599
657	12.253418	-621.396606	3.137094	-127.960472	0.000000	0.000000	3.750000	-150.456497	750.654541
658	114.918419	108.072617	172.761597	20.553967	0.000000	0.000000	3.750000	-358.464508	29.070839
659	869.697266	-510.277832	120.482040	-71.302361	0.000000	0.000000	3.750000	-1086.671387	507.353638
660	-472.978088	-508.406555	-75.692215	-79.816505	0.000000	0.000000	3.750000	648.731567	784.994751
661	659.725220	459.072174	97.081131	63.492104	0.000000	0.000000	3.750000	-736.884521	-439.326416
662	280.718964	616.188477	60.680801	105.838684	0.000000	0.000000	3.750000	-415.395996	-816.116516
663	84.595840	433.207642	-24.148666	123.641434	0.000000	0.000000	3.750000	-3.416915	-198.930984
664	142.149261	482.343079	84.226395	88.259705	0.000000	0.000000	3.750000	-553.656799	-437.692413
665	860.216187	-709.455200	118.474770	-101.487495	0.000000	0.000000	3.750000	-1056.717285	812.323914
666	-62.966133	-483.606506	-57.611084	-125.397858	0.000000	0.000000	3.750000	156.804459	292.977142
667	447.862000	-430.726746	97.709618	-66.157425	0.000000	0.000000	3.750000	-751.526733	424.326904
668	775.566833	601.141357	94.357864	86.490082	0.000000	0.000000	3.750000	-835.152954	-590.417603
669	165.519562	-409.660950	24.731226	-125.587578	0.000000	0.000000	3.750000	-217.100006	656.723389
670	-717.451294	-528.038696	-110.073135	-76.417763	0.000000	0.000000	3.750000	466.556885	241.914642
671	1057.901733	236.701431	145.229645	44.858650	0.000000	0.000000	3.750000	-1222.721802	-270.634186
672	-906.321655	-123.180237	-127.994919	1.138623	0.000000	0.000000	3.750000	1146.667358	26.788479
673	758.100220	298.803833	139.919556	34.036980	0.000000	0.000000	3.750000	-858.902893	-197.847473
674	-855.121460	458.366058	-107.997948	72.363228	0.000000	0.000000	3.750000	1383.296753	-860.060669
675	449.762695	-520.608276	97.008522	-86.540405	0.000000	0.000000	3.750000	-499.870422	533.069214
676	-939.785034	372.947998	-129.320953	58.651600	0.000000	0.000000	3.750000	1174.163452	-371.895660
677	980.646301	216.146423	123.776199	56.350258	0.000000	0.000000	3.750000	-1135.590942	-329.539459
678	131.385254	12.359583	99.748581	-73.662636	0.000000	0.000000	3.750000	-251.904434	195.504288
679	-103.361374	-456.648193	-37.356621	-130.768250	0.000000	0.000000	3.750000	275.124542	1769.533081
680	-745.091431	-215.811462	-134.637238	-56.469437	0.000000	0.000000	3.750000	849.206909	308.327240
681	-97.901718	37.424946	-119.773781	90.296051	0.000000	0.000000	3.750000	316.173370	-170.135269
682	347.392792	-550.232056	66.459000	-125.486305	0.000000	0.000000	3.750000	-312.962799	422.095215
683	713.025452	123.747192	139.259827	27.759836	0.000000	0.000000	3.750000	-1001.177612	-83.719337
684	-992.366150	-160.415054	-158.587677	-49.043243	0.000000	0.000000	3.750000	837.039429	112.130096
685	539.342041	-314.964172	92.317253	-79.759064	0.000000	0.000000	3.750000	-858.659851	683.505066
686	140.620453	644.998413	38.467171	128.359634	0.000000	0.000000	3.750000	-308.071289	-763.035706
687	699.826660	149.377441	130.996429	36.546207	0.000000	0.000000	3.750000	-467.100250	-189.048874
688	-296.198120	423.882446	-79.377045	110.430641	0.000000	0.000000	3.750000	312.300781	-669.788940
689	-590.932861	-300.023987	-116.335678	-62.368805	0.000000	0.000000	3.750000	832.588562	617.444092
690	194.351593	-842.139465	19.324707	-132.599228	0.000000	0.000000	3.750000	-194.825363	1212.997192
691	237.843216	255.215652	89.404037	132.679947	0.000000	0.000000	3.750000	-328.093414	-305.570435
692	552.490723	120.567894	151.776459	26.074005	0.000000	0.000000	3.750000	-630.206909	-109.405251
693	-326.935547	-164.905426	-83.048157	-78.096085	0.000000	0.000000	3.750000	361.696686	339.661346
694	797.146606	298.329041	110.384933	56.490150	0.000000	0.000000	3.750000	-1121.490356	-451.820282
695	100.883133	-625.673340	33.362717	-117.349602	0.000000	0.000000	3.750000	-252.550919	867.251892
696	-657.837891	-807.816650	-90.352814	-104.308777	0.000000	0.000000	3.750000	655.247986	926.123352
697	348.688385	448.524017	73.769028	94.647034	0.000000	0.000000	3.750000	-591.745483	-612.198975
698	-393.390686	66.596169	-121.559532	10.334892	0.000000	0.000000	3.750000	390.464081	45.008678
699	-178.168610	-53.317421	-112.757935	-41.056507	0.000000	0.000000	3.750000	403.862213	146.938766
700	717.756348	-582.219177	92.186676	-85.892830	0.000000	0.000000	3.750000	-588.428894	500.294830
701	272.070679	167.005875	123.986870	1.802190	0.000000	0.000000	3.750000	-455.288025	-17.934790
702	817.633301	156.372559	127.696457	8.804468	0.000000	0.000000	3.750000	-1026.779419	57.030048
703	-541.381348	-433.428833	-100.415405	-61.973732	0.000000	0.000000	3.750000	861.923523	528.244995
704	-327.825531	-508.599579	-114.690598	-102.771713	0.000000	0.000000	3.750000	477.017365	400.765747
705	165.712357	613.572876	35.452053	131.297943	0.000000	0.000000	3.750000	-353.088867	-1283.018799
706	-454.348755	-733.200806	-73.080467	-135.554932	0.000000	0.000000	3.750000	433.063934	1032.476074
707	-145.982315	-865.729248	-19.985760	-136.545074	0.000000	0.000000	3.750000	116.094879	1183.143555
708	364.190613	497.779205	80.969475	101.704689	0.000000	0.000000	3.750000	-517.587463	-527.991577
709	-304.714142	442.054260	-81.799973	95.834396	0.000000	0.000000	3.750000	218.388428	-190.751755
710	-23.679674	813.218750	-4.386997	123.922371	0.000000	0.000000	3.750000	53.104671	-980.977112
711	492.372375	252.345551	127.114792	35.578133	0.000000	0.000000	3.750000	-681.172302	-234.326004
712	-850.595032	-74.372101	-129.822449	-6.789719	0.000000	0.000000	3.750000	1141.046631	149.151382
713	-350.380981	-395.164948	-91.840431	-105.666100	0.000000	0.000000	3.750000	409.763519	460.846710
714	952.489197	281.275604	130.573273	30.109348	0.000000	0.000000	3.750000	-1231.789673	-167.780624
715	447.841156	659.059387	59.700233	113.224640	0.000000	0.000000	3.750000	-384.455994	-975.153625
716	577.909912	-133.706757	140.060852	-81.405502	0.000000	0.000000	3.750000	-450.432434	284.902100
717	-140.496277	294.922546	-57.857620	105.122345	0.000000	0.000000	3.750000	33.161728	-292.137634
718	728.438965	66.314186	137.959869	3.304283	0.000000	0.000000	3.750000	-979.030701	109.662132
719	807.311157	-505.668213	112.864388	-86.171669	0.000000	0.000000	3.750000	-992.669861	582.885498
720	615.427612	99.250458	123.744781	7.947666	0.000000	0.000000	3.750000	-808.727356	21.718018
721	-677.996399	-618.175964	-94.032875	-74.550781	0.000000	0.000000	3.750000	846.326904	638.213623
722	370.366241	82.409317	119.755905	-32.163414	0.000000	0.000000	3.750000	-533.603333	115.431801
723	-701.316833	-320.561035	-132.948547	-55.323112	0.000000	0.000000	3.750000	826.905518	302.468811
724	-585.085693	14.783482	-133.639603	9.820454	0.000000	0.000000	3.750000	611.227661	-5.025779
725	-976.871765	427.135010	-136.949753	50.603302	0.000000	0.000000	3.750000	1076.057007	-270.039734
726	-57.514084	604.637756	-4.238374	115.922531	0.000000	0.000000	3.750000	24.008883	-669.880188
727	-492.074829	-111.286751	-123.908234	-4.745531	0.000000	0.000000	3.750000	514.127075	108.141487
728	-435.490692	161.168671	-131.918228	46.877853	0.000000	0.000000	3.750000	321.733337	-136.314011
729	583.365967	-467.132690	114.784264	-86.951149	0.000000	0.000000	3.750000	-928.564392	570.505615
730	-566.570251	-46.797985	-127.932816	-4.133354	0.000000	0.000000	3.750000	755.860657	102.375351
731	-506.644104	727.245361	-76.545479	105.074326	0.000000	0.000000	3.750000	354.393585	-693.136780
732	568.702026	116.562630	110.060585	29.709332	0.000000	0.000000	3.750000	-906.004700	-323.985382
733	235.531799	450.405914	40.029137	111.002968	0.000000	0.000000	3.750000	-229.498444	-580.426575
734	-707.874695	96.321068	-123.919304	4.362487	0.000000	0.000000	3.750000	245.730576	19.105974
735	778.476196	857.627197	111.500023	109.104126	0.000000	0.000000	3.750000	-809.720886	-671.584595
736	-722.116272	555.792175	-84.886032	81.965561	0.000000	0.000000	3.750000	701.892334	-746.572449
737	-878.914551	433.201233	-129.619690	57.988964	0.000000	0.000000	3.750000	840.751709	-324.026215
738	-107.009796	-551.764587	-35.643112	-108.283798	0.000000	0.000000	3.750000	84.042953	633.504211
739	-757.820190	142.757492	-121.332741	25.577703	0.000000	0.000000	3.750000	993.266418	-38.816650
740	413.139954	-610.660156	51.511902	-94.923370	0.000000	0.000000	3.750000	-326.596497	928.827637
741	-396.346222	-631.703308	-79.433914	-100.368813	0.000000	0.000000	3.750000	169.879852	330.078522
742	907.709534	-67.955666	143.714233	9.050736	0.000000	0.000000	3.750000	-1068.990723	124.040344
743	306.084839	-533.339478	75.791779	-110.505310	0.000000	0.000000	3.750000	-402.094421	839.844421
744	-768.392700	-102.411713	-135.827240	-6.851357	0.000000	0.000000	3.750000	1148.993408	121.534737
745	130.333527	-370.470795	-2.178634	-129.980103	0.000000	0.000000	3.750000	-111.656944	377.285309
746	762.736877	247.824966	109.805801	43.204422	0.000000	0.000000	3.750000	-1016.365601	-243.042755
747	-551.317810	662.275269	-98.360703	110.585434	0.000000	0.000000	3.750000	669.304688	-872.746521
748	-378.110870	701.525269	-89.585037	122.794586	0.000000	0.000000	3.750000	291.566803	-458.754608
749	-71.057678	-120.596901	72.322632	-103.176117	0.000000	0.000000	3.750000	-269.352936	328.774811
750	-386.100311	22.540802	-123.993874	0.717695	0.000000	0.000000	3.750000	332.354858	119.960182
751	-384.293915	-222.683563	-102.507843	-76.655975	0.000000	0.000000	3.750000	361.276947	286.550446
752	94.474335	-332.766327	-38.257805	-117.950562	0.000000	0.000000	3.750000	102.579857	308.005768
753	-806.919067	678.518188	-108.123962	85.750748	0.000000	0.000000	3.750000	834.416138	-575.591309
754	49.961269	-751.731140	17.512627	-157.026428	0.000000	0.000000	3.750000	-145.579147	1046.361206
755	-284.617462	-428.932465	-29.521677	-122.488571	0.000000	0.000000	3.750000	-22.108452	589.681641
756	-657.231079	530.661987	-127.409683	96.779320	0.000000	0.000000	3.750000	442.206573	-469.587494
757	-152.839722	-785.231812	-9.210304	-137.692139	0.000000	0.000000	3.750000	3.463630	832.720398
758	-639.679810	-554.694763	-89.030975	-110.620712	0.000000	0.000000	3.750000	401.042511	868.693542
759	-302.425720	-206.711334	-97.171295	-97.988457	0.000000	0.000000	3.750000	326.837921	357.728821
760	310.678589	640.093323	58.863747	124.816101	0.000000	0.000000	3.750000	-333.947418	-715.144287
761	414.773254	180.175232	96.582527	98.568222	0.000000	0.000000	3.750000	-467.373291	-400.553223
762	77.689262	516.359863	7.707347	119.752098	0.000000	0.000000	3.750000	-99.434952	-876.806091
763	-147.630646	672.753052	-20.450638	140.519455	0.000000	0.000000	3.750000	70.044258	-855.978821
764	164.620773	-734.104004	34.788521	-123.180756	0.000000	0.000000	3.750000	-79.971680	779.385864
765	-569.946960	785.959595	-81.203392	118.919647	0.000000	0.000000	3.750000	482.183197	-996.223755
766	117.426819	-31.995218	135.644730	-24.351200	0.000000	0.000000	3.750000	-118.160774	105.209816
767	-329.884338	900.971741	-52.162212	129.919067	0.000000	0.000000	3.750000	265.828217	-1155.102417
768	731.720703	-379.543701	133.845123	-53.116940	0.000000	0.000000	3.750000	-894.626343	236.008133
769	513.548889	-168.774582	122.260590	-44.181152	0.000000	0.000000	3.750000	-788.059998	90.243004
770	170.304596	-528.327515	-2.782156	-137.969482	0.000000	0.000000	3.750000	-112.234070	574.247314
771	322.038727	557.452454	77.086044	116.866318	0.000000	0.000000	3.750000	-373.630127	-604.230408
772	820.814636	-617.936401	106.737656	-84.279510	0.000000	0.000000	3.750000	-1002.134338	642.491943
773	725.693909	-389.315277	107.648407	-86.347031	0.000000	0.000000	3.750000	-823.631470	700.036743
774	-396.835510	-522.511597	-73.116470	-112.293015	0.000000	0.000000	3.750000	372.112518	859.239685
775	47.354935	891.858398	17.466045	130.839203	0.000000	0.000000	3.750000	-235.947693	-1096.940796
776	-839.968445	-560.883667	-113.728714	-74.577225	0.000000	0.000000	3.750000	1035.340210	577.331177
777	192.173203	243.741821	104.235023	50.809605	0.000000	0.000000	3.750000	-200.075653	-25.132175
778	-701.337219	-761.138977	-96.387978	-93.087906	0.000000	0.000000	3.750000	878.928284	874.404602
779	-313.362244	436.234314	-95.768250	93.721619	0.000000	0.000000	3.750000	405.232513	-248.298798
780	-792.672180	166.365677	-129.570953	10.548096	0.000000	0.000000	3.750000	1056.770996	45.393166
781	165.974792	89.329369	93.245941	93.422653	0.000000	0.000000	3.750000	-357.229675	-212.347733
782	-749.056519	638.029419	-99.588486	86.637939	0.000000	0.000000	3.750000	850.124329	-719.398254
783	196.584152	627.663147	30.683102	126.326981	0.000000	0.000000	3.750000	-136.634796	-728.643372
784	-464.020447	-288.020813	-138.249237	-46.937656	0.000000	0.000000	3.750000	541.489929	181.679855
785	-354.198700	525.408081	-92.098679	97.333405	0.000000	0.000000	3.750000	517.087402	-636.416321
786	340.249054	759.551025	59.344204	117.907288	0.000000	0.000000	3.750000	-316.429565	-966.731628
787	-16.801708	231.028610	-11.769312	127.454681	0.000000	0.000000	3.750000	-85.665283	-526.560486
788	-866.170044	-380.154053	-128.665375	-44.058640	0.000000	0.000000	3.750000	1117.394531	260.174683
789	823.778870	-267.409454	120.119980	-59.387840	0.000000	0.000000	3.750000	-822.602112	215.202347
790	-25.770287	-68.781799	66.210548	-138.872864	0.000000	0.000000	3.750000	-86.570251	98.775627
791	-517.849670	-12.492685	-140.479065	20.726334	0.000000	0.000000	3.750000	687.452820	-67.188713
792	237.863342	670.958862	57.383980	129.888458	0.000000	0.000000	3.750000	-299.351807	-863.639038
793	-782.231934	348.447083	-119.051666	47.017464	0.000000	0.000000	3.750000	841.127197	-198.539413
794	701.165161	-132.185562	135.195572	-27.679371	0.000000	0.000000	3.750000	-999.550598	165.503281
795	-202.125854	772.860962	-46.689850	114.873596	0.000000	0.000000	3.750000	232.432159	-983.683716
796	806.739136	737.433472	106.182358	97.268417	0.000000	0.000000	3.750000	-620.479309	-454.438782
797	29.582556	823.847229	11.196744	125.501503	0.000000	0.000000	3.750000	-131.794373	-1142.268921
798	512.966797	-653.631104	83.229324	-91.917778	0.000000	0.000000	3.750000	-680.054871	778.902283
799	733.665649	-739.496948	99.732285	-109.350220	0.000000	0.000000	3.750000	-734.207214	839.305054
800	218.719955	-822.676208	20.258560	-140.547470	0.000000	0.000000	3.750000	-146.726547	977.426941
801	731.580566	-289.491486	113.588005	-74.790390	0.000000	0.000000	3.750000	-777.118286	367.807709
802	986.175171	-328.032288	142.071106	-41.469051	0.000000	0.000000	3.750000	-1179.580566	188.859192
803	727.051697	797.069458	90.282639	104.369370	0.000000	0.000000	3.750000	-647.291809	-1031.833862
804	311.807068	495.891113	51.632690	94.858032	0.000000	0.000000	3.750000	-261.563873	-554.035217
805	-496.390198	-691.632080	-79.728546	-119.912766	0.000000	0.000000	3.750000	346.045258	772.105957
806	-287.895844	-4.866518	-122.375443	30.002628	0.000000	0.000000	3.750000	340.232910	-52.100910
807	448.850159	746.771362	67.267715	127.322250	0.000000	0.000000	3.750000	-405.383881	-1108.677979
808	-162.251953	733.874390	-50.536469	136.973373	0.000000	0.000000	3.750000	95.074226	-407.785156
809	133.532150	-434.139801	53.080025	-116.475006	0.000000	0.000000	3.750000	-249.869171	425.984467
810	-281.098938	845.254883	-71.386169	120.431335	0.000000	0.000000	3.750000	290.486237	-903.559204
811	-560.733093	-647.939941	-96.615211	-92.851875	0.000000	0.000000	3.750000	720.298218	739.780334
812	606.664429	510.988403	124.223335	80.452232	0.000000	0.000000	3.750000	-767.401001	-500.750061
813	-565.772949	401.622223	-139.621094	86.034256	0.000000	0.000000	3.750000	751.687683	-418.268036
814	703.434387	-875.104431	93.627960	-114.620163	0.000000	0.000000	3.750000	-716.734985	1003.115479
815	464.849091	-104.922134	118.020630	-30.903839	0.000000	0.000000	3.750000	-749.052307	101.991409
816	-600.414062	211.114471	-125.575798	61.892616	0.000000	0.000000	3.750000	690.589111	-383.428833
817	421.936859	-779.154724	69.586411	-137.381424	0.000000	0.000000	3.750000	-308.674835	727.310852
818	-934.905090	119.615913	-136.538040	30.940090	0.000000	0.000000	3.750000	1146.689209	-135.193695
819	-645.062012	186.536133	-108.304276	64.390854	0.000000	0.000000	3.750000	773.560730	-465.155518
820	-16.780830	-168.615662	-99.894836	-94.948166	0.000000	0.000000	3.750000	34.973568	84.203598
821	656.096436	339.033844	114.655235	69.355438	0.000000	0.000000	3.750000	-817.807190	-482.999054
822	-1020.413574	310.132385	-142.410370	40.288368	0.000000	0.000000	3.750000	1202.231812	-170.556717
823	321.713745	-196.712677	101.259552	-60.584480	0.000000	0.000000	3.750000	-508.476532	270.372986
824	-8.509418	-355.728027	-25.225887	-121.404282	0.000000	0.000000	3.750000	-23.482487	423.563599
825	261.212555	396.547546	75.577988	110.652466	0.000000	0.000000	3.750000	-378.820862	-533.161987
826	-343.295654	654.838989	-77.772324	96.578178	0.000000	0.000000	3.750000	524.776306	-935.600342
827	679.663940	-651.862427	88.422440	-89.763184	0.000000	0.000000	3.750000	-725.487122	911.817322
828	162.685257	-719.441284	17.455902	-128.822693	0.000000	0.000000	3.750000	-104.278557	1094.730835
829	750.330933	-207.668701	140.743500	-38.823357	0.000000	0.000000	3.750000	-786.574402	188.374237
830	-551.007629	129.408646	-117.027512	26.543552	0.000000	0.000000	3.750000	649.745972	-123.613403
831	780.434265	-348.184052	120.341110	-67.541939	0.000000	0.000000	3.750000	-909.667542	361.779419
832	-386.630676	-94.648781	-117.723785	8.050912	0.000000	0.000000	3.750000	588.038757	77.998802
833	78.061020	-420.607910	-18.661289	-118.536125	0.000000	0.000000	3.750000	-83.986610	615.088257
834	-604.210449	176.887650	-124.103424	38.708046	0.000000	0.000000	3.750000	921.421326	-204.261093
835	1112.718384	124.541397	150.176498	23.473711	0.000000	0.000000	3.750000	-1086.120361	-162.546814
836	-725.314453	724.527161	-105.169144	92.409058	0.000000	0.000000	3.750000	631.506287	-512.798401
837	-214.296906	-887.578430	-60.010311	-141.826202	0.000000	0.000000	3.750000	302.417725	988.840820
838	236.910614	-789.930603	4.786811	-119.904434	0.000000	0.000000	3.750000	15.801689	1031.700195
839	-0.673545	770.946716	-10.278940	121.566200	0.000000	0.000000	3.750000	66.088058	-989.944031
840	-217.108124	-824.106140	-60.056175	-130.878677	0.000000	0.000000	3.750000	401.046875	1002.994446
841	444.368530	-71.405624	111.287354	32.726784	0.000000	0.000000	3.750000	-512.726685	-202.170441
842	831.954224	-100.369621	125.922501	22.967648	0.000000	0.000000	3.750000	-809.233093	-176.206818
843	499.574585	-85.532372	151.756744	-26.185978	0.000000	0.000000	3.750000	-451.618378	38.608868
844	326.199280	-169.629089	113.239426	-45.396057	0.000000	0.000000	3.750000	-483.865326	212.945999
845	633.546204	476.491882	100.260712	79.572235	0.000000	0.000000	3.750000	-833.150330	-527.322571
846	-953.456909	410.815460	-127.693665	62.114731	0.000000	0.000000	3.750000	906.443298	-300.748016
847	-729.808533	-542.854736	-121.629494	-77.086075	0.000000	0.000000	3.750000	817.110535	528.006470
848	-422.932068	-9.517912	-117.217293	40.444969	0.000000	0.000000	3.750000	368.151276	-201.388611
849	115.893028	-255.484283	31.695076	-126.075821	0.000000	0.000000	3.750000	-165.606384	415.723907
850	-621.033020	-176.890076	-131.998291	0.637960	0.000000	0.000000	3.750000	864.906250	54.719009
851	808.845276	-495.819244	116.344330	-57.998581	0.000000	0.000000	3.750000	-1070.917847	302.334900
852	-218.048828	-573.250366	-60.570793	-112.761566	0.000000	0.000000	3.750000	270.596130	546.220581
853	-263.851807	723.419861	-46.270752	119.343582	0.000000	0.000000	3.750000	203.327942	-913.161194
854	-393.760956	542.564392	-81.017586	116.616730	0.000000	0.000000	3.750000	200.827194	-534.776123
855	652.136536	81.541862	117.965790	31.112968	0.000000	0.000000	3.750000	-557.027954	-142.402695
856	731.880005	74.519531	122.869171	16.707245	0.000000	0.000000	3.750000	-574.558899	-44.446396
857	-800.752441	696.734131	-131.599365	119.856552	0.000000	0.000000	3.750000	837.891968	-833.930420
858	-610.597839	496.797577	-93.202408	75.586411	0.000000	0.000000	3.750000	622.478638	-540.847229
859	-235.481949	559.791992	-71.522491	103.729843	0.000000	0.000000	3.750000	156.954529	-465.450348
860	-370.013245	-685.222168	-88.058815	-103.641357	0.000000	0.000000	3.750000	532.488647	837.402222
861	305.542297	-674.362793	62.533920	-140.731766	0.000000	0.000000	3.750000	-181.136948	473.612122
862	1028.094360	385.739014	154.220718	84.803413	0.000000	0.000000	3.750000	-1074.042236	-393.604340
863	81.203407	-638.044922	2.800110	-139.970215	0.000000	0.000000	3.750000	-193.381332	843.242920
864	-348.096283	-1058.513672	-55.910748	-141.341766	0.000000	0.000000	3.750000	91.987373	344.463989
865	200.529099	-41.213654	157.980042	35.387367	0.000000	0.000000	3.750000	-125.939781	21.986565
866	203.190247	-126.788689	104.074371	74.464272	0.000000	0.000000	3.750000	-60.602947	-119.473137
867	430.603546	686.629822	72.659035	105.378647	0.000000	0.000000	3.750000	-502.956818	-800.528137
868	567.094788	-524.723572	73.562958	-89.690445	0.000000	0.000000	3.750000	-323.110413	344.850677
869	561.795654	-739.775635	79.053185	-103.201706	0.000000	0.000000	3.750000	-483.921234	692.567505
870	824.151245	326.045105	133.393448	59.347145	0.000000	0.000000	3.750000	-1128.706299	-349.848572
871	466.448090	685.456726	70.613899	123.197311	0.000000	0.000000	3.750000	-582.261475	-826.687622
872	-475.804535	583.375122	-70.847427	96.852509	0.000000	0.000000	3.750000	322.271606	-770.338806
873	305.531189	-277.262939	91.353584	-74.689484	0.000000	0.000000	3.750000	-391.928497	330.880341
874	229.935257	546.553223	32.054359	101.037064	0.000000	0.000000	3.750000	-206.696609	-978.348145
875	-594.818481	647.733398	-91.262878	106.164627	0.000000	0.000000	3.750000	525.725220	-882.952454
876	-450.191162	372.403595	-82.073135	63.874847	0.000000	0.000000	3.750000	519.548584	-397.080048
877	-571.875183	-846.217590	-86.614349	-102.244354	0.000000	0.000000	3.750000	910.801392	1370.480957
878	19.953926	151.716064	29.784420	126.539230	0.000000	0.000000	3.750000	-171.897400	-394.909851
879	-559.072693	497.337585	-85.812592	110.615707	0.000000	0.000000	3.750000	437.340973	-978.982483
880	267.263794	552.719849	53.902885	102.715485	0.000000	0.000000	3.750000	-390.263855	-681.174561
881	-258.513275	-628.116211	-57.460564	-132.036072	0.000000	0.000000	3.750000	105.029884	696.482117
882	-231.663757	-567.108582	-46.433235	-90.817360	0.000000	0.000000	3.750000	196.329254	642.658997
883	-753.231018	-571.770752	-93.686844	-90.126419	0.000000	0.000000	3.750000	820.638000	850.988037
884	-310.488342	679.456726	-56.235264	108.265671	0.000000	0.000000	3.750000	299.240021	-977.003113
885	-445.942078	-528.565308	-89.863693	-88.320412	0.000000	0.000000	3.750000	703.100159	611.647095
886	304.877960	688.603210	33.743797	117.240570	0.000000	0.000000	3.750000	-207.081863	-819.539551
887	-657.425110	582.291626	-93.905647	74.710892	0.000000	0.000000	3.750000	720.233643	-498.644440
888	408.942932	411.434143	98.105049	79.065796	0.000000	0.000000	3.750000	-577.292786	-472.821625
889	-641.659485	-302.899597	-144.545197	-68.604950	0.000000	0.000000	3.750000	574.480225	319.311157
890	382.922974	-278.041168	123.478394	-74.087387	0.000000	0.000000	3.750000	-419.701233	212.404694
891	-499.056000	458.892700	-90.957626	92.880081	0.000000	0.000000	3.750000	587.053467	-624.284851
892	-504.073669	-204.545212	-117.754135	-55.081299	0.000000	0.000000	3.750000	707.258179	373.223297
893	559.908081	430.519806	108.338692	85.477898	0.000000	0.000000	3.750000	-561.846802	-319.734497
894	984.773743	-782.885742	115.538284	-110.683777	0.000000	0.000000	3.750000	-911.445801	945.283081
895	267.055786	263.384247	64.092995	103.806908	0.000000	0.000000	3.750000	-323.286621	-419.937592
896	572.550049	882.755127	82.302910	113.252571	0.000000	0.000000	3.750000	-548.669067	-1023.816284
897	534.772888	-598.367249	83.604813	-88.849518	0.000000	0.000000	3.750000	-583.373596	634.557068
898	-645.887329	747.314331	-90.427628	98.887848	0.000000	0.000000	3.750000	666.716858	-885.756226
899	-444.680237	-279.856750	-111.654724	-58.388138	0.000000	0.000000	3.750000	700.257629	426.885437
900	599.872192	76.849365	113.742249	-7.659339	0.000000	0.000000	3.750000	-674.051208	97.972443
901	229.785904	-73.785851	118.702301	-35.856522	0.000000	0.000000	3.750000	-265.317474	85.369095
902	-319.450134	384.225708	-98.431290	105.101341	0.000000	0.000000	3.750000	159.787430	-102.774918
903	-237.138687	-697.157288	-44.997025	-106.916672	0.000000	0.000000	3.750000	228.641708	903.344177
904	-225.839767	156.594223	-110.177139	52.357082	0.000000	0.000000	3.750000	62.163723	-66.647789
905	33.569077	847.712036	-2.539385	131.975464	0.000000	0.000000	3.750000	-45.374371	-1222.587158
906	824.360657	387.231384	117.217789	56.213303	0.000000	0.000000	3.750000	-1157.893921	-403.078461
907	232.118469	-426.109344	69.264404	-93.050644	0.000000	0.000000	3.750000	-384.149658	602.341614
908	-906.107117	-56.227745	-149.791473	7.836037	0.000000	0.000000	3.750000	295.683533	-2.920770
909	892.597046	-661.953491	108.907547	-97.237503	0.000000	0.000000	3.750000	-1136.496948	1117.477539
910	-4.852232	149.548828	103.913910	87.710793	0.000000	0.000000	3.750000	-159.444214	-235.145966
911	604.574768	-280.371368	132.217529	-66.498169	0.000000	0.000000	3.750000	-556.824890	180.484024
912	103.048317	222.795944	-11.599659	123.403458	0.000000	0.000000	3.750000	-45.151283	-78.696831
913	174.828796	246.475372	37.294098	122.440887	0.000000	0.000000	3.750000	-230.287216	-393.173645
914	17.828770	416.805389	2.712978	123.969955	0.000000	0.000000	3.750000	-79.700684	-739.367065
915	750.452393	-145.655655	113.400848	-32.621208	0.000000	0.000000	3.750000	-1100.010742	128.327301
916	-393.310974	165.502411	-158.488220	42.154198	0.000000	0.000000	3.750000	645.349182	-57.528049
917	554.472534	295.655487	122.999786	53.170017	0.000000	0.000000	3.750000	-746.877563	-336.051056
918	-583.666687	-902.159607	-107.827744	-118.207008	0.000000	0.000000	3.750000	787.532288	1149.820923
919	627.434143	-26.890806	173.117706	17.494202	0.000000	0.000000	3.750000	-711.887024	-7.147160
920	386.165497	-473.306000	95.443810	-96.882950	0.000000	0.000000	3.750000	-658.574707	948.509216
921	-16.232391	621.144897	-7.137525	135.810822	0.000000	0.000000	3.750000	-76.315666	-613.952759
922	972.192383	-591.331543	129.672653	-79.302490	0.000000	0.000000	3.750000	-2533.614502	1089.288696
923	814.513367	-744.309814	113.031952	-98.609070	0.000000	0.000000	3.750000	-786.395630	604.955139
924	252.456116	581.798828	49.687958	95.890747	0.000000	0.000000	3.750000	-334.571777	-988.347412
925	-624.101257	-425.162598	-115.403809	-86.127487	0.000000	0.000000	3.750000	710.908020	483.054749
926	-204.129059	809.800659	-9.192541	123.629501	0.000000	0.000000	3.750000	4.197807	-148.913940
927	248.845398	633.652039	34.756527	106.470383	0.000000	0.000000	3.750000	-227.660797	-1071.692383
928	-47.136681	-576.230591	-1.388350	-137.992752	0.000000	0.000000	3.750000	-25.310318	636.674927
929	-21.847782	-847.239807	10.252062	-125.582161	0.000000	0.000000	3.750000	-18.704683	1036.383423
930	1010.612427	-13.690547	157.962845	3.414301	0.000000	0.000000	3.750000	-1232.404175	83.230675
931	-297.113220	-543.322021	-55.695438	-108.543762	0.000000	0.000000	3.750000	258.299500	834.869568
932	-806.303833	-436.398834	-109.846603	-76.744446	0.000000	0.000000	3.750000	713.535034	454.864075
933	749.169067	-251.402039	122.249557	-72.242371	0.000000	0.000000	3.750000	-1068.326538	482.838409
934	-195.979568	322.733276	-86.328224	97.197304	0.000000	0.000000	3.750000	158.624695	-202.099915
935	510.593781	-635.054382	83.722397	-107.173271	0.000000	0.000000	3.750000	-182.704788	208.271759
936	747.930359	-311.288971	120.814735	-66.691544	0.000000	0.000000	3.750000	-742.290283	310.460022
937	610.020935	635.870972	93.837875	95.657944	0.000000	0.000000	3.750000	-885.527161	-831.574402
938	229.654221	709.407349	-6.087702	123.850433	0.000000	0.000000	3.750000	11.516872	-1002.991272
939	870.051208	-502.425720	118.550659	-74.469490	0.000000	0.000000	3.750000	-1243.474487	638.496338
940	458.736664	-671.998291	83.605690	-112.293365	0.000000	0.000000	3.750000	-309.150085	644.335449
941	-156.014618	-646.229553	-13.145806	-127.322723	0.000000	0.000000	3.750000	5.705583	811.466614
942	-792.910767	-707.093323	-107.866165	-101.335526	0.000000	0.000000	3.750000	793.932251	736.827454
943	-763.684937	152.930878	-147.102448	38.273155	0.000000	0.000000	3.750000	828.609375	-170.592529
944	-521.348633	485.221344	-107.614746	104.494156	0.000000	0.000000	3.750000	534.676575	-589.088440
945	235.952515	-636.961853	51.329720	-134.540665	0.000000	0.000000	3.750000	-311.232727	658.876099
946	-457.880371	637.992554	-60.558281	96.584747	0.000000	0.000000	3.750000	391.151611	-931.743103
947	-114.923874	-549.791199	3.398399	-153.942505	0.000000	0.000000	3.750000	-171.391937	314.629395
948	-617.740906	-269.595276	-115.925262	-38.016094	0.000000	0.000000	3.750000	410.682281	66.258202
949	222.319519	72.921463	114.604385	61.352280	0.000000	0.000000	3.750000	-267.300629	-214.735168
950	-817.513672	-271.472656	-131.956787	-40.389652	0.000000	0.000000	3.750000	1114.760620	204.548599
951	338.273193	641.979004	37.367813	103.458389	0.000000	0.000000	3.750000	-296.877533	-993.409058
952	309.457428	192.957077	132.106171	22.448832	0.000000	0.000000	3.750000	-464.547760	-78.677299
953	425.578430	-600.063660	69.603584	-87.745743	0.000000	0.000000	3.750000	-147.223007	223.175766
954	-389.113251	537.628174	-70.624130	136.850525	0.000000	0.000000	3.750000	270.525421	-701.448792
955	-428.274170	-872.068604	-59.288116	-131.228302	0.000000	0.000000	3.750000	387.847382	1065.306152
956	771.627930	379.531677	110.079399	72.845642	0.000000	0.000000	3.750000	-1078.473877	-573.537903
957	-284.323090	-793.926147	-45.159645	-119.763351	0.000000	0.000000	3.750000	51.065311	296.631500
958	726.114075	-52.431854	125.830322	-6.535688	0.000000	0.000000	3.750000	-986.742371	100.689049
959	187.613846	-626.963928	47.982281	-118.666336	0.000000	0.000000	3.750000	-272.744934	709.671753
960	-500.838196	-480.459198	-87.799263	-78.836426	0.000000	0.000000	3.750000	725.798340	494.257782
961	-69.419075	-182.987198	-49.257477	-143.786209	0.000000	0.000000	3.750000	-8.688724	263.771973
962	-450.964813	801.859802	-73.215332	102.544800	0.000000	0.000000	3.750000	498.611023	-970.105164
963	405.274323	-343.481873	98.347000	-96.808067	0.000000	0.000000	3.750000	-408.318268	468.180267
964	-171.165558	-594.576782	-67.766937	-120.214157	0.000000	0.000000	3.750000	266.916870	696.118774
965	608.806274	-232.756638	113.731277	-38.274052	0.000000	0.000000	3.750000	-861.920410	84.387672
966	254.495071	-26.395109	111.782654	6.894975	0.000000	0.000000	3.750000	-440.282227	53.690083
967	-257.384613	-623.621826	-78.470543	-106.142929	0.000000	0.000000	3.750000	329.856354	529.120422
968	-693.139648	-658.898926	-95.726059	-81.929977	0.000000	0.000000	3.750000	997.729797	867.539612
969	-301.509460	-142.538666	-83.094025	-62.541016	0.000000	0.000000	3.750000	290.847992	248.901413
970	816.648682	312.691376	131.913681	62.558929	0.000000	0.000000	3.750000	-290.230713	-166.602707
971	-91.953156	484.614960	-1.418466	109.990746	0.000000	0.000000	3.750000	12.319129	-533.844299
972	34.579536	644.775452	-14.915541	135.179520	0.000000	0.000000	3.750000	72.271935	-947.139160
973	414.731995	-175.321121	94.012466	-34.080914	0.000000	0.000000	3.750000	-676.057678	87.031693
974	-444.421600	-77.312729	-133.970535	-23.401968	0.000000	0.000000	3.750000	755.671692	257.754791
975	213.413483	-50.557755	128.411484	-44.757210	0.000000	0.000000	3.750000	-260.694946	159.080917
976	276.758453	-741.673706	39.016781	-102.847748	0.000000	0.000000	3.750000	-269.321289	997.877197
977	531.627014	434.633606	75.909592	71.089539	0.000000	0.000000	3.750000	-517.570129	-554.409973
978	-904.178101	31.203962	-127.454025	11.808331	0.000000	0.000000	3.750000	1160.791382	-12.976821
979	-618.397156	-269.650177	-109.230484	-49.685780	0.000000	0.000000	3.750000	591.983215	303.446411
980	366.498199	-730.909912	60.976460	-103.352837	0.000000	0.000000	3.750000	-447.219086	1074.626221
981	465.848755	-251.562195	99.859619	-54.990128	0.000000	0.000000	3.750000	-480.092255	192.179688
982	162.719376	-838.497314	7.688567	-123.761375	0.000000	0.000000	3.750000	-22.781900	1097.958740
983	247.334366	226.709259	98.538376	57.323669	0.000000	0.000000	3.750000	-371.725922	-173.380981
984	-515.246033	639.075317	-76.393692	92.541779	0.000000	0.000000	3.750000	591.492371	-861.627625
985	751.492798	695.364075	84.197678	93.737648	0.000000	0.000000	3.750000	-737.596130	-903.315002
986	231.402206	-162.056793	118.803635	-52.778374	0.000000	0.000000	3.750000	-368.307465	128.532028
987	469.986908	-503.639587	56.498306	-75.125999	0.000000	0.000000	3.750000	-491.104034	811.881775
988	-383.218323	265.544525	-94.432411	60.220116	0.000000	0.000000	3.750000	428.323273	-336.879578
989	29.917826	157.744766	-72.955200	102.674400	0.000000	0.000000	3.750000	214.254166	-102.897224
990	-744.779541	-734.141418	-90.284004	-109.601959	0.000000	0.000000	3.750000	554.222229	1057.840576
991	-866.952515	507.516296	-120.594940	74.971985	0.000000	0.000000	3.750000	718.840027	-373.329163
992	-643.778137	666.195374	-90.430862	84.842331	0.000000	0.000000	3.750000	638.990234	-742.813721
993	78.700668	-685.569397	38.962715	-119.824356	0.000000	0.000000	3.750000	-240.713638	995.424011
994	-6.221803	595.336243	-22.720413	123.934586	0.000000	0.000000	3.750000	132.322220	-711.321533
995	-74.206886	-642.430359	-36.008450	-135.288696	0.000000	0.000000	3.750000	66.400162	711.224365
996	601.454895	-534.948853	92.823990	-96.641998	0.000000	0.000000	3.750000	-958.033813	869.421021
997	78.842865	-141.948517	62.627628	-87.987381	0.000000	0.000000	3.750000	-297.937408	406.992706
998	-712.713867	-443.471832	-99.186729	-93.048058	0.000000	0.000000	3.750000	594.218872	483.654999
999	664.803772	-249.714569	109.292114	-49.549088	0.000000	0.000000	3.750000	-941.665100	248.025543
