node	a_force.x	a_force.y	g_force.x	g_force.y	r_force.x	r_force.y	global_speed	move_node.x	move_node.y
0	-806.377380	-1633.271240	-83.344620	-234.636169	0.000000	0.000000	7.125000	176.559387	554.127197
1	1098.716553	1375.038574	148.689209	168.866394	0.000000	0.000000	7.125000	-326.112732	-410.451904
2	1384.140991	-186.967941	202.286682	-26.273308	0.000000	0.000000	7.125000	-528.967773	-0.119620
3	-1101.790283	1289.549316	-150.698563	167.068283	0.000000	0.000000	7.125000	553.723572	-801.662842
4	442.093964	768.500610	92.078812	178.668060	0.000000	0.000000	7.125000	-222.110535	-384.609314
5	-1068.091064	-969.341187	-128.507797	-134.467010	0.000000	0.000000	7.125000	360.292175	346.763184
6	-71.857574	-1368.906128	1.491919	-233.991882	0.000000	0.000000	7.125000	-14.202828	544.418762
7	-571.410278	621.184998	-76.274414	136.075287	0.000000	0.000000	7.125000	224.598526	-319.420074
8	-113.522354	1232.682861	-18.477217	188.094635	0.000000	0.000000	7.125000	41.804211	-421.301056
9	-1121.716675	-720.609375	-179.478775	-125.471870	0.000000	0.000000	7.125000	349.945953	233.306992
10	688.246765	-20.325867	233.642517	-12.905149	0.000000	0.000000	7.125000	-339.919922	18.326231
11	354.477295	43.404224	224.743561	-10.738855	0.000000	0.000000	7.125000	-172.274719	24.790323
12	-920.494629	-191.490540	-185.507141	-13.516701	0.000000	0.000000	7.125000	441.631165	0.659839
13	325.610901	683.958496	70.840523	229.187164	0.000000	0.000000	7.125000	25.503988	-270.508850
14	-690.530396	941.384766	-96.670555	189.799347	0.000000	0.000000	7.125000	189.649506	-437.796997
15	-378.450378	617.479187	-93.568153	204.621399	0.000000	0.000000	7.125000	143.019333	-262.625854
16	1047.631470	-275.144318	179.506104	-68.112076	0.000000	0.000000	7.125000	-591.209412	142.750595
17	441.275238	915.403564	85.084656	191.914062	0.000000	0.000000	7.125000	-59.226719	-403.785370
18	761.213257	739.058960	139.853973	127.117233	0.000000	0.000000	7.125000	-527.310364	-671.505859
19	635.564514	-37.474651	178.669678	-51.685081	0.000000	0.000000	7.125000	-212.358658	78.465721
20	-46.719658	763.503784	21.849886	178.656509	0.000000	0.000000	7.125000	-7.811097	-364.644348
21	-134.076157	-1400.118408	-19.749249	-209.069244	0.000000	0.000000	7.125000	53.606216	507.632904
22	789.660645	762.697998	151.849380	127.064835	0.000000	0.000000	7.125000	-273.113464	-208.937775
23	1285.717285	-623.548645	193.421722	-114.943695	0.000000	0.000000	7.125000	-620.133728	354.266296
24	570.601257	-1200.362793	86.971962	-184.507034	0.000000	0.000000	7.125000	-149.105240	490.194977
25	-21.182211	-70.204285	129.024948	-168.501373	0.000000	0.000000	7.125000	3.344884	99.382896
26	52.396812	-925.421753	22.462179	-202.625702	0.000000	0.000000	7.125000	-8.751101	469.963043
27	1260.717285	540.675476	180.655640	88.076080	0.000000	0.000000	7.125000	-467.519440	-176.410431
28	688.020691	198.938477	215.915314	6.035312	0.000000	0.000000	7.125000	-403.960419	3.003528
29	-244.731674	-1337.900635	-33.754486	-198.143890	0.000000	0.000000	7.125000	59.359077	505.859161
30	-722.597534	1188.360107	-94.550110	207.458221	0.000000	0.000000	7.125000	176.162781	-481.912445
31	257.439331	-1008.464478	79.804657	-181.142899	0.000000	0.000000	7.125000	-136.318939	580.013916
32	-919.230591	-618.103149	-164.965134	-114.820938	0.000000	0.000000	7.125000	404.451874	256.579987
33	1167.120361	-997.345154	135.683304	-135.845200	0.000000	0.000000	7.125000	-346.175354	365.952423
34	-1188.265869	464.630005	-177.463577	80.778000	0.000000	0.000000	7.125000	433.556000	-130.317368
35	-239.552109	218.466766	-72.937958	167.834778	0.000000	0.000000	7.125000	67.582825	-257.198639
36	-1.229855	1304.407715	-19.146166	227.192780	0.000000	0.000000	7.125000	27.933439	-516.366394
37	446.747192	-546.153809	104.691299	-164.513321	0.000000	0.000000	7.125000	-194.761078	298.295197
38	440.527893	65.886833	209.205963	17.683502	0.000000	0.000000	7.125000	-223.331863	-36.259827
39	-40.375805	-301.386505	98.934433	-181.694000	0.000000	0.000000	7.125000	-4.976182	269.209167
40	107.885712	-1075.848389	28.669497	-177.681885	0.000000	0.000000	7.125000	-21.396469	430.650848
41	724.720886	-1000.957581	125.672333	-145.142578	0.000000	0.000000	7.125000	-223.715683	296.809692
42	-651.434937	747.635010	-106.492981	152.493607	0.000000	0.000000	7.125000	235.242722	-256.524506
43	869.535217	1159.554443	109.459183	161.358536	0.000000	0.000000	7.125000	-187.921722	-435.235657
44	-644.608643	-695.042480	-121.302017	-144.937164	0.000000	0.000000	7.125000	268.554657	307.536560
45	1132.327271	176.167480	171.657990	43.104870	0.000000	0.000000	7.125000	-458.250824	-58.047153
46	-1398.212769	259.340973	-224.136261	67.183594	0.000000	0.000000	7.125000	659.853210	-165.672333
47	772.104248	-462.889709	152.833328	-100.652603	0.000000	0.000000	7.125000	-294.204926	187.845551
48	1059.567139	788.860107	159.121414	107.443687	0.000000	0.000000	7.125000	-373.344086	-269.871002
49	-397.998810	1339.560425	-65.089523	183.796265	0.000000	0.000000	7.125000	106.978706	-517.159973
50	-155.478088	865.771973	-9.834400	200.756683	0.000000	0.000000	7.125000	46.230495	-390.807800
51	86.175629	1422.713501	41.450314	208.917999	0.000000	0.000000	7.125000	-50.646152	-539.371765
52	439.631470	-790.392822	121.791397	-174.742035	0.000000	0.000000	7.125000	-264.472321	371.387482
53	-998.354065	-263.684875	-174.549255	-86.929253	0.000000	0.000000	7.125000	399.754303	141.807510
54	726.370361	861.650818	131.745422	163.520889	0.000000	0.000000	7.125000	-223.791656	-324.088165
55	777.310059	-600.542969	166.698730	-117.584167	0.000000	0.000000	7.125000	-298.235840	189.433731
56	1159.604004	358.513428	189.219482	47.022564	0.000000	0.000000	7.125000	-415.266083	-35.751312
57	-243.773987	-844.558838	-53.943436	-187.351212	0.000000	0.000000	7.125000	155.179825	348.814056
58	-571.199402	-715.579956	-89.939423	-189.721130	0.000000	0.000000	7.125000	224.621719	325.807526
59	-1000.143188	324.437103	-173.989502	94.465607	0.000000	0.000000	7.125000	305.110229	-96.160172
60	-139.678879	-898.999756	-5.397938	-194.860992	0.000000	0.000000	7.125000	30.741564	182.248474
61	-703.969849	293.805206	-182.619629	76.450729	0.000000	0.000000	7.125000	269.917450	-45.332005
62	680.849976	-1098.687866	113.771652	-158.362595	0.000000	0.000000	7.125000	-270.021423	266.462555
63	1103.151123	614.331726	179.145477	97.574951	0.000000	0.000000	7.125000	-434.894745	-217.558243
64	1046.795532	-699.084595	155.984512	-117.017502	0.000000	0.000000	7.125000	-362.354218	235.449463
65	615.862671	-423.641937	202.735458	-122.737907	0.000000	0.000000	7.125000	-255.746323	119.014946
66	1459.086670	-627.086060	209.355133	-82.317436	0.000000	0.000000	7.125000	-502.288544	98.161560
67	-514.139832	409.700775	-129.404297	120.739594	0.000000	0.000000	7.125000	189.624939	-136.878616
68	-19.253319	-51.677383	82.614655	195.499939	0.000000	0.000000	7.125000	40.890369	-191.603821
69	-1338.051025	-532.220642	-181.218491	-86.949036	0.000000	0.000000	7.125000	482.842041	204.765366
70	-597.249084	931.983765	-88.001816	184.042511	0.000000	0.000000	7.125000	179.650711	-383.918640
71	25.186310	-839.462524	57.964584	-173.498306	0.000000	0.000000	7.125000	22.602697	410.766052
72	-283.595032	-1338.348633	-36.619953	-194.584106	0.000000	0.000000	7.125000	76.621574	465.283234
73	58.328869	895.596741	-19.989872	212.043365	0.000000	0.000000	7.125000	5.062100	-446.768677
74	-815.479309	457.204041	-173.997787	117.552650	0.000000	0.000000	7.125000	315.901093	-172.726761
75	-129.218658	676.293823	-26.268795	196.204803	0.000000	0.000000	7.125000	89.579361	-260.329529
76	825.644043	678.150879	139.455521	113.805199	0.000000	0.000000	7.125000	-203.232285	-206.878662
77	-621.055664	536.202148	-152.977448	115.940109	0.000000	0.000000	7.125000	246.355896	-133.536804
78	1179.263672	-930.839905	185.324753	-132.801025	0.000000	0.000000	7.125000	-294.470337	248.448532
79	-470.443787	710.340698	-113.343491	176.784790	0.000000	0.000000	7.125000	131.069870	-180.206619
80	-82.735588	-1197.479492	-22.918774	-187.598175	0.000000	0.000000	7.125000	101.344376	492.566101
81	-1085.835083	-310.624359	-189.258011	-32.137474	0.000000	0.000000	7.125000	434.402832	4.312059
82	-488.600037	50.239319	-161.558975	-46.012512	0.000000	0.000000	7.125000	274.239441	46.418537
83	-930.939880	808.430237	-129.444870	120.718765	0.000000	0.000000	7.125000	347.111633	-293.046753
84	-1291.092285	-855.743164	-166.745117	-122.634537	0.000000	0.000000	7.125000	450.277405	250.453537
85	-1273.995483	-534.445435	-217.439423	-77.925919	0.000000	0.000000	7.125000	460.501099	131.049911
86	1078.587646	547.203186	164.011063	87.721344	0.000000	0.000000	7.125000	-411.929504	-203.434402
87	280.498413	-555.980957	129.248230	-161.614120	0.000000	0.000000	7.125000	-135.148117	257.005646
88	568.703369	-1149.371582	102.706879	-169.257797	0.000000	0.000000	7.125000	-146.744385	373.726898
89	-848.026489	-1174.375732	-112.728897	-155.416504	0.000000	0.000000	7.125000	214.704300	286.132935
90	888.060364	465.301758	215.950684	90.082649	0.000000	0.000000	7.125000	-297.642822	-180.970947
91	781.475708	234.438217	184.005066	64.470695	0.000000	0.000000	7.125000	-415.466675	-113.502388
92	-621.810303	-1150.414795	-62.466110	-191.036560	0.000000	0.000000	7.125000	159.004471	408.336151
93	-887.946106	-622.235474	-141.729919	-129.506317	0.000000	0.000000	7.125000	302.241394	298.411163
94	-416.538605	39.821213	-157.983383	57.047333	0.000000	0.000000	7.125000	190.433456	-52.755970
95	-1343.263184	797.105957	-180.097656	107.963959	0.000000	0.000000	7.125000	427.739716	-160.779160
96	176.041885	-1041.985840	45.394592	-180.363220	0.000000	0.000000	7.125000	-76.211617	420.121887
97	-701.667664	1067.865967	-97.698761	161.789719	0.000000	0.000000	7.125000	233.144455	-378.738220
98	-17.399523	-333.437927	83.059349	-163.046707	0.000000	0.000000	7.125000	-89.152428	281.336273
99	858.267883	234.139862	186.072922	58.314743	0.000000	0.000000	7.125000	-340.693176	-96.344498
100	-69.239349	1310.903198	-13.859902	203.528397	0.000000	0.000000	7.125000	34.273399	-520.060974
101	1306.917725	-224.705322	206.062561	-40.416771	0.000000	0.000000	7.125000	-533.554321	50.388229
102	581.770935	169.107193	178.741058	85.054138	0.000000	0.000000	7.125000	-150.732742	-65.502190
103	886.885010	-141.570267	204.831238	-46.227463	0.000000	0.000000	7.125000	-336.368805	44.118176
104	526.811279	819.992920	81.286224	150.439606	0.000000	0.000000	7.125000	-152.927963	-389.665405
105	-324.481415	-103.685562	-153.176895	-61.132751	0.000000	0.000000	7.125000	192.135727	98.279831
106	34.843361	-951.172668	-11.684590	-206.585220	0.000000	0.000000	7.125000	74.151443	327.276276
107	-1231.120483	950.792664	-160.622025	139.878845	0.000000	0.000000	7.125000	360.918823	-261.077454
108	-785.238464	-456.723511	-123.095413	-155.072662	0.000000	0.000000	7.125000	85.633034	128.327927
109	-1265.156372	469.271942	-193.305878	96.343567	0.000000	0.000000	7.125000	495.383667	-189.344528
110	977.135620	-1016.798828	142.046539	-150.571167	0.000000	0.000000	7.125000	-307.787659	355.259552
111	-196.802704	-145.852722	-41.507469	-227.113464	0.000000	0.000000	7.125000	165.294846	103.019669
112	-731.000671	553.428589	-136.520874	130.686646	0.000000	0.000000	7.125000	290.413300	-258.087769
113	-250.144012	869.554382	-56.730049	180.282043	0.000000	0.000000	7.125000	104.933441	-437.227692
114	-1088.122803	-771.033569	-154.464355	-103.563843	0.000000	0.000000	7.125000	473.950012	206.371552
115	-283.638092	274.624512	-178.388153	121.718704	0.000000	0.000000	7.125000	199.162582	-120.550957
116	-1145.682861	-367.242462	-207.294586	-48.782742	0.000000	0.000000	7.125000	328.849640	15.857393
117	1162.089600	982.550720	161.295654	129.731110	0.000000	0.000000	7.125000	-407.235901	-277.092621
118	-1279.823120	366.326538	-179.596802	67.855972	0.000000	0.000000	7.125000	494.273071	-126.271454
119	-708.203918	734.357422	-147.600037	165.806580	0.000000	0.000000	7.125000	232.802872	-208.573166
120	224.122742	893.669312	55.462898	199.429291	0.000000	0.000000	7.125000	-63.257553	-381.246124
121	-744.333557	-1099.683105	-108.763786	-161.849228	0.000000	0.000000	7.125000	256.187836	381.808380
122	1168.396851	-756.175537	189.981201	-82.129868	0.000000	0.000000	7.125000	-488.725464	122.703606
123	1029.956299	-429.154175	159.599426	-69.289894	0.000000	0.000000	7.125000	-395.470490	126.996590
124	203.624115	-1314.551758	39.675648	-209.257980	0.000000	0.000000	7.125000	-34.646034	505.950073
125	-1343.249512	-156.389832	-184.920029	-19.999596	0.000000	0.000000	7.125000	510.330597	36.951649
126	-940.873779	78.006332	-176.994629	1.322040	0.000000	0.000000	7.125000	400.448425	-7.260465
127	1186.979858	-199.750275	207.471588	-32.474861	0.000000	0.000000	7.125000	-147.458420	-91.286461
128	-783.005981	-692.824097	-144.665558	-116.902565	0.000000	0.000000	7.125000	161.576416	111.698090
129	-697.297485	-528.298828	-122.317665	-106.213928	0.000000	0.000000	7.125000	201.265793	147.373932
130	-26.635496	977.439087	-15.450802	224.449509	0.000000	0.000000	7.125000	65.195602	-324.153076
131	753.641541	455.913635	176.071228	76.569702	0.000000	0.000000	7.125000	-274.753754	-94.484489
132	-1290.173584	967.380188	-175.107941	141.286804	0.000000	0.000000	7.125000	475.451416	-311.936707
133	-68.435020	-954.164246	4.626673	-191.922821	0.000000	0.000000	7.125000	50.114876	383.193390
134	-151.350769	1057.915527	-11.647053	182.628723	0.000000	0.000000	7.125000	3.676468	-360.806976
135	1031.128296	-1210.882202	130.443542	-152.923035	0.000000	0.000000	7.125000	-189.316360	252.109940
136	254.229584	-1410.914917	33.379013	-222.474182	0.000000	0.000000	7.125000	48.843681	503.271240
137	-1240.397095	52.918041	-206.196045	18.014090	0.000000	0.000000	7.125000	414.839508	-3.311697
138	-306.507294	-1172.643066	-46.302879	-173.942642	0.000000	0.000000	7.125000	182.325394	769.635925
139	903.802246	1478.016479	134.379562	184.184952	0.000000	0.000000	7.125000	-277.571075	-503.744812
140	-1211.301758	932.628540	-164.017883	140.539673	0.000000	0.000000	7.125000	557.900574	-333.657196
141	-244.492279	-595.830627	-71.397354	-174.973907	0.000000	0.000000	7.125000	177.180588	289.799377
142	-722.954346	-620.041748	-133.924530	-169.466980	0.000000	0.000000	7.125000	505.336609	596.336670
143	327.375092	311.602081	155.739471	62.999748	0.000000	0.000000	7.125000	-192.646286	-130.859818
144	385.583710	1543.888428	39.055950	221.566025	0.000000	0.000000	7.125000	-53.171165	-591.213257
145	869.274048	-888.613220	121.497665	-128.713837	0.000000	0.000000	7.125000	-299.686829	298.630859
146	559.689331	828.555237	140.827698	155.777023	0.000000	0.000000	7.125000	-47.560749	-158.953613
147	545.463135	731.067627	88.458069	142.799210	0.000000	0.000000	7.125000	-155.604477	-368.977173
148	5.372473	-619.374207	25.608282	-208.417603	0.000000	0.000000	7.125000	21.427711	399.213104
149	-1084.520508	-1080.803711	-136.138580	-135.375092	0.000000	0.000000	7.125000	419.651489	372.174377
150	-1127.372803	920.812500	-142.777679	128.357361	0.000000	0.000000	7.125000	224.613922	-239.316010
151	-1267.419189	345.080109	-213.627594	60.321686	0.000000	0.000000	7.125000	443.865479	-38.672066
152	1407.912109	-714.019653	183.947784	-118.831795	0.000000	0.000000	7.125000	-462.730652	230.382095
153	-1119.805542	-352.877625	-202.126282	-76.127335	0.000000	0.000000	7.125000	370.167023	118.701477
154	-666.878784	-1382.894897	-98.122040	-175.416565	0.000000	0.000000	7.125000	217.103012	481.760712
155	-574.645874	-636.260986	-140.261658	-148.051437	0.000000	0.000000	7.125000	378.348145	335.400177
156	783.821777	826.465881	170.220657	122.952278	0.000000	0.000000	7.125000	-268.958405	-243.962021
157	-97.837181	-911.888306	59.520096	-182.497269	0.000000	0.000000	7.125000	-81.188370	349.683411
158	-1427.742676	-597.494385	-194.160629	-79.982849	0.000000	0.000000	7.125000	512.742798	163.406738
159	799.223999	343.790771	183.187988	96.377167	0.000000	0.000000	7.125000	-318.643982	-173.898727
160	-778.266663	448.331421	-145.223251	138.801514	0.000000	0.000000	7.125000	479.785217	-377.549744
161	572.889526	-1097.526123	78.932175	-161.759247	0.000000	0.000000	7.125000	-157.742844	445.396790
162	-184.133575	-360.935364	-185.891785	-103.900383	0.000000	0.000000	7.125000	175.279877	98.509888
163	1151.636719	1357.800903	148.047607	177.320404	0.000000	0.000000	7.125000	-295.356293	-356.928711
164	474.875977	1200.123779	79.216797	161.600357	0.000000	0.000000	7.125000	-144.482407	-498.677429
165	1160.870239	732.499268	168.009842	92.924599	0.000000	0.000000	7.125000	-453.625671	-211.732315
166	647.391235	-929.674988	91.607864	-133.608597	0.000000	0.000000	7.125000	-210.986160	384.863312
167	-271.248962	925.731812	-64.347946	190.414062	0.000000	0.000000	7.125000	111.346687	-294.827271
168	-790.872803	334.433746	-189.981155	43.912022	0.000000	0.000000	7.125000	301.007507	-98.583466
169	-831.956543	-122.674667	-186.913666	-27.869343	0.000000	0.000000	7.125000	477.922119	16.031937
170	235.265991	3.588338	192.974854	26.828178	0.000000	0.000000	7.125000	-60.961193	15.176658
171	489.682495	-150.877441	179.049591	-37.769707	0.000000	0.000000	7.125000	-377.657532	38.315331
172	-844.509521	-331.971069	-166.040695	-90.261612	0.000000	0.000000	7.125000	508.602875	230.192139
173	417.987549	-501.890137	136.361389	-159.674072	0.000000	0.000000	7.125000	-166.011597	240.947418
174	486.709167	-439.217773	213.249451	-61.700966	0.000000	0.000000	7.125000	-210.645462	74.470100
175	1099.371460	1189.317261	140.179367	144.051132	0.000000	0.000000	7.125000	-359.025879	-369.935516
176	-927.044434	377.185791	-149.621017	88.816132	0.000000	0.000000	7.125000	649.241760	-330.654816
177	-1350.869873	190.303680	-216.533783	32.721226	0.000000	0.000000	7.125000	498.237122	-46.019409
178	-1145.712646	1174.482422	-129.897186	172.576126	0.000000	0.000000	7.125000	761.283813	-1110.608276
179	86.416084	1171.921875	21.755123	211.871429	0.000000	0.000000	7.125000	-3.401906	-465.709656
180	834.037598	124.203323	191.499924	13.748514	0.000000	0.000000	7.125000	-316.034302	-8.168094
181	127.912437	381.459137	133.605560	120.620377	0.000000	0.000000	7.125000	-210.941711	-222.720123
182	-75.324249	-1310.039917	32.094772	-204.477325	0.000000	0.000000	7.125000	-68.474724	415.270416
183	108.977386	1046.773315	-35.240334	210.054214	0.000000	0.000000	7.125000	114.214729	-453.405182
184	353.840912	656.092285	161.475296	165.160889	0.000000	0.000000	7.125000	-141.221863	-217.746536
185	-581.447571	-686.899780	-118.145660	-135.799316	0.000000	0.000000	7.125000	282.131104	293.136780
186	-853.493286	-1133.718628	-103.518402	-143.562088	0.000000	0.000000	7.125000	790.694763	1345.613037
187	210.227478	-14.803659	174.802948	-99.204826	0.000000	0.000000	7.125000	-148.529160	72.450127
188	-445.389832	-667.572205	-105.621819	-184.960083	0.000000	0.000000	7.125000	211.172150	353.044495
189	720.015259	-1183.653076	103.461563	-186.173660	0.000000	0.000000	7.125000	-190.812653	495.989807
190	643.641968	830.474487	153.009949	139.416458	0.000000	0.000000	7.125000	-251.331238	-244.121933
191	-1112.502075	998.864258	-151.292297	132.304489	0.000000	0.000000	7.125000	769.391418	-438.959259
192	-235.690460	-971.043396	-27.178642	-171.850311	0.000000	0.000000	7.125000	56.476887	232.052994
193	-461.296021	231.695374	-57.876675	201.816208	0.000000	0.000000	7.125000	70.832169	-600.057983
194	-1019.023560	-1071.065796	-129.885132	-133.137466	0.000000	0.000000	7.125000	363.364624	352.240753
195	-93.130257	1037.565186	7.244716	185.853729	0.000000	0.000000	7.125000	1.068796	-416.519287
196	36.965992	-1092.318359	16.546127	-215.277313	0.000000	0.000000	7.125000	45.563671	240.803070
197	-129.523376	-870.509033	-3.686460	-182.950104	0.000000	0.000000	7.125000	68.753151	463.461884
198	-780.430542	1316.386963	-106.671539	187.818695	0.000000	0.000000	7.125000	197.381073	-429.760559
199	1132.199829	996.823792	156.284866	144.713608	0.000000	0.000000	7.125000	-758.030457	-704.910828
200	110.411446	-871.403992	40.573662	-193.773132	0.000000	0.000000	7.125000	-17.502375	385.625824
201	-1434.654907	645.684082	-202.234146	105.260529	0.000000	0.000000	7.125000	475.766052	-176.378204
202	-651.466248	652.851379	-135.944427	93.509384	0.000000	0.000000	7.125000	328.947113	-211.404526
203	-1080.241089	195.389786	-204.620789	31.293056	0.000000	0.000000	7.125000	373.693817	-43.362061
204	-1068.455200	968.220581	-153.654694	120.024475	0.000000	0.000000	7.125000	499.718933	-249.252914
205	477.700562	797.185547	67.059395	153.998398	0.000000	0.000000	7.125000	-22.030062	-259.560394
206	552.658447	454.888672	90.541443	179.411621	0.000000	0.000000	7.125000	-64.295441	-266.747772
207	355.411469	-1090.406128	62.272072	-184.751373	0.000000	0.000000	7.125000	-47.392143	468.545624
208	766.912537	-1178.452393	135.801239	-175.618958	0.000000	0.000000	7.125000	-350.184753	433.507965
209	308.227478	975.215759	93.209839	181.365173	0.000000	0.000000	7.125000	-85.336342	-431.640045
210	-968.321655	-843.614868	-140.432083	-117.316032	0.000000	0.000000	7.125000	393.844940	257.414856
211	428.975647	700.469482	145.173965	159.846405	0.000000	0.000000	7.125000	-172.530304	-260.448761
212	-296.660034	-1017.080994	-83.719406	-202.318237	0.000000	0.000000	7.125000	216.197128	376.690338
213	693.902710	321.854156	207.539169	78.800652	0.000000	0.000000	7.125000	-286.043396	-121.254944
214	-1187.146729	389.620239	-176.016907	76.678955	0.000000	0.000000	7.125000	398.050537	-126.132050
215	68.590309	630.366882	-33.003819	213.355072	0.000000	0.000000	7.125000	145.622208	-240.636017
216	965.632324	195.492401	186.451797	30.867111	0.000000	0.000000	7.125000	-372.406525	-54.360237
217	-336.862793	1239.627319	-35.314285	188.716461	0.000000	0.000000	7.125000	27.198666	-551.389465
218	-740.179932	89.862236	-159.692184	27.123785	0.000000	0.000000	7.125000	164.721680	9.933583
219	148.488953	-442.735718	50.676689	-194.478088	0.000000	0.000000	7.125000	-50.666794	201.181732
220	-356.493866	-682.923401	-49.519283	-182.368317	0.000000	0.000000	7.125000	140.523651	344.633636
221	-1101.694092	-1060.883179	-135.428253	-156.543335	0.000000	0.000000	7.125000	349.263489	389.281921
222	1002.258179	688.100342	170.958771	116.710938	0.000000	0.000000	7.125000	-335.773621	-261.707428
223	-1084.687500	525.803223	-163.211334	60.280396	0.000000	0.000000	7.125000	300.860565	-67.707558
224	1137.661987	826.103760	179.283691	109.334473	0.000000	0.000000	7.125000	-393.052246	-222.473923
225	-171.147766	-1179.636963	-10.366098	-185.710907	0.000000	0.000000	7.125000	22.032276	489.582123
226	934.939636	-801.368408	137.220551	-121.075180	0.000000	0.000000	7.125000	-308.133606	253.070694
227	380.301849	-800.744934	122.592819	-155.482788	0.000000	0.000000	7.125000	-227.736969	279.870148
228	-573.493591	-58.939789	-203.386078	-52.264664	0.000000	0.000000	7.125000	386.461273	71.902847
229	1320.188232	-201.239502	221.986404	-63.774738	0.000000	0.000000	7.125000	-561.632935	113.711578
230	-1383.862549	-470.023743	-232.753082	-79.590561	0.000000	0.000000	7.125000	495.737976	169.352554
231	-1037.744507	1035.770874	-131.963181	135.301788	0.000000	0.000000	7.125000	361.246155	-401.201874
232	1181.653320	-135.579895	200.451416	-14.657826	0.000000	0.000000	7.125000	-503.293549	-3.781419
233	1132.443481	-528.651978	169.935486	-107.290558	0.000000	0.000000	7.125000	-573.342407	268.807495
234	-1541.151733	160.565674	-218.986328	-2.439582	0.000000	0.000000	7.125000	604.154846	19.828539
235	64.462326	-355.468079	44.981148	-192.125443	0.000000	0.000000	7.125000	88.068878	115.678978
236	435.067902	200.789154	151.977325	107.173798	0.000000	0.000000	7.125000	-234.210938	-201.798035
237	-434.899780	229.490051	-150.019165	138.113190	0.000000	0.000000	7.125000	118.142159	-118.102074
238	-219.805893	-85.398209	-188.681580	7.848771	0.000000	0.000000	7.125000	406.062592	38.495823
239	-749.618530	-718.042480	-140.260529	-122.158020	0.000000	0.000000	7.125000	273.561493	203.078247
240	-1066.358643	538.948853	-163.553619	116.818710	0.000000	0.000000	7.125000	306.850311	-170.977280
241	-631.589783	-967.799316	-121.741257	-167.415359	0.000000	0.000000	7.125000	358.831696	468.225800
242	630.767212	1165.812012	117.633888	159.266647	0.000000	0.000000	7.125000	-197.844238	-360.244232
243	-217.387573	-1297.489136	-28.866108	-220.115219	0.000000	0.000000	7.125000	59.908478	298.923431
244	-351.443298	-460.670898	-123.395355	-150.950272	0.000000	0.000000	7.125000	145.128708	131.773743
245	-152.391266	-185.972763	-140.403198	-74.551643	0.000000	0.000000	7.125000	109.931549	52.038929
246	480.067932	45.336105	217.343842	45.126797	0.000000	0.000000	7.125000	-221.223145	-74.648132
247	-24.084990	483.934174	-89.676743	183.197281	0.000000	0.000000	7.125000	141.403198	-328.950409
248	-1245.195801	-83.340950	-201.285706	-48.300198	0.000000	0.000000	7.125000	515.426636	105.120018
249	956.691162	-1171.741089	114.921921	-175.716141	0.000000	0.000000	7.125000	-176.826340	480.450104
250	1122.580200	-443.452637	189.514099	-66.931938	0.000000	0.000000	7.125000	-329.507446	31.000751
251	-271.746521	137.982819	-177.575409	117.563835	0.000000	0.000000	7.125000	182.432159	-74.981918
252	1367.042969	986.596191	180.256729	139.608826	0.000000	0.000000	7.125000	-433.251892	-310.134003
253	-1089.932495	-450.753967	-199.842529	-73.700867	0.000000	0.000000	7.125000	505.692871	180.422333
254	-40.830830	-559.879883	-105.726196	-163.763931	0.000000	0.000000	7.125000	190.431610	297.090637
255	197.528137	468.146790	117.154945	166.745499	0.000000	0.000000	7.125000	-27.442106	-255.029297
256	1393.076416	980.646851	183.573395	130.090454	0.000000	0.000000	7.125000	-451.843292	-270.310547
257	803.384888	1055.523682	144.910690	160.104553	0.000000	0.000000	7.125000	-243.403778	-375.278809
258	621.210388	-692.125977	141.452209	-129.827469	0.000000	0.000000	7.125000	-225.601151	230.002213
259	981.995972	-821.709839	138.857864	-119.195053	0.000000	0.000000	7.125000	-296.231995	336.056305
260	265.375824	-263.385162	98.365051	-161.362213	0.000000	0.000000	7.125000	-59.570629	184.159210
261	458.766815	-535.514893	104.671478	-168.070129	0.000000	0.000000	7.125000	-99.843239	171.888702
262	876.375977	-685.612854	116.667603	-116.677399	0.000000	0.000000	7.125000	-350.949982	378.959473
263	894.073242	1001.482056	126.771912	136.104553	0.000000	0.000000	7.125000	-254.529297	-301.932983
264	-205.860870	622.004028	-36.541447	182.343277	0.000000	0.000000	7.125000	122.722839	-291.768524
265	1097.196533	-372.337280	180.020950	-66.678360	0.000000	0.000000	7.125000	-443.609009	93.270271
266	-1102.112793	-199.608261	-196.821167	-64.054886	0.000000	0.000000	7.125000	691.250610	168.319611
267	980.206299	-988.806274	131.872437	-147.694382	0.000000	0.000000	7.125000	-414.611969	459.587830
268	-776.909973	1359.615356	-102.991051	193.231888	0.000000	0.000000	7.125000	331.346008	-899.563354
269	-339.134338	167.102005	-118.506073	184.165894	0.000000	0.000000	7.125000	203.272324	-280.322144
270	-603.065369	-1272.167358	-83.571152	-186.094543	0.000000	0.000000	7.125000	229.690308	486.709473
271	-766.085327	-593.012451	-132.948181	-116.840248	0.000000	0.000000	7.125000	198.314575	207.002609
272	870.028503	-1279.534912	134.062622	-165.504852	0.000000	0.000000	7.125000	-168.901245	251.305710
273	-1047.988159	281.224701	-176.259674	68.181046	0.000000	0.000000	7.125000	419.996399	-108.021225
274	-748.273438	1365.660645	-81.030090	190.463867	0.000000	0.000000	7.125000	143.459457	-517.735229
275	834.536316	1259.304932	154.217926	175.984497	0.000000	0.000000	7.125000	-1020.560181	-1262.509644
276	-462.287231	-224.371307	-161.865372	-63.772781	0.000000	0.000000	7.125000	159.773254	68.223305
277	-1081.937500	-494.528839	-173.038589	-89.886818	0.000000	0.000000	7.125000	314.273163	140.972672
278	-149.198532	-1364.537598	14.484231	-212.505981	0.000000	0.000000	7.125000	-25.494442	553.231384
279	-721.399780	1195.065430	-89.726517	166.328552	0.000000	0.000000	7.125000	148.873764	-391.059143
280	616.611389	-861.614685	101.691460	-133.724350	0.000000	0.000000	7.125000	-226.379929	319.149353
281	-611.260315	1140.581665	-92.272667	185.296295	0.000000	0.000000	7.125000	198.874802	-399.249329
282	-335.424591	-638.362244	8.998950	-191.680511	0.000000	0.000000	7.125000	42.449982	264.676758
283	1181.637695	692.798828	177.403961	106.653397	0.000000	0.000000	7.125000	-426.135101	-223.470718
284	-853.916382	-310.643188	-192.740433	-90.659943	0.000000	0.000000	7.125000	449.954193	216.864807
285	-574.421631	15.038265	-209.338821	-53.226837	0.000000	0.000000	7.125000	293.978394	75.540520
286	-477.545654	412.020660	-149.716370	147.244049	0.000000	0.000000	7.125000	198.824921	-194.401962
287	829.233276	-731.682739	161.930099	-160.506195	0.000000	0.000000	7.125000	-280.253845	289.633789
288	447.916626	1208.760498	92.394547	198.497253	0.000000	0.000000	7.125000	-103.386749	-412.675751
289	873.745422	1285.411133	135.554108	148.411865	0.000000	0.000000	7.125000	-294.612366	-343.482208
290	857.422974	544.275085	164.831650	109.682152	0.000000	0.000000	7.125000	-493.169769	-375.541626
291	784.026611	-564.252563	132.244278	-117.643433	0.000000	0.000000	7.125000	-365.987579	338.553009
292	-780.974548	1114.821777	-118.542725	166.005280	0.000000	0.000000	7.125000	316.290192	-613.295898
293	73.797707	726.913757	25.262342	205.338013	0.000000	0.000000	7.125000	54.905388	-325.704132
294	1079.248291	673.652893	157.190216	87.691597	0.000000	0.000000	7.125000	-432.606934	-206.047363
295	429.896790	386.291718	127.047119	135.848068	0.000000	0.000000	7.125000	-341.486389	-377.547241
296	1056.181396	-1217.829346	142.163116	-158.613785	0.000000	0.000000	7.125000	-324.189362	362.070618
297	132.618423	-335.899963	176.561523	-129.484985	0.000000	0.000000	7.125000	-111.444511	117.293869
298	-826.629089	107.754593	-209.985199	-0.313322	0.000000	0.000000	7.125000	464.019714	42.676895
299	-1030.636841	-286.891235	-188.571472	-49.495117	0.000000	0.000000	7.125000	456.728699	57.146378
300	974.141663	171.642090	195.631180	46.113300	0.000000	0.000000	7.125000	-387.371674	-50.481976
301	991.359619	-671.513916	152.044067	-107.124268	0.000000	0.000000	7.125000	-380.632629	192.567871
302	-650.528198	314.502625	-157.019165	74.944069	0.000000	0.000000	7.125000	343.722504	-110.074257
303	-190.877365	1081.493774	-14.397635	203.491272	0.000000	0.000000	7.125000	27.117975	-465.135010
304	-52.417206	-417.307953	-33.349918	-182.455383	0.000000	0.000000	7.125000	137.391388	117.983635
305	1186.822510	-570.727661	219.454117	-104.301559	0.000000	0.000000	7.125000	-605.472229	169.482651
306	-1165.051025	147.093536	-183.846741	64.959244	0.000000	0.000000	7.125000	451.534668	-88.592575
307	-147.204315	-645.455811	54.985130	-183.934174	0.000000	0.000000	7.125000	-13.765440	313.721558
308	117.450859	-1241.131836	36.244617	-197.694305	0.000000	0.000000	7.125000	-26.023252	482.878143
309	-1471.799438	62.868912	-224.320099	17.444056	0.000000	0.000000	7.125000	606.711426	-4.572345
310	988.845703	413.271515	180.673431	107.028587	0.000000	0.000000	7.125000	-343.112030	-115.688820
311	-519.509949	777.792480	-110.524048	130.476974	0.000000	0.000000	7.125000	261.225983	-270.242188
312	684.628662	1122.437256	123.283218	173.676270	0.000000	0.000000	7.125000	-199.746185	-408.526062
313	-695.846680	1266.974609	-104.058228	185.851486	0.000000	0.000000	7.125000	236.278824	-485.443634
314	-838.141418	-42.056629	-178.359772	-71.036858	0.000000	0.000000	7.125000	340.778687	53.201527
315	-537.593811	-942.146973	-81.489532	-232.054398	0.000000	0.000000	7.125000	204.778564	395.571930
316	-1139.122437	-563.816040	-170.284042	-74.815323	0.000000	0.000000	7.125000	426.973755	143.578568
317	-354.210785	-504.552216	-62.177063	-184.776794	0.000000	0.000000	7.125000	168.365997	322.752197
318	1055.413452	1028.081177	154.916290	141.777771	0.000000	0.000000	7.125000	-263.783966	-249.117691
319	-1065.525391	-99.525284	-175.922394	-38.034008	0.000000	0.000000	7.125000	391.358978	-2.478434
320	-593.749084	1203.801514	-84.544373	172.381989	0.000000	0.000000	7.125000	129.718231	-334.050903
321	835.587708	-390.649384	194.030334	-87.860359	0.000000	0.000000	7.125000	-304.702515	116.102592
322	292.165833	-452.511597	101.878296	-197.232971	0.000000	0.000000	7.125000	-119.545860	319.071411
323	563.886353	-1103.966797	107.108948	-197.860321	0.000000	0.000000	7.125000	-153.060928	515.383240
324	-205.992645	566.974915	-84.561096	179.029266	0.000000	0.000000	7.125000	183.289612	-311.718506
325	305.955505	-792.999695	141.797760	-150.803284	0.000000	0.000000	7.125000	-297.373871	316.504028
326	-187.434540	1200.730591	-33.591007	173.780624	0.000000	0.000000	7.125000	87.518028	-435.729706
327	-1413.241943	-841.860413	-176.137238	-135.108063	0.000000	0.000000	7.125000	454.201599	288.739868
328	908.402283	-533.555176	161.060089	-109.926926	0.000000	0.000000	7.125000	-265.039612	192.699539
329	-957.413452	-934.900085	-145.226181	-134.585861	0.000000	0.000000	7.125000	450.460175	368.297760
330	618.055664	119.845741	198.481583	31.653318	0.000000	0.000000	7.125000	-316.929413	-67.257355
331	-502.171509	828.237305	-110.519554	185.575058	0.000000	0.000000	7.125000	301.691589	-498.591156
332	730.461914	756.423340	153.148468	134.742706	0.000000	0.000000	7.125000	-153.556000	-176.023727
333	1325.141724	391.557068	179.598846	90.229813	0.000000	0.000000	7.125000	-502.397858	-194.831482
334	366.892365	-1106.196777	66.867165	-176.743240	0.000000	0.000000	7.125000	-85.780945	434.662048
335	-851.106689	1093.533203	-118.697144	150.913818	0.000000	0.000000	7.125000	237.174988	-309.599182
336	-1064.461304	984.946777	-141.106247	125.723602	0.000000	0.000000	7.125000	423.834564	-300.238770
337	-565.932068	456.530365	-150.691605	118.859642	0.000000	0.000000	7.125000	333.918091	-186.038101
338	-645.870789	1326.458740	-95.691437	173.336960	0.000000	0.000000	7.125000	192.931763	-399.469330
339	959.601501	621.055298	212.283951	83.080643	0.000000	0.000000	7.125000	-481.053101	-171.628769
340	462.747620	37.410004	189.928879	44.094650	0.000000	0.000000	7.125000	-174.672180	-64.551712
341	806.205078	-1016.213318	129.622589	-129.175751	0.000000	0.000000	7.125000	-313.368988	270.227325
342	-58.630630	1296.648071	7.831284	185.834930	0.000000	0.000000	7.125000	-15.438210	-504.676300
343	-1153.165405	-486.331848	-190.658539	-119.470528	0.000000	0.000000	7.125000	487.456299	243.051163
344	-621.880798	-101.859222	-146.505890	-69.132805	0.000000	0.000000	7.125000	411.052979	147.836533
345	-122.016083	1239.572266	-1.833613	191.983887	0.000000	0.000000	7.125000	26.765347	-435.805328
346	1141.279053	942.569336	155.625504	131.886047	0.000000	0.000000	7.125000	-432.367981	-338.176361
347	392.221588	787.153137	143.638840	165.287140	0.000000	0.000000	7.125000	-199.304001	-339.864136
348	326.334259	537.068481	96.278763	144.902542	0.000000	0.000000	7.125000	-109.488525	-260.743011
349	-41.881149	-563.723816	-32.650509	-198.122437	0.000000	0.000000	7.125000	184.733521	324.512207
350	885.786438	505.719330	183.408859	89.291901	0.000000	0.000000	7.125000	-302.311951	-116.940407
351	-661.019165	919.861511	-129.580994	149.701645	0.000000	0.000000	7.125000	387.350403	-391.878113
352	-152.460342	295.912292	129.888611	167.364380	0.000000	0.000000	7.125000	23.780830	-174.150269
353	-611.385071	846.091736	-20.765041	221.016403	0.000000	0.000000	7.125000	122.674156	-475.004089
354	-9.942754	-706.274048	31.424009	-198.403809	0.000000	0.000000	7.125000	100.678719	237.551880
355	-195.043594	-788.284058	-70.973045	-171.893723	0.000000	0.000000	7.125000	191.375992	320.660339
356	932.851257	-758.802856	160.425217	-94.126205	0.000000	0.000000	7.125000	-325.293518	203.866318
357	-424.769653	-458.653442	-169.710205	-128.714127	0.000000	0.000000	7.125000	271.496338	188.660645
358	-620.445984	-62.468071	-200.316849	52.161476	0.000000	0.000000	7.125000	341.636963	-97.903793
359	546.031555	80.531334	197.848267	7.193128	0.000000	0.000000	7.125000	-235.812286	-10.439343
360	1179.923096	-689.934448	159.872574	-106.312584	0.000000	0.000000	7.125000	-372.365295	175.391525
361	-233.134079	964.560181	-17.207151	194.238922	0.000000	0.000000	7.125000	30.749754	-420.338745
362	-1501.123413	-808.713257	-186.305725	-131.353394	0.000000	0.000000	7.125000	523.863647	232.968781
363	138.907990	492.078674	69.662094	162.625519	0.000000	0.000000	7.125000	13.237636	-204.062881
364	795.253723	-1278.171143	128.641891	-165.937042	0.000000	0.000000	7.125000	-274.464447	580.380615
365	1186.782227	357.227203	185.179108	50.680626	0.000000	0.000000	7.125000	-463.015991	-82.398491
366	537.673950	-948.068787	109.015945	-179.480942	0.000000	0.000000	7.125000	-228.700882	466.384491
367	-179.191696	-744.126099	-36.737251	-203.578003	0.000000	0.000000	7.125000	149.259735	304.867279
368	644.199768	1121.001587	84.262283	169.161469	0.000000	0.000000	7.125000	-165.871246	-467.103943
369	1051.866821	-508.954712	154.823380	-72.538826	0.000000	0.000000	7.125000	-462.742432	129.720291
370	-942.411743	-569.667175	-194.734283	-86.205841	0.000000	0.000000	7.125000	356.889130	85.142014
371	-52.372162	-1222.603271	-6.361296	-209.900238	0.000000	0.000000	7.125000	50.245483	501.545563
372	711.323364	1002.657471	112.950768	204.888000	0.000000	0.000000	7.125000	-118.698860	-435.127838
373	-241.057312	1318.537598	-25.905670	205.366989	0.000000	0.000000	7.125000	81.403709	-492.466217
374	-471.353027	-758.156311	-64.198517	-174.566727	0.000000	0.000000	7.125000	188.118958	412.581299
375	-87.875229	-536.195618	-57.870075	-186.205414	0.000000	0.000000	7.125000	158.868881	206.483643
376	-455.971008	1022.834534	-62.491562	175.183228	0.000000	0.000000	7.125000	124.202530	-465.122223
377	-1104.883667	-207.394547	-205.396851	-56.349220	0.000000	0.000000	7.125000	481.817810	51.921593
378	-1348.834106	559.215942	-174.962326	104.888611	0.000000	0.000000	7.125000	395.876343	-185.177582
379	-1040.849731	1263.013672	-148.462219	160.980667	0.000000	0.000000	7.125000	223.658234	-259.820709
380	736.360107	-887.939270	97.847687	-143.876450	0.000000	0.000000	7.125000	-138.807449	363.946167
381	-87.543388	90.507149	160.210098	-17.286465	0.000000	0.000000	7.125000	-53.164352	37.579315
382	-710.528992	-1086.614624	-89.488815	-156.177582	0.000000	0.000000	7.125000	241.744781	406.726044
383	584.038818	1254.848877	88.034271	184.003403	0.000000	0.000000	7.125000	-156.033463	-490.390137
384	1162.226807	555.839050	170.000534	75.452911	0.000000	0.000000	7.125000	-478.958923	-152.467880
385	-746.123352	-898.883362	-146.197662	-150.751007	0.000000	0.000000	7.125000	316.382477	282.414734
386	-1332.740356	631.860474	-200.869110	101.340668	0.000000	0.000000	7.125000	505.047333	-194.972870
387	-491.622864	799.768127	-115.751297	149.393341	0.000000	0.000000	7.125000	251.467270	-245.488708
388	5.124140	797.021484	12.731405	203.560822	0.000000	0.000000	7.125000	49.913239	-346.675323
389	308.256226	907.888306	75.054031	146.929138	0.000000	0.000000	7.125000	-87.868645	-294.696655
390	814.607178	-1107.848877	158.210342	-142.612289	0.000000	0.000000	7.125000	-253.245621	261.926697
391	-741.353394	-641.208862	-137.754730	-120.467377	0.000000	0.000000	7.125000	254.690002	195.761917
392	-1457.631348	-261.042053	-222.788116	-61.042240	0.000000	0.000000	7.125000	322.688873	94.240868
393	180.037338	-651.348816	57.603500	-144.945038	0.000000	0.000000	7.125000	-66.728500	362.810272
394	-1331.780396	496.272736	-187.977478	118.096344	0.000000	0.000000	7.125000	410.474396	-184.247498
395	-920.588013	1046.348877	-129.944885	137.241791	0.000000	0.000000	7.125000	207.661392	-236.098846
396	543.829285	618.264282	175.909302	97.232910	0.000000	0.000000	7.125000	-294.732635	-184.806198
397	-129.872437	-1451.736206	-26.852455	-214.324295	0.000000	0.000000	7.125000	50.135460	530.048889
398	182.950623	-951.902100	96.498276	-172.892715	0.000000	0.000000	7.125000	-151.393478	272.550354
399	1055.813354	508.355042	168.437927	54.370396	0.000000	0.000000	7.125000	-496.778961	-119.585327
400	1032.250366	-516.548035	154.388748	-123.963013	0.000000	0.000000	7.125000	-340.743805	280.456390
401	889.114624	1237.964111	120.648651	156.988068	0.000000	0.000000	7.125000	-266.184540	-402.006134
402	978.237671	-608.837952	135.455566	-109.196686	0.000000	0.000000	7.125000	-447.174255	300.896973
403	815.533386	-301.500427	175.358002	-52.323738	0.000000	0.000000	7.125000	-268.487000	90.122505
404	1140.096191	-76.855957	208.577927	-24.253450	0.000000	0.000000	7.125000	-504.118042	-6.459177
405	-469.367554	1153.685059	-114.426697	190.233246	0.000000	0.000000	7.125000	284.723938	-376.603210
406	201.617828	83.400520	200.849579	78.245491	0.000000	0.000000	7.125000	-71.980232	-106.050575
407	-1041.417847	327.683594	-151.419601	48.459381	0.000000	0.000000	7.125000	430.383698	-79.264046
408	1231.323730	542.703125	209.917938	96.368736	0.000000	0.000000	7.125000	-546.651550	-183.447693
409	509.656525	-1165.403442	99.830734	-163.945389	0.000000	0.000000	7.125000	-173.907959	465.305267
410	-57.239586	1115.835938	-37.001335	188.399002	0.000000	0.000000	7.125000	83.445839	-425.015015
411	1488.304688	-688.038452	204.673157	-119.450714	0.000000	0.000000	7.125000	-462.509766	160.374893
412	-75.759285	-362.039673	66.224564	-186.518494	0.000000	0.000000	7.125000	35.350235	209.563583
413	-680.206421	-616.582153	-118.023254	-123.739639	0.000000	0.000000	7.125000	345.071014	316.019135
414	10.529972	-754.353943	58.366924	-214.128143	0.000000	0.000000	7.125000	-43.565269	311.984222
415	1047.921875	30.853123	194.365021	-15.584995	0.000000	0.000000	7.125000	-347.716888	-22.159798
416	-394.528229	730.542969	-79.396141	207.316406	0.000000	0.000000	7.125000	79.171692	-102.544540
417	-266.525909	-606.166748	-82.995728	-218.672119	0.000000	0.000000	7.125000	240.502335	228.311340
418	876.519653	-801.181396	137.998978	-105.958832	0.000000	0.000000	7.125000	-414.820831	259.944366
419	637.411133	902.728394	128.397217	169.915665	0.000000	0.000000	7.125000	-183.504486	-330.956360
420	139.911652	-1294.988403	57.505798	-205.066742	0.000000	0.000000	7.125000	-61.898415	351.030945
421	244.906708	-585.272461	81.601860	-212.856232	0.000000	0.000000	7.125000	-23.454960	370.710114
422	209.247726	456.003815	95.576523	166.405090	0.000000	0.000000	7.125000	-56.828331	-342.559692
423	814.856506	220.911087	194.984390	2.467637	0.000000	0.000000	7.125000	-401.629059	-22.468924
424	-510.762207	532.637634	-140.008057	156.512405	0.000000	0.000000	7.125000	209.897659	-300.982239
425	-27.787397	644.549805	27.563772	193.022888	0.000000	0.000000	7.125000	-13.535107	-385.184418
426	117.704422	116.797592	154.782196	96.375687	0.000000	0.000000	7.125000	70.693291	-70.847214
427	1193.108276	-939.138306	152.457306	-130.985840	0.000000	0.000000	7.125000	-379.918976	285.422577
428	1165.701172	-530.719788	164.285355	-99.287628	0.000000	0.000000	7.125000	-332.772400	134.519333
429	-584.208008	235.633606	-193.773651	20.620396	0.000000	0.000000	7.125000	302.424011	26.088390
430	-116.427193	-784.409790	-39.219501	-175.665466	0.000000	0.000000	7.125000	104.883339	347.424255
431	1238.540161	824.913818	164.735855	109.831665	0.000000	0.000000	7.125000	-464.438324	-250.362198
432	1128.033813	-195.954239	207.439163	-32.685051	0.000000	0.000000	7.125000	-462.592407	180.947937
433	-982.873535	693.231689	-153.096741	139.318192	0.000000	0.000000	7.125000	350.418915	-283.013885
434	321.639069	1046.714722	51.765064	187.990692	0.000000	0.000000	7.125000	-71.809372	-396.329407
435	245.182693	-749.310608	89.886658	-173.046890	0.000000	0.000000	7.125000	-190.129272	445.617188
436	1190.824219	-745.833191	175.231018	-92.119896	0.000000	0.000000	7.125000	-412.616150	122.363861
437	-275.086853	-13.799141	-103.733276	185.905457	0.000000	0.000000	7.125000	110.293816	-207.420883
438	1019.508362	-582.917480	201.799759	-76.952637	0.000000	0.000000	7.125000	-491.490356	103.953316
439	-1219.836182	-634.772400	-181.012665	-100.408104	0.000000	0.000000	7.125000	444.293823	213.680481
440	-1180.378052	186.138824	-179.060944	37.727955	0.000000	0.000000	7.125000	483.476044	-63.609177
441	-1387.674561	179.099167	-199.882050	21.075066	0.000000	0.000000	7.125000	482.922211	-8.599594
442	-808.092529	-1154.041992	-118.015976	-151.446365	0.000000	0.000000	7.125000	287.245483	278.106171
443	337.085236	-1250.845703	56.430344	-192.900757	0.000000	0.000000	7.125000	-102.410667	713.031189
444	-675.880249	1148.594116	-100.184509	167.294800	0.000000	0.000000	7.125000	214.544296	-399.413666
445	323.634552	435.902344	96.371971	172.894516	0.000000	0.000000	7.125000	-64.251167	-293.804871
446	-942.157288	221.815002	-175.571289	39.593803	0.000000	0.000000	7.125000	368.564880	-30.895004
447	81.718102	-1357.664429	3.535288	-194.967606	0.000000	0.000000	7.125000	2.306998	517.534607
448	-1184.550049	424.975098	-187.849792	62.542999	0.000000	0.000000	7.125000	489.257019	-121.358971
449	723.513428	438.281525	188.857437	84.744232	0.000000	0.000000	7.125000	-367.219910	-135.401718
450	126.293121	21.194735	140.064911	-108.099464	0.000000	0.000000	7.125000	-21.847328	76.987152
451	1146.885010	-129.416458	203.708282	10.901023	0.000000	0.000000	7.125000	-424.707458	-29.072889
452	644.051880	-476.331726	178.757538	-131.636597	0.000000	0.000000	7.125000	-241.734360	178.502472
453	-1427.965820	250.769211	-218.307785	54.359146	0.000000	0.000000	7.125000	423.937897	-44.632828
454	419.077850	-1262.128418	109.435814	-206.832245	0.000000	0.000000	7.125000	-181.003311	424.738556
455	1020.928345	873.183350	188.630341	98.896698	0.000000	0.000000	7.125000	-609.691223	-220.703003
456	583.046570	1194.326660	104.290558	168.298691	0.000000	0.000000	7.125000	-291.161743	-665.246216
457	-705.147095	1196.848145	-123.211853	191.832047	0.000000	0.000000	7.125000	241.351578	-400.914734
458	1021.720825	921.504639	138.909622	123.689369	0.000000	0.000000	7.125000	-364.430023	-302.016724
459	1213.714600	-864.031250	165.527786	-119.224838	0.000000	0.000000	7.125000	-416.719971	252.306763
460	896.510010	317.277985	212.650696	37.794754	0.000000	0.000000	7.125000	-480.534119	-61.079754
461	935.872925	1382.881836	157.277786	181.282532	0.000000	0.000000	7.125000	-297.604309	-327.779938
462	-1070.088257	-255.103195	-179.197540	-76.894165	0.000000	0.000000	7.125000	428.730591	173.520294
463	1076.196411	-946.886169	184.185242	-139.365234	0.000000	0.000000	7.125000	-607.413818	329.600037
464	-1337.326050	495.313049	-188.644012	85.189018	0.000000	0.000000	7.125000	512.068726	-160.599167
465	1127.871216	258.285400	229.137054	47.450367	0.000000	0.000000	7.125000	-401.022675	-76.732162
466	-950.142090	661.417847	-177.675369	122.830910	0.000000	0.000000	7.125000	372.081512	-247.584518
467	-932.096802	893.101624	-123.818832	117.940125	0.000000	0.000000	7.125000	317.198334	-281.598724
468	-983.361267	-737.258667	-136.480423	-103.016571	0.000000	0.000000	7.125000	331.476624	210.153290
469	114.705856	843.998962	-1.254489	212.984314	0.000000	0.000000	7.125000	50.042439	-404.345581
470	-601.297302	-146.548141	-171.564667	-115.703217	0.000000	0.000000	7.125000	273.788330	121.394241
471	-165.077850	-1136.092407	-19.967398	-178.884567	0.000000	0.000000	7.125000	71.679169	423.157501
472	-804.890015	696.964417	-164.042908	140.493713	0.000000	0.000000	7.125000	250.985062	-158.890106
473	1193.587036	-929.038635	173.286499	-118.612633	0.000000	0.000000	7.125000	-419.632599	230.716202
474	304.832001	1259.160889	43.466141	214.635345	0.000000	0.000000	7.125000	-51.300007	-476.196747
475	-382.698669	-331.021698	-152.702057	-116.374985	0.000000	0.000000	7.125000	207.533676	129.117981
476	-163.698746	-800.552856	-29.993763	-204.767075	0.000000	0.000000	7.125000	95.178421	318.844025
477	-779.803833	357.870239	-173.913330	94.643959	0.000000	0.000000	7.125000	588.354248	-241.856445
478	140.192886	-733.976990	26.620628	-181.044800	0.000000	0.000000	7.125000	-3.544003	347.107361
479	768.865112	-21.234928	161.588074	33.373466	0.000000	0.000000	7.125000	-284.289032	-100.781601
480	1118.004028	341.591400	179.955856	57.713272	0.000000	0.000000	7.125000	-455.613922	-88.163773
481	-779.175537	-993.230347	-117.988266	-127.882034	0.000000	0.000000	7.125000	343.486298	314.051208
482	-534.327942	-912.547668	-99.795113	-188.161652	0.000000	0.000000	7.125000	239.124817	392.638062
483	1399.190186	-114.271461	216.608612	-32.205875	0.000000	0.000000	7.125000	-560.887573	29.572510
484	-453.955200	10.095111	-181.392303	-23.978987	0.000000	0.000000	7.125000	199.306503	38.734161
485	-946.738831	529.374390	-175.677887	109.456406	0.000000	0.000000	7.125000	411.380066	-201.409286
486	980.498779	446.333801	191.570389	70.070702	0.000000	0.000000	7.125000	-217.448868	-21.616625
487	650.605469	-912.060364	99.736954	-142.572800	0.000000	0.000000	7.125000	-180.175125	263.180389
488	-382.428162	784.534851	-123.370613	162.449387	0.000000	0.000000	7.125000	267.773773	-294.366669
489	-394.699982	1128.526367	-72.573792	164.716293	0.000000	0.000000	7.125000	146.384720	-421.511627
490	252.280807	522.146240	107.738754	155.244644	0.000000	0.000000	7.125000	-93.356316	-255.138779
491	-457.263184	-1188.906494	-82.599701	-179.935547	0.000000	0.000000	7.125000	203.715744	380.369934
492	1078.823608	177.512589	200.346039	52.034019	0.000000	0.000000	7.125000	-412.125183	-74.371925
493	494.032074	-223.019089	195.501007	-84.546829	0.000000	0.000000	7.125000	-263.302612	108.131279
494	680.196838	31.197712	194.939331	4.737247	0.000000	0.000000	7.125000	-427.881134	18.244339
495	1361.145508	630.283875	192.221863	76.771324	0.000000	0.000000	7.125000	-509.199371	-138.258652
496	-821.566833	-814.153198	-113.015221	-124.303558	0.000000	0.000000	7.125000	296.697662	306.731537
497	590.091858	-151.654938	215.979126	-2.650744	0.000000	0.000000	7.125000	-363.980377	39.269844
498	-512.141907	915.133240	-98.866928	157.547562	0.000000	0.000000	7.125000	163.703064	-239.701065
499	1166.454346	733.637817	195.631714	98.411507	0.000000	0.000000	7.125000	-472.371674	-195.925720
500	-497.263397	-1092.906494	-97.734535	-161.752411	0.000000	0.000000	7.125000	291.712952	345.746948
501	-184.147888	-1037.106689	-46.090546	-204.851044	0.000000	0.000000	7.125000	167.212555	414.726654
502	634.822815	-749.802673	118.625885	-154.765823	0.000000	0.000000	7.125000	-274.056824	330.300964
503	-761.676636	-1069.428223	-108.785919	-176.106873	0.000000	0.000000	7.125000	282.932190	386.393860
504	1113.183716	122.760994	178.727112	21.342505	0.000000	0.000000	7.125000	-414.556793	-24.945772
505	-1127.191162	8.718002	-161.825623	7.470595	0.000000	0.000000	7.125000	393.189026	8.998356
506	-939.909912	-477.119263	-174.000687	-112.098587	0.000000	0.000000	7.125000	484.204559	242.022888
507	146.498932	-1326.453613	50.284103	-206.960312	0.000000	0.000000	7.125000	-44.958263	521.463379
508	790.115295	-471.993042	141.662231	-65.314926	0.000000	0.000000	7.125000	-398.136200	141.258575
509	27.595705	610.764221	-8.729246	194.784225	0.000000	0.000000	7.125000	47.845676	-217.074402
510	849.235229	-64.251083	208.994339	-20.511883	0.000000	0.000000	7.125000	-484.787476	24.350460
511	-305.507690	1226.162476	-46.337788	192.500656	0.000000	0.000000	7.125000	90.313828	-464.311615
512	225.708740	-787.300964	40.043129	-178.560532	0.000000	0.000000	7.125000	-50.061966	352.137787
513	-56.637909	974.507507	-23.518360	190.548737	0.000000	0.000000	7.125000	36.446495	-310.336395
514	977.083801	-197.782974	162.449142	-42.799259	0.000000	0.000000	7.125000	-453.761749	79.247345
515	145.691406	-675.565186	70.352661	-168.933014	0.000000	0.000000	7.125000	-106.103119	391.591187
516	-57.742672	-1161.672119	-8.567293	-170.785217	0.000000	0.000000	7.125000	34.377151	445.878967
517	-403.253387	-910.462585	-101.267059	-180.520126	0.000000	0.000000	7.125000	228.553741	351.599579
518	-957.931335	459.768127	-221.355118	66.017944	0.000000	0.000000	7.125000	566.288696	-112.813087
519	-661.588379	-1143.978638	-112.448685	-191.388565	0.000000	0.000000	7.125000	296.865234	384.478394
520	-803.569702	-405.856873	-150.832092	-86.750656	0.000000	0.000000	7.125000	297.149323	159.053726
521	304.467377	-490.119904	144.199280	-140.001572	0.000000	0.000000	7.125000	-136.073257	170.795990
522	256.357361	-741.472961	75.486755	-182.996521	0.000000	0.000000	7.125000	-23.797649	245.322784
523	-145.563263	285.206970	-192.822662	26.662855	0.000000	0.000000	7.125000	276.829712	88.837296
524	107.045380	1232.296997	31.771732	198.469223	0.000000	0.000000	7.125000	-40.928432	-550.360840
525	-846.195251	-374.983978	-176.472809	-67.583862	0.000000	0.000000	7.125000	418.493408	107.556488
526	-381.749817	160.312653	-123.427124	104.674698	0.000000	0.000000	7.125000	234.542526	-101.562416
527	-435.117340	1253.397949	-64.127975	193.634995	0.000000	0.000000	7.125000	90.139015	-549.916687
528	585.306702	837.041260	116.779045	124.899696	0.000000	0.000000	7.125000	-229.105774	-337.877960
529	915.237122	766.293579	167.593750	105.421249	0.000000	0.000000	7.125000	-440.084534	-323.290680
530	-1102.549194	-232.804337	-200.844040	-7.842008	0.000000	0.000000	7.125000	450.950928	-16.321484
531	1314.796631	530.936340	203.654114	62.392029	0.000000	0.000000	7.125000	-530.706238	-117.111778
532	55.030872	-365.618408	10.009581	-191.323914	0.000000	0.000000	7.125000	140.491394	302.657410
533	1027.072144	601.125366	166.233398	118.233414	0.000000	0.000000	7.125000	-270.208984	-191.083099
534	686.455994	-882.167053	129.818375	-120.308647	0.000000	0.000000	7.125000	-243.956467	262.270386
535	930.958618	-1116.505615	119.761047	-153.871490	0.000000	0.000000	7.125000	-255.713638	392.248413
536	-205.243225	198.444977	-152.643448	76.541061	0.000000	0.000000	7.125000	178.888504	-36.116585
537	-355.113190	-1165.254395	-50.178684	-182.216797	0.000000	0.000000	7.125000	89.353157	328.699402
538	830.223145	814.572327	135.782639	139.952759	0.000000	0.000000	7.125000	-404.096741	-357.189362
539	56.351593	-312.631653	73.189095	-202.911926	0.000000	0.000000	7.125000	14.039441	170.618607
540	749.527283	635.974976	130.160217	145.200592	0.000000	0.000000	7.125000	-391.940857	-317.050507
541	382.258484	-991.604553	107.193146	-159.281036	0.000000	0.000000	7.125000	-149.015472	324.523315
542	-416.461060	-1061.646240	-62.752022	-178.274887	0.000000	0.000000	7.125000	174.091736	417.491791
543	-1025.932739	-878.677734	-138.515442	-124.132812	0.000000	0.000000	7.125000	382.005890	306.148071
544	869.928223	1283.806274	132.641327	162.803101	0.000000	0.000000	7.125000	-307.045074	-495.535980
545	740.410889	-989.100952	110.849762	-137.957214	0.000000	0.000000	7.125000	-191.703430	408.078064
546	-295.492554	999.974548	-26.617565	178.019470	0.000000	0.000000	7.125000	60.319244	-379.531128
547	539.553650	1305.658081	76.744827	195.449493	0.000000	0.000000	7.125000	-134.035400	-539.930115
548	-1017.215332	110.619324	-184.602219	22.593552	0.000000	0.000000	7.125000	340.603485	-10.920658
549	410.799744	-1123.044922	74.832230	-166.967667	0.000000	0.000000	7.125000	-91.559746	377.046783
550	533.097412	331.856689	157.995728	92.128448	0.000000	0.000000	7.125000	-104.500694	-102.283203
551	-1154.914429	-928.911072	-149.561050	-120.395752	0.000000	0.000000	7.125000	416.080322	304.972961
552	-793.688049	-97.738983	-161.570953	-33.399792	0.000000	0.000000	7.125000	394.736786	24.302078
553	-786.916443	1247.305420	-124.435921	169.158203	0.000000	0.000000	7.125000	194.373016	-322.874237
554	-757.292053	642.473022	-148.012222	122.290695	0.000000	0.000000	7.125000	341.728821	-240.371918
555	-486.710785	1085.098511	-65.668816	167.567978	0.000000	0.000000	7.125000	84.737656	-456.349731
556	-175.769226	-1251.502930	-6.492176	-215.900513	0.000000	0.000000	7.125000	26.824661	479.395782
557	-1054.839478	758.077515	-143.363892	118.469788	0.000000	0.000000	7.125000	382.523010	-232.420456
558	-791.219238	-632.045044	-129.089676	-116.665619	0.000000	0.000000	7.125000	220.529678	259.858490
559	1222.483521	-1457.186890	174.641556	-164.620819	0.000000	0.000000	7.125000	-422.331207	364.435028
560	-1076.238159	870.510132	-139.312149	144.887848	0.000000	0.000000	7.125000	300.694611	-329.120453
561	-1124.744507	85.279907	-183.286102	46.103539	0.000000	0.000000	7.125000	395.447296	-66.930283
562	455.001587	754.131348	104.846176	157.251251	0.000000	0.000000	7.125000	-157.436646	-286.756439
563	283.419952	1227.420898	48.382565	219.687973	0.000000	0.000000	7.125000	-38.927074	-381.851562
564	-318.598175	-634.446533	-135.829788	-156.163849	0.000000	0.000000	7.125000	172.647888	123.902473
565	755.339844	-1006.706421	103.827301	-143.305344	0.000000	0.000000	7.125000	-174.216827	433.228302
566	1202.931274	1196.839966	168.079468	167.086014	0.000000	0.000000	7.125000	-294.405029	-308.592987
567	-835.543823	-1069.817017	-108.271088	-147.534271	0.000000	0.000000	7.125000	356.378906	525.444214
568	-428.007568	-391.607666	-148.657318	-130.759918	0.000000	0.000000	7.125000	334.491028	221.636154
569	1353.775391	190.716248	206.013428	20.175417	0.000000	0.000000	7.125000	-543.339905	-39.558819
570	-1288.836060	-489.276703	-184.844940	-86.296204	0.000000	0.000000	7.125000	471.105438	191.065750
571	0.692523	44.847954	18.136150	223.059723	0.000000	0.000000	7.125000	89.301491	-170.393600
572	-347.165192	103.997986	-155.301468	102.001099	0.000000	0.000000	7.125000	186.043533	-66.015999
573	-393.595276	69.088562	-189.584610	29.986586	0.000000	0.000000	7.125000	181.709824	-15.073126
574	904.157532	-474.990845	221.319748	-84.728210	0.000000	0.000000	7.125000	-405.080933	106.008255
575	189.042847	1385.966919	28.553635	226.193344	0.000000	0.000000	7.125000	-26.720066	-594.811462
576	-857.398193	435.680450	-161.391083	92.424850	0.000000	0.000000	7.125000	304.854095	-118.688118
577	-115.134796	1106.712158	16.641220	164.151413	0.000000	0.000000	7.125000	-23.164968	-395.841492
578	-189.105118	-1139.684814	-36.637791	-197.607635	0.000000	0.000000	7.125000	178.819046	586.297974
579	712.918274	895.374146	135.333496	140.391724	0.000000	0.000000	7.125000	-370.108154	-386.009491
580	-224.793137	496.728577	-108.766479	169.015717	0.000000	0.000000	7.125000	211.312698	-224.554855
581	1069.969971	-814.921204	221.294586	-120.536530	0.000000	0.000000	7.125000	-418.409943	181.463608
582	-35.966347	1348.892578	4.251659	203.950256	0.000000	0.000000	7.125000	24.555494	-487.601959
583	-327.159180	793.757507	-67.497192	179.744324	0.000000	0.000000	7.125000	141.785248	-368.128387
584	-439.361877	-351.871674	-153.888260	-109.702507	0.000000	0.000000	7.125000	244.715225	135.284439
585	-727.921082	-439.491516	-149.945129	-159.592926	0.000000	0.000000	7.125000	196.815308	178.738190
586	369.487549	1177.935791	69.669151	188.498123	0.000000	0.000000	7.125000	-85.354614	-410.724548
587	970.182922	-1084.660645	127.605087	-147.447678	0.000000	0.000000	7.125000	-300.162689	383.239075
588	-118.178589	-826.471802	-19.553305	-196.642426	0.000000	0.000000	7.125000	137.893188	221.424911
589	92.209473	-992.418762	24.257444	-223.554047	0.000000	0.000000	7.125000	71.998268	301.601990
590	575.039062	-1320.892700	99.124496	-195.265015	0.000000	0.000000	7.125000	-129.721359	553.796021
591	-897.910095	1152.396973	-105.373695	174.677902	0.000000	0.000000	7.125000	263.322327	-433.797211
592	627.678650	774.936768	124.848335	141.888458	0.000000	0.000000	7.125000	-219.450974	-277.652191
593	1091.465698	-1036.859009	170.685730	-141.947281	0.000000	0.000000	7.125000	-525.041382	430.608856
594	965.828979	241.119888	171.523544	63.763287	0.000000	0.000000	7.125000	-436.347473	-120.931389
595	1391.540649	-507.332642	199.882614	-73.516800	0.000000	0.000000	7.125000	-517.531128	105.355011
596	-689.943726	759.538879	-131.456863	139.933777	0.000000	0.000000	7.125000	269.728638	-256.576996
597	383.675385	888.550964	91.511917	165.338852	0.000000	0.000000	7.125000	-111.037689	-392.363983
598	369.728851	-1092.012695	71.725967	-158.489304	0.000000	0.000000	7.125000	-193.152206	730.490845
599	77.329552	-1273.719971	44.742863	-199.016541	0.000000	0.000000	7.125000	-54.037205	537.905762
600	-316.602875	1382.207153	-42.978951	199.421158	0.000000	0.000000	7.125000	96.241707	-528.059021
601	-302.733826	-1276.065918	-45.794846	-204.945374	0.000000	0.000000	7.125000	115.000153	555.382263
602	772.342651	-412.939880	175.081696	-78.796387	0.000000	0.000000	7.125000	-435.506683	144.858551
603	-1257.375854	-377.603241	-206.130035	-53.603352	0.000000	0.000000	7.125000	406.218689	61.378586
604	487.456238	463.749786	162.911026	101.576019	0.000000	0.000000	7.125000	-70.448326	-111.683159
605	219.954208	-483.891571	152.257874	-126.567169	0.000000	0.000000	7.125000	-197.753159	140.180038
606	471.790527	1287.477905	85.064941	191.920853	0.000000	0.000000	7.125000	-110.781837	-470.553040
607	-413.158447	-174.814774	-188.768509	-77.316910	0.000000	0.000000	7.125000	145.928818	63.098572
608	333.585571	-643.501587	96.206543	-173.049225	0.000000	0.000000	7.125000	-325.771545	596.204102
609	399.459045	106.015137	149.937195	93.669601	0.000000	0.000000	7.125000	-54.276546	-125.929825
610	779.934998	25.092415	178.308762	24.592285	0.000000	0.000000	7.125000	-353.400330	-34.163296
611	1003.732971	-1082.262451	150.279739	-146.678024	0.000000	0.000000	7.125000	-324.118164	326.092987
612	-703.319519	245.493134	-211.503586	43.535175	0.000000	0.000000	7.125000	549.151733	-77.024780
613	935.283325	-1261.871094	133.540527	-158.155975	0.000000	0.000000	7.125000	-253.880341	393.156921
614	-56.905258	108.257690	211.238449	67.259460	0.000000	0.000000	7.125000	-53.146114	-75.336411
615	-1172.466553	1222.903809	-148.506241	156.849823	0.000000	0.000000	7.125000	347.182922	-379.139252
616	-316.658722	-126.062149	24.861538	-183.041214	0.000000	0.000000	7.125000	102.357872	77.847923
617	-1537.580811	-250.067230	-226.585663	-44.868958	0.000000	0.000000	7.125000	627.521606	36.813545
618	549.196655	-1094.750854	103.943779	-164.963394	0.000000	0.000000	7.125000	-227.223099	586.637878
619	731.046631	-225.819244	185.400909	-49.876217	0.000000	0.000000	7.125000	-349.173126	61.015598
620	507.291504	-300.380890	166.631195	-59.618355	0.000000	0.000000	7.125000	-191.770584	103.376350
621	718.207886	-585.436951	171.424072	-86.464996	0.000000	0.000000	7.125000	-360.859833	156.477524
622	-505.058838	-1053.895996	-78.558983	-175.178802	0.000000	0.000000	7.125000	204.884155	364.748779
623	701.163818	1154.861816	92.543236	168.188751	0.000000	0.000000	7.125000	-153.278656	-484.699280
624	-510.088074	-377.252380	-125.219757	-76.897560	0.000000	0.000000	7.125000	247.962021	84.581688
625	96.932617	-881.833740	23.055336	-193.600586	0.000000	0.000000	7.125000	27.505445	252.090485
626	1191.774780	-111.133148	201.622971	-30.949192	0.000000	0.000000	7.125000	-524.711365	22.828625
627	-518.814697	-608.169556	-105.076569	-142.433868	0.000000	0.000000	7.125000	243.382675	299.413574
628	1411.042114	-979.664368	200.015656	-115.439255	0.000000	0.000000	7.125000	-697.535706	269.128448
629	-782.017639	-68.338211	-194.079788	38.924263	0.000000	0.000000	7.125000	327.296387	-28.256651
630	708.262390	-283.281464	152.074799	-122.058365	0.000000	0.000000	7.125000	-434.930328	371.408905
631	196.368042	-871.228577	16.325375	-239.269348	0.000000	0.000000	7.125000	96.532631	372.868164
632	515.781433	207.136230	186.145172	32.694099	0.000000	0.000000	7.125000	-303.283844	-35.173000
633	353.618591	55.674458	206.256622	52.689030	0.000000	0.000000	7.125000	-101.987335	-55.005062
634	266.661438	-190.391785	183.026077	-114.234756	0.000000	0.000000	7.125000	-160.610596	97.929604
635	1137.234375	-401.618164	182.171875	-77.521820	0.000000	0.000000	7.125000	-464.142181	129.680038
636	679.986145	545.271057	133.033020	87.081367	0.000000	0.000000	7.125000	-195.558411	-108.652664
637	164.317490	-1087.836182	94.681511	-194.116272	0.000000	0.000000	7.125000	-71.896729	285.283600
638	984.177124	-116.896263	203.162643	-39.667179	0.000000	0.000000	7.125000	-505.540894	80.873047
639	-955.257446	-876.055847	-147.968445	-157.357071	0.000000	0.000000	7.125000	324.785461	327.467224
640	936.530762	449.196106	147.290558	108.596672	0.000000	0.000000	7.125000	-267.399323	-199.473694
641	-721.092590	666.706909	-120.866890	186.212784	0.000000	0.000000	7.125000	378.729858	-534.223083
642	-1143.009277	464.572449	-196.975067	80.932556	0.000000	0.000000	7.125000	603.073059	-117.503571
643	1314.504761	-650.482666	160.182816	-121.405228	0.000000	0.000000	7.125000	-450.647278	266.667389
644	869.419617	-723.911926	145.958237	-105.326279	0.000000	0.000000	7.125000	-425.387726	354.369354
645	378.847260	297.722229	195.597015	105.002090	0.000000	0.000000	7.125000	-254.220459	-203.377701
646	238.099518	-676.362427	33.214077	-189.086380	0.000000	0.000000	7.125000	16.526964	386.870453
647	1089.160034	-547.596069	199.381622	-104.237480	0.000000	0.000000	7.125000	-499.318512	142.101593
648	808.884766	-126.639931	200.895569	-6.476630	0.000000	0.000000	7.125000	-334.158752	11.892345
649	952.753052	-436.032135	197.396362	-62.249630	0.000000	0.000000	7.125000	-682.481384	123.002434
650	1071.161621	894.629761	167.365433	121.808807	0.000000	0.000000	7.125000	-388.211029	-296.372101
651	617.455322	614.413696	90.596085	145.010086	0.000000	0.000000	7.125000	-127.955956	-325.761444
652	-16.600304	-393.398590	41.903442	-193.193787	0.000000	0.000000	7.125000	74.339172	145.355682
653	1173.461792	-257.648560	170.029694	-36.910538	0.000000	0.000000	7.125000	-482.608398	59.236164
654	790.338379	-711.147095	125.419937	-153.210327	0.000000	0.000000	7.125000	-286.882904	330.699249
655	216.998627	304.263306	106.832573	194.029312	0.000000	0.000000	7.125000	20.332632	-205.787643
656	940.504028	1078.351318	141.419983	142.823303	0.000000	0.000000	7.125000	-506.519684	-520.153198
657	-670.487000	-1463.547852	-87.717667	-223.393158	0.000000	0.000000	7.125000	453.932709	980.514221
658	-17.608154	-296.535919	43.322105	-217.675568	0.000000	0.000000	7.125000	-7.781465	392.019684
659	-867.843567	-359.873230	-182.094360	-50.517029	0.000000	0.000000	7.125000	362.406464	68.053917
660	66.124352	1127.538818	26.221590	214.376404	0.000000	0.000000	7.125000	-4.158404	-478.085480
661	-1043.147827	-777.474060	-141.594803	-111.124702	0.000000	0.000000	7.125000	406.636932	265.961853
662	-1196.569092	920.473511	-159.859787	126.695862	0.000000	0.000000	7.125000	530.408142	-290.367645
663	-194.007782	1225.950317	-50.053482	203.947052	0.000000	0.000000	7.125000	87.713638	-432.262146
664	-532.584595	-601.296753	-119.133560	-169.273911	0.000000	0.000000	7.125000	222.190445	281.994080
665	-1031.486206	-655.677673	-155.456680	-132.092575	0.000000	0.000000	7.125000	271.591583	260.515961
666	-1043.227173	881.538452	-138.296051	128.822235	0.000000	0.000000	7.125000	439.295471	-412.039459
667	-1241.387695	328.554565	-195.530685	46.482544	0.000000	0.000000	7.125000	453.020660	-43.564430
668	-818.323975	-1081.183350	-91.970749	-168.532806	0.000000	0.000000	7.125000	238.644135	454.882782
669	-1407.718994	-1132.103760	-160.120483	-153.713074	0.000000	0.000000	7.125000	330.533691	267.464661
670	-900.150757	237.487259	-226.799057	43.843433	0.000000	0.000000	7.125000	483.747894	-56.367683
671	-59.105442	-1206.786743	41.990082	-193.492569	0.000000	0.000000	7.125000	-66.339020	406.733124
672	4.462458	1324.725586	-27.057434	214.292297	0.000000	0.000000	7.125000	149.092438	-728.403625
673	-724.986572	1200.186035	-112.609863	159.189255	0.000000	0.000000	7.125000	269.487518	-476.514496
674	-915.352539	-510.053589	-186.913528	-114.081284	0.000000	0.000000	7.125000	476.195129	205.920944
675	-440.902985	866.161987	-70.165230	188.354828	0.000000	0.000000	7.125000	142.007629	-520.600647
676	-754.384033	-250.111267	-172.266388	-52.139328	0.000000	0.000000	7.125000	774.232056	199.253647
677	756.174255	-570.017029	158.348068	-97.559921	0.000000	0.000000	7.125000	-463.770325	220.336319
678	-669.568604	-397.201660	-153.413635	-120.314453	0.000000	0.000000	7.125000	450.743439	222.043320
679	-1289.016357	32.374489	-194.243408	38.127361	0.000000	0.000000	7.125000	448.357697	-17.397465
680	179.989746	-551.182983	55.888371	-167.942688	0.000000	0.000000	7.125000	-47.437656	232.216675
681	668.553406	350.452820	182.412170	68.880630	0.000000	0.000000	7.125000	-339.018097	-74.337326
682	-1008.961914	1043.879883	-125.878113	171.816010	0.000000	0.000000	7.125000	285.710724	-432.423004
683	-704.051270	-161.648987	-176.771011	-33.806679	0.000000	0.000000	7.125000	426.766998	28.844196
684	962.854980	-665.200684	177.654907	-100.211235	0.000000	0.000000	7.125000	-450.687988	163.644394
685	-188.303177	-1319.678833	-26.134071	-217.428574	0.000000	0.000000	7.125000	260.508118	1418.920044
686	582.347351	-1244.717773	104.275650	-157.607452	0.000000	0.000000	7.125000	-150.691162	355.017151
687	-933.854187	-777.558167	-160.956375	-130.127441	0.000000	0.000000	7.125000	280.405365	176.459991
688	1612.637207	-537.513428	244.761627	-71.475540	0.000000	0.000000	7.125000	-636.504333	103.432632
689	-607.601868	-978.131531	-107.859314	-136.536682	0.000000	0.000000	7.125000	242.362442	291.311829
690	630.421387	356.262512	159.645630	131.764130	0.000000	0.000000	7.125000	-201.977417	-194.842224
691	1078.724365	845.010498	144.337921	117.312523	0.000000	0.000000	7.125000	-379.579987	-293.901306
692	-1193.328735	878.581787	-162.245743	118.587120	0.000000	0.000000	7.125000	418.260803	-197.702118
693	-1227.070312	-714.591919	-180.057114	-95.882446	0.000000	0.000000	7.125000	848.674011	391.225983
694	-1217.147827	-790.793457	-165.138489	-119.763092	0.000000	0.000000	7.125000	379.054504	248.300034
695	1186.379150	471.354675	196.391052	96.882240	0.000000	0.000000	7.125000	-576.528076	-225.951981
696	97.369804	767.265442	29.715881	198.768707	0.000000	0.000000	7.125000	0.976377	-319.545258
697	-454.717651	823.073364	-122.272095	174.330597	0.000000	0.000000	7.125000	206.022125	-220.948563
698	365.237854	146.222198	148.962372	100.909271	0.000000	0.000000	7.125000	-79.325233	-131.114304
699	-856.148071	75.818115	-189.634979	29.946407	0.000000	0.000000	7.125000	377.706238	-41.967930
700	970.832703	341.702545	198.570724	92.339890	0.000000	0.000000	7.125000	-272.712067	-144.132172
701	366.136963	225.825073	144.317917	122.037041	0.000000	0.000000	7.125000	-219.878326	-203.757828
702	398.176056	1126.186768	93.578812	191.259811	0.000000	0.000000	7.125000	-161.581818	-592.254272
703	1089.340820	291.483978	178.360672	71.069153	0.000000	0.000000	7.125000	-715.831421	-261.924713
704	-626.814941	-743.858398	-101.476440	-133.883530	0.000000	0.000000	7.125000	234.630463	255.040298
705	598.636475	790.626770	95.859573	119.245087	0.000000	0.000000	7.125000	-234.475967	-330.834137
706	671.540466	656.104919	121.539093	120.288162	0.000000	0.000000	7.125000	-254.721298	-219.734818
707	713.643494	950.820984	123.401703	150.964432	0.000000	0.000000	7.125000	-416.165497	-655.161987
708	259.082428	1305.912354	63.648117	200.105255	0.000000	0.000000	7.125000	-175.299377	-705.117493
709	-926.011047	769.761169	-143.779785	122.668091	0.000000	0.000000	7.125000	364.327881	-277.932037
710	-894.909485	-1021.098389	-109.762711	-146.425064	0.000000	0.000000	7.125000	223.376923	283.885376
711	29.818130	589.340210	-20.926361	178.714752	0.000000	0.000000	7.125000	88.380951	-291.672089
712	710.746887	955.713013	138.505081	145.641373	0.000000	0.000000	7.125000	-255.793243	-310.836243
713	-149.638611	-361.256226	-101.012650	-159.246735	0.000000	0.000000	7.125000	185.703323	140.982208
714	-370.795685	455.740631	-109.289291	168.676270	0.000000	0.000000	7.125000	131.641571	-223.196274
715	1167.183594	-697.273010	167.395233	-87.692337	0.000000	0.000000	7.125000	-456.212646	144.505707
716	-627.154663	298.061981	-138.176804	115.287216	0.000000	0.000000	7.125000	253.390381	-189.693100
717	689.780518	-1182.648315	107.649384	-140.477875	0.000000	0.000000	7.125000	-203.025009	416.165405
718	68.203430	829.431152	30.987694	195.552826	0.000000	0.000000	7.125000	-29.306786	-373.784424
719	410.647919	1029.230957	108.385574	186.777298	0.000000	0.000000	7.125000	-139.386520	-298.484619
720	1124.281372	8.008474	182.575806	12.449412	0.000000	0.000000	7.125000	-433.899750	-37.210735
721	459.827759	761.937744	123.012573	147.373840	0.000000	0.000000	7.125000	-219.172424	-374.581543
722	-596.033997	-62.275131	-197.212006	38.367256	0.000000	0.000000	7.125000	292.762238	2.460879
723	169.542923	1509.509888	55.801266	224.113602	0.000000	0.000000	7.125000	-67.401947	-540.356934
724	33.567223	1091.423706	-10.963892	215.716766	0.000000	0.000000	7.125000	6.771183	-403.031586
725	890.593750	648.444397	192.965302	121.292419	0.000000	0.000000	7.125000	-385.621216	-337.676514
726	901.500671	-848.005432	182.518173	-121.013962	0.000000	0.000000	7.125000	-598.919983	353.838165
727	-422.482788	448.640747	-100.337540	142.152100	0.000000	0.000000	7.125000	278.171783	-308.510712
728	-865.969666	591.095215	-119.101158	91.160744	0.000000	0.000000	7.125000	313.641632	-157.191422
729	-1215.156982	-296.186981	-197.187195	-17.804501	0.000000	0.000000	7.125000	464.931915	-8.416052
730	-122.733513	-1373.850586	2.041426	-215.990112	0.000000	0.000000	7.125000	8.347448	491.772278
731	504.696564	824.157715	95.099541	159.826355	0.000000	0.000000	7.125000	-144.556580	-356.527191
732	499.148376	62.942955	170.768661	46.477482	0.000000	0.000000	7.125000	-248.483536	-65.611664
733	777.590637	-488.027008	156.478073	-88.964073	0.000000	0.000000	7.125000	-302.118225	129.728256
734	-329.480743	138.030228	-167.299469	15.257078	0.000000	0.000000	7.125000	155.180023	-8.965668
735	-1243.180420	-487.059326	-193.448929	-89.132866	0.000000	0.000000	7.125000	435.200439	170.128525
736	-1145.682129	782.577881	-159.737167	111.770309	0.000000	0.000000	7.125000	444.731323	-162.064713
737	-1118.253784	-286.796021	-185.651428	-48.909924	0.000000	0.000000	7.125000	929.756592	126.245499
738	-520.217224	652.503845	-109.518585	172.106110	0.000000	0.000000	7.125000	235.259109	-350.726532
739	-412.702789	900.831299	-57.247597	157.944931	0.000000	0.000000	7.125000	116.378914	-361.186798
740	0.754576	-1127.564331	5.253300	-209.915070	0.000000	0.000000	7.125000	40.029095	402.307159
741	-52.206978	-594.565369	5.963150	-209.436005	0.000000	0.000000	7.125000	76.237724	131.173004
742	-469.889771	995.371460	-50.282982	182.187347	0.000000	0.000000	7.125000	99.565742	-436.809631
743	-1237.240479	-166.108292	-179.208847	-16.789839	0.000000	0.000000	7.125000	487.183960	7.557454
744	721.094360	-870.429565	115.280365	-164.654114	0.000000	0.000000	7.125000	-220.251083	357.080872
745	982.523560	-720.053101	173.426575	-107.393784	0.000000	0.000000	7.125000	-414.182922	194.557541
746	-694.420532	162.580475	-169.662262	83.278343	0.000000	0.000000	7.125000	209.270004	-112.863213
747	-950.568909	-1035.482544	-123.111313	-127.164909	0.000000	0.000000	7.125000	382.862885	322.625793
748	-1091.358276	1153.166748	-136.631622	171.151306	0.000000	0.000000	7.125000	303.399353	-382.827667
749	-403.701172	189.372742	-184.735886	62.315468	0.000000	0.000000	7.125000	331.154694	-57.726200
750	-263.874756	-137.919266	-170.950653	-93.718239	0.000000	0.000000	7.125000	169.055191	118.810295
751	968.347778	-75.032661	195.998901	-28.072365	0.000000	0.000000	7.125000	-435.771454	55.519630
752	-814.872620	1231.598877	-87.786194	184.136139	0.000000	0.000000	7.125000	340.418854	-1000.174072
753	888.349304	424.295105	162.813858	76.700317	0.000000	0.000000	7.125000	-387.136749	-172.300583
754	407.440338	-653.904419	88.885887	-166.794052	0.000000	0.000000	7.125000	-79.464600	269.388062
755	78.543221	-1119.809814	-5.715684	-218.814972	0.000000	0.000000	7.125000	207.586182	609.934448
756	-578.735229	-1383.893799	-62.269379	-197.409332	0.000000	0.000000	7.125000	132.221634	509.624054
757	18.719528	542.716553	40.858551	181.447388	0.000000	0.000000	7.125000	-42.401508	-360.129669
758	1034.901611	281.814514	179.198990	49.813114	0.000000	0.000000	7.125000	-467.938995	-80.583458
759	-1130.926636	260.529510	-194.312820	79.561905	0.000000	0.000000	7.125000	421.543732	-97.237724
760	672.195801	-822.052551	109.851593	-153.784775	0.000000	0.000000	7.125000	-144.973419	308.478149
761	1018.253174	-1234.557495	151.519791	-186.098572	0.000000	0.000000	7.125000	-539.182190	751.301514
762	419.887695	1241.040405	85.596481	168.493546	0.000000	0.000000	7.125000	-180.803268	-428.704346
763	-982.110718	1305.484375	-149.474564	151.739960	0.000000	0.000000	7.125000	455.667633	-527.014404
764	916.769287	55.018597	200.097839	-39.697472	0.000000	0.000000	7.125000	-422.092133	50.887993
765	-288.071930	-772.801025	-28.375740	-198.930206	0.000000	0.000000	7.125000	96.699158	300.994781
766	856.353149	-402.726013	183.333939	-74.726624	0.000000	0.000000	7.125000	-450.253143	111.670242
767	249.026962	-853.723389	82.743095	-173.252960	0.000000	0.000000	7.125000	-102.596092	311.815643
768	-662.833252	-139.818146	-194.651062	-11.367951	0.000000	0.000000	7.125000	345.233063	41.003254
769	779.397644	1084.955811	108.119698	155.001617	0.000000	0.000000	7.125000	-213.261215	-427.953613
770	651.077393	-271.703125	145.489365	-138.684769	0.000000	0.000000	7.125000	-162.526596	185.836334
771	-652.606445	-947.890137	-100.174187	-119.583328	0.000000	0.000000	7.125000	306.619995	316.584869
772	-588.456055	520.818420	-143.294754	145.196884	0.000000	0.000000	7.125000	262.526459	-206.897415
773	666.860657	-486.353271	133.192688	-134.085175	0.000000	0.000000	7.125000	-251.188538	286.559021
774	-612.192688	1171.915771	-79.061882	174.950653	0.000000	0.000000	7.125000	123.323708	-381.812317
775	842.155823	-882.723694	111.271988	-133.757446	0.000000	0.000000	7.125000	-333.108032	503.619263
776	-950.636902	574.864502	-140.790024	73.868553	0.000000	0.000000	7.125000	434.272888	-172.965103
777	-1170.025024	702.193481	-161.769516	124.274063	0.000000	0.000000	7.125000	312.873230	-201.706726
778	123.373192	-807.922485	107.976974	-193.970306	0.000000	0.000000	7.125000	-306.037933	412.106323
779	486.759491	8.436853	186.528168	-30.428070	0.000000	0.000000	7.125000	-232.276276	38.591469
780	-5.082327	-899.273376	64.277863	-142.122559	0.000000	0.000000	7.125000	-48.990475	212.186935
781	480.782898	120.308777	173.108536	48.948780	0.000000	0.000000	7.125000	-117.376068	-74.047295
782	40.771969	-559.645264	-10.998780	-194.246552	0.000000	0.000000	7.125000	118.545509	165.318604
783	395.090912	921.525024	116.860779	163.506027	0.000000	0.000000	7.125000	-174.958069	-380.856934
784	1001.890564	450.925568	209.145279	18.922371	0.000000	0.000000	7.125000	-355.091492	-68.991058
785	378.079285	141.400177	173.168488	16.988991	0.000000	0.000000	7.125000	-279.511536	-15.467131
786	745.894409	908.150757	133.463440	133.822174	0.000000	0.000000	7.125000	-407.305054	-386.155945
787	226.624252	-881.694397	32.907066	-192.191315	0.000000	0.000000	7.125000	-17.517761	358.952362
788	-197.781097	-413.561615	7.858352	-179.466583	0.000000	0.000000	7.125000	141.296921	292.631104
789	-275.325470	920.741394	-53.091377	175.129135	0.000000	0.000000	7.125000	133.843475	-491.314362
790	-506.925629	-640.405884	-119.502678	-130.567688	0.000000	0.000000	7.125000	274.551788	304.140106
791	1009.387939	-268.675232	179.244751	-68.803360	0.000000	0.000000	7.125000	-214.808624	102.607376
792	-1069.976074	-1031.570312	-133.986023	-133.299225	0.000000	0.000000	7.125000	298.635681	236.102814
793	-957.127991	274.251801	-151.333786	65.736221	0.000000	0.000000	7.125000	303.842621	-97.053741
794	-532.829285	860.643494	-112.285858	140.681396	0.000000	0.000000	7.125000	260.696899	-300.894867
795	-1133.091064	879.925598	-136.744583	139.016388	0.000000	0.000000	7.125000	305.272278	-310.762482
796	-1268.746094	640.559204	-164.947708	98.184586	0.000000	0.000000	7.125000	668.968872	-264.217499
797	-300.341705	55.288849	-222.595520	31.548836	0.000000	0.000000	7.125000	272.612396	24.774269
798	-1033.081543	-863.169556	-139.311722	-140.699081	0.000000	0.000000	7.125000	322.496613	293.092682
799	-233.741470	1231.284912	-73.453148	180.618210	0.000000	0.000000	7.125000	138.822571	-524.905151
800	357.110992	-1188.033081	64.020767	-187.337463	0.000000	0.000000	7.125000	-94.559334	548.938416
801	-142.128815	114.328110	-100.302536	168.173691	0.000000	0.000000	7.125000	94.492332	-37.732384
802	1059.512329	-1066.234619	132.385345	-155.209625	0.000000	0.000000	7.125000	-438.643585	556.979187
803	203.670181	-343.840454	184.415649	-100.452599	0.000000	0.000000	7.125000	-227.941269	132.331146
804	-570.164185	-1152.086182	-58.656563	-201.641357	0.000000	0.000000	7.125000	129.673477	453.115234
805	-885.207153	759.196655	-192.524811	110.526581	0.000000	0.000000	7.125000	518.230042	-234.836105
806	-271.310059	-1377.833008	-64.258713	-209.359924	0.000000	0.000000	7.125000	142.415695	489.773529
807	-1003.024414	-106.308403	-141.839447	-38.601658	0.000000	0.000000	7.125000	413.284515	87.904831
808	-1224.668579	-659.010742	-169.827759	-123.497177	0.000000	0.000000	7.125000	463.669250	230.559937
809	-1390.324585	-387.999786	-185.987701	-76.173882	0.000000	0.000000	7.125000	563.071899	155.763153
810	-1165.835693	-843.410095	-167.009689	-122.264435	0.000000	0.000000	7.125000	466.497345	256.735291
811	-679.071899	-1083.391724	-111.080795	-160.267761	0.000000	0.000000	7.125000	282.236786	480.663757
812	951.214661	283.607666	172.453308	39.794155	0.000000	0.000000	7.125000	-440.591736	-40.371086
813	190.834335	-1033.654663	22.545813	-181.567291	0.000000	0.000000	7.125000	-2.083844	382.374298
814	474.948761	920.978027	88.938576	131.784927	0.000000	0.000000	7.125000	-156.713303	-343.219971
815	-1314.198730	-193.456116	-203.696686	-36.684830	0.000000	0.000000	7.125000	559.611938	34.908428
816	1174.412109	134.465820	201.628326	31.001568	0.000000	0.000000	7.125000	-437.364899	-47.309063
817	928.033081	939.931396	170.384583	106.629501	0.000000	0.000000	7.125000	-422.962219	-246.876144
818	360.271210	234.636490	127.073723	139.783234	0.000000	0.000000	7.125000	-65.926369	-233.396729
819	-793.423767	-1137.043457	-100.410919	-152.982666	0.000000	0.000000	7.125000	251.884735	475.661072
820	646.927429	-516.493164	187.426773	-113.270920	0.000000	0.000000	7.125000	-311.913361	158.316864
821	517.548584	-1313.739502	80.501038	-197.153503	0.000000	0.000000	7.125000	-271.011444	1191.735718
822	-82.688683	545.490417	-59.937065	194.982758	0.000000	0.000000	7.125000	175.629608	-305.319977
823	-101.258255	-72.048050	-206.235474	51.120792	0.000000	0.000000	7.125000	179.290817	11.834531
824	1282.304321	-120.664810	218.934219	-5.185459	0.000000	0.000000	7.125000	-506.266083	-18.488400
825	715.974243	1055.943970	110.772652	156.802948	0.000000	0.000000	7.125000	-185.485641	-370.613861
826	385.069763	1327.345947	52.226204	194.091293	0.000000	0.000000	7.125000	-79.196541	-399.182587
827	1309.021240	292.015594	194.932648	34.680473	0.000000	0.000000	7.125000	-519.778015	-55.401978
828	141.016937	73.569427	175.471558	51.936264	0.000000	0.000000	7.125000	-89.647102	-14.863638
829	517.807007	-361.762909	157.946487	-129.107086	0.000000	0.000000	7.125000	-269.480255	239.428711
830	-271.595245	719.078186	-77.246460	169.194214	0.000000	0.000000	7.125000	136.211746	-224.533813
831	843.472961	-709.780273	160.626907	-130.567963	0.000000	0.000000	7.125000	-263.262726	225.567184
832	-552.673584	558.425781	-125.495667	129.036240	0.000000	0.000000	7.125000	201.521362	-172.428055
833	-1004.127502	1109.414062	-144.500671	135.358795	0.000000	0.000000	7.125000	387.070496	-319.465363
834	-422.413605	-698.958496	-104.517807	-161.052246	0.000000	0.000000	7.125000	255.143036	344.058716
835	1025.168945	-942.701355	124.641891	-133.988937	0.000000	0.000000	7.125000	-348.280792	347.189941
836	241.914169	118.364960	111.037361	148.963852	0.000000	0.000000	7.125000	-18.702997	-236.091263
837	-870.477417	-1122.547852	-115.315948	-149.743637	0.000000	0.000000	7.125000	219.766373	296.856140
838	-528.552917	217.255783	-162.458710	77.494370	0.000000	0.000000	7.125000	247.310501	-97.520660
839	126.437775	-952.396729	17.247131	-215.124695	0.000000	0.000000	7.125000	63.680195	483.971497
840	-1196.307373	-414.194336	-172.304062	-61.635056	0.000000	0.000000	7.125000	512.921265	136.095474
841	-897.553772	492.332428	-153.301178	88.447289	0.000000	0.000000	7.125000	312.751617	-94.874214
842	-449.202881	-860.960754	-65.655029	-161.133514	0.000000	0.000000	7.125000	168.783020	356.459747
843	-603.946411	1267.778076	-79.868530	187.699707	0.000000	0.000000	7.125000	129.972626	-503.891174
844	279.953400	1284.051270	53.124577	193.846436	0.000000	0.000000	7.125000	-56.108383	-484.763062
845	-586.715881	-1387.480713	-82.648216	-196.311646	0.000000	0.000000	7.125000	252.700531	618.049927
846	466.422546	-959.246765	80.428375	-154.280167	0.000000	0.000000	7.125000	-133.879913	266.208893
847	-449.371155	-1151.030762	-70.044319	-165.808075	0.000000	0.000000	7.125000	206.904556	336.981995
848	828.103088	-274.265076	165.015564	-85.824348	0.000000	0.000000	7.125000	-285.012573	152.560013
849	1101.488159	-831.576660	137.274490	-121.013039	0.000000	0.000000	7.125000	-370.700409	306.041840
850	182.897476	912.160034	30.435081	159.107895	0.000000	0.000000	7.125000	-39.034344	-408.210968
851	-906.543213	-564.880371	-136.201721	-122.211136	0.000000	0.000000	7.125000	324.122864	174.942368
852	-529.374573	-719.614990	-17.015123	-218.157898	0.000000	0.000000	7.125000	103.209541	302.599854
853	-1001.795410	757.425842	-152.304382	144.579849	0.000000	0.000000	7.125000	338.775269	-310.730713
854	995.952576	657.053284	178.959564	109.878342	0.000000	0.000000	7.125000	-336.155243	-129.854614
855	-1106.195801	915.708801	-138.607605	119.475700	0.000000	0.000000	7.125000	413.663910	-289.190979
856	-1146.965698	-1002.511475	-165.465088	-134.127899	0.000000	0.000000	7.125000	395.788574	302.521667
857	108.415390	-164.127365	170.397491	-117.452927	0.000000	0.000000	7.125000	58.211971	30.091043
858	-676.951843	1259.825195	-96.677307	179.621429	0.000000	0.000000	7.125000	209.691589	-508.530792
859	-431.119690	1107.951050	-69.287064	185.479462	0.000000	0.000000	7.125000	141.361740	-443.784943
860	1085.562134	414.675110	187.092926	64.782120	0.000000	0.000000	7.125000	-485.935333	-116.376244
861	1029.519043	604.050720	196.091980	75.132416	0.000000	0.000000	7.125000	-390.388977	-94.663811
862	700.534363	-568.736145	123.255447	-151.106201	0.000000	0.000000	7.125000	-226.095200	280.117493
863	738.173157	-89.156845	206.820190	-8.536503	0.000000	0.000000	7.125000	-339.963104	19.801813
864	-74.720825	307.371460	72.913147	157.827805	0.000000	0.000000	7.125000	32.238937	-193.801910
865	-39.434547	-1180.885376	42.746208	-184.094391	0.000000	0.000000	7.125000	-87.789505	419.220459
866	15.873797	752.861023	42.878380	183.994690	0.000000	0.000000	7.125000	12.120111	-342.021881
867	-257.170624	-1312.645996	-71.623878	-184.591492	0.000000	0.000000	7.125000	60.007515	356.172211
868	1281.284302	144.018250	215.984406	2.585343	0.000000	0.000000	7.125000	-555.395020	-19.648214
869	559.941650	681.919189	110.739288	101.176910	0.000000	0.000000	7.125000	-317.882629	-270.652710
870	-629.027954	626.365356	-90.330719	115.971207	0.000000	0.000000	7.125000	215.536407	-277.830078
871	485.869598	-644.541443	135.218399	-118.809395	0.000000	0.000000	7.125000	-212.832779	161.118805
872	-1227.242188	-55.802933	-167.242371	-35.617245	0.000000	0.000000	7.125000	399.555634	86.144119
873	482.437744	-723.117065	111.788651	-144.886597	0.000000	0.000000	7.125000	-240.043564	314.369995
874	-203.518173	-918.899048	-47.118675	-136.071075	0.000000	0.000000	7.125000	120.238220	295.654175
875	-898.250122	-645.821777	-154.002441	-98.853882	0.000000	0.000000	7.125000	373.591675	221.826126
876	395.430542	-1056.564453	73.274963	-170.936493	0.000000	0.000000	7.125000	-108.761383	379.668762
877	1322.791626	-58.971199	206.501770	-38.167015	0.000000	0.000000	7.125000	-460.003876	61.143921
878	-447.728149	347.551331	-126.662155	80.348289	0.000000	0.000000	7.125000	280.067383	-148.735428
879	838.067017	1133.916504	140.956146	125.900772	0.000000	0.000000	7.125000	-300.827576	-264.586792
880	-497.824158	32.263336	-209.637238	-11.610853	0.000000	0.000000	7.125000	337.799957	49.879017
881	-1152.873901	895.540527	-163.624908	121.788223	0.000000	0.000000	7.125000	480.766357	-220.017273
882	-676.567444	-332.710907	-160.264648	-75.117310	0.000000	0.000000	7.125000	254.506073	97.255493
883	982.749634	-723.132263	150.681305	-123.774506	0.000000	0.000000	7.125000	-324.432556	188.976364
884	975.308350	684.916016	168.079330	115.606857	0.000000	0.000000	7.125000	-271.979187	-204.225281
885	1281.566284	-944.987061	158.557480	-133.052551	0.000000	0.000000	7.125000	-469.167358	325.964111
886	121.333244	832.344055	84.465508	188.964188	0.000000	0.000000	7.125000	-19.762558	-209.946625
887	-519.568237	392.810059	-143.572784	113.386566	0.000000	0.000000	7.125000	186.414902	-116.569435
888	-1212.075806	-1069.175537	-141.376862	-163.288971	0.000000	0.000000	7.125000	483.128601	439.792267
889	865.742188	97.823257	196.961395	-20.196651	0.000000	0.000000	7.125000	-985.047668	38.796860
890	-754.325195	-1170.656250	-120.247719	-145.812225	0.000000	0.000000	7.125000	293.211975	370.432678
891	603.979553	880.788574	135.634872	175.699692	0.000000	0.000000	7.125000	-204.551697	-385.971100
892	-1156.091797	496.020081	-179.407043	68.371735	0.000000	0.000000	7.125000	578.178406	-163.616898
893	-893.848877	-243.420959	-184.843231	-86.277168	0.000000	0.000000	7.125000	843.010193	335.728729
894	-576.253418	-785.775879	-74.124619	-140.658737	0.000000	0.000000	7.125000	203.976013	296.043457
895	-584.324585	355.285339	-176.406677	67.816277	0.000000	0.000000	7.125000	347.212402	-100.302170
896	469.820435	-666.054504	88.137215	-183.977402	0.000000	0.000000	7.125000	-89.846329	175.127060
897	-114.027168	815.493713	-22.614092	181.595444	0.000000	0.000000	7.125000	83.642143	-280.065918
898	253.436539	-232.366119	141.293533	-163.249390	0.000000	0.000000	7.125000	-99.226608	214.438919
899	1395.516235	25.766033	215.936600	-5.226325	0.000000	0.000000	7.125000	-559.389221	1.175129
900	-794.086487	1180.324585	-120.736572	149.276337	0.000000	0.000000	7.125000	288.203064	-431.856781
901	218.301392	664.786255	60.953156	191.530609	0.000000	0.000000	7.125000	-40.561977	-277.280579
902	470.888428	1301.647217	84.658234	192.138855	0.000000	0.000000	7.125000	-136.366348	-555.882996
903	-699.939270	1021.393921	-99.981514	188.073410	0.000000	0.000000	7.125000	225.609146	-421.170258
904	1211.891846	-814.722595	167.038895	-100.582825	0.000000	0.000000	7.125000	-432.636475	167.396439
905	-574.458984	-860.363525	-84.400986	-158.982925	0.000000	0.000000	7.125000	223.622879	378.827362
906	-834.508911	-1195.043213	-98.913300	-164.559891	0.000000	0.000000	7.125000	222.782684	420.246094
907	1041.592651	-472.485687	182.996399	-102.970947	0.000000	0.000000	7.125000	-432.566162	182.401047
908	405.693573	-1127.630127	84.716736	-198.685272	0.000000	0.000000	7.125000	-105.249535	366.143402
909	336.060913	1496.888306	61.086853	207.181030	0.000000	0.000000	7.125000	-88.455452	-373.491211
910	-832.641113	1057.885986	-127.110733	159.557999	0.000000	0.000000	7.125000	273.864563	-342.966370
911	99.126556	913.104004	47.537346	170.495163	0.000000	0.000000	7.125000	-116.423004	-567.588806
912	-949.053528	-1033.938721	-124.671738	-153.819031	0.000000	0.000000	7.125000	431.523743	541.783569
913	161.082779	780.391602	74.602013	157.174561	0.000000	0.000000	7.125000	-135.050079	-216.828064
914	-268.511139	378.531097	-116.199684	148.978119	0.000000	0.000000	7.125000	192.134735	-182.600586
915	-622.570618	168.024017	-164.198227	15.942761	0.000000	0.000000	7.125000	315.991699	32.535694
916	91.702751	1166.315063	58.864555	232.653961	0.000000	0.000000	7.125000	-92.672394	-524.280518
917	-592.332275	-376.695160	-135.876587	-113.427711	0.000000	0.000000	7.125000	281.321808	173.230515
918	634.275635	273.717682	191.223480	61.847496	0.000000	0.000000	7.125000	-279.112396	-121.317612
919	-911.420471	772.754761	-146.514893	93.846657	0.000000	0.000000	7.125000	405.245270	-201.405151
920	861.297791	-235.464188	168.519043	-63.221657	0.000000	0.000000	7.125000	-287.906555	69.992256
921	855.836121	1259.231201	114.673248	165.065887	0.000000	0.000000	7.125000	-204.272797	-365.725250
922	-216.097870	664.905396	-64.733978	148.479584	0.000000	0.000000	7.125000	243.830261	-463.239777
923	-670.862366	-689.136536	-82.130005	-139.634796	0.000000	0.000000	7.125000	218.367386	317.059235
924	689.633667	1175.522949	113.306595	154.973541	0.000000	0.000000	7.125000	-352.836670	-688.715149
925	-1119.694214	-1169.648071	-139.329285	-161.109711	0.000000	0.000000	7.125000	315.164124	388.635986
926	798.950745	486.057343	156.282272	95.185493	0.000000	0.000000	7.125000	-147.308456	-98.782356
927	701.852173	1063.556641	118.708099	154.694382	0.000000	0.000000	7.125000	-365.484955	-552.633545
928	653.206787	182.732529	225.952118	-47.995331	0.000000	0.000000	7.125000	-390.296204	74.191772
929	244.304047	-807.310181	75.492905	-163.385178	0.000000	0.000000	7.125000	-80.850868	289.365753
930	-1044.905884	1026.355591	-134.357864	132.924561	0.000000	0.000000	7.125000	294.629425	-308.462097
931	371.823151	676.256775	150.202271	150.969925	0.000000	0.000000	7.125000	-224.061127	-304.861877
932	484.368683	956.693359	83.548073	138.775696	0.000000	0.000000	7.125000	-137.853180	-326.498505
933	1458.961304	-19.504217	221.912476	6.232823	0.000000	0.000000	7.125000	-557.395508	-14.739678
934	-263.036407	-1042.068359	-6.667559	-182.878113	0.000000	0.000000	7.125000	22.002531	427.702789
935	-591.923889	-319.871826	-131.208878	-136.033295	0.000000	0.000000	7.125000	304.034882	322.068146
936	-488.167664	-1177.728149	-31.798985	-207.560837	0.000000	0.000000	7.125000	323.047546	1272.447998
937	-698.798279	1145.178467	-135.844421	186.825760	0.000000	0.000000	7.125000	326.106049	-501.336395
938	680.547546	216.227890	188.995209	-0.642180	0.000000	0.000000	7.125000	-414.831818	-9.774091
939	975.512268	449.832458	179.317688	49.361610	0.000000	0.000000	7.125000	-476.127472	-77.252754
940	-33.946243	-1124.193604	-36.255436	-176.309311	0.000000	0.000000	7.125000	161.815674	620.249329
941	249.250900	-690.239746	60.576027	-156.650909	0.000000	0.000000	7.125000	-60.550034	341.799408
942	279.262390	-112.273544	186.986206	-43.491058	0.000000	0.000000	7.125000	-197.194977	35.661728
943	-986.805176	-114.203270	-157.212036	-39.022655	0.000000	0.000000	7.125000	381.906433	9.050213
944	1024.768555	553.237122	147.912140	97.215240	0.000000	0.000000	7.125000	-334.150177	-238.207611
945	-186.976501	1274.781738	8.970307	194.793579	0.000000	0.000000	7.125000	-20.250059	-516.205383
946	503.659393	-967.375000	106.471497	-170.471466	0.000000	0.000000	7.125000	-185.388992	213.984955
947	-80.188698	163.525848	194.557434	-79.032181	0.000000	0.000000	7.125000	-128.672958	56.198242
948	-1135.503296	193.630371	-192.863861	28.549597	0.000000	0.000000	7.125000	459.804840	-2.503359
949	1216.160767	168.866669	181.037766	26.698647	0.000000	0.000000	7.125000	-470.449127	-40.482521
950	311.947815	-501.518585	77.183937	-172.513428	0.000000	0.000000	7.125000	-100.702072	296.217468
951	597.136719	-1229.175537	120.938171	-164.266937	0.000000	0.000000	7.125000	-231.316040	496.676208
952	-721.055481	-1160.731201	-74.418976	-189.939850	0.000000	0.000000	7.125000	187.766647	449.839386
953	914.282166	-947.466675	155.917480	-126.841873	0.000000	0.000000	7.125000	-330.288605	234.926819
954	128.933334	1016.729248	36.839027	200.634033	0.000000	0.000000	7.125000	-39.476589	-424.832642
955	552.368713	1319.972778	104.344246	178.749054	0.000000	0.000000	7.125000	-203.618317	-499.201996
956	1157.196533	-325.931763	208.190125	-44.990456	0.000000	0.000000	7.125000	-612.697327	126.310066
957	-1165.455444	297.203583	-205.087387	27.861137	0.000000	0.000000	7.125000	530.447754	-37.189835
958	894.847412	-571.884155	140.325500	-97.721146	0.000000	0.000000	7.125000	-208.207581	134.088028
959	983.790649	628.924194	147.432770	92.407814	0.000000	0.000000	7.125000	-399.847534	-233.452621
960	-1197.655762	-22.449404	-167.655548	-10.742425	0.000000	0.000000	7.125000	441.836792	16.418112
961	370.884827	281.335571	120.016243	94.892036	0.000000	0.000000	7.125000	-201.258102	-188.890091
962	426.032288	-262.971619	151.687927	-122.489388	0.000000	0.000000	7.125000	-173.868500	189.788345
963	-965.805969	760.295837	-150.254105	99.113571	0.000000	0.000000	7.125000	371.864868	-214.016022
964	1176.909058	-925.775208	150.550720	-128.593994	0.000000	0.000000	7.125000	-394.819855	285.035156
965	-539.362244	238.765259	-175.913177	60.256485	0.000000	0.000000	7.125000	304.031647	-38.481991
966	-442.220215	-1107.538452	-89.208961	-190.088287	0.000000	0.000000	7.125000	240.054077	382.679260
967	440.735168	387.750946	104.178833	131.773270	0.000000	0.000000	7.125000	-135.122238	-232.155762
968	-672.759521	132.169922	-174.926636	26.876034	0.000000	0.000000	7.125000	178.354630	-33.356506
969	750.453125	638.742004	130.652725	110.317574	0.000000	0.000000	7.125000	-178.304123	-175.921249
970	-728.173157	525.584961	-154.141342	167.800598	0.000000	0.000000	7.125000	231.012131	-114.061462
971	575.119263	-468.205109	137.548126	-125.197670	0.000000	0.000000	7.125000	-189.643570	209.690628
972	-1207.661621	818.818909	-147.124191	118.621590	0.000000	0.000000	7.125000	437.748779	-267.976898
973	701.388672	1207.427612	139.692627	168.653152	0.000000	0.000000	7.125000	-242.846283	-355.096344
974	-957.378601	556.047424	-137.392288	101.784454	0.000000	0.000000	7.125000	299.404480	-199.772247
975	450.580444	-910.872375	78.472366	-165.307510	0.000000	0.000000	7.125000	-167.809647	544.849487
976	-961.620850	90.882065	-197.622665	-50.599579	0.000000	0.000000	7.125000	555.073181	112.637520
977	774.631226	996.847961	121.171204	141.114029	0.000000	0.000000	7.125000	-354.040070	-430.795715
978	744.675964	1454.095947	114.214157	179.740662	0.000000	0.000000	7.125000	-210.937546	-493.732422
979	357.322601	771.084167	92.169708	201.945023	0.000000	0.000000	7.125000	-208.655212	-655.685486
980	-905.505066	1106.194458	-126.428947	136.409607	0.000000	0.000000	7.125000	628.852051	-839.849548
981	-689.624756	-278.110596	-153.066101	-76.210152	0.000000	0.000000	7.125000	175.157455	68.823097
982	-1005.904907	1146.727051	-129.859177	145.462189	0.000000	0.000000	7.125000	300.511475	-407.348877
983	-953.277344	-408.755157	-148.858749	-84.151978	0.000000	0.000000	7.125000	392.009705	212.956757
984	243.766373	1475.162842	14.899699	233.505737	0.000000	0.000000	7.125000	18.920265	-553.493530
985	-1013.256836	1160.742676	-146.007904	138.137390	0.000000	0.000000	7.125000	404.617493	-355.114471
986	-160.245087	777.900696	11.135983	167.619049	0.000000	0.000000	7.125000	9.011113	-318.348083
987	-816.230713	412.873566	-180.970734	26.951546	0.000000	0.000000	7.125000	377.028687	103.649963
988	251.857025	-1086.776123	66.042358	-177.053589	0.000000	0.000000	7.125000	-89.040001	486.387543
989	-476.872467	953.729431	-44.604858	217.443542	0.000000	0.000000	7.125000	99.064354	-295.302185
990	540.562195	-1113.782959	133.368408	-150.370697	0.000000	0.000000	7.125000	-627.804199	797.842041
991	897.996460	-952.370667	131.554535	-122.853088	0.000000	0.000000	7.125000	-345.628876	296.229431
992	-57.623104	872.094543	38.870396	191.086349	0.000000	0.000000	7.125000	-86.889427	-428.246277
993	1026.019897	-275.416412	162.916870	-40.992565	0.000000	0.000000	7.125000	-394.818512	67.429626
994	319.991669	332.348907	160.834000	73.842079	0.000000	0.000000	7.125000	-517.641663	-446.924774
995	-908.667297	739.479248	-126.469925	123.826469	0.000000	0.000000	7.125000	316.390350	-291.764404
996	-168.968536	-155.926056	163.523193	-37.115540	0.000000	0.000000	7.125000	49.056618	8.733930
997	-1001.964294	427.029785	-196.175293	90.290527	0.000000	0.000000	7.125000	340.019836	-110.496727
998	-294.695465	-441.538239	-50.052139	-188.062515	0.000000	0.000000	7.125000	155.924622	132.466400
999	780.718750	-1191.993652	113.898964	-154.532806	0.000000	0.000000	7.125000	-168.428787	412.881226
