node	a_force.x	a_force.y	g_force.x	g_force.y	r_force.x	r_force.y	global_speed	move_node.x	move_node.y
0	-224.298218	-458.372131	-49.394699	-82.317444	0.000000	0.000000	3.750000	296.967255	568.175903
1	242.640198	-389.868896	36.449341	-57.405968	0.000000	0.000000	3.750000	-322.391052	566.785156
2	304.270508	-55.894314	72.251984	23.572071	0.000000	0.000000	3.750000	-294.005371	-121.895325
3	-312.947693	183.276764	-62.216545	62.234245	0.000000	0.000000	3.750000	458.849121	-440.233704
4	-1.903711	-4.599060	-56.099487	-45.131386	0.000000	0.000000	3.750000	146.465729	99.827415
5	159.806610	123.942383	69.707413	46.870758	0.000000	0.000000	3.750000	-294.925568	-220.919800
6	-52.536892	103.938812	-20.621519	60.585598	0.000000	0.000000	3.750000	13.793508	-121.792221
7	-175.471893	-69.719757	-69.981720	-1.597904	0.000000	0.000000	3.750000	562.071594	68.521248
8	-256.374298	197.887573	-47.183418	62.110588	0.000000	0.000000	3.750000	335.144348	-430.547943
9	-417.962219	-230.105728	-69.188225	-40.161942	0.000000	0.000000	3.750000	561.539856	258.728516
10	2.298018	-314.209656	-20.063597	-79.507561	0.000000	0.000000	3.750000	139.277328	544.018005
11	375.632874	100.229614	59.106594	24.544056	0.000000	0.000000	3.750000	-525.543762	-222.967285
12	213.798782	457.521851	23.212986	72.368134	0.000000	0.000000	3.750000	-148.393692	-838.606262
13	496.184265	18.736748	77.848190	4.864064	0.000000	0.000000	3.750000	-739.125122	-36.500633
14	40.559254	307.838379	17.314377	86.279533	0.000000	0.000000	3.750000	-156.914627	-427.173615
15	318.074158	418.502319	57.846252	68.947845	0.000000	0.000000	3.750000	-624.146057	-616.860352
16	414.725037	85.897598	66.004013	16.354080	0.000000	0.000000	3.750000	-380.307037	-165.932678
17	443.679810	124.451637	72.537567	22.678196	0.000000	0.000000	3.750000	-583.885864	-212.026367
18	-307.627197	-346.762115	-48.332272	-47.832958	0.000000	0.000000	3.750000	462.747253	490.902100
19	-216.026001	94.002937	-58.947479	41.342316	0.000000	0.000000	3.750000	276.293518	-221.817871
20	142.203537	592.206299	23.464191	95.149292	0.000000	0.000000	3.750000	-56.395065	-1049.467163
21	-264.441895	-371.996216	-33.537148	-52.146408	0.000000	0.000000	3.750000	211.784210	584.956726
22	346.290710	-106.190041	81.327927	-27.960133	0.000000	0.000000	3.750000	-510.530060	179.501907
23	24.869526	-525.513855	6.272428	-73.733688	0.000000	0.000000	3.750000	-32.405052	734.687134
24	-282.517090	236.433640	-58.741325	38.071609	0.000000	0.000000	3.750000	384.790497	-333.843964
25	-182.698273	4.962542	-59.744179	32.475029	0.000000	0.000000	3.750000	184.785812	-118.724350
26	472.208344	-225.112305	66.325424	-32.816486	0.000000	0.000000	3.750000	-611.166260	187.058273
27	-211.400299	89.886261	-57.883476	15.795658	0.000000	0.000000	3.750000	481.891998	-117.083107
28	-363.765045	-337.333435	-50.331406	-62.182961	0.000000	0.000000	3.750000	349.048279	711.175049
29	-324.349792	231.295029	-44.652969	33.795128	0.000000	0.000000	3.750000	353.640442	-212.535782
30	388.065063	347.259399	52.497692	46.303185	0.000000	0.000000	3.750000	-683.244324	-419.207611
31	161.577454	480.129761	32.214127	75.407227	0.000000	0.000000	3.750000	-148.058517	-371.475861
32	93.269020	158.240326	22.487759	91.267410	0.000000	0.000000	3.750000	-56.587902	-62.094482
33	188.462860	134.184906	13.006441	66.744537	0.000000	0.000000	3.750000	-65.743362	-344.079224
34	319.762939	391.863342	43.655758	69.412979	0.000000	0.000000	3.750000	-373.667389	-465.339233
35	-189.272522	-193.853760	-75.317902	-49.265709	0.000000	0.000000	3.750000	331.582062	109.957397
36	568.803406	29.197989	95.996834	-0.778270	0.000000	0.000000	3.750000	-462.413635	-14.762537
37	-98.520256	110.354256	-48.744236	47.412216	0.000000	0.000000	3.750000	1071.765747	-630.100464
38	440.174927	324.659210	48.165939	50.794109	0.000000	0.000000	3.750000	-582.754517	-532.112793
39	200.792389	-450.350891	22.468086	-70.506638	0.000000	0.000000	3.750000	-190.449677	672.064941
40	123.329216	532.397339	26.546585	77.583984	0.000000	0.000000	3.750000	-226.147827	-841.743469
41	153.827911	130.821777	56.967682	33.326363	0.000000	0.000000	3.750000	-278.697815	-99.108414
42	-89.397675	388.243408	-31.401466	60.315399	0.000000	0.000000	3.750000	266.082977	-566.407349
43	-338.942017	101.115181	-67.424057	8.831417	0.000000	0.000000	3.750000	546.389038	-30.708752
44	-418.782227	-129.282715	-69.477806	-43.552452	0.000000	0.000000	3.750000	600.932007	252.342484
45	-51.467949	-421.732544	-24.109531	-72.074341	0.000000	0.000000	3.750000	102.245308	667.690063
46	-279.485992	-448.582886	-45.926659	-63.045376	0.000000	0.000000	3.750000	240.500549	562.466248
47	325.587189	79.015335	50.768440	18.400145	0.000000	0.000000	3.750000	-969.612244	-384.710876
48	78.873055	-95.548569	69.801498	4.809921	0.000000	0.000000	3.750000	-24.348108	32.110565
49	-136.031540	-196.068512	-57.150871	-64.263023	0.000000	0.000000	3.750000	193.012878	320.071625
50	-54.220718	176.704559	-38.472092	51.145599	0.000000	0.000000	3.750000	310.157898	-289.741333
51	163.344421	-160.900024	32.477951	-38.015442	0.000000	0.000000	3.750000	-181.876556	158.428497
52	-340.094177	-476.472656	-53.770744	-59.234314	0.000000	0.000000	3.750000	441.018463	577.006958
53	308.153290	-379.779785	41.798550	-51.077179	0.000000	0.000000	3.750000	-348.976776	555.048767
54	-382.441528	65.013336	-65.992180	-1.015135	0.000000	0.000000	3.750000	735.616821	-24.074335
55	-319.080292	225.487839	-52.751984	32.576458	0.000000	0.000000	3.750000	443.801025	-318.329773
56	-13.664051	209.854462	-2.085514	59.963745	0.000000	0.000000	3.750000	17.443762	-393.686890
57	-233.449554	259.775452	-43.725517	64.591629	0.000000	0.000000	3.750000	360.338470	-537.081970
58	186.697922	-175.244324	66.947479	-11.915209	0.000000	0.000000	3.750000	-125.565048	44.313622
59	-389.950409	249.139511	-45.752544	77.502930	0.000000	0.000000	3.750000	432.895691	-704.123108
60	194.167450	240.642242	52.722092	42.946213	0.000000	0.000000	3.750000	-340.686340	-226.225082
61	461.668396	376.745422	56.897816	59.047722	0.000000	0.000000	3.750000	-697.314941	-587.863220
62	251.723419	499.267273	46.879250	76.824387	0.000000	0.000000	3.750000	-58.854656	-113.317696
63	25.237850	-105.335709	14.828729	-66.363419	0.000000	0.000000	3.750000	-31.620903	299.212616
64	-140.335052	389.963684	-23.574800	59.499821	0.000000	0.000000	3.750000	349.395355	-833.354675
65	206.023376	274.997437	41.400612	68.454269	0.000000	0.000000	3.750000	-252.498123	-374.099091
66	66.982727	-199.836792	18.231895	-67.583519	0.000000	0.000000	3.750000	2.957891	30.541893
67	386.105804	49.223587	50.603790	18.848221	0.000000	0.000000	3.750000	-433.633179	-206.913223
68	-88.755096	287.519470	-10.167036	67.235619	0.000000	0.000000	3.750000	130.127502	-569.351868
69	278.032806	68.251007	67.998398	-0.466758	0.000000	0.000000	3.750000	-485.617310	15.348717
70	-230.888046	639.561890	-41.102501	106.332428	0.000000	0.000000	3.750000	219.232819	-617.230591
71	-251.133072	404.262939	-45.695885	55.640678	0.000000	0.000000	3.750000	415.652191	-553.845215
72	229.925812	-63.632332	84.562378	15.648311	0.000000	0.000000	3.750000	-146.751572	-68.153107
73	112.902542	-141.877502	50.346157	-54.233147	0.000000	0.000000	3.750000	-252.143631	192.658508
74	524.633179	421.248932	65.737053	58.503311	0.000000	0.000000	3.750000	-703.671631	-530.605652
75	-425.163391	202.860458	-67.063751	43.616974	0.000000	0.000000	3.750000	415.825043	-356.550537
76	100.023453	-362.155060	15.308026	-60.080471	0.000000	0.000000	3.750000	-136.283554	722.141968
77	119.414238	-188.712051	38.040955	-74.892258	0.000000	0.000000	3.750000	-182.122818	248.449722
78	249.851654	-406.580688	47.355125	-48.800434	0.000000	0.000000	3.750000	-257.317444	366.800201
79	139.999084	-343.968536	32.850784	-75.132027	0.000000	0.000000	3.750000	-272.514801	523.083313
80	-510.017212	-212.432404	-66.605850	-32.243530	0.000000	0.000000	3.750000	2265.987061	589.161377
81	410.081909	27.877853	70.961533	12.183952	0.000000	0.000000	3.750000	-299.607269	-78.881851
82	55.689304	383.844879	14.933505	58.111862	0.000000	0.000000	3.750000	-95.163803	-555.132812
83	-230.838882	-502.018158	-40.993229	-75.601181	0.000000	0.000000	3.750000	305.021912	856.475098
84	347.955597	-560.870911	45.755951	-77.500854	0.000000	0.000000	3.750000	-314.301514	759.350403
85	117.344086	-339.684082	11.072266	-71.143478	0.000000	0.000000	3.750000	-16.535360	398.718079
86	496.204407	310.141174	72.287109	50.185261	0.000000	0.000000	3.750000	-931.484009	-475.920441
87	474.028168	106.549591	77.018646	12.334028	0.000000	0.000000	3.750000	-728.830078	-122.551994
88	-138.097122	68.918686	-67.518456	34.889187	0.000000	0.000000	3.750000	371.700623	-219.145844
89	432.083801	17.115522	66.180649	-28.356850	0.000000	0.000000	3.750000	-640.765320	165.699982
90	-59.367458	-285.394836	7.921519	-71.562881	0.000000	0.000000	3.750000	-38.316662	329.068146
91	-389.300507	-350.366028	-57.271248	-40.249119	0.000000	0.000000	3.750000	703.496399	305.625885
92	-278.810669	23.826349	-59.263924	18.215031	0.000000	0.000000	3.750000	611.579773	-187.384918
93	36.209999	-494.964478	-1.462867	-73.985535	0.000000	0.000000	3.750000	-5.440947	847.096313
94	213.842484	-321.294769	32.128963	-50.672668	0.000000	0.000000	3.750000	-151.981430	372.481689
95	-173.186523	223.087936	-32.537067	29.619915	0.000000	0.000000	3.750000	360.845154	-320.138458
96	-91.051781	-352.236023	-17.036869	-57.530380	0.000000	0.000000	3.750000	166.943344	567.719788
97	-37.443916	-544.906067	-22.594292	-72.563751	0.000000	0.000000	3.750000	156.709045	535.589111
98	-509.259644	123.314362	-77.723427	18.949078	0.000000	0.000000	3.750000	973.714417	-205.424881
99	-435.489746	273.888947	-55.687813	45.638317	0.000000	0.000000	3.750000	692.017944	-387.009552
100	188.393478	160.669037	47.145103	49.003334	0.000000	0.000000	3.750000	-188.404144	-230.481934
101	370.632690	-60.361526	57.980328	1.510421	0.000000	0.000000	3.750000	-733.080933	3.125529
102	-86.880630	563.186890	-16.911747	78.192017	0.000000	0.000000	3.750000	143.665222	-826.990234
103	-427.757751	296.652679	-71.576218	35.732857	0.000000	0.000000	3.750000	703.604065	-256.322083
104	100.382721	-476.051453	12.893684	-76.926926	0.000000	0.000000	3.750000	-87.240990	743.340820
105	-367.275024	-292.617279	-48.932945	-38.073116	0.000000	0.000000	3.750000	728.820740	412.269409
106	-419.935547	-505.029053	-53.694893	-72.227798	0.000000	0.000000	3.750000	882.393066	1407.241089
107	-402.352203	-100.869865	-59.560974	-56.359627	0.000000	0.000000	3.750000	264.227570	466.096405
108	118.215157	211.004532	24.392773	45.923767	0.000000	0.000000	3.750000	-203.082916	-358.437134
109	-158.267761	-161.295349	-57.693306	-32.053703	0.000000	0.000000	3.750000	303.818481	64.301926
110	307.556824	-49.336262	51.999870	-0.107617	0.000000	0.000000	3.750000	-1391.427856	-126.343246
111	-346.458923	-120.091583	-69.560974	-43.419552	0.000000	0.000000	3.750000	799.649719	360.653870
112	160.982681	-13.246150	77.981140	1.650129	0.000000	0.000000	3.750000	-296.823029	95.821281
113	-208.127502	341.431152	-47.336407	45.991997	0.000000	0.000000	3.750000	340.727203	-309.874359
114	-357.457397	-107.134628	-56.135876	-21.184002	0.000000	0.000000	3.750000	558.907593	163.226898
115	65.198639	223.977722	21.670729	74.929062	0.000000	0.000000	3.750000	-172.151627	-432.479004
116	477.613098	-49.976421	73.320602	10.004442	0.000000	0.000000	3.750000	-724.236267	-121.665390
117	-297.498291	-108.611298	-73.202591	-36.951042	0.000000	0.000000	3.750000	246.514603	96.087120
118	54.093842	-287.067047	20.290398	-81.512558	0.000000	0.000000	3.750000	-45.938385	264.911896
119	-403.325073	-368.755280	-55.405148	-49.053738	0.000000	0.000000	3.750000	550.592224	459.921814
120	-138.093689	-469.808289	-26.634478	-81.771568	0.000000	0.000000	3.750000	144.887863	817.461426
121	-309.987488	-30.026476	-61.858025	4.192086	0.000000	0.000000	3.750000	408.616608	35.126263
122	-311.322784	3.777526	-51.889267	3.390564	0.000000	0.000000	3.750000	295.925781	-64.116089
123	395.895020	244.453690	56.946793	47.251747	0.000000	0.000000	3.750000	-145.517029	-43.417076
124	-58.545406	-439.644318	-30.475231	-58.542786	0.000000	0.000000	3.750000	232.099060	558.562378
125	-308.762756	-209.053635	-44.944016	-39.749611	0.000000	0.000000	3.750000	463.922485	320.893799
126	56.122719	-190.867172	34.200974	-58.773094	0.000000	0.000000	3.750000	-248.820908	331.521606
127	9.432705	-252.964294	-5.754359	-63.740784	0.000000	0.000000	3.750000	41.935238	452.958893
128	361.262939	348.744507	70.067863	59.619537	0.000000	0.000000	3.750000	-235.469437	-116.702850
129	378.117554	332.966370	52.537956	49.231667	0.000000	0.000000	3.750000	-644.919189	-456.268188
130	-249.441528	-7.056703	-57.967918	1.923565	0.000000	0.000000	3.750000	255.076202	35.450047
131	95.535957	-453.682861	23.529335	-65.926773	0.000000	0.000000	3.750000	-156.901901	267.095764
132	-355.510559	342.685669	-53.417439	48.276047	0.000000	0.000000	3.750000	479.250946	-420.298523
133	-60.100800	75.130661	-17.734970	51.001865	0.000000	0.000000	3.750000	5.192330	-73.226181
134	-376.732330	-98.816559	-65.676781	6.523710	0.000000	0.000000	3.750000	558.046875	-94.371231
135	277.423096	43.968483	72.824051	21.740646	0.000000	0.000000	3.750000	-500.298340	-163.300217
136	136.783997	540.703857	19.967243	85.704567	0.000000	0.000000	3.750000	-16.762701	-881.619263
137	-507.069244	281.623108	-72.979477	41.593208	0.000000	0.000000	3.750000	906.346802	-534.927490
138	55.308170	382.216919	1.209441	65.988914	0.000000	0.000000	3.750000	-28.317301	-633.884949
139	67.685257	348.421539	-0.416489	73.998810	0.000000	0.000000	3.750000	35.159695	-554.262634
140	-401.155487	65.132812	-63.055061	19.495100	0.000000	0.000000	3.750000	767.817444	-196.498581
141	403.482544	80.838036	63.968819	16.247744	0.000000	0.000000	3.750000	-781.605408	-149.356415
142	317.032623	-37.910919	57.898590	-3.428279	0.000000	0.000000	3.750000	-695.875061	43.030994
143	276.141541	249.366776	50.013191	36.642525	0.000000	0.000000	3.750000	-526.236084	-275.187225
144	-246.570328	224.554092	-35.271053	43.496574	0.000000	0.000000	3.750000	403.665405	-576.205994
145	302.721161	-215.513824	71.120880	-51.824680	0.000000	0.000000	3.750000	-470.478821	453.400391
146	-86.406265	-74.270424	-46.143440	-44.348213	0.000000	0.000000	3.750000	160.486923	120.076607
147	34.704292	-194.092331	-39.834831	-67.059448	0.000000	0.000000	3.750000	185.476578	163.603470
148	-253.151062	393.976257	-39.522331	57.775093	0.000000	0.000000	3.750000	87.758362	-189.351059
149	-470.489288	-115.480377	-73.190605	-10.914486	0.000000	0.000000	3.750000	680.553955	23.605122
150	-41.664162	330.739136	-15.516006	64.150215	0.000000	0.000000	3.750000	157.418839	-495.615234
151	-329.431396	-314.043823	-44.406178	-40.349613	0.000000	0.000000	3.750000	639.265747	587.903076
152	218.958801	-497.458252	41.690685	-65.923340	0.000000	0.000000	3.750000	-312.918579	528.777039
153	348.217102	-272.048401	56.819817	-47.407883	0.000000	0.000000	3.750000	-501.887756	389.104431
154	429.841766	-150.767868	62.187168	-27.508980	0.000000	0.000000	3.750000	-757.219177	170.236969
155	-256.556824	-360.522644	-39.649017	-45.032806	0.000000	0.000000	3.750000	475.084167	652.910706
156	366.831238	-422.530243	50.634495	-51.187378	0.000000	0.000000	3.750000	-562.111511	548.041138
157	145.399673	439.555420	24.741135	69.741440	0.000000	0.000000	3.750000	-148.843536	-677.607361
158	100.404022	54.613926	72.074768	16.709909	0.000000	0.000000	3.750000	17.653257	35.844475
159	141.348969	308.281372	42.264397	72.592766	0.000000	0.000000	3.750000	-329.835419	-448.342346
160	-55.792622	-130.700470	-41.278442	-34.814865	0.000000	0.000000	3.750000	269.891174	134.119690
161	-287.773193	127.163132	-54.648041	24.770788	0.000000	0.000000	3.750000	376.771606	-182.932220
162	240.350861	145.920685	78.870110	34.285664	0.000000	0.000000	3.750000	-416.983063	-177.722168
163	-302.710144	265.245331	-41.287048	40.735477	0.000000	0.000000	3.750000	732.573608	-730.554810
164	16.076876	-451.859009	-1.978468	-79.975533	0.000000	0.000000	3.750000	5.761255	629.821411
165	-50.554321	366.088715	-18.246922	50.823715	0.000000	0.000000	3.750000	183.841629	-595.324158
166	547.059387	-176.226196	93.168304	-36.326912	0.000000	0.000000	3.750000	-792.815491	186.463837
167	518.564880	211.108215	82.329247	24.857485	0.000000	0.000000	3.750000	-424.434448	-122.644890
168	-89.866577	332.895142	-17.194620	74.029343	0.000000	0.000000	3.750000	141.129456	-513.657898
169	561.243469	-116.470757	83.056595	-12.553656	0.000000	0.000000	3.750000	-762.534119	45.229870
170	-400.238586	423.288574	-53.179886	54.294563	0.000000	0.000000	3.750000	578.527405	-635.938110
171	-45.697788	437.517090	-7.097241	65.617294	0.000000	0.000000	3.750000	95.781578	-757.806335
172	-420.328125	-364.282379	-54.890938	-49.628326	0.000000	0.000000	3.750000	275.565826	348.376984
173	414.281067	85.033676	70.091370	16.468151	0.000000	0.000000	3.750000	-710.828857	-158.560654
174	69.351936	27.748711	63.459991	8.257452	0.000000	0.000000	3.750000	-32.506107	20.382135
175	-22.635296	337.601318	-17.883806	55.173969	0.000000	0.000000	3.750000	186.295670	-887.604675
176	381.461609	-63.267696	69.998817	-0.403045	0.000000	0.000000	3.750000	-459.081696	-34.532967
177	25.701012	7.843559	54.291000	37.529045	0.000000	0.000000	3.750000	-139.072296	-135.910995
178	-329.189789	197.121185	-57.434097	23.352165	0.000000	0.000000	3.750000	577.656860	-210.938095
179	-48.557953	107.618896	-25.066051	96.800789	0.000000	0.000000	3.750000	65.108986	-83.476028
180	387.306519	298.516602	54.264816	64.119644	0.000000	0.000000	3.750000	-391.886688	-472.895721
181	28.421959	144.535324	-1.292693	71.988380	0.000000	0.000000	3.750000	13.379045	-273.081177
182	-257.090240	70.790039	-57.722229	-5.669581	0.000000	0.000000	3.750000	454.697968	54.525642
183	-166.928192	68.043022	-66.184921	41.273773	0.000000	0.000000	3.750000	317.526428	-276.129028
184	-219.016830	-269.539307	-50.210892	-51.602959	0.000000	0.000000	3.750000	378.143921	425.053223
185	-337.703979	-251.264526	-48.889744	-27.309101	0.000000	0.000000	3.750000	530.845642	185.440826
186	-412.698456	-77.560631	-65.975128	1.810313	0.000000	0.000000	3.750000	470.774475	27.113125
187	-210.167999	-242.366623	-54.333172	-50.238438	0.000000	0.000000	3.750000	456.339844	341.389191
188	62.612762	-349.966461	13.917278	-62.468456	0.000000	0.000000	3.750000	-105.333244	676.307678
189	148.796005	-187.457245	44.715839	-42.947548	0.000000	0.000000	3.750000	-404.106110	454.006165
190	131.223831	-305.632080	14.086617	-60.378525	0.000000	0.000000	3.750000	-100.473763	497.255524
191	-542.712769	-73.862137	-90.962379	-13.778423	0.000000	0.000000	3.750000	1049.846558	146.697083
192	173.804764	292.187286	47.628975	59.223976	0.000000	0.000000	3.750000	-289.348663	-334.585999
193	-336.678528	162.683441	-44.313251	23.158882	0.000000	0.000000	3.750000	668.729492	-250.061783
194	-232.764267	44.118694	-73.589340	-7.761005	0.000000	0.000000	3.750000	191.027451	106.164360
195	-192.043152	-273.116333	-31.581913	-62.470627	0.000000	0.000000	3.750000	214.756500	530.882690
196	-156.738388	413.622437	-30.947575	56.020058	0.000000	0.000000	3.750000	343.125092	-581.722961
197	252.409485	10.341249	71.998367	-0.485612	0.000000	0.000000	3.750000	-571.727417	-7.029950
198	-227.121231	-305.078064	-32.057415	-57.691536	0.000000	0.000000	3.750000	187.140472	485.161102
199	-413.592377	90.269470	-77.912575	3.691561	0.000000	0.000000	3.750000	478.779114	-30.684940
200	-179.557281	-316.537109	-31.242353	-67.081360	0.000000	0.000000	3.750000	149.311386	444.199982
201	212.328979	47.134773	73.185562	10.948553	0.000000	0.000000	3.750000	-470.813660	-96.532913
202	84.291382	376.634247	19.320274	50.425457	0.000000	0.000000	3.750000	-205.424850	-602.935303
203	385.467590	-280.893219	70.734909	-55.646790	0.000000	0.000000	3.750000	-544.235229	361.174408
204	-414.816284	36.581879	-66.638046	13.541395	0.000000	0.000000	3.750000	836.641418	-124.547188
205	29.283718	75.649994	-11.737009	69.008987	0.000000	0.000000	3.750000	43.467663	-226.850342
206	318.857849	165.555359	76.540268	29.420837	0.000000	0.000000	3.750000	-510.097107	-178.079880
207	-493.942108	-60.434425	-79.363174	-10.074022	0.000000	0.000000	3.750000	791.223206	97.568565
208	-210.562302	-255.470856	-24.667568	-59.055153	0.000000	0.000000	3.750000	237.309784	573.232117
209	-221.865677	216.339127	-52.241585	36.970436	0.000000	0.000000	3.750000	402.676727	-343.981018
210	88.765221	104.366257	66.805222	36.235130	0.000000	0.000000	3.750000	-110.223969	-25.829920
211	378.889008	446.835388	63.295437	63.981880	0.000000	0.000000	3.750000	-641.847107	-525.060791
212	-145.458496	213.458313	-43.272305	64.895920	0.000000	0.000000	3.750000	269.254730	-307.484161
213	-229.620636	326.614197	-52.089504	68.429611	0.000000	0.000000	3.750000	370.117584	-330.396851
214	363.296570	5.586409	65.998611	-0.425701	0.000000	0.000000	3.750000	-993.859070	-42.394711
215	-256.897705	-345.553650	-50.560936	-48.410637	0.000000	0.000000	3.750000	521.625305	604.979492
216	138.782242	281.297058	19.588818	50.321743	0.000000	0.000000	3.750000	-190.053406	-544.471191
217	240.497787	-220.526154	70.281570	-42.243275	0.000000	0.000000	3.750000	-463.063477	241.640244
218	441.438965	-23.691856	79.989883	1.271885	0.000000	0.000000	3.750000	-727.048462	2.523872
219	91.340851	426.406891	19.983196	67.087029	0.000000	0.000000	3.750000	-144.393051	-735.450684
220	-406.812256	-425.306152	-58.186218	-54.903152	0.000000	0.000000	3.750000	440.967529	538.977905
221	42.261543	380.092285	16.743881	59.696251	0.000000	0.000000	3.750000	-131.119614	-532.915100
222	316.290955	52.548103	68.898376	51.468079	0.000000	0.000000	3.750000	-441.658356	-213.950806
223	-263.059448	-434.402161	-28.917946	-70.283356	0.000000	0.000000	3.750000	246.367981	744.308655
224	156.311005	165.444427	55.863842	3.902553	0.000000	0.000000	3.750000	-428.425354	-49.185841
225	380.302917	-123.274109	60.812336	-45.583542	0.000000	0.000000	3.750000	-427.460480	310.478546
226	-495.735291	82.107925	-76.628494	22.979870	0.000000	0.000000	3.750000	878.528748	-241.488831
227	-430.095581	-137.748825	-71.397797	-19.450035	0.000000	0.000000	3.750000	295.220093	5.441738
228	-187.862869	93.085945	-62.658295	26.418346	0.000000	0.000000	3.750000	236.829407	-73.981003
229	-283.040588	-280.517822	-45.028904	-33.292545	0.000000	0.000000	3.750000	569.997192	291.960358
230	-371.082214	-240.333252	-52.105389	-29.749411	0.000000	0.000000	3.750000	1379.036987	666.837219
231	-127.824440	175.483643	-31.389935	60.321384	0.000000	0.000000	3.750000	269.285370	-457.849060
232	-337.617828	-506.744690	-58.340797	-76.238724	0.000000	0.000000	3.750000	390.217377	630.868469
233	-332.265381	-229.699982	-50.029060	-46.055328	0.000000	0.000000	3.750000	666.739929	643.156860
234	106.196915	230.250031	28.165371	59.688457	0.000000	0.000000	3.750000	-169.906647	-355.057617
235	-576.981445	166.077774	-82.324707	45.372242	0.000000	0.000000	3.750000	519.991333	-309.646240
236	254.354004	242.170593	56.919525	33.408966	0.000000	0.000000	3.750000	-610.353333	-242.743881
237	40.446747	83.764130	52.025375	58.114960	0.000000	0.000000	3.750000	-171.284912	-239.648193
238	-144.729721	278.828156	-15.501409	53.811733	0.000000	0.000000	3.750000	84.176117	-543.851807
239	158.384445	-257.167053	21.975430	-57.974808	0.000000	0.000000	3.750000	-222.026901	490.897369
240	-109.053177	-9.517367	-45.620995	-53.091167	0.000000	0.000000	3.750000	194.364349	158.221237
241	75.639557	-18.177952	-52.832523	-28.432198	0.000000	0.000000	3.750000	183.640366	22.305771
242	-409.217560	90.524933	-67.687057	17.845444	0.000000	0.000000	3.750000	792.483643	-158.161377
243	444.408081	-24.613609	74.063812	-24.465193	0.000000	0.000000	3.750000	-610.831665	138.942139
244	-366.157043	599.230469	-53.078453	77.580132	0.000000	0.000000	3.750000	408.996490	-648.197510
245	113.010521	-288.790070	14.851921	-62.252853	0.000000	0.000000	3.750000	-80.517822	448.784241
246	-216.082397	308.317078	-32.745407	47.872093	0.000000	0.000000	3.750000	316.847809	-420.311249
247	489.256378	-58.743530	68.684395	-13.507507	0.000000	0.000000	3.750000	-817.668091	107.657036
248	-522.323364	-551.343628	-73.414978	-64.917068	0.000000	0.000000	3.750000	370.166809	268.318481
249	-13.396259	151.583313	12.152449	56.712486	0.000000	0.000000	3.750000	-17.947548	-223.473846
250	418.448120	123.688171	75.309929	32.440834	0.000000	0.000000	3.750000	-646.409973	-216.480042
251	-101.720123	144.593109	-28.061268	43.778568	0.000000	0.000000	3.750000	405.060150	-531.018066
252	-165.991974	362.578552	-17.602234	57.359924	0.000000	0.000000	3.750000	167.743225	-636.191284
253	-165.679230	298.740479	-42.315857	50.649460	0.000000	0.000000	3.750000	439.260284	-474.238312
254	341.250488	401.297058	46.325005	57.706085	0.000000	0.000000	3.750000	-410.661072	-577.352478
255	385.224121	-181.231049	62.562637	-39.521076	0.000000	0.000000	3.750000	-261.108246	144.981506
256	-154.147614	-195.336868	-52.808037	-60.094109	0.000000	0.000000	3.750000	318.800659	443.850067
257	271.498352	-126.661133	69.124252	-40.270638	0.000000	0.000000	3.750000	-413.723328	87.378204
258	429.597656	150.889404	75.772110	18.508934	0.000000	0.000000	3.750000	-749.891479	-267.427063
259	262.468475	-313.048004	35.601883	-55.574291	0.000000	0.000000	3.750000	-320.060516	639.868835
260	138.441101	-280.354675	23.055977	-78.691002	0.000000	0.000000	3.750000	-130.772964	220.972534
261	-128.061340	271.049561	-34.309814	74.477081	0.000000	0.000000	3.750000	247.183075	-535.375244
262	-216.402496	-58.743011	-63.391861	-29.688581	0.000000	0.000000	3.750000	285.708099	41.662720
263	-239.684723	-272.488495	-54.940716	-36.572090	0.000000	0.000000	3.750000	469.781830	299.974548
264	-62.648785	225.218445	-8.764256	53.283737	0.000000	0.000000	3.750000	49.365715	-134.555161
265	404.288300	-253.989212	71.177155	-31.902874	0.000000	0.000000	3.750000	-739.676941	188.026871
266	-215.226807	-215.557632	-50.863647	-64.317780	0.000000	0.000000	3.750000	160.982895	393.260590
267	-323.854980	82.451599	-49.909569	20.616348	0.000000	0.000000	3.750000	707.057800	-226.351196
268	-174.485886	-221.929901	-51.227253	-41.614445	0.000000	0.000000	3.750000	301.244568	307.159882
269	-40.737598	-471.475403	-8.988531	-71.436691	0.000000	0.000000	3.750000	9.974170	643.587891
270	-267.011414	-157.154037	-51.420090	-34.638748	0.000000	0.000000	3.750000	73.057877	71.353935
271	-295.213074	50.482796	-61.769005	32.933090	0.000000	0.000000	3.750000	283.768585	-133.319626
272	64.638641	-472.493774	27.971508	-83.436157	0.000000	0.000000	3.750000	-278.056885	1004.724915
273	506.084900	93.892059	80.992546	12.813276	0.000000	0.000000	3.750000	-360.419312	-7.974005
274	143.066071	116.019730	52.419811	46.391411	0.000000	0.000000	3.750000	-307.578125	-276.064301
275	236.868530	-197.936707	52.544357	-65.536552	0.000000	0.000000	3.750000	-184.922638	344.142395
276	417.366882	-426.257050	59.742687	-53.205345	0.000000	0.000000	3.750000	-726.538757	544.337769
277	-444.920013	-247.352448	-65.201187	-39.048557	0.000000	0.000000	3.750000	817.500732	293.564270
278	-67.515114	-375.190460	-11.058697	-67.094498	0.000000	0.000000	3.750000	43.870403	177.854095
279	-58.346550	474.059875	-2.413310	75.961655	0.000000	0.000000	3.750000	76.016129	-707.330505
280	286.822571	-98.550095	74.416656	-15.429840	0.000000	0.000000	3.750000	-205.482880	9.720292
281	-275.703125	-291.642456	-45.363701	-45.145699	0.000000	0.000000	3.750000	329.717651	317.655029
282	159.938049	-236.502548	43.189323	-52.523129	0.000000	0.000000	3.750000	-319.682220	463.201904
283	378.585785	363.411316	45.256989	50.752388	0.000000	0.000000	3.750000	-499.740326	-586.371521
284	95.855522	-120.760742	17.526356	-67.770355	0.000000	0.000000	3.750000	-33.255013	177.800171
285	-382.663452	194.171936	-55.449615	35.795753	0.000000	0.000000	3.750000	637.133057	-315.424011
286	208.578796	-73.227203	70.045944	-16.660225	0.000000	0.000000	3.750000	-246.670898	69.997185
287	-53.283485	-194.845306	-46.301689	-47.033241	0.000000	0.000000	3.750000	121.809685	164.923859
288	75.856415	-182.524933	14.327991	-68.517700	0.000000	0.000000	3.750000	-16.195591	315.527924
289	346.206696	-180.040070	47.664589	-29.395351	0.000000	0.000000	3.750000	-581.268250	321.807892
290	555.017151	105.970261	80.020660	17.907328	0.000000	0.000000	3.750000	-328.413300	-40.317654
291	-67.327789	375.630432	1.218311	75.990234	0.000000	0.000000	3.750000	-15.089911	-605.307739
292	333.116943	-23.703348	93.046196	13.345346	0.000000	0.000000	3.750000	-150.600327	8.484256
293	-323.930695	-240.067703	-46.926861	-49.212486	0.000000	0.000000	3.750000	447.405182	522.186768
294	222.320099	118.667351	45.917797	28.417522	0.000000	0.000000	3.750000	-256.974060	-152.556030
295	-347.061737	58.650391	-56.928879	11.094944	0.000000	0.000000	3.750000	610.534119	-37.986824
296	-419.093872	-221.466187	-62.087036	-32.329319	0.000000	0.000000	3.750000	763.225586	217.858353
297	381.060394	274.374512	61.881573	53.802143	0.000000	0.000000	3.750000	-235.919968	-207.090210
298	50.260399	331.033691	-1.740255	69.978363	0.000000	0.000000	3.750000	21.260019	-508.838165
299	193.726562	-553.472168	37.349003	-70.746368	0.000000	0.000000	3.750000	-350.074341	819.838928
300	-416.663818	215.640625	-57.255573	49.977985	0.000000	0.000000	3.750000	513.077515	-451.346466
301	313.614288	355.246552	53.073723	57.159203	0.000000	0.000000	3.750000	-436.386993	-388.034668
302	-339.133179	-406.113922	-44.371563	-75.994499	0.000000	0.000000	3.750000	275.487030	500.973541
303	-280.054199	365.619324	-53.036793	51.605209	0.000000	0.000000	3.750000	552.917542	-577.460632
304	-43.623196	-455.263763	-16.281246	-80.367340	0.000000	0.000000	3.750000	63.615955	819.004028
305	-364.016998	-140.712158	-64.742249	-20.795010	0.000000	0.000000	3.750000	715.097473	118.716080
306	201.611969	89.330635	72.346687	38.599831	0.000000	0.000000	3.750000	-424.640991	-189.746246
307	-155.674271	-4.531918	-61.768913	-47.629730	0.000000	0.000000	3.750000	349.623596	333.346222
308	-426.551788	-76.280075	-79.013695	-12.523386	0.000000	0.000000	3.750000	695.436768	124.852753
309	-17.456535	269.349487	-5.152455	53.753616	0.000000	0.000000	3.750000	76.457504	-457.074066
310	-446.355743	-10.785828	-71.975662	1.871976	0.000000	0.000000	3.750000	719.321960	14.035384
311	-134.769653	-358.009491	-16.908106	-76.145325	0.000000	0.000000	3.750000	77.816284	614.944397
312	228.372513	-286.063171	53.986427	-53.492474	0.000000	0.000000	3.750000	-307.110352	427.595673
313	314.518036	-183.337067	48.272385	-28.386126	0.000000	0.000000	3.750000	-429.246735	173.214828
314	471.769104	171.603729	68.945305	20.749582	0.000000	0.000000	3.750000	-365.081543	-104.498627
315	-148.216583	-486.638977	-36.929829	-75.446533	0.000000	0.000000	3.750000	304.245636	816.410278
316	-49.140617	-439.722534	-4.383386	-73.870041	0.000000	0.000000	3.750000	-7.918629	743.740601
317	387.216583	206.762527	58.727531	38.092850	0.000000	0.000000	3.750000	-699.427612	-301.341583
318	-187.298798	-395.202454	-34.760414	-56.104401	0.000000	0.000000	3.750000	288.610870	727.195312
319	76.726440	108.139404	47.062187	67.150192	0.000000	0.000000	3.750000	-221.168625	-339.798126
320	-369.743500	282.843475	-68.683640	32.535461	0.000000	0.000000	3.750000	729.438171	-296.009705
321	-600.166687	204.436890	-74.332169	43.251846	0.000000	0.000000	3.750000	584.150391	-264.157684
322	-116.189087	-158.617950	-48.295063	-41.994881	0.000000	0.000000	3.750000	261.528839	332.429382
323	-382.965820	-231.122711	-81.968979	-26.020824	0.000000	0.000000	3.750000	716.117981	180.483276
324	334.406067	104.812347	77.103989	33.331276	0.000000	0.000000	3.750000	-447.415955	-203.390411
325	-257.617615	270.631104	-39.936909	42.059990	0.000000	0.000000	3.750000	386.920868	-389.947693
326	-537.485107	64.246490	-89.544968	28.595364	0.000000	0.000000	3.750000	688.591797	-180.139206
327	398.815765	384.496460	54.582294	49.967667	0.000000	0.000000	3.750000	-716.813293	-505.663971
328	322.012177	471.239136	61.053337	54.740147	0.000000	0.000000	3.750000	-569.718445	-413.477203
329	-368.603821	311.267029	-56.906296	53.344856	0.000000	0.000000	3.750000	604.437866	-545.218811
330	-46.039154	-84.779770	-53.452736	-54.025925	0.000000	0.000000	3.750000	98.733536	103.987549
331	285.370911	337.461243	43.691013	46.766376	0.000000	0.000000	3.750000	-665.071167	-611.174438
332	83.566727	379.656250	10.056913	65.229279	0.000000	0.000000	3.750000	-73.458839	-489.279968
333	144.884918	272.549286	39.395630	55.425472	0.000000	0.000000	3.750000	-314.475220	-398.041107
334	446.159729	-285.142700	69.368423	-39.849991	0.000000	0.000000	3.750000	-553.334534	294.176147
335	-41.643761	319.266113	-9.705227	53.120678	0.000000	0.000000	3.750000	36.145462	-483.281647
336	580.763306	-165.741959	90.457466	-16.776217	0.000000	0.000000	3.750000	-835.514832	91.475342
337	318.009338	-329.604553	58.165756	-54.924896	0.000000	0.000000	3.750000	-492.254639	454.679626
338	206.621689	429.801758	31.881096	62.318459	0.000000	0.000000	3.750000	-242.531540	-639.987793
339	91.890610	15.307346	64.558731	-27.058578	0.000000	0.000000	3.750000	-223.407135	102.884819
340	21.836653	260.750061	3.246431	69.924660	0.000000	0.000000	3.750000	1.611083	-573.594482
341	-255.594971	186.968369	-74.079498	39.600803	0.000000	0.000000	3.750000	401.137939	-244.577179
342	-144.191437	-339.589600	-10.724286	-73.218193	0.000000	0.000000	3.750000	-16.673485	207.278656
343	-7.915809	-159.745758	4.781552	-49.770214	0.000000	0.000000	3.750000	61.555950	197.445908
344	522.219238	112.079117	69.600342	25.135468	0.000000	0.000000	3.750000	-1041.976074	-322.665375
345	-345.911438	63.099670	-69.497726	-8.369850	0.000000	0.000000	3.750000	485.388641	-9.886807
346	-407.285217	-467.895813	-51.062981	-66.697578	0.000000	0.000000	3.750000	460.211395	745.685730
347	-66.937378	116.130157	-33.994602	54.225067	0.000000	0.000000	3.750000	238.228867	-297.726044
348	292.403564	-413.046997	43.251133	-55.039398	0.000000	0.000000	3.750000	-397.778656	661.707581
349	-8.724930	178.613556	-16.007690	70.197350	0.000000	0.000000	3.750000	163.957916	-315.944366
350	-208.990509	397.618103	-27.449327	77.269234	0.000000	0.000000	3.750000	217.366501	-619.307800
351	96.402122	-152.029633	60.153839	-52.739952	0.000000	0.000000	3.750000	-331.639130	347.415436
352	-198.088837	-9.499668	-73.008934	-12.070374	0.000000	0.000000	3.750000	603.084106	70.725487
353	-35.202698	646.783936	13.222741	87.000824	0.000000	0.000000	3.750000	-15.876247	-807.562317
354	-173.755234	-225.387085	-27.132973	-66.691833	0.000000	0.000000	3.750000	175.828842	494.311737
355	-46.228691	337.776550	-9.903321	65.252762	0.000000	0.000000	3.750000	88.108383	-759.306580
356	-420.110504	122.916595	-59.140118	24.463120	0.000000	0.000000	3.750000	698.425781	-222.874298
357	43.477745	84.377914	57.991943	-68.781342	0.000000	0.000000	3.750000	-5.596809	155.746979
358	289.756256	-254.504761	34.384674	-41.637650	0.000000	0.000000	3.750000	-415.953308	561.906982
359	349.824585	312.338562	45.286823	61.033630	0.000000	0.000000	3.750000	-401.710968	-536.988464
360	203.605347	430.325378	41.425739	75.365158	0.000000	0.000000	3.750000	-523.909546	-992.838684
361	-224.846771	432.963135	-32.599388	68.653320	0.000000	0.000000	3.750000	264.239471	-519.329956
362	424.575287	238.850311	62.468616	31.585850	0.000000	0.000000	3.750000	-586.270386	-211.384796
363	64.402740	257.884979	12.222320	79.060822	0.000000	0.000000	3.750000	-33.133892	-201.843002
364	256.369873	293.493408	30.712868	51.543350	0.000000	0.000000	3.750000	-315.786530	-693.831665
365	-22.136246	-277.528687	-8.958601	-65.389130	0.000000	0.000000	3.750000	20.053537	565.893860
366	439.546997	-425.791443	62.283325	-62.167419	0.000000	0.000000	3.750000	-720.778931	716.180664
367	33.386513	-378.107239	0.756421	-63.995522	0.000000	0.000000	3.750000	24.831667	519.862671
368	42.234703	-527.086853	20.030886	-83.634430	0.000000	0.000000	3.750000	-30.806425	299.806396
369	-315.819336	367.766113	-39.033180	50.718933	0.000000	0.000000	3.750000	416.054047	-598.264282
370	-196.207123	101.392075	-60.847828	19.836948	0.000000	0.000000	3.750000	168.929123	-92.379044
371	300.172516	-121.015434	50.988853	-27.642899	0.000000	0.000000	3.750000	-394.460632	129.493652
372	-303.115662	-199.571442	-72.320129	-34.201321	0.000000	0.000000	3.750000	335.852539	61.369232
373	245.265869	-362.688446	37.021820	-47.216351	0.000000	0.000000	3.750000	-326.884644	487.556641
374	-96.684692	96.643463	-56.605545	44.489887	0.000000	0.000000	3.750000	116.834122	-13.401081
375	-513.070129	-311.234711	-66.162628	-48.440678	0.000000	0.000000	3.750000	786.608948	438.648010
376	-151.225647	-178.941650	-23.306053	-70.203964	0.000000	0.000000	3.750000	23.228960	27.666948
377	-507.134399	-121.600876	-70.071800	-16.551128	0.000000	0.000000	3.750000	802.613953	124.966675
378	-413.438293	-5.664945	-61.601028	7.022312	0.000000	0.000000	3.750000	624.121033	-80.073799
379	-278.445984	193.600891	-37.613914	38.745228	0.000000	0.000000	3.750000	443.633209	-514.870056
380	8.626219	55.543270	27.208101	57.928329	0.000000	0.000000	3.750000	-84.306412	-124.746147
381	-481.045959	-184.750336	-78.459747	-15.622330	0.000000	0.000000	3.750000	925.089355	56.538593
382	200.810074	-57.887222	68.795044	12.868650	0.000000	0.000000	3.750000	-52.956326	-19.949959
383	119.658073	-157.801453	22.965456	-76.631020	0.000000	0.000000	3.750000	-97.259834	105.164062
384	202.155258	238.375290	35.182556	53.461922	0.000000	0.000000	3.750000	-173.562302	-327.486176
385	-178.404495	360.607452	-29.130161	61.444557	0.000000	0.000000	3.750000	293.478058	-613.620728
386	-170.499542	-351.367828	-44.077057	-56.931412	0.000000	0.000000	3.750000	236.762939	510.758331
387	-353.884674	14.328918	-71.803902	5.310338	0.000000	0.000000	3.750000	584.446594	-58.539734
388	76.888794	428.660553	9.993040	65.239044	0.000000	0.000000	3.750000	-17.393436	-612.185669
389	177.157593	-477.680054	23.502388	-68.056129	0.000000	0.000000	3.750000	-232.470261	813.808472
390	77.374802	380.310028	10.781567	89.351852	0.000000	0.000000	3.750000	-32.079601	-404.033264
391	-398.281250	326.952454	-38.384224	53.690315	0.000000	0.000000	3.750000	355.202484	-579.642700
392	-396.300262	-320.565491	-57.589653	-43.213726	0.000000	0.000000	3.750000	628.971252	349.701782
393	-61.710495	-384.241791	-21.196815	-58.264008	0.000000	0.000000	3.750000	271.696991	718.992676
394	160.834076	-76.378998	61.978592	1.627285	0.000000	0.000000	3.750000	-467.641205	25.531353
395	442.804352	-214.959167	62.946381	-30.622620	0.000000	0.000000	3.750000	-770.445862	239.649063
396	-283.210022	-298.044189	-36.259220	-42.676315	0.000000	0.000000	3.750000	408.932556	570.957886
397	114.192719	253.029205	22.030819	44.884769	0.000000	0.000000	3.750000	-257.029968	-602.090210
398	101.282196	-246.890839	19.028236	-77.704086	0.000000	0.000000	3.750000	-140.577927	651.169617
399	-296.030945	-99.224899	-42.197441	-39.791641	0.000000	0.000000	3.750000	403.521942	419.504089
400	317.578430	76.869720	63.943459	-2.689556	0.000000	0.000000	3.750000	-612.323303	34.350212
401	-407.303406	-389.491974	-60.972549	-51.791344	0.000000	0.000000	3.750000	734.008728	509.102875
402	241.925201	-208.725357	36.935505	-49.797249	0.000000	0.000000	3.750000	-213.261292	339.404327
403	273.169891	-293.208374	43.275169	-67.284904	0.000000	0.000000	3.750000	-399.528992	588.117065
404	-309.614410	38.294796	-64.321198	-40.481888	0.000000	0.000000	3.750000	390.397766	231.379593
405	-282.768188	156.804047	-41.456497	43.374622	0.000000	0.000000	3.750000	350.509644	-408.443634
406	-363.469330	-68.458504	-58.580368	-12.974617	0.000000	0.000000	3.750000	404.795654	98.239883
407	215.898468	-346.331635	34.444813	-56.298691	0.000000	0.000000	3.750000	-224.183380	577.707092
408	87.612595	-485.029785	13.719898	-84.898544	0.000000	0.000000	3.750000	-102.490181	725.258057
409	-207.133835	-128.557434	-46.880699	-37.445957	0.000000	0.000000	3.750000	376.377533	326.882416
410	69.218903	-414.758301	33.676804	-79.131989	0.000000	0.000000	3.750000	-210.442566	447.575958
411	78.205017	86.219269	7.693065	51.427753	0.000000	0.000000	3.750000	-30.889164	-439.899841
412	-196.782623	-292.170990	-41.154839	-49.013054	0.000000	0.000000	3.750000	296.940002	364.944580
413	97.036339	247.362854	9.558573	53.147278	0.000000	0.000000	3.750000	-83.818016	-482.192810
414	-35.875488	177.301483	-22.109371	55.777618	0.000000	0.000000	3.750000	168.756393	-266.462585
415	-481.312256	-177.639908	-68.805069	-27.236897	0.000000	0.000000	3.750000	828.529053	157.666855
416	-338.355316	-417.712341	-46.000389	-65.451904	0.000000	0.000000	3.750000	348.112030	718.780823
417	-46.567177	408.821655	-9.080427	67.390991	0.000000	0.000000	3.750000	66.983521	-492.050903
418	-114.759155	-315.841888	-22.311838	-64.235344	0.000000	0.000000	3.750000	151.063004	580.318604
419	-408.448914	146.539261	-72.989136	21.179230	0.000000	0.000000	3.750000	485.291351	-48.512646
420	-23.188417	-196.829224	-17.583401	-65.664169	0.000000	0.000000	3.750000	2.387981	26.038008
421	-128.285309	-52.775845	-45.958199	-1.960009	0.000000	0.000000	3.750000	130.145538	13.659381
422	155.237671	-338.500488	39.842731	-57.554813	0.000000	0.000000	3.750000	-394.489014	620.355469
423	74.917984	-288.599731	29.872162	-63.305996	0.000000	0.000000	3.750000	-126.874519	306.602203
424	-267.920044	325.464172	-57.109406	69.559418	0.000000	0.000000	3.750000	333.554596	-457.758118
425	77.006012	472.639954	18.740913	75.715042	0.000000	0.000000	3.750000	-86.698044	-702.545349
426	-412.479980	-262.260498	-55.178650	-43.073326	0.000000	0.000000	3.750000	647.837585	382.089661
427	156.778412	-92.728355	27.197758	-68.820633	0.000000	0.000000	3.750000	-176.278214	382.975281
428	-200.086456	-305.862457	-38.543892	-76.878868	0.000000	0.000000	3.750000	226.446838	592.819885
429	-367.632507	271.805054	-57.539719	32.329182	0.000000	0.000000	3.750000	579.801025	-239.992493
430	302.124146	-348.628174	44.611580	-48.639542	0.000000	0.000000	3.750000	-357.383392	446.478485
431	-435.097412	-359.958008	-58.154709	-51.981052	0.000000	0.000000	3.750000	361.040192	346.388947
432	-349.685638	69.028114	-77.934677	-3.191601	0.000000	0.000000	3.750000	696.248962	40.129925
433	667.654541	193.833252	95.522736	9.559464	0.000000	0.000000	3.750000	-626.219910	10.608121
434	215.647995	-426.157959	19.832550	-79.565414	0.000000	0.000000	3.750000	-91.175812	294.213196
435	-344.615723	-420.679138	-47.796684	-61.639870	0.000000	0.000000	3.750000	445.884430	714.867798
436	-104.475525	86.251312	-71.398872	44.218208	0.000000	0.000000	3.750000	131.684494	38.378777
437	111.733109	-399.526184	15.399763	-84.609856	0.000000	0.000000	3.750000	-26.314726	554.321289
438	140.270508	-282.421570	25.700436	-51.995071	0.000000	0.000000	3.750000	-243.742859	498.659454
439	26.557285	404.568756	0.718453	67.996201	0.000000	0.000000	3.750000	18.794197	-947.468201
440	420.948212	-270.625519	47.675812	-42.696793	0.000000	0.000000	3.750000	-586.015381	459.899292
441	333.287903	580.417908	45.473629	72.994141	0.000000	0.000000	3.750000	-415.003906	-809.971130
442	-254.341537	-104.003510	-62.955597	-25.701458	0.000000	0.000000	3.750000	475.127991	79.037582
443	-317.848724	3.923106	-63.048512	10.994761	0.000000	0.000000	3.750000	447.847839	-98.650360
444	35.046505	-249.837204	12.805429	-68.816368	0.000000	0.000000	3.750000	69.798370	163.373764
445	-212.932877	-63.881950	-61.228325	-24.638456	0.000000	0.000000	3.750000	304.271606	34.894745
446	-32.686905	-284.416382	-28.291893	-59.628586	0.000000	0.000000	3.750000	167.269455	320.036743
447	-17.774456	78.176987	-2.018173	47.952293	0.000000	0.000000	3.750000	36.036743	-33.322327
448	282.163879	-100.084549	67.442238	-8.691609	0.000000	0.000000	3.750000	-499.017670	74.939369
449	-272.897400	-116.846710	-56.238312	-14.186069	0.000000	0.000000	3.750000	442.595032	38.974831
450	-1.000097	-314.472656	14.319148	-76.671867	0.000000	0.000000	3.750000	38.522186	181.065613
451	-24.157942	447.964081	-4.391750	71.865929	0.000000	0.000000	3.750000	24.726091	-790.092285
452	290.019684	-530.687866	46.968830	-64.760460	0.000000	0.000000	3.750000	-344.143372	671.117798
453	-218.252289	-82.636444	-57.910458	3.221329	0.000000	0.000000	3.750000	1185.858154	34.696220
454	-309.724731	220.950089	-67.737373	34.462170	0.000000	0.000000	3.750000	429.228455	-287.490570
455	-89.148979	-341.649872	-10.264784	-69.243248	0.000000	0.000000	3.750000	15.737682	613.875977
456	295.044922	-243.123535	49.479195	-49.515686	0.000000	0.000000	3.750000	-407.201050	506.617920
457	-202.234619	284.173889	-30.820274	36.798237	0.000000	0.000000	3.750000	410.325653	-578.966187
458	177.115280	-205.998718	43.967773	-59.521339	0.000000	0.000000	3.750000	-281.392090	257.819336
459	-41.986618	-274.820129	5.932131	-67.740715	0.000000	0.000000	3.750000	9.354311	538.262329
460	68.165115	342.986481	25.970459	51.860725	0.000000	0.000000	3.750000	-250.479187	-475.734924
461	78.291893	-479.197906	13.047838	-82.980408	0.000000	0.000000	3.750000	-56.116600	724.860474
462	-212.411545	-328.708130	-36.455185	-42.509041	0.000000	0.000000	3.750000	389.222961	521.054871
463	147.171326	403.440125	24.550632	65.553482	0.000000	0.000000	3.750000	-168.579391	-741.140808
464	20.182737	386.153046	6.246201	71.728546	0.000000	0.000000	3.750000	-25.373524	-584.989502
465	-78.141106	-462.185608	-27.576941	-75.096680	0.000000	0.000000	3.750000	214.073914	649.772339
466	-387.187073	367.097870	-69.229935	54.325100	0.000000	0.000000	3.750000	865.409302	-648.266052
467	-410.418945	585.246948	-64.672562	62.589600	0.000000	0.000000	3.750000	662.205811	-575.753784
468	356.518219	-184.224945	52.464676	-46.340668	0.000000	0.000000	3.750000	-598.883728	531.960266
469	28.620722	-430.862183	-4.427370	-63.846672	0.000000	0.000000	3.750000	10.800527	747.447571
470	304.645355	322.401184	38.713501	43.188698	0.000000	0.000000	3.750000	-468.842468	-439.894196
471	-295.732697	183.574615	-67.883186	23.997360	0.000000	0.000000	3.750000	592.252747	-199.902283
472	-436.071442	-176.362137	-61.817013	-47.567242	0.000000	0.000000	3.750000	529.449036	294.131287
473	182.994019	413.093567	36.535767	86.609077	0.000000	0.000000	3.750000	-163.823502	-463.971436
474	65.069260	-225.763000	10.641179	-63.109135	0.000000	0.000000	3.750000	-97.277451	411.835236
475	361.867615	-226.235855	58.265907	-38.795395	0.000000	0.000000	3.750000	-638.037781	372.782410
476	397.570801	106.141632	65.997353	-0.590189	0.000000	0.000000	3.750000	-791.406067	57.087929
477	-141.755219	-349.415070	-32.182976	-62.163132	0.000000	0.000000	3.750000	283.532440	629.870850
478	101.844452	518.912720	10.340685	75.293129	0.000000	0.000000	3.750000	35.351566	-939.587830
479	-544.195129	-406.349396	-70.322983	-59.318359	0.000000	0.000000	3.750000	690.110840	453.863647
480	453.728394	-164.980133	79.254395	-46.719761	0.000000	0.000000	3.750000	-457.756561	238.312897
481	-281.216980	318.373962	-49.058212	49.932858	0.000000	0.000000	3.750000	479.021118	-552.403259
482	-325.922363	-196.866730	-45.753998	-41.839767	0.000000	0.000000	3.750000	350.084625	249.183441
483	346.079559	-388.503723	37.098293	-61.706673	0.000000	0.000000	3.750000	-347.309967	699.845032
484	-121.655144	-203.013489	-24.823587	-54.624062	0.000000	0.000000	3.750000	167.803467	416.941345
485	-461.578186	-167.689209	-60.934166	-30.183142	0.000000	0.000000	3.750000	674.376526	234.849808
486	-352.100616	-271.016998	-49.002403	-52.751881	0.000000	0.000000	3.750000	414.176147	536.087158
487	454.501038	-125.932785	74.552574	-34.145119	0.000000	0.000000	3.750000	-1044.316650	254.821579
488	-10.041048	90.444641	-69.978752	1.724434	0.000000	0.000000	3.750000	250.976364	3.306168
489	-219.118011	354.285858	-39.613014	42.365181	0.000000	0.000000	3.750000	498.639893	-595.321594
490	197.966599	-417.687653	23.423532	-76.494019	0.000000	0.000000	3.750000	-181.642365	835.797180
491	-294.295990	155.769333	-67.160095	19.736248	0.000000	0.000000	3.750000	422.254150	-150.689133
492	15.645791	-53.674202	18.469769	-79.891846	0.000000	0.000000	3.750000	-5.622149	133.203812
493	203.600754	-439.000610	39.089993	-89.866417	0.000000	0.000000	3.750000	-351.844757	831.077209
494	26.880089	162.671936	-26.058113	42.672852	0.000000	0.000000	3.750000	259.672089	-350.475830
495	-398.167847	-269.569855	-49.421619	-55.077213	0.000000	0.000000	3.750000	417.721893	576.285706
496	-439.241913	-81.208801	-59.424065	-23.765030	0.000000	0.000000	3.750000	733.891663	204.358536
497	464.280914	-247.474152	63.688450	-37.679848	0.000000	0.000000	3.750000	-736.335205	286.327789
498	-43.282440	410.054779	3.357713	77.927658	0.000000	0.000000	3.750000	16.297127	-517.432495
499	-252.715973	381.345337	-37.726383	54.154411	0.000000	0.000000	3.750000	164.154144	-174.855438
500	-499.310028	-228.950806	-70.940063	-41.127831	0.000000	0.000000	3.750000	720.173706	304.635620
501	-330.760895	-213.869812	-56.625683	-47.639595	0.000000	0.000000	3.750000	502.673706	376.476685
502	-118.917374	-356.508514	-15.950433	-61.980431	0.000000	0.000000	3.750000	59.785328	672.443237
503	-55.130943	358.868530	10.898825	75.214233	0.000000	0.000000	3.750000	-3.622672	-221.160538
504	32.381203	55.817375	35.927208	82.518066	0.000000	0.000000	3.750000	-125.978638	-276.456970
505	258.799774	-192.334885	46.690674	-69.828186	0.000000	0.000000	3.750000	-314.621613	558.792908
506	127.442947	371.255157	25.790974	60.752094	0.000000	0.000000	3.750000	-164.032471	-647.143494
507	279.697571	-267.421661	41.759655	-45.827156	0.000000	0.000000	3.750000	-352.202667	476.617310
508	-89.625717	29.303949	-51.947044	-2.345855	0.000000	0.000000	3.750000	464.862091	-8.395559
509	-307.103149	239.581772	-64.038780	40.926949	0.000000	0.000000	3.750000	430.685822	-378.158234
510	-335.457581	60.691601	-72.861725	-21.613852	0.000000	0.000000	3.750000	307.845856	117.506203
511	354.238281	-191.149567	58.104187	-52.037483	0.000000	0.000000	3.750000	-459.603790	354.755737
512	221.465637	249.880615	37.163582	44.529404	0.000000	0.000000	3.750000	-320.276978	-353.997284
513	-55.863140	-219.620071	-13.232004	-72.807381	0.000000	0.000000	3.750000	79.954582	480.174957
514	37.394234	295.871887	15.602516	51.696747	0.000000	0.000000	3.750000	-122.333084	-275.972839
515	-299.923248	49.062279	-61.841286	16.481894	0.000000	0.000000	3.750000	466.535034	-86.994987
516	567.999512	-85.434219	79.742096	-37.217934	0.000000	0.000000	3.750000	-841.022095	230.638306
517	334.738342	-216.586243	56.550613	-37.762650	0.000000	0.000000	3.750000	-525.558350	242.143967
518	-86.713470	76.668762	-40.592636	-44.184090	0.000000	0.000000	3.750000	175.515869	232.265610
519	-317.428650	380.004028	-48.208488	45.077049	0.000000	0.000000	3.750000	887.267334	-704.372009
520	404.357330	270.794800	60.337151	31.359625	0.000000	0.000000	3.750000	-887.036072	-367.741516
521	-402.489868	202.360687	-75.618423	26.112316	0.000000	0.000000	3.750000	470.365845	-172.900909
522	76.446587	516.372131	17.108255	74.049225	0.000000	0.000000	3.750000	-28.734602	-801.517578
523	344.633545	478.307556	47.434818	61.918800	0.000000	0.000000	3.750000	-429.241974	-545.486877
524	-66.057518	-443.351044	-11.886236	-68.983429	0.000000	0.000000	3.750000	64.384476	782.337036
525	43.560131	201.777893	31.609987	69.114426	0.000000	0.000000	3.750000	-87.218849	-176.682587
526	-23.399315	-59.563065	-18.846144	-52.733017	0.000000	0.000000	3.750000	109.184441	159.204147
527	256.961426	-205.878845	40.518269	-38.655788	0.000000	0.000000	3.750000	-427.128448	416.268738
528	-323.653564	-125.607841	-54.906471	-28.797176	0.000000	0.000000	3.750000	595.882568	247.102661
529	-61.592575	114.658577	-24.660900	45.780312	0.000000	0.000000	3.750000	219.662125	-340.374634
530	481.618652	89.384529	69.511429	8.255884	0.000000	0.000000	3.750000	-658.271790	-43.018673
531	-115.116028	391.505615	-34.414112	53.959869	0.000000	0.000000	3.750000	269.625153	-497.382690
532	335.304840	-265.663605	41.593719	-48.641159	0.000000	0.000000	3.750000	-398.851898	517.311890
533	-332.864868	-267.104828	-62.155701	-50.365173	0.000000	0.000000	3.750000	423.844452	249.395111
534	-69.715897	-296.117493	-18.227903	-67.585083	0.000000	0.000000	3.750000	124.140396	455.252502
535	-371.693115	2.438877	-65.648087	-17.729307	0.000000	0.000000	3.750000	629.940063	173.275879
536	595.993347	-308.357941	84.503090	-41.172897	0.000000	0.000000	3.750000	-809.867798	246.875107
537	-448.967224	107.633675	-73.222794	10.696650	0.000000	0.000000	3.750000	855.933533	-47.917835
538	-214.681778	320.377533	-44.420944	48.813721	0.000000	0.000000	3.750000	438.564178	-478.162720
539	-13.695038	169.077698	-29.027744	72.395088	0.000000	0.000000	3.750000	53.304287	-92.682533
540	325.149475	-292.526062	36.624931	-50.026115	0.000000	0.000000	3.750000	-382.691864	663.805237
541	-224.557968	-238.917511	-65.515343	-45.909889	0.000000	0.000000	3.750000	402.591797	383.496552
542	-206.739929	-455.206360	-30.932884	-84.517181	0.000000	0.000000	3.750000	374.514984	1271.241943
543	-11.682863	106.425224	-28.903168	-68.112144	0.000000	0.000000	3.750000	6.829693	86.677528
544	-127.584358	321.445740	-20.911163	62.599670	0.000000	0.000000	3.750000	150.129913	-646.963501
545	-345.201904	35.359413	-60.626114	-26.085907	0.000000	0.000000	3.750000	578.034424	247.442322
546	-9.583359	-31.339729	-25.689730	-56.424126	0.000000	0.000000	3.750000	133.078323	90.969093
547	-253.763672	-26.986856	-60.489994	-39.050278	0.000000	0.000000	3.750000	181.904984	85.714317
548	41.173416	-2.488400	-27.490540	-75.128326	0.000000	0.000000	3.750000	79.111671	166.577179
549	53.279808	514.983582	8.030274	73.562988	0.000000	0.000000	3.750000	-27.150551	-630.778748
550	163.458557	140.904510	29.904957	58.836132	0.000000	0.000000	3.750000	-155.479614	-366.439148
551	-162.220108	86.397789	-67.074203	20.026026	0.000000	0.000000	3.750000	252.246063	-43.405212
552	389.622375	-56.362923	59.602959	-23.312553	0.000000	0.000000	3.750000	-672.162659	120.815971
553	-257.877380	-255.306488	-51.385918	-47.534069	0.000000	0.000000	3.750000	567.344177	534.854797
554	-250.787292	49.184963	-69.970596	16.973522	0.000000	0.000000	3.750000	404.685577	-35.689205
555	320.930725	-364.376740	36.913582	-64.135590	0.000000	0.000000	3.750000	-240.659378	671.872437
556	47.304527	-357.781677	10.491064	-59.075691	0.000000	0.000000	3.750000	-103.167114	764.797424
557	-165.469955	376.373260	-22.865807	55.472054	0.000000	0.000000	3.750000	61.003605	-140.509598
558	-262.519775	190.701035	-40.546677	29.256874	0.000000	0.000000	3.750000	688.543762	-372.008087
559	-120.288536	-81.664047	-60.018860	-27.453817	0.000000	0.000000	3.750000	210.314865	65.318153
560	198.548492	18.573143	51.943855	2.412009	0.000000	0.000000	3.750000	-407.824646	59.006363
561	223.538757	-325.057312	38.777435	-48.376747	0.000000	0.000000	3.750000	-353.632538	497.426331
562	249.569855	434.799927	39.568115	50.302715	0.000000	0.000000	3.750000	-452.504272	-670.686646
563	-150.874176	-208.392456	-19.340586	-69.353714	0.000000	0.000000	3.750000	36.739460	112.010834
564	-41.198235	308.540161	-10.051657	40.779457	0.000000	0.000000	3.750000	119.369438	-656.671936
565	-226.021118	507.649414	-40.878426	71.084122	0.000000	0.000000	3.750000	224.147034	-497.541565
566	171.684525	56.730614	73.863693	4.485383	0.000000	0.000000	3.750000	-404.032013	49.017872
567	-66.626740	164.073914	18.352158	71.688141	0.000000	0.000000	3.750000	-97.694595	-263.580658
568	352.844299	277.203735	58.638275	30.291130	0.000000	0.000000	3.750000	-468.376678	-243.657242
569	336.265930	460.666046	43.369793	67.223961	0.000000	0.000000	3.750000	-455.600739	-748.964600
570	-166.052338	-4.328559	-52.471443	19.563814	0.000000	0.000000	3.750000	362.692261	-180.992569
571	438.174255	208.018738	52.490364	36.616379	0.000000	0.000000	3.750000	-645.842651	-345.537476
572	49.626312	-251.553345	28.372040	-52.867920	0.000000	0.000000	3.750000	-160.262848	231.679855
573	223.606918	170.849518	47.088806	30.308971	0.000000	0.000000	3.750000	-501.887512	-203.777115
574	-535.377563	-385.926025	-70.280853	-62.422729	0.000000	0.000000	3.750000	525.414185	405.806885
575	-374.584106	343.114746	-58.033821	49.072151	0.000000	0.000000	3.750000	137.768311	-112.726311
576	127.229645	480.680878	29.116526	70.201065	0.000000	0.000000	3.750000	-61.399723	-335.387909
577	528.964111	70.791519	79.231400	11.062735	0.000000	0.000000	3.750000	-1033.834717	-161.263245
578	344.830444	-133.698334	72.570496	-14.474741	0.000000	0.000000	3.750000	-674.614929	73.238914
579	457.473969	-148.185425	65.715088	-34.022438	0.000000	0.000000	3.750000	-675.653381	312.224640
580	-88.232872	-264.800201	-11.634060	-50.681828	0.000000	0.000000	3.750000	139.929260	974.630249
581	-223.912033	-427.013062	-37.430679	-61.505630	0.000000	0.000000	3.750000	326.776825	640.840637
582	160.057404	298.990417	32.702034	64.144966	0.000000	0.000000	3.750000	-197.519867	-404.684143
583	382.432434	-114.884651	75.823921	-5.170389	0.000000	0.000000	3.750000	-525.438110	40.612736
584	-69.266586	-6.965561	-34.206234	65.604698	0.000000	0.000000	3.750000	81.340446	-34.623600
585	-42.291821	195.970993	-11.036126	65.070732	0.000000	0.000000	3.750000	105.848083	-442.702759
586	-310.893646	-46.908710	-59.505848	-7.684468	0.000000	0.000000	3.750000	615.610718	22.991241
587	73.657509	258.548523	18.262466	65.501678	0.000000	0.000000	3.750000	-158.470734	-373.169098
588	231.686203	-235.963745	57.318863	-32.719158	0.000000	0.000000	3.750000	-579.806213	249.197128
589	-29.176689	266.978088	-10.626896	59.051403	0.000000	0.000000	3.750000	128.722977	-604.994629
590	56.700111	43.115799	8.985874	85.508331	0.000000	0.000000	3.750000	22.738979	1.569226
591	313.461639	-311.447784	41.256020	-63.827400	0.000000	0.000000	3.750000	-294.643890	552.010620
592	-88.434303	55.667351	-13.554045	68.675163	0.000000	0.000000	3.750000	107.864410	-378.256226
593	268.730347	-23.043444	57.183517	-28.740154	0.000000	0.000000	3.750000	-334.680145	68.816269
594	-370.443726	104.390213	-63.676575	23.859819	0.000000	0.000000	3.750000	643.578857	-187.408997
595	151.496155	-101.081291	63.991180	1.034032	0.000000	0.000000	3.750000	-284.747223	84.607155
596	311.495270	388.639099	41.231213	59.025307	0.000000	0.000000	3.750000	-362.539856	-506.437469
597	13.120398	-155.462906	73.495468	-36.362656	0.000000	0.000000	3.750000	-266.561981	241.168503
598	208.823547	-240.640533	64.390762	-40.370487	0.000000	0.000000	3.750000	-199.038147	194.468307
599	399.656433	-320.042786	64.768890	-46.957329	0.000000	0.000000	3.750000	-638.828064	457.405884
600	506.346436	-99.730225	83.376312	-21.080297	0.000000	0.000000	3.750000	-816.632812	103.943428
601	335.914398	-364.403198	46.350456	-46.985474	0.000000	0.000000	3.750000	-561.593384	524.850220
602	368.132141	-29.405577	71.916344	-3.469038	0.000000	0.000000	3.750000	-655.620178	89.717453
603	364.924469	142.087006	67.872131	24.028599	0.000000	0.000000	3.750000	-520.664856	-173.464706
604	370.442230	-163.779480	50.227585	-36.348164	0.000000	0.000000	3.750000	-490.354675	316.975250
605	-59.390793	-17.426117	3.582107	-69.907333	0.000000	0.000000	3.750000	66.146194	194.140747
606	208.779572	-304.904510	53.790436	-47.860096	0.000000	0.000000	3.750000	-493.061035	405.661652
607	-16.330015	-195.271133	3.779146	-65.888466	0.000000	0.000000	3.750000	44.911041	121.168541
608	376.109802	-166.628662	55.884705	-35.112671	0.000000	0.000000	3.750000	-516.320312	303.113556
609	166.873032	449.712921	23.918732	70.027802	0.000000	0.000000	3.750000	-216.423248	-774.633728
610	425.796539	-237.134399	64.495140	-27.209335	0.000000	0.000000	3.750000	-639.499023	94.513420
611	-34.486851	288.026978	-9.331738	79.453590	0.000000	0.000000	3.750000	-4.400662	-286.689545
612	-205.502502	-468.344299	-39.376282	-65.003860	0.000000	0.000000	3.750000	310.607788	684.283569
613	-245.635025	348.895142	-34.437275	46.669846	0.000000	0.000000	3.750000	405.165375	-553.856567
614	-148.479065	-414.655273	-9.343239	-73.407745	0.000000	0.000000	3.750000	15.666733	777.685242
615	-367.906464	-124.155975	-69.434395	-25.590315	0.000000	0.000000	3.750000	556.421326	203.173508
616	88.925766	-430.637177	-3.809405	-69.896255	0.000000	0.000000	3.750000	1.489058	761.058777
617	-138.931122	-161.129715	-18.895126	-71.546967	0.000000	0.000000	3.750000	107.161118	316.599884
618	-59.223797	-172.897369	18.390551	-73.741348	0.000000	0.000000	3.750000	-99.256577	331.929810
619	646.456055	-104.725983	90.813751	-24.266281	0.000000	0.000000	3.750000	-878.420776	147.579269
620	-6.577838	-57.272331	53.532215	-56.727821	0.000000	0.000000	3.750000	-89.835823	153.998413
621	335.472839	-73.953941	61.177750	-37.964165	0.000000	0.000000	3.750000	-88.560501	64.078735
622	131.598953	-349.360870	35.866425	-57.771854	0.000000	0.000000	3.750000	-147.338577	330.859314
623	221.052353	110.360641	60.406879	21.142548	0.000000	0.000000	3.750000	-228.181152	-65.078232
624	-137.194031	-237.131256	-4.238303	-69.870819	0.000000	0.000000	3.750000	123.944237	322.971497
625	0.984573	-38.936665	14.491796	-58.223557	0.000000	0.000000	3.750000	-31.400078	170.200790
626	144.042862	636.837402	24.610596	90.721024	0.000000	0.000000	3.750000	-110.505394	-690.650330
627	-358.403748	370.394897	-49.837517	49.155060	0.000000	0.000000	3.750000	446.797424	-511.142914
628	-407.950104	-237.720917	-61.089439	-34.177040	0.000000	0.000000	3.750000	681.933594	237.403183
629	365.257141	122.202538	69.741982	6.004093	0.000000	0.000000	3.750000	-647.945374	-121.377533
630	-100.354301	-561.140198	-23.033230	-76.612335	0.000000	0.000000	3.750000	102.515999	868.777527
631	378.856781	393.858856	55.963425	45.299965	0.000000	0.000000	3.750000	-728.839722	-425.798645
632	-437.752869	-150.303833	-73.889755	-24.986032	0.000000	0.000000	3.750000	653.957458	163.711426
633	-407.599030	251.426834	-78.749985	29.230648	0.000000	0.000000	3.750000	1035.713135	-526.780640
634	90.343147	-394.488861	22.259392	-64.253548	0.000000	0.000000	3.750000	-114.538345	302.882080
635	-357.167694	-252.356018	-54.098629	-34.195435	0.000000	0.000000	3.750000	723.841919	266.929901
636	22.748058	71.122223	9.816316	55.132915	0.000000	0.000000	3.750000	-79.090096	-321.979767
637	49.133827	-258.744904	11.808289	-62.901112	0.000000	0.000000	3.750000	-7.535163	515.010559
638	271.093262	-265.812317	50.561867	-32.303200	0.000000	0.000000	3.750000	-499.693146	278.780487
639	393.408508	-113.265755	78.563377	-15.092676	0.000000	0.000000	3.750000	-422.349487	47.426552
640	-0.795538	-120.627121	5.862286	-71.760849	0.000000	0.000000	3.750000	9.549508	160.501404
641	302.423950	-293.153961	45.573402	-44.933968	0.000000	0.000000	3.750000	-397.663879	479.514465
642	-131.249924	427.318512	-31.194897	67.103424	0.000000	0.000000	3.750000	262.903198	-832.560669
643	-529.392456	-124.391579	-76.915482	-22.000137	0.000000	0.000000	3.750000	880.961304	189.349426
644	-148.278641	344.539154	-30.794846	44.358112	0.000000	0.000000	3.750000	58.191437	-92.828667
645	476.884186	99.968544	82.355026	16.542360	0.000000	0.000000	3.750000	-674.923889	-138.399551
646	260.943939	159.920715	43.022926	32.634659	0.000000	0.000000	3.750000	-561.143127	-282.052307
647	-6.904939	356.952057	-10.472242	52.974808	0.000000	0.000000	3.750000	78.415855	-691.886902
648	-370.175232	90.304214	-69.069366	11.376373	0.000000	0.000000	3.750000	491.975067	-85.863007
649	79.078812	323.444031	20.236177	60.716499	0.000000	0.000000	3.750000	-114.862556	-478.064728
650	59.516983	67.005737	65.317886	49.573280	0.000000	0.000000	3.750000	-238.010849	-250.402985
651	396.502136	-202.483444	52.279106	-33.329956	0.000000	0.000000	3.750000	-499.227417	191.508514
652	-145.596542	84.746902	-75.330673	20.229385	0.000000	0.000000	3.750000	274.503296	-17.344549
653	6.742721	-144.788727	-32.348557	-62.077087	0.000000	0.000000	3.750000	170.065964	392.333679
654	196.317627	-343.161621	42.197014	-58.338768	0.000000	0.000000	3.750000	-333.346344	512.935181
655	218.118484	-222.597198	49.634155	-46.480648	0.000000	0.000000	3.750000	-368.806946	355.937531
656	2.186738	18.732668	-35.945663	60.062820	0.000000	0.000000	3.750000	261.230469	-160.964981
657	14.159281	164.741959	-18.345745	50.787720	0.000000	0.000000	3.750000	58.031021	-108.238983
658	127.350494	14.767822	54.733109	-36.881779	0.000000	0.000000	3.750000	-137.716583	111.037155
659	-576.658447	362.540558	-86.168549	61.732857	0.000000	0.000000	3.750000	866.219727	-428.021179
660	-189.657120	636.088013	-30.324818	95.291122	0.000000	0.000000	3.750000	221.010742	-940.400635
661	-69.771286	-191.108429	-22.629978	-46.817566	0.000000	0.000000	3.750000	196.927002	421.856781
662	168.978287	230.120941	40.164658	39.023071	0.000000	0.000000	3.750000	-388.008636	-384.867401
663	-247.970398	357.206604	-38.338177	58.567726	0.000000	0.000000	3.750000	291.736328	-559.832458
664	-172.179489	301.602753	-32.762199	61.859818	0.000000	0.000000	3.750000	233.503510	-493.356415
665	180.840729	393.286316	29.557842	59.011276	0.000000	0.000000	3.750000	-290.711823	-763.416931
666	-26.477428	352.297821	-21.771645	62.305634	0.000000	0.000000	3.750000	74.721474	-255.557190
667	-322.349365	214.289001	-51.849609	40.836460	0.000000	0.000000	3.750000	451.660706	-395.509857
668	-192.686951	133.645096	-71.026619	20.763866	0.000000	0.000000	3.750000	254.644699	-15.220456
669	-273.509827	-364.217346	-42.166290	-45.453312	0.000000	0.000000	3.750000	503.966797	596.150391
670	311.089447	298.324219	52.780029	72.899017	0.000000	0.000000	3.750000	-418.140106	-526.455627
671	-55.619118	-360.860535	-37.972870	-61.172382	0.000000	0.000000	3.750000	281.815460	499.533203
672	-97.571114	328.019226	-31.914631	73.358032	0.000000	0.000000	3.750000	609.844421	-842.286499
673	233.368439	329.925537	37.940620	46.481266	0.000000	0.000000	3.750000	-464.439331	-670.896729
674	-363.819153	485.326172	-46.732395	67.380066	0.000000	0.000000	3.750000	488.004791	-980.743652
675	279.933472	-38.367771	63.943695	2.683818	0.000000	0.000000	3.750000	-621.109375	-53.586117
676	434.669342	-337.164734	57.101295	-43.857063	0.000000	0.000000	3.750000	-590.619019	435.381775
677	294.005798	276.328278	54.477489	55.822945	0.000000	0.000000	3.750000	-563.711792	-515.228943
678	343.704132	323.281128	41.971169	45.633549	0.000000	0.000000	3.750000	-486.314270	-550.550537
679	130.756989	-238.073181	43.360893	-52.381577	0.000000	0.000000	3.750000	-195.518799	203.539185
680	315.710876	-72.841125	70.381851	-15.178429	0.000000	0.000000	3.750000	-360.573975	117.836617
681	-158.854218	-304.947876	-48.148369	-58.802483	0.000000	0.000000	3.750000	316.481689	452.958008
682	-353.614624	-166.236282	-69.574524	-18.530535	0.000000	0.000000	3.750000	420.578339	77.699387
683	445.530426	-39.596581	75.503868	-8.669664	0.000000	0.000000	3.750000	-760.298340	53.989483
684	406.350128	-400.456940	49.893517	-51.909889	0.000000	0.000000	3.750000	-585.643494	680.135925
685	-93.147682	342.034973	-11.063782	83.268143	0.000000	0.000000	3.750000	30.463558	-358.186981
686	266.860840	230.215561	47.288273	40.097233	0.000000	0.000000	3.750000	-139.886017	-60.328594
687	416.632019	-245.237488	58.594151	-45.196495	0.000000	0.000000	3.750000	-732.071045	480.796661
688	-8.431133	200.423065	-7.716939	73.596474	0.000000	0.000000	3.750000	104.400467	-551.396057
689	-244.448044	40.490929	-52.723331	24.171223	0.000000	0.000000	3.750000	415.389374	-241.236481
690	99.651001	528.632935	35.894390	71.495392	0.000000	0.000000	3.750000	-290.977692	-672.689758
691	-338.723755	359.569366	-67.744354	38.661369	0.000000	0.000000	3.750000	657.807556	-415.361115
692	-349.166260	294.687317	-45.135704	45.373634	0.000000	0.000000	3.750000	419.626190	-470.855652
693	-14.533207	-431.342468	-6.276272	-65.700897	0.000000	0.000000	3.750000	44.801521	765.807251
694	335.601715	-408.430511	50.460945	-48.514839	0.000000	0.000000	3.750000	-446.334656	359.383728
695	-367.960388	92.964020	-62.657784	35.468060	0.000000	0.000000	3.750000	369.484833	-292.054199
696	71.915504	-42.239017	64.528770	13.855192	0.000000	0.000000	3.750000	-108.098328	-45.640377
697	269.225708	112.162086	41.966782	37.077850	0.000000	0.000000	3.750000	-127.975342	-148.267776
698	439.273956	125.313393	57.058041	33.171951	0.000000	0.000000	3.750000	-666.056213	-325.893097
699	-259.272034	392.456696	-37.919918	56.444962	0.000000	0.000000	3.750000	92.971588	-263.631866
700	219.429596	176.583130	47.751129	36.329380	0.000000	0.000000	3.750000	-405.528870	-238.355240
701	237.932831	77.571892	79.174118	42.795261	0.000000	0.000000	3.750000	-283.046997	-128.239471
702	-86.718483	66.442879	-71.274071	-31.669416	0.000000	0.000000	3.750000	288.172180	9.509141
703	121.817703	215.381516	23.993401	36.882462	0.000000	0.000000	3.750000	-266.091187	-495.657196
704	-139.458923	385.305725	-29.453671	52.272987	0.000000	0.000000	3.750000	114.035011	-385.922150
705	130.384872	411.328949	10.605171	69.191910	0.000000	0.000000	3.750000	-1.758982	-724.677795
706	377.696014	152.908691	56.850395	29.394407	0.000000	0.000000	3.750000	-494.831482	-222.838898
707	157.805847	-480.717163	26.160095	-75.601913	0.000000	0.000000	3.750000	-257.194824	792.453491
708	102.490746	-448.320679	22.911686	-70.363739	0.000000	0.000000	3.750000	-240.867325	680.868774
709	-398.211304	-55.883224	-65.956238	-2.403098	0.000000	0.000000	3.750000	703.129395	31.196770
710	-229.936676	-278.758881	-63.044891	-45.927444	0.000000	0.000000	3.750000	255.821899	226.266113
711	-423.931641	313.867950	-58.317600	54.763657	0.000000	0.000000	3.750000	1189.272461	-1098.361938
712	244.752701	353.438751	46.572842	54.908730	0.000000	0.000000	3.750000	-476.718231	-505.587646
713	78.262848	254.789825	33.139343	68.394264	0.000000	0.000000	3.750000	-146.166763	-426.369080
714	139.444565	312.766266	28.940342	61.534157	0.000000	0.000000	3.750000	-183.822830	-511.447693
715	151.995255	-192.276703	69.083290	-26.523388	0.000000	0.000000	3.750000	-423.910553	220.127014
716	-15.058619	-252.536911	16.990944	-57.543362	0.000000	0.000000	3.750000	-103.251480	160.031509
717	332.613739	-352.891388	42.291367	-42.561008	0.000000	0.000000	3.750000	-600.899780	534.418945
718	304.946838	239.379486	47.540306	42.847622	0.000000	0.000000	3.750000	-355.620209	-278.385681
719	390.050385	-466.974091	55.972832	-59.925293	0.000000	0.000000	3.750000	-635.724060	788.040894
720	223.149170	-80.417580	55.920715	2.978200	0.000000	0.000000	3.750000	-335.906616	2.306849
721	541.375793	200.374237	79.332497	27.610725	0.000000	0.000000	3.750000	-675.546448	-172.239288
722	-218.045166	122.125854	-65.681274	38.235718	0.000000	0.000000	3.750000	393.999847	-248.326447
723	158.692062	450.120056	36.307045	64.480972	0.000000	0.000000	3.750000	-340.736603	-732.408203
724	213.902893	276.706879	52.028801	49.769436	0.000000	0.000000	3.750000	-557.061829	-415.836212
725	-87.739662	-387.141113	-18.395329	-55.005531	0.000000	0.000000	3.750000	150.651489	730.757446
726	-344.085083	54.772301	-65.581818	-7.417872	0.000000	0.000000	3.750000	675.889832	76.201584
727	345.509827	377.175537	45.932941	50.141449	0.000000	0.000000	3.750000	-420.586212	-436.475922
728	-176.404373	-30.748356	-75.279770	27.071074	0.000000	0.000000	3.750000	374.387146	-30.100170
729	175.334763	-494.302765	33.318085	-66.074951	0.000000	0.000000	3.750000	-268.377502	733.218506
730	-166.099548	-135.724213	-61.526569	-44.614365	0.000000	0.000000	3.750000	207.538269	111.934296
731	-72.586967	371.281464	-4.452254	57.828861	0.000000	0.000000	3.750000	32.342510	-689.484375
732	227.797897	-99.800667	72.660187	-14.007509	0.000000	0.000000	3.750000	-113.411476	8.923750
733	259.458130	23.809660	49.796520	4.505768	0.000000	0.000000	3.750000	-660.102051	53.901241
734	-319.018341	560.612976	-49.838196	72.526886	0.000000	0.000000	3.750000	192.723114	-271.106079
735	74.065002	390.137024	8.892710	57.314190	0.000000	0.000000	3.750000	-33.483894	-739.998657
736	41.881596	12.706984	-50.734795	42.211910	0.000000	0.000000	3.750000	164.459930	-80.935646
737	98.049538	103.992363	44.628742	56.500008	0.000000	0.000000	3.750000	-310.966949	-291.349396
738	-264.168091	-155.506012	-44.776512	-26.439669	0.000000	0.000000	3.750000	375.346497	151.175247
739	110.248474	470.018829	3.482227	71.915710	0.000000	0.000000	3.750000	37.738747	-804.215820
740	-407.663940	355.476044	-59.482048	53.496582	0.000000	0.000000	3.750000	680.858582	-553.572388
741	-415.555267	-270.814850	-61.504768	-41.147926	0.000000	0.000000	3.750000	761.813538	327.303650
742	-203.059769	330.382172	-24.169304	59.260754	0.000000	0.000000	3.750000	56.575062	-183.071564
743	-399.561340	176.916092	-65.669113	34.111107	0.000000	0.000000	3.750000	633.984619	-333.687012
744	36.445641	284.230347	-3.665110	61.891575	0.000000	0.000000	3.750000	30.321955	-540.081848
745	216.916931	381.534973	36.389046	59.798256	0.000000	0.000000	3.750000	-182.730270	-361.656097
746	-151.627502	-230.845398	-36.632347	-52.479210	0.000000	0.000000	3.750000	211.334198	355.119019
747	257.921967	-383.111877	41.946785	-56.039856	0.000000	0.000000	3.750000	-420.412964	687.943115
748	137.666153	349.251862	33.207439	70.577942	0.000000	0.000000	3.750000	-137.867065	-471.926392
749	79.254684	333.494049	14.495279	66.436920	0.000000	0.000000	3.750000	-0.200793	-559.868469
750	181.720093	-332.138153	36.372765	-55.072823	0.000000	0.000000	3.750000	-222.844406	455.983215
751	261.812714	-419.262543	52.001228	-55.424431	0.000000	0.000000	3.750000	-420.604736	542.936218
752	198.265549	-121.409035	56.551704	-12.880403	0.000000	0.000000	3.750000	-352.653259	71.941818
753	338.131256	278.329010	36.822235	49.881088	0.000000	0.000000	3.750000	-337.004791	-498.516510
754	234.018768	-167.851379	57.655666	-32.121887	0.000000	0.000000	3.750000	-477.254272	186.845200
755	349.698914	298.376556	53.699966	47.961494	0.000000	0.000000	3.750000	-761.422241	-490.518402
756	-269.862183	483.092468	-48.129898	73.671539	0.000000	0.000000	3.750000	468.499481	-1090.982788
757	-404.676788	-27.715876	-79.758476	6.211545	0.000000	0.000000	3.750000	726.676208	-79.370880
758	295.005585	-297.786804	46.961754	-40.479530	0.000000	0.000000	3.750000	-561.058533	420.643372
759	-358.974121	-185.069351	-59.627251	-32.689167	0.000000	0.000000	3.750000	407.283478	152.814972
760	-506.118744	380.370880	-57.907440	58.057968	0.000000	0.000000	3.750000	553.888245	-581.642639
761	-213.474487	-184.000046	-58.700180	-38.132820	0.000000	0.000000	3.750000	102.786209	54.209103
762	-302.463043	-300.397003	-36.367580	-45.181828	0.000000	0.000000	3.750000	389.642975	589.755676
763	-189.634247	408.714874	-34.033451	78.979263	0.000000	0.000000	3.750000	247.566666	-613.026184
764	323.637665	317.706940	42.780369	47.600800	0.000000	0.000000	3.750000	-421.318604	-596.869873
765	207.895218	175.633911	55.061050	39.903366	0.000000	0.000000	3.750000	-290.049713	-235.919891
766	-309.777405	-65.195824	-63.995262	0.778769	0.000000	0.000000	3.750000	673.635071	1.658573
767	238.434036	253.152969	44.692688	48.565029	0.000000	0.000000	3.750000	-522.823242	-495.683350
768	437.119873	-42.340660	72.084190	16.729116	0.000000	0.000000	3.750000	-342.122131	-99.640442
769	311.661255	253.355057	60.051064	58.735462	0.000000	0.000000	3.750000	-433.020721	-330.841217
770	467.679993	187.817596	71.611694	25.451260	0.000000	0.000000	3.750000	-592.952576	-233.389252
771	127.501862	-339.499207	21.024975	-64.667999	0.000000	0.000000	3.750000	-173.200867	482.299561
772	182.979431	251.459656	34.133492	56.488083	0.000000	0.000000	3.750000	-166.453217	-294.336853
773	184.659393	124.380287	71.262459	-10.274570	0.000000	0.000000	3.750000	-145.032089	-0.355079
774	281.252502	382.694153	44.092072	54.368084	0.000000	0.000000	3.750000	-479.852966	-652.015076
775	447.356049	334.090698	49.219448	57.908932	0.000000	0.000000	3.750000	-609.315674	-627.712646
776	246.883881	-286.598480	35.599800	-40.603622	0.000000	0.000000	3.750000	-444.179108	517.115356
777	-307.795197	-395.593048	-40.438721	-61.973412	0.000000	0.000000	3.750000	435.376923	880.499817
778	-376.407684	46.257172	-70.653244	13.860293	0.000000	0.000000	3.750000	631.643799	-43.866081
779	353.793579	-388.037567	42.437195	-53.132690	0.000000	0.000000	3.750000	-359.183777	550.643677
780	-39.944141	20.847851	20.596676	56.343349	0.000000	0.000000	3.750000	-28.165825	23.916918
781	212.047150	100.643433	65.355789	42.574883	0.000000	0.000000	3.750000	-304.560913	-203.789490
782	-398.112640	-37.316605	-67.757690	-5.735473	0.000000	0.000000	3.750000	764.335083	48.081039
783	-53.166519	-426.667053	-9.451424	-63.298260	0.000000	0.000000	3.750000	70.252686	779.257507
784	-255.635727	-272.988220	-39.756050	-30.322515	0.000000	0.000000	3.750000	600.379211	345.395294
785	182.590576	-554.990112	37.895393	-74.966141	0.000000	0.000000	3.750000	-239.688919	779.104065
786	445.838135	-183.047043	77.058487	-33.436207	0.000000	0.000000	3.750000	-597.083923	186.575287
787	-403.670624	-93.445114	-84.000420	-18.435841	0.000000	0.000000	3.750000	635.651794	2.904661
788	-373.653473	345.686523	-57.197632	43.731293	0.000000	0.000000	3.750000	594.549683	-338.691895
789	399.046265	348.679138	60.648312	55.188499	0.000000	0.000000	3.750000	-598.039307	-398.892639
790	226.178467	198.574158	61.704735	47.710533	0.000000	0.000000	3.750000	-73.475281	-40.770771
791	356.836884	206.225647	58.409378	42.098976	0.000000	0.000000	3.750000	-535.351440	-265.121002
792	242.635910	373.160980	36.943417	59.457375	0.000000	0.000000	3.750000	-323.117310	-666.524780
793	200.451141	480.845398	39.746048	74.001694	0.000000	0.000000	3.750000	-325.197937	-676.700745
794	120.122139	159.828171	18.847839	83.908379	0.000000	0.000000	3.750000	-51.502632	-134.209412
795	277.374786	-334.960083	41.117657	-40.906445	0.000000	0.000000	3.750000	-518.967651	441.346832
796	-399.397064	262.032440	-76.383095	29.826244	0.000000	0.000000	3.750000	468.328857	-256.504761
797	115.945366	-261.347046	23.611622	-48.564293	0.000000	0.000000	3.750000	-286.339050	508.169495
798	-322.446381	-324.472168	-45.149315	-48.140816	0.000000	0.000000	3.750000	474.126709	586.723633
799	-371.870544	-387.890442	-56.576569	-62.089336	0.000000	0.000000	3.750000	393.022400	520.947632
800	-292.972168	338.167053	-37.604660	66.044472	0.000000	0.000000	3.750000	225.174652	-666.385193
801	-214.986786	-305.721619	-35.681595	-48.237125	0.000000	0.000000	3.750000	364.811340	665.265381
802	-186.297882	-74.209480	-58.524448	-41.939106	0.000000	0.000000	3.750000	237.298065	157.726379
803	99.820992	-149.672165	0.206756	-53.998856	0.000000	0.000000	3.750000	100.455391	231.242920
804	-342.086334	-122.131973	-77.202797	-27.633917	0.000000	0.000000	3.750000	558.834473	15.075017
805	-238.621735	-365.940186	-32.462875	-50.459435	0.000000	0.000000	3.750000	285.896515	718.235413
806	-269.197876	340.430939	-39.645409	45.035995	0.000000	0.000000	3.750000	415.692139	-537.546875
807	201.385880	399.217773	29.123985	61.447479	0.000000	0.000000	3.750000	-244.347855	-592.718872
808	369.198914	-107.513199	62.493652	-13.802511	0.000000	0.000000	3.750000	-156.360657	40.229031
809	271.074341	-66.678757	63.053432	-19.500292	0.000000	0.000000	3.750000	-503.874542	107.907585
810	-356.665894	248.782257	-51.713337	30.425804	0.000000	0.000000	3.750000	706.932434	-339.235474
811	-139.291016	-337.791199	-11.033304	-61.010345	0.000000	0.000000	3.750000	49.319084	615.099060
812	-90.146439	-379.541016	-10.081836	-59.146893	0.000000	0.000000	3.750000	58.414349	607.556885
813	-146.798553	-17.400429	-56.984482	10.800705	0.000000	0.000000	3.750000	215.350464	46.243114
814	-319.609497	71.957176	-81.506287	8.984241	0.000000	0.000000	3.750000	875.499756	-2.231511
815	241.756058	-195.651855	63.660118	-29.109715	0.000000	0.000000	3.750000	-372.854065	237.071793
816	-4.727125	326.268158	-3.250263	69.924500	0.000000	0.000000	3.750000	49.017414	-626.469788
817	-93.676674	290.842987	-4.783459	75.849182	0.000000	0.000000	3.750000	150.426971	-710.482361
818	-183.758377	381.378479	-29.886969	56.592899	0.000000	0.000000	3.750000	195.790649	-702.115723
819	-319.367645	-15.147348	-63.793503	-5.136806	0.000000	0.000000	3.750000	645.898376	1.354622
820	-155.559174	-254.878326	-35.047855	-62.893932	0.000000	0.000000	3.750000	197.477570	382.498077
821	65.101768	-22.922968	-68.981506	20.514576	0.000000	0.000000	3.750000	128.378143	34.788067
822	-374.742767	-401.754272	-58.057293	-68.770187	0.000000	0.000000	3.750000	387.144714	581.513794
823	-186.558395	-313.941010	-13.170294	-56.484882	0.000000	0.000000	3.750000	110.142464	666.729675
824	28.105005	-414.179016	25.990593	-77.772018	0.000000	0.000000	3.750000	-207.386429	566.717896
825	-100.046936	129.522385	0.600870	85.989822	0.000000	0.000000	3.750000	27.364954	-97.809021
826	-456.941589	438.576294	-60.651989	55.184517	0.000000	0.000000	3.750000	691.536438	-496.522888
827	281.631042	-49.748074	66.476639	-14.304619	0.000000	0.000000	3.750000	-101.986954	46.261093
828	-433.429474	-437.735291	-58.930908	-51.099380	0.000000	0.000000	3.750000	562.376953	433.471008
829	424.081635	-241.966476	55.273956	-36.066456	0.000000	0.000000	3.750000	-270.046997	177.957031
830	58.216286	61.289345	33.053215	47.659943	0.000000	0.000000	3.750000	-177.376450	-191.795670
831	98.765808	-357.085144	15.116817	-62.189079	0.000000	0.000000	3.750000	-132.396194	575.017151
832	-0.091198	-485.096741	12.343149	-79.042023	0.000000	0.000000	3.750000	-65.844902	908.848267
833	362.928162	194.092285	48.661049	38.420021	0.000000	0.000000	3.750000	-603.125793	-360.061737
834	-352.059753	416.916290	-47.506126	54.103294	0.000000	0.000000	3.750000	494.351715	-671.120422
835	-189.341965	-85.732971	-73.936913	-17.587860	0.000000	0.000000	3.750000	487.773529	115.321220
836	-38.865711	166.477051	-31.494984	38.833450	0.000000	0.000000	3.750000	98.024925	-92.545280
837	436.811493	39.189892	71.967720	2.155476	0.000000	0.000000	3.750000	-814.432068	14.654940
838	360.543213	-107.526642	62.806343	-20.281996	0.000000	0.000000	3.750000	-640.234985	140.572922
839	92.930260	255.981125	78.638474	14.691525	0.000000	0.000000	3.750000	-303.767700	20.286062
840	90.671051	-360.880829	16.101513	-68.122986	0.000000	0.000000	3.750000	-132.384521	635.888123
841	-268.044739	31.410900	-51.892128	14.939806	0.000000	0.000000	3.750000	401.440979	-44.296040
842	-526.850769	437.680664	-70.719490	58.845085	0.000000	0.000000	3.750000	609.570618	-396.956543
843	-347.759094	-342.517242	-50.734123	-48.229065	0.000000	0.000000	3.750000	491.038239	623.594421
844	393.046997	-321.396637	46.423607	-46.913200	0.000000	0.000000	3.750000	-605.695618	626.490234
845	-160.888947	88.173233	-58.404919	20.805054	0.000000	0.000000	3.750000	358.434021	-195.522110
846	164.182587	349.065277	38.190628	63.383553	0.000000	0.000000	3.750000	-350.669617	-546.217834
847	164.855331	-258.252716	50.276466	-56.993629	0.000000	0.000000	3.750000	-330.334167	328.652557
848	448.197327	35.828552	64.925835	11.858880	0.000000	0.000000	3.750000	-487.026398	-130.586533
849	-252.566040	-338.055695	-35.421219	-43.374374	0.000000	0.000000	3.750000	444.783661	699.813599
850	62.297935	-59.939831	31.407028	-51.122925	0.000000	0.000000	3.750000	-207.969193	175.605377
851	31.683645	259.618347	-7.843820	59.485077	0.000000	0.000000	3.750000	75.349312	-611.477417
852	-266.247681	-77.799698	-46.465294	-12.040572	0.000000	0.000000	3.750000	494.052917	90.886490
853	-149.207718	-439.479736	-17.063166	-63.756096	0.000000	0.000000	3.750000	72.168953	678.098816
854	157.109970	390.136536	27.110992	51.273697	0.000000	0.000000	3.750000	-277.015717	-686.282959
855	63.777840	-175.435074	29.798309	-49.759514	0.000000	0.000000	3.750000	-254.788864	212.591187
856	-413.278320	268.380127	-77.329628	42.001526	0.000000	0.000000	3.750000	2020.032349	-1026.829590
857	455.116119	-269.159027	58.882233	-41.435280	0.000000	0.000000	3.750000	-639.291443	468.346527
858	42.859833	-394.530060	9.321586	-57.246021	0.000000	0.000000	3.750000	-79.357010	815.248169
859	-301.692078	-29.088579	-79.212814	11.193529	0.000000	0.000000	3.750000	199.032257	12.643928
860	-388.966034	-49.469921	-71.911667	3.564597	0.000000	0.000000	3.750000	553.587769	6.126582
861	-426.232452	171.753403	-56.556587	41.247448	0.000000	0.000000	3.750000	596.367004	-411.933075
862	-67.948059	262.334686	-20.214352	54.363403	0.000000	0.000000	3.750000	141.093292	-434.523529
863	-414.969482	-179.809830	-68.834213	-27.163319	0.000000	0.000000	3.750000	376.971069	104.524788
864	24.561897	-317.570526	-20.742897	-62.655663	0.000000	0.000000	3.750000	212.695023	657.960022
865	-255.351471	544.651855	-27.833597	77.131630	0.000000	0.000000	3.750000	267.320831	-917.952637
866	56.557819	242.115112	7.571687	69.589294	0.000000	0.000000	3.750000	-50.602444	-488.471344
867	306.223541	211.166733	61.178535	29.684662	0.000000	0.000000	3.750000	-488.051788	-175.629272
868	-266.014618	-237.229431	-41.484512	-37.616959	0.000000	0.000000	3.750000	441.459900	381.495728
869	204.107559	478.666260	36.702400	73.327545	0.000000	0.000000	3.750000	-322.979736	-806.820374
870	-406.800659	-95.562065	-63.393326	-41.919518	0.000000	0.000000	3.750000	163.310745	128.510132
871	-217.879761	-126.970856	-51.291245	-44.644943	0.000000	0.000000	3.750000	256.748108	361.003265
872	-533.586792	-223.898865	-74.027832	-35.268272	0.000000	0.000000	3.750000	798.803284	179.312241
873	-114.970612	43.595028	4.517962	61.829155	0.000000	0.000000	3.750000	-15.233920	-58.635876
874	-299.511200	257.475342	-43.398727	54.922501	0.000000	0.000000	3.750000	93.279984	-156.168045
875	-403.686157	-193.561371	-68.678497	-27.554726	0.000000	0.000000	3.750000	569.885925	198.682266
876	-104.613625	-166.042099	-32.922707	-37.631004	0.000000	0.000000	3.750000	257.629089	387.519531
877	-414.183350	174.952850	-70.928238	32.452812	0.000000	0.000000	3.750000	403.974609	-187.117798
878	-350.098450	-268.771118	-52.792534	-36.179272	0.000000	0.000000	3.750000	670.959717	296.701111
879	448.548889	-1.627088	69.584885	-7.611999	0.000000	0.000000	3.750000	-780.830383	50.832973
880	-79.778870	-84.372421	-38.362995	-46.132500	0.000000	0.000000	3.750000	104.345154	314.076660
881	-66.988983	260.652130	-12.175024	52.609589	0.000000	0.000000	3.750000	121.118057	-541.369385
882	-350.240906	-312.349670	-66.889175	-43.884369	0.000000	0.000000	3.750000	754.015503	445.573853
883	-93.078072	-232.960709	16.918400	-69.984055	0.000000	0.000000	3.750000	-56.846344	236.925323
884	-73.016357	-240.570236	-10.295300	-59.110107	0.000000	0.000000	3.750000	100.238708	434.796143
885	-266.523926	225.299377	-55.459393	39.347561	0.000000	0.000000	3.750000	277.947205	-300.274963
886	157.253632	131.754456	67.279198	43.283821	0.000000	0.000000	3.750000	-100.163589	-73.731323
887	-580.270081	102.733269	-87.871368	19.458103	0.000000	0.000000	3.750000	881.812012	-133.072449
888	293.392822	-8.623776	71.922455	3.338721	0.000000	0.000000	3.750000	-1515.420410	-292.079041
889	-272.188263	-367.898926	-41.351845	-53.981667	0.000000	0.000000	3.750000	415.954803	727.366394
890	-278.823303	-88.649857	-57.392822	-40.075706	0.000000	0.000000	3.750000	446.137390	277.883362
891	-43.426659	22.797871	-29.532343	59.004322	0.000000	0.000000	3.750000	50.209412	25.198507
892	31.178455	118.448875	35.992500	40.255859	0.000000	0.000000	3.750000	-171.286041	-228.886093
893	-174.762665	138.652878	-40.194912	22.368931	0.000000	0.000000	3.750000	359.805969	-186.623489
894	323.829407	-283.006897	54.323921	-50.248497	0.000000	0.000000	3.750000	-435.422241	450.517242
895	-390.049622	-356.087952	-59.358994	-50.601448	0.000000	0.000000	3.750000	743.871643	515.026672
896	-36.905640	22.204197	71.038605	11.628557	0.000000	0.000000	3.750000	-63.906982	41.991478
897	-352.227539	177.027420	-60.420677	21.103117	0.000000	0.000000	3.750000	691.421204	-214.845367
898	220.584656	155.586609	63.938011	23.150105	0.000000	0.000000	3.750000	-451.667236	-130.095490
899	379.390472	-246.479218	52.661461	-32.722542	0.000000	0.000000	3.750000	-617.679626	245.328400
900	321.016907	-249.976440	53.245201	-42.295967	0.000000	0.000000	3.750000	-496.543823	393.720337
901	513.553528	-92.593620	87.441216	-9.901015	0.000000	0.000000	3.750000	-731.178955	46.675339
902	268.794739	269.902313	33.109688	50.037472	0.000000	0.000000	3.750000	-299.474731	-475.076935
903	-292.791504	5.995995	-45.021904	9.435340	0.000000	0.000000	3.750000	494.536926	-43.073940
904	-30.798216	-268.134796	-22.514126	-59.909203	0.000000	0.000000	3.750000	111.649208	336.770477
905	168.025055	207.104553	44.707275	40.015739	0.000000	0.000000	3.750000	-276.386261	-257.192810
906	160.767975	-356.684448	24.650593	-67.648636	0.000000	0.000000	3.750000	-175.816101	762.017029
907	-167.474976	-190.387619	-34.217472	-39.155647	0.000000	0.000000	3.750000	252.928421	284.789185
908	285.814667	-61.909000	75.648987	-7.295775	0.000000	0.000000	3.750000	-461.462738	23.231163
909	557.775330	57.705456	85.307571	21.601322	0.000000	0.000000	3.750000	-595.014954	-172.292786
910	205.530014	384.805206	26.224133	62.739891	0.000000	0.000000	3.750000	-236.582901	-669.901733
911	173.791260	-228.425385	44.355408	-46.136665	0.000000	0.000000	3.750000	-322.031250	431.120880
912	-64.850296	298.198486	-7.682370	73.599976	0.000000	0.000000	3.750000	142.768829	-525.933411
913	446.652161	-256.683167	59.322418	-40.802582	0.000000	0.000000	3.750000	-615.373657	393.728790
914	-127.527489	376.907837	-23.251511	72.355820	0.000000	0.000000	3.750000	150.040619	-588.710083
915	-4.779437	-218.028061	-12.087486	-48.516922	0.000000	0.000000	3.750000	106.361259	344.593872
916	-293.965240	-156.414062	-52.108921	-20.509911	0.000000	0.000000	3.750000	299.913757	75.125786
917	202.339401	225.658386	34.140198	54.132469	0.000000	0.000000	3.750000	-59.270214	-75.903122
918	-171.761719	223.632904	-40.964493	41.059837	0.000000	0.000000	3.750000	361.223145	-336.545868
919	-69.554810	154.929977	-27.245888	51.201946	0.000000	0.000000	3.750000	138.208435	-174.554520
920	-306.100311	-264.767883	-46.876839	-37.450775	0.000000	0.000000	3.750000	561.562134	376.448029
921	-148.950958	124.399216	-49.158585	46.983315	0.000000	0.000000	3.750000	292.268463	-254.938019
922	-59.402496	38.971497	-58.570091	25.798077	0.000000	0.000000	3.750000	280.729401	-109.623535
923	300.133209	-360.812683	45.414299	-47.890930	0.000000	0.000000	3.750000	-804.256287	881.679199
924	-410.610657	175.248657	-60.411861	31.215443	0.000000	0.000000	3.750000	778.871338	-313.291412
925	158.460754	239.683807	45.912594	55.461987	0.000000	0.000000	3.750000	-360.677063	-391.049561
926	245.616669	-167.668488	79.372192	-20.589348	0.000000	0.000000	3.750000	-376.239227	272.255646
927	455.491364	-282.156799	60.859192	-42.097015	0.000000	0.000000	3.750000	-598.679016	378.233704
928	-224.329391	335.071991	-36.422535	55.039917	0.000000	0.000000	3.750000	321.101959	-713.731995
929	-139.856201	197.529648	-46.617001	52.218719	0.000000	0.000000	3.750000	358.247803	-247.273972
930	217.587357	348.984039	44.741894	58.942028	0.000000	0.000000	3.750000	-396.094543	-491.814911
931	410.012177	156.643387	55.402977	45.983795	0.000000	0.000000	3.750000	-705.478699	-510.064270
932	-235.496078	68.041443	-46.589767	11.549572	0.000000	0.000000	3.750000	249.031403	-51.337845
933	127.079826	-80.843201	40.849358	-32.176517	0.000000	0.000000	3.750000	-226.552597	149.138657
934	-126.724487	-467.979218	-26.323542	-79.768677	0.000000	0.000000	3.750000	115.339050	903.980164
935	-310.197571	-95.459930	-56.800850	-11.732940	0.000000	0.000000	3.750000	703.025269	102.277428
936	-392.410492	-113.217667	-68.670593	-32.562767	0.000000	0.000000	3.750000	528.368774	168.626648
937	-377.990326	57.758755	-57.885311	3.645251	0.000000	0.000000	3.750000	448.266052	-59.809788
938	424.838013	466.370911	57.114235	56.017513	0.000000	0.000000	3.750000	-694.845825	-581.787415
939	71.780998	402.849731	17.211422	61.642235	0.000000	0.000000	3.750000	-131.562012	-729.411804
940	146.914017	-84.630974	45.667419	-44.838348	0.000000	0.000000	3.750000	-263.505066	328.267334
941	243.201843	-49.081295	61.555576	-37.348473	0.000000	0.000000	3.750000	-212.129501	155.978119
942	325.255249	167.872314	52.693130	39.740688	0.000000	0.000000	3.750000	-68.377708	-33.135052
943	89.305443	-487.200897	3.481013	-77.922256	0.000000	0.000000	3.750000	25.939537	831.070251
944	141.391617	474.566376	19.927170	75.411514	0.000000	0.000000	3.750000	-82.903893	-633.478027
945	69.715790	-141.438171	53.478081	-48.208862	0.000000	0.000000	3.750000	-299.855469	247.578186
946	206.191971	6.051907	73.150978	11.135389	0.000000	0.000000	3.750000	-64.536026	-12.154281
947	-358.549927	355.402496	-49.122421	57.991272	0.000000	0.000000	3.750000	494.636292	-628.999817
948	-275.660553	251.053619	-41.254379	34.843590	0.000000	0.000000	3.750000	137.793793	-106.122513
949	-302.471863	-6.285180	-63.801846	-5.032335	0.000000	0.000000	3.750000	440.753296	27.917109
950	382.066986	-154.770142	65.860931	-33.739197	0.000000	0.000000	3.750000	-640.302673	239.146393
951	448.525055	-434.654205	62.004158	-65.234047	0.000000	0.000000	3.750000	-627.763062	580.327454
952	201.054428	472.539307	27.710842	77.175751	0.000000	0.000000	3.750000	-177.983856	-837.612183
953	153.783096	51.715542	41.692036	34.318653	0.000000	0.000000	3.750000	-171.106476	-158.004440
954	366.556458	-285.683258	64.122162	-40.796398	0.000000	0.000000	3.750000	-275.666748	202.337173
955	12.286604	12.873178	52.790291	24.023567	0.000000	0.000000	3.750000	-222.219086	-31.683510
956	79.175262	-136.412781	39.131989	-67.471977	0.000000	0.000000	3.750000	-243.733185	187.738800
957	450.490112	-38.656311	75.190521	-20.745560	0.000000	0.000000	3.750000	-746.089722	125.096420
958	-352.795837	-8.510536	-53.198311	-9.270348	0.000000	0.000000	3.750000	661.798950	77.881111
959	31.580912	213.049774	-26.799198	53.682396	0.000000	0.000000	3.750000	169.791626	-294.858734
960	-156.812454	-404.523102	-27.211319	-66.659912	0.000000	0.000000	3.750000	226.161148	567.447571
961	-392.692749	-220.594666	-43.245399	-38.650169	0.000000	0.000000	3.750000	566.054138	519.432373
962	113.591820	-297.339844	21.401346	-56.053364	0.000000	0.000000	3.750000	-153.805695	320.140991
963	500.876526	316.622406	68.588783	37.142620	0.000000	0.000000	3.750000	-667.352478	-282.944611
964	449.897125	-147.153717	57.884064	-31.708485	0.000000	0.000000	3.750000	-587.167297	205.305115
965	-213.740204	366.030060	-38.057972	53.921844	0.000000	0.000000	3.750000	94.380066	-110.143257
966	34.931496	-359.657349	4.591564	-69.849152	0.000000	0.000000	3.750000	46.985283	582.532715
967	471.489166	-221.536972	60.466408	-39.087177	0.000000	0.000000	3.750000	-335.806702	179.347351
968	-428.732819	145.221436	-66.144928	15.774944	0.000000	0.000000	3.750000	843.125793	-172.563202
969	277.233978	405.100769	38.530365	58.441513	0.000000	0.000000	3.750000	-303.747894	-505.334595
970	302.212372	-24.395224	62.676926	-20.678486	0.000000	0.000000	3.750000	-608.889160	140.609924
971	24.633310	-70.341270	-44.777313	-68.672455	0.000000	0.000000	3.750000	44.839363	22.438599
972	334.674469	-200.634811	60.193390	-35.731663	0.000000	0.000000	3.750000	-329.040741	159.546524
973	214.376816	268.032806	47.225601	33.670952	0.000000	0.000000	3.750000	-467.585144	-206.217529
974	364.711060	-105.761040	57.646797	-43.137489	0.000000	0.000000	3.750000	-535.618958	337.518311
975	-67.666916	-342.746002	-15.141458	-62.183086	0.000000	0.000000	3.750000	142.362381	650.109436
976	-170.418381	-82.818550	-47.216297	-26.203289	0.000000	0.000000	3.750000	166.413544	70.501335
977	-191.986877	337.521790	-29.154137	45.453644	0.000000	0.000000	3.750000	331.204285	-704.933899
978	-3.859564	-396.476532	19.500504	-67.228935	0.000000	0.000000	3.750000	-183.083405	592.569031
979	208.958359	143.024521	52.786873	24.032181	0.000000	0.000000	3.750000	-394.926270	-196.694031
980	-110.182808	399.440735	-19.210434	67.312347	0.000000	0.000000	3.750000	142.220047	-1021.570679
981	2.433284	319.745819	-1.599950	63.980000	0.000000	0.000000	3.750000	19.588936	-625.983398
982	-319.573303	-60.321579	-53.898258	-3.313227	0.000000	0.000000	3.750000	572.892639	24.512669
983	-403.589355	-275.320557	-48.917274	-44.306885	0.000000	0.000000	3.750000	474.797882	463.248566
984	-350.749786	232.440842	-45.065163	39.612236	0.000000	0.000000	3.750000	605.361694	-409.299194
985	-407.164795	342.554993	-49.317360	49.676926	0.000000	0.000000	3.750000	550.571472	-610.848022
986	-283.113129	36.344139	-61.343414	8.999155	0.000000	0.000000	3.750000	224.245392	-31.477629
987	-94.036766	348.522949	-10.951916	54.918610	0.000000	0.000000	3.750000	60.558979	-494.442780
988	326.519226	-80.619438	48.620087	-27.786427	0.000000	0.000000	3.750000	-606.521484	278.194122
989	175.812515	162.293732	35.011101	35.696251	0.000000	0.000000	3.750000	-274.088470	-260.731964
990	108.362579	-334.448883	6.513162	-65.677612	0.000000	0.000000	3.750000	28.849167	298.743713
991	277.443481	311.442780	41.714523	48.537598	0.000000	0.000000	3.750000	-621.744751	-661.332458
992	94.184616	-397.032745	5.359855	-63.775166	0.000000	0.000000	3.750000	-38.266071	748.811646
993	442.348969	-392.681335	59.535290	-56.387455	0.000000	0.000000	3.750000	-522.281006	410.950256
994	-373.417725	187.906525	-66.725159	21.160126	0.000000	0.000000	3.750000	639.417969	-256.341614
995	314.607941	-31.624397	68.690720	13.474840	0.000000	0.000000	3.750000	-278.929779	-80.408157
996	43.437744	-180.384598	11.691172	-56.809410	0.000000	0.000000	3.750000	-42.762764	539.978149
997	-133.430603	82.234062	-26.709934	55.949913	0.000000	0.000000	3.750000	178.854385	-165.980423
998	171.436707	62.190853	75.348740	9.927714	0.000000	0.000000	3.750000	-353.353058	-71.592148
999	187.504272	285.730713	40.053261	47.325840	0.000000	0.000000	3.750000	-370.691345	-378.632141
