node	a_force.x	a_force.y	g_force.x	g_force.y	r_force.x	r_force.y	global_speed	move_node.x	move_node.y
0	-338.117218	-694.459351	-73.705048	-123.705933	0.000000	0.000000	7.125000	180.723419	361.987457
1	364.281982	-584.446655	54.522911	-86.204338	0.000000	0.000000	7.125000	-141.531677	267.491455
2	461.109650	-82.532898	108.226120	35.813866	0.000000	0.000000	7.125000	-191.190140	-84.152298
3	-475.194153	282.319153	-93.437241	93.238571	0.000000	0.000000	7.125000	199.841644	-189.510605
4	-5.860382	-8.457499	-84.490662	-67.265999	0.000000	0.000000	7.125000	101.537132	60.206017
5	246.142853	190.065430	104.337456	70.635437	0.000000	0.000000	7.125000	-178.998138	-114.600891
6	-70.128761	141.037384	-30.450497	91.038696	0.000000	0.000000	7.125000	52.396946	-136.966797
7	-266.817871	-111.935478	-104.953735	-2.997226	0.000000	0.000000	7.125000	226.484238	12.685840
8	-389.046234	304.480255	-70.837997	93.118019	0.000000	0.000000	7.125000	87.573593	-138.585541
9	-633.243286	-347.259979	-104.066956	-59.744446	0.000000	0.000000	7.125000	213.434570	102.801460
10	3.380926	-476.578979	-30.118710	-119.255447	0.000000	0.000000	7.125000	96.267593	388.880859
11	564.061646	150.642151	88.649879	36.840172	0.000000	0.000000	7.125000	-296.679840	-127.771675
12	318.843201	692.651001	34.059151	108.787369	0.000000	0.000000	7.125000	-65.268372	-274.636566
13	753.478760	30.262066	116.777100	7.217725	0.000000	0.000000	7.125000	-302.683929	-1.437335
14	64.286011	467.464996	27.023046	129.195053	0.000000	0.000000	7.125000	-56.350609	-249.763382
15	488.306152	634.301636	87.278503	102.988159	0.000000	0.000000	7.125000	-232.905426	-233.321503
16	618.705811	130.283997	98.879326	25.026661	0.000000	0.000000	7.125000	-201.895615	-73.163910
17	673.412476	188.861389	108.735260	34.242226	0.000000	0.000000	7.125000	-284.651703	-113.269737
18	-459.605103	-523.502747	-72.391098	-71.857384	0.000000	0.000000	7.125000	203.731354	204.505371
19	-326.185944	145.091309	-88.191505	62.337242	0.000000	0.000000	7.125000	104.991554	-74.574890
20	210.440491	908.857117	33.604523	143.088562	0.000000	0.000000	7.125000	-42.285580	-396.993469
21	-393.485748	-557.981934	-49.669373	-78.618118	0.000000	0.000000	7.125000	91.558350	192.638519
22	531.700439	-162.588654	121.971169	-42.000320	0.000000	0.000000	7.125000	-430.170258	134.550308
23	37.350292	-791.423462	9.191297	-110.618378	0.000000	0.000000	7.125000	-6.770770	303.906647
24	-421.010162	356.507233	-87.800003	57.580410	0.000000	0.000000	7.125000	212.304413	-165.714066
25	-271.082062	8.252111	-89.458191	49.000088	0.000000	0.000000	7.125000	40.864609	-79.113190
26	714.436768	-335.268127	99.820526	-48.535206	0.000000	0.000000	7.125000	-195.309921	80.751320
27	-318.587921	130.997528	-86.863068	23.553436	0.000000	0.000000	7.125000	197.584503	-60.760773
28	-546.326111	-517.296387	-74.261108	-94.235565	0.000000	0.000000	7.125000	146.491135	217.927475
29	-487.341309	343.337860	-67.125122	50.498489	0.000000	0.000000	7.125000	143.179214	-123.326263
30	586.499451	517.506836	79.222145	68.904144	0.000000	0.000000	7.125000	-300.890900	-184.128784
31	240.528015	714.559204	48.254265	113.139359	0.000000	0.000000	7.125000	-84.699928	-227.077118
32	143.244370	236.368271	36.283539	136.197098	0.000000	0.000000	7.125000	-34.933270	-49.771706
33	285.512146	202.299255	19.493877	100.119873	0.000000	0.000000	7.125000	-27.959694	-166.439850
34	483.212952	584.718323	65.983414	103.800125	0.000000	0.000000	7.125000	-181.919434	-261.187164
35	-286.815948	-287.507233	-113.790848	-72.607353	0.000000	0.000000	7.125000	162.724945	66.876274
36	854.567444	44.872730	143.996552	-0.942878	0.000000	0.000000	7.125000	-269.521027	1.624428
37	-193.542175	195.986115	-75.723495	68.103271	0.000000	0.000000	7.125000	121.941849	-99.412552
38	665.134583	483.709778	72.465767	75.983757	0.000000	0.000000	7.125000	-275.525238	-258.132782
39	301.760742	-681.960571	33.539516	-105.811356	0.000000	0.000000	7.125000	-59.959404	213.811462
40	185.716736	806.662537	39.431702	116.506645	0.000000	0.000000	7.125000	-90.517166	-324.638214
41	234.342819	195.111160	85.923477	49.155502	0.000000	0.000000	7.125000	-153.384140	-70.384552
42	-130.975128	587.180725	-46.946049	90.553886	0.000000	0.000000	7.125000	167.549667	-365.835693
43	-511.146240	149.227890	-101.181000	12.889639	0.000000	0.000000	7.125000	176.518005	-19.451557
44	-631.801086	-191.318649	-104.664688	-64.597229	0.000000	0.000000	7.125000	248.458130	116.071838
45	-72.419075	-626.708069	-35.334705	-108.378555	0.000000	0.000000	7.125000	59.040619	215.881271
46	-413.589355	-674.801697	-68.169647	-95.080505	0.000000	0.000000	7.125000	125.873093	242.148193
47	502.701996	127.425385	76.103859	27.733780	0.000000	0.000000	7.125000	-411.749573	-145.296906
48	113.100754	-149.909134	104.800980	5.001204	0.000000	0.000000	7.125000	-58.195881	61.346878
49	-204.168915	-298.184143	-84.803680	-97.192070	0.000000	0.000000	7.125000	116.602516	155.462677
50	-89.333817	271.004791	-58.574982	76.042870	0.000000	0.000000	7.125000	102.007050	-113.909103
51	241.210083	-235.933563	48.949177	-56.822319	0.000000	0.000000	7.125000	-41.270084	79.695190
52	-508.967407	-719.605286	-80.339394	-89.135933	0.000000	0.000000	7.125000	188.096222	243.711700
53	461.349976	-571.968506	62.348919	-76.897369	0.000000	0.000000	7.125000	-155.161560	246.318268
54	-575.351868	99.752304	-98.991058	-1.287340	0.000000	0.000000	7.125000	329.990723	-5.077890
55	-479.179657	337.170715	-78.990891	49.084633	0.000000	0.000000	7.125000	187.587601	-129.989182
56	-20.336325	313.369873	-3.163904	89.944359	0.000000	0.000000	7.125000	18.514708	-158.514343
57	-351.856812	395.905670	-65.566940	96.901871	0.000000	0.000000	7.125000	132.917923	-197.835403
58	276.009613	-265.174744	100.337509	-18.326620	0.000000	0.000000	7.125000	-120.421310	64.135513
59	-595.370544	392.354706	-68.768890	116.171356	0.000000	0.000000	7.125000	145.603882	-254.949646
60	296.429321	361.786713	79.359589	64.075424	0.000000	0.000000	7.125000	-162.365768	-101.537033
61	701.126770	564.791260	85.815590	88.112518	0.000000	0.000000	7.125000	-223.991287	-190.145584
62	369.762756	739.932190	69.991379	115.435654	0.000000	0.000000	7.125000	-190.392303	-347.596863
63	37.138756	-159.036896	21.730387	-99.655563	0.000000	0.000000	7.125000	0.689661	182.767181
64	-213.782516	594.238464	-35.465069	89.208771	0.000000	0.000000	7.125000	120.354637	-348.042084
65	313.677094	415.804382	62.355232	102.526306	0.000000	0.000000	7.125000	-140.894104	-210.635727
66	99.554703	-293.662323	27.008389	-101.465271	0.000000	0.000000	7.125000	-18.607023	66.203476
67	577.838806	72.319588	75.831223	28.469891	0.000000	0.000000	7.125000	-181.366745	-70.788483
68	-133.743057	435.443359	-15.616605	100.796043	0.000000	0.000000	7.125000	61.642921	-235.401611
69	424.041260	102.707436	101.996277	-0.846012	0.000000	0.000000	7.125000	-263.084869	-5.347979
70	-343.286682	966.543457	-61.453362	159.575668	0.000000	0.000000	7.125000	79.997803	-378.574066
71	-376.590912	610.907776	-68.369308	83.603432	0.000000	0.000000	7.125000	220.114258	-256.678345
72	340.157990	-94.944588	126.626114	24.572544	0.000000	0.000000	7.125000	-123.135582	-39.830128
73	174.826721	-214.258636	76.252762	-80.649956	0.000000	0.000000	7.125000	-135.107254	111.128433
74	792.294861	630.235962	98.892426	87.429443	0.000000	0.000000	7.125000	-290.663635	-223.494797
75	-637.168274	308.678680	-100.219711	65.992905	0.000000	0.000000	7.125000	191.735291	-157.196915
76	150.472809	-546.711670	22.703579	-90.185379	0.000000	0.000000	7.125000	-54.457020	266.633667
77	182.463791	-284.269623	57.943321	-111.877335	0.000000	0.000000	7.125000	-133.599152	217.902817
78	367.935791	-610.969910	70.693100	-73.525703	0.000000	0.000000	7.125000	-181.428909	238.979172
79	213.874557	-520.706360	49.685333	-112.516487	0.000000	0.000000	7.125000	-140.225418	278.727997
80	-794.208984	-313.787476	-100.831741	-46.300156	0.000000	0.000000	7.125000	305.081909	92.615234
81	599.704956	39.723389	106.398575	18.525587	0.000000	0.000000	7.125000	-228.423569	-23.806534
82	82.958771	578.961182	22.118515	87.238754	0.000000	0.000000	7.125000	-40.119514	-258.347900
83	-345.870209	-764.087036	-60.556664	-113.893112	0.000000	0.000000	7.125000	128.405487	348.221252
84	523.229004	-848.596436	67.914200	-116.667320	0.000000	0.000000	7.125000	-153.685104	397.381653
85	171.824768	-504.581665	16.174955	-106.780014	0.000000	0.000000	7.125000	-14.279816	235.867264
86	762.891113	466.303406	109.033630	74.386368	0.000000	0.000000	7.125000	-426.699890	-218.989426
87	716.789734	165.410187	115.520966	18.544609	0.000000	0.000000	7.125000	-281.877838	-65.163681
88	-211.317429	106.757584	-101.105743	52.662598	0.000000	0.000000	7.125000	250.946457	-131.386444
89	648.951416	31.918335	99.535645	-41.901024	0.000000	0.000000	7.125000	-463.155884	86.564133
90	-89.116989	-418.556824	11.920679	-107.340057	0.000000	0.000000	7.125000	-21.814129	239.344391
91	-587.217957	-523.135315	-86.392334	-59.664646	0.000000	0.000000	7.125000	256.864807	125.626968
92	-423.381653	36.669296	-88.897522	27.317215	0.000000	0.000000	7.125000	315.524170	-98.574478
93	56.832329	-749.187317	-2.048032	-110.980911	0.000000	0.000000	7.125000	-1.651029	346.871460
94	319.090881	-481.684998	47.789730	-76.260567	0.000000	0.000000	7.125000	-69.363037	154.653809
95	-257.330048	334.506989	-48.826569	44.406807	0.000000	0.000000	7.125000	138.968964	-122.156548
96	-138.926819	-530.725952	-25.548180	-86.297684	0.000000	0.000000	7.125000	55.868614	210.026825
97	-51.981194	-815.068298	-33.830090	-108.864670	0.000000	0.000000	7.125000	59.177574	281.683838
98	-776.676514	185.378067	-116.640091	28.195301	0.000000	0.000000	7.125000	340.963226	-118.864601
99	-657.236755	407.385590	-84.040604	67.822083	0.000000	0.000000	7.125000	300.117432	-166.727783
100	285.813538	243.180847	70.386864	73.819069	0.000000	0.000000	7.125000	-95.679863	-116.741005
101	559.094604	-92.024010	86.973297	2.148970	0.000000	0.000000	7.125000	-340.741974	-1.307149
102	-128.466293	852.489685	-25.125008	117.339714	0.000000	0.000000	7.125000	36.237522	-335.798218
103	-648.341553	444.640320	-107.656395	53.001930	0.000000	0.000000	7.125000	285.145020	-110.231773
104	151.008896	-718.457886	19.067005	-115.435242	0.000000	0.000000	7.125000	-48.018219	342.498230
105	-553.933655	-437.109497	-73.740952	-56.662437	0.000000	0.000000	7.125000	254.003815	150.790833
106	-636.091492	-781.201172	-79.891129	-108.816833	0.000000	0.000000	7.125000	211.321396	372.946228
107	-603.239990	-158.285156	-87.982162	-85.910202	0.000000	0.000000	7.125000	159.040283	266.349213
108	177.609009	318.924561	36.665955	68.844696	0.000000	0.000000	7.125000	-111.780968	-194.641388
109	-234.059631	-240.502457	-87.113525	-47.001976	0.000000	0.000000	7.125000	152.168182	38.565243
110	485.289825	-72.196564	77.993317	0.476274	0.000000	0.000000	7.125000	-169.367554	6.184619
111	-534.980530	-181.756104	-104.868240	-64.261749	0.000000	0.000000	7.125000	265.870422	126.578705
112	246.969376	-24.938080	116.943130	-0.071274	0.000000	0.000000	7.125000	-87.968987	37.300941
113	-314.157715	514.703613	-71.113113	68.875793	0.000000	0.000000	7.125000	179.724976	-157.616943
114	-539.571411	-161.855347	-84.306534	-31.499714	0.000000	0.000000	7.125000	231.178711	65.327065
115	103.371140	345.027252	33.145950	112.202637	0.000000	0.000000	7.125000	-88.516602	-194.638260
116	720.742920	-71.675613	109.958817	15.165943	0.000000	0.000000	7.125000	-240.059235	-35.935448
117	-440.339386	-161.520187	-109.949066	-55.136108	0.000000	0.000000	7.125000	228.534790	86.883057
118	81.492081	-432.370331	30.034389	-122.366623	0.000000	0.000000	7.125000	-59.368855	251.977814
119	-604.887085	-549.956055	-83.190323	-73.486992	0.000000	0.000000	7.125000	191.944824	149.482605
120	-203.229568	-715.674866	-39.004726	-122.953812	0.000000	0.000000	7.125000	63.975983	350.141144
121	-463.862518	-52.004299	-92.825722	5.606896	0.000000	0.000000	7.125000	196.641739	-6.003228
122	-464.125153	6.612631	-77.811165	5.404335	0.000000	0.000000	7.125000	133.830765	-6.466734
123	589.601746	353.749329	85.918716	70.265388	0.000000	0.000000	7.125000	-193.378876	-68.664574
124	-84.104111	-661.693237	-45.391087	-87.979454	0.000000	0.000000	7.125000	114.682053	256.900604
125	-463.972931	-310.328491	-67.682907	-59.318535	0.000000	0.000000	7.125000	181.540680	130.139877
126	89.728706	-292.112122	51.875542	-87.818054	0.000000	0.000000	7.125000	-90.350426	146.611237
127	14.729777	-382.889679	-8.645651	-95.609894	0.000000	0.000000	7.125000	6.769325	189.210663
128	534.879517	514.022034	105.543266	88.902565	0.000000	0.000000	7.125000	-283.878967	-122.819771
129	572.859924	496.339081	79.204117	73.416702	0.000000	0.000000	7.125000	-254.550232	-191.248520
130	-361.196686	-17.659649	-86.961967	2.510991	0.000000	0.000000	7.125000	168.716034	7.134851
131	143.900085	-678.088135	35.772781	-98.715454	0.000000	0.000000	7.125000	-103.152641	189.681366
132	-524.930176	507.435028	-80.162720	72.373558	0.000000	0.000000	7.125000	125.363068	-139.618179
133	-87.540276	109.900589	-26.012236	76.701805	0.000000	0.000000	7.125000	22.515942	-70.057098
134	-570.355164	-147.043015	-98.475731	10.160863	0.000000	0.000000	7.125000	209.621048	-48.957474
135	423.996521	68.767776	109.184692	32.781639	0.000000	0.000000	7.125000	-224.863602	-49.759430
136	199.577148	823.428589	28.538702	128.861603	0.000000	0.000000	7.125000	-25.201302	-429.628571
137	-772.684448	429.946075	-109.411613	62.490562	0.000000	0.000000	7.125000	346.018341	-163.178619
138	87.908371	576.006226	1.937083	98.980896	0.000000	0.000000	7.125000	-10.857260	-283.043823
139	100.985199	529.247314	-0.967913	110.994705	0.000000	0.000000	7.125000	16.602085	-228.587723
140	-606.329407	97.780075	-94.649612	29.023186	0.000000	0.000000	7.125000	310.449646	-81.482277
141	611.858704	120.193092	96.020226	24.103153	0.000000	0.000000	7.125000	-291.458466	-63.621223
142	477.235291	-57.237953	86.847321	-5.151907	0.000000	0.000000	7.125000	-256.333221	20.730530
143	415.385925	371.517029	75.345398	54.510910	0.000000	0.000000	7.125000	-247.321808	-136.257751
144	-372.017426	340.027924	-52.675610	65.430145	0.000000	0.000000	7.125000	126.488335	-153.387283
145	468.925049	-337.696472	105.886833	-78.793709	0.000000	0.000000	7.125000	-196.106003	179.172852
146	-128.677872	-108.276062	-69.471130	-66.252983	0.000000	0.000000	7.125000	107.775337	74.987083
147	47.861126	-293.418335	-61.835907	-99.261200	0.000000	0.000000	7.125000	107.366997	69.547630
148	-371.299927	584.689819	-59.029961	86.834549	0.000000	0.000000	7.125000	142.243973	-250.288025
149	-708.160706	-171.578796	-109.864380	-15.816927	0.000000	0.000000	7.125000	350.984650	21.570482
150	-64.573975	501.168884	-23.638828	96.134895	0.000000	0.000000	7.125000	69.769257	-206.851059
151	-495.110291	-473.229553	-66.595291	-60.539787	0.000000	0.000000	7.125000	198.194199	179.464935
152	328.745850	-750.192627	62.423897	-98.955658	0.000000	0.000000	7.125000	-141.833618	256.292694
153	528.475647	-411.378906	85.360786	-70.953865	0.000000	0.000000	7.125000	-200.112610	159.847321
154	648.620605	-221.838837	93.620026	-40.469505	0.000000	0.000000	7.125000	-329.594757	75.270447
155	-383.184540	-545.026184	-59.232193	-67.759430	0.000000	0.000000	7.125000	180.402161	233.975647
156	552.300659	-637.348145	76.006699	-76.726585	0.000000	0.000000	7.125000	-264.675446	254.411469
157	218.552826	666.658630	36.458908	104.836937	0.000000	0.000000	7.125000	-64.931717	-350.032043
158	147.989700	79.777435	108.807098	21.152447	0.000000	0.000000	7.125000	10.992193	37.522984
159	214.128998	467.317352	63.994232	108.534584	0.000000	0.000000	7.125000	-128.795761	-191.025085
160	-82.559959	-195.756180	-62.430321	-51.595749	0.000000	0.000000	7.125000	189.974014	105.570625
161	-427.556824	191.209259	-81.941544	37.223282	0.000000	0.000000	7.125000	172.986252	-102.211502
162	368.404053	224.964111	118.327751	51.376438	0.000000	0.000000	7.125000	-229.016922	-82.622177
163	-459.333618	402.207062	-61.914215	61.119785	0.000000	0.000000	7.125000	148.050827	-154.801620
164	26.245213	-683.308472	-2.876000	-119.965462	0.000000	0.000000	7.125000	-1.945510	349.047516
165	-74.140518	554.151978	-27.226397	76.286804	0.000000	0.000000	7.125000	78.545670	-304.091064
166	838.382812	-261.418335	140.175079	-53.366936	0.000000	0.000000	7.125000	-337.120270	70.734352
167	773.047546	318.487701	123.505981	37.246052	0.000000	0.000000	7.125000	-314.306824	-99.049103
168	-137.438049	506.168213	-26.053226	110.982361	0.000000	0.000000	7.125000	63.003902	-194.282974
169	851.841064	-172.191406	124.673203	-18.215672	0.000000	0.000000	7.125000	-318.143860	31.182327
170	-601.275208	636.677856	-79.651054	81.557678	0.000000	0.000000	7.125000	219.381790	-248.745346
171	-68.568428	661.373230	-10.734106	98.416275	0.000000	0.000000	7.125000	30.634785	-309.713837
172	-622.294189	-548.932251	-82.023949	-74.783844	0.000000	0.000000	7.125000	255.194458	298.773010
173	630.665710	127.956635	105.153038	24.633900	0.000000	0.000000	7.125000	-232.063995	-35.659809
174	101.855347	39.903801	95.235329	12.042695	0.000000	0.000000	7.125000	-53.930279	14.945568
175	-33.085739	517.633789	-26.318913	82.920120	0.000000	0.000000	7.125000	110.139320	-190.369934
176	574.359741	-92.565651	104.998558	-0.269026	0.000000	0.000000	7.125000	-185.547745	-20.884909
177	37.393944	13.286701	80.919487	57.020676	0.000000	0.000000	7.125000	-65.951286	-66.489517
178	-486.277100	296.805237	-86.204300	34.896664	0.000000	0.000000	7.125000	256.123993	-92.715988
179	-75.643456	159.737259	-40.369106	144.401382	0.000000	0.000000	7.125000	92.107376	-95.285866
180	578.223022	447.668121	81.351013	96.218521	0.000000	0.000000	7.125000	-226.865173	-266.642700
181	43.839630	217.015091	-2.110523	107.979088	0.000000	0.000000	7.125000	0.477394	-126.911476
182	-386.694305	107.384422	-86.575363	-8.584491	0.000000	0.000000	7.125000	195.508270	26.413319
183	-251.598404	107.621933	-98.732582	62.759811	0.000000	0.000000	7.125000	206.138535	-154.736557
184	-329.073914	-409.136536	-75.166443	-77.549454	0.000000	0.000000	7.125000	165.485382	175.503677
185	-507.883270	-374.302155	-73.579491	-40.515785	0.000000	0.000000	7.125000	229.800995	88.971024
186	-623.057922	-117.873077	-98.971146	2.323190	0.000000	0.000000	7.125000	182.250839	-0.970930
187	-320.985779	-363.777405	-81.847527	-74.976273	0.000000	0.000000	7.125000	224.184738	172.759232
188	92.219666	-525.052246	20.594696	-93.764023	0.000000	0.000000	7.125000	-47.862862	230.861694
189	220.175629	-282.312805	66.858231	-64.643509	0.000000	0.000000	7.125000	-174.901443	190.166946
190	196.425049	-461.146545	21.003531	-90.597000	0.000000	0.000000	7.125000	-54.723724	255.788345
191	-836.710449	-113.321030	-136.460724	-20.553488	0.000000	0.000000	7.125000	456.734680	76.777992
192	263.925873	441.333496	71.596436	88.712288	0.000000	0.000000	7.125000	-160.992554	-194.665817
193	-505.357971	244.151718	-66.637161	34.412464	0.000000	0.000000	7.125000	247.259415	-91.079628
194	-352.183716	62.318356	-110.026703	-14.188931	0.000000	0.000000	7.125000	118.446136	32.663734
195	-289.439423	-413.346466	-47.009045	-93.887238	0.000000	0.000000	7.125000	108.729652	277.523743
196	-237.718506	625.358704	-46.546482	83.960602	0.000000	0.000000	7.125000	107.692360	-213.954529
197	382.549133	15.145906	107.998077	-0.629759	0.000000	0.000000	7.125000	-292.676544	-10.745167
198	-338.681580	-459.121765	-47.611710	-86.795898	0.000000	0.000000	7.125000	111.815895	258.732269
199	-621.837891	136.201736	-116.864296	5.631621	0.000000	0.000000	7.125000	235.738327	4.069260
200	-269.192139	-475.894562	-46.403595	-100.832458	0.000000	0.000000	7.125000	103.874611	257.159668
201	323.265137	73.359344	109.730835	16.731594	0.000000	0.000000	7.125000	-225.288910	-42.528721
202	126.110718	566.531250	28.870987	75.679840	0.000000	0.000000	7.125000	-73.950409	-223.941803
203	586.644592	-424.444855	106.467461	-82.999756	0.000000	0.000000	7.125000	-220.377487	134.599213
204	-630.700195	55.085705	-100.013397	20.028753	0.000000	0.000000	7.125000	387.308258	-30.522047
205	45.511093	116.746056	-17.735817	103.491074	0.000000	0.000000	7.125000	36.589714	-171.654831
206	482.317993	249.615051	114.886177	43.932602	0.000000	0.000000	7.125000	-260.408844	-82.656700
207	-750.143921	-91.690033	-119.047592	-15.088699	0.000000	0.000000	7.125000	359.816772	30.988190
208	-316.490265	-379.493774	-36.990570	-88.587234	0.000000	0.000000	7.125000	87.290428	228.818649
209	-333.604553	325.620483	-78.135994	55.771488	0.000000	0.000000	7.125000	178.961563	-148.772705
210	135.151062	154.631012	100.881226	53.052555	0.000000	0.000000	7.125000	-54.336113	-28.875750
211	576.570068	671.465515	95.409149	95.505035	0.000000	0.000000	7.125000	-310.071991	-231.083160
212	-222.012802	321.742065	-65.549088	96.907562	0.000000	0.000000	7.125000	104.626381	-121.085594
213	-356.877075	498.077087	-79.463364	101.590912	0.000000	0.000000	7.125000	157.722931	-151.911606
214	562.677734	12.142623	98.998230	-0.266391	0.000000	0.000000	7.125000	-919.294983	-39.950504
215	-385.814850	-526.386597	-75.477913	-72.989983	0.000000	0.000000	7.125000	225.327301	212.065384
216	206.652588	419.906525	29.282263	75.521683	0.000000	0.000000	7.125000	-65.468483	-186.284485
217	368.326965	-332.567657	105.639572	-62.999283	0.000000	0.000000	7.125000	-427.433807	229.199738
218	672.648499	-37.776497	119.986542	1.788425	0.000000	0.000000	7.125000	-301.448120	11.995676
219	134.866898	640.130676	29.540428	100.756889	0.000000	0.000000	7.125000	-42.683277	-303.602936
220	-609.337646	-642.869263	-86.858101	-82.794426	0.000000	0.000000	7.125000	149.162445	180.453537
221	63.456367	569.257507	24.987953	89.579948	0.000000	0.000000	7.125000	-42.985748	-201.761093
222	484.235168	78.086205	104.095596	76.169411	0.000000	0.000000	7.125000	-197.235458	-98.004562
223	-394.264862	-657.799744	-43.018185	-105.570511	0.000000	0.000000	7.125000	92.761597	276.267609
224	239.208221	249.131653	83.781273	6.051310	0.000000	0.000000	7.125000	-201.617538	-21.066662
225	575.551086	-185.729477	91.271004	-68.305107	0.000000	0.000000	7.125000	-187.568604	130.549301
226	-756.976013	124.265121	-114.987076	34.320900	0.000000	0.000000	7.125000	338.478394	-92.014656
227	-644.672241	-205.687332	-107.310829	-28.352516	0.000000	0.000000	7.125000	379.181427	-1.580667
228	-283.995056	138.313446	-94.157089	39.217812	0.000000	0.000000	7.125000	169.550110	-61.950497
229	-427.044708	-419.857330	-67.844482	-49.523663	0.000000	0.000000	7.125000	214.739258	113.132996
230	-570.581482	-363.964935	-78.395569	-44.200233	0.000000	0.000000	7.125000	253.948288	67.583130
231	-195.206680	268.172394	-47.354622	90.340195	0.000000	0.000000	7.125000	68.259979	-110.455238
232	-508.365540	-770.489990	-86.992592	-114.749435	0.000000	0.000000	7.125000	251.367661	369.179718
233	-505.688904	-352.295532	-74.963959	-69.169197	0.000000	0.000000	7.125000	240.993484	283.679840
234	159.720551	347.119202	42.268845	89.522865	0.000000	0.000000	7.125000	-119.838402	-236.955841
235	-864.758545	250.869293	-123.387360	68.238335	0.000000	0.000000	7.125000	230.036163	-143.689896
236	385.151825	361.034332	85.728325	49.504089	0.000000	0.000000	7.125000	-286.551483	-127.528923
237	65.972473	133.177490	77.403030	87.728722	0.000000	0.000000	7.125000	-59.619205	-81.618141
238	-215.438095	417.417694	-22.830839	80.835419	0.000000	0.000000	7.125000	42.294147	-247.587143
239	238.182159	-384.174133	33.192619	-86.874199	0.000000	0.000000	7.125000	-114.752304	233.816132
240	-168.470093	-15.000231	-69.216721	-78.941544	0.000000	0.000000	7.125000	145.264755	114.725143
241	111.142212	-25.235798	-80.288239	-40.522850	0.000000	0.000000	7.125000	125.648247	23.771585
242	-619.901001	136.698807	-101.610016	26.461313	0.000000	0.000000	7.125000	333.851807	-63.503117
243	672.355225	-35.745293	111.258240	-36.194397	0.000000	0.000000	7.125000	-341.557892	80.762604
244	-550.024536	904.513306	-79.432816	116.496033	0.000000	0.000000	7.125000	144.633560	-237.216858
245	169.832123	-439.651855	21.991156	-93.446304	0.000000	0.000000	7.125000	-25.952341	183.373322
246	-324.026398	457.853760	-49.229362	71.731667	0.000000	0.000000	7.125000	134.858353	-207.718369
247	739.192993	-86.484436	103.087753	-19.942493	0.000000	0.000000	7.125000	-346.660309	48.166183
248	-781.349609	-823.481445	-110.374756	-97.088104	0.000000	0.000000	7.125000	611.492310	441.707642
249	-21.379984	228.452988	17.738039	85.169495	0.000000	0.000000	7.125000	-0.519064	-107.376617
250	636.162048	186.204819	113.183548	48.143990	0.000000	0.000000	7.125000	-335.908905	-127.975853
251	-159.168961	223.868317	-42.485497	65.410522	0.000000	0.000000	7.125000	174.383087	-249.241470
252	-249.080383	545.888245	-26.258617	86.083900	0.000000	0.000000	7.125000	-25.880322	-130.033783
253	-255.379929	453.266998	-63.698227	75.784981	0.000000	0.000000	7.125000	284.349091	-332.711029
254	511.527283	604.326538	69.289505	86.716980	0.000000	0.000000	7.125000	-189.398849	-323.768463
255	571.739380	-266.905029	93.922272	-59.157108	0.000000	0.000000	7.125000	-286.784424	138.458862
256	-236.045761	-305.075928	-78.664192	-90.613922	0.000000	0.000000	7.125000	144.099945	219.164444
257	410.777710	-181.762070	104.583611	-58.781017	0.000000	0.000000	7.125000	-204.409927	87.660988
258	654.570984	232.745667	113.504196	28.372517	0.000000	0.000000	7.125000	-324.604675	-72.206810
259	395.124268	-475.959259	52.979195	-83.628326	0.000000	0.000000	7.125000	-192.384750	431.070221
260	210.448853	-419.100311	35.782307	-117.665878	0.000000	0.000000	7.125000	-91.587250	187.875824
261	-195.642639	419.883179	-51.471550	111.712479	0.000000	0.000000	7.125000	94.911072	-235.743286
262	-322.229126	-83.916031	-95.500465	-43.618313	0.000000	0.000000	7.125000	239.688721	43.044960
263	-359.448242	-411.385132	-82.454399	-54.792885	0.000000	0.000000	7.125000	185.630447	95.330231
264	-95.458405	334.463318	-13.555513	79.855225	0.000000	0.000000	7.125000	-3.775533	-99.721832
265	614.992554	-379.023315	107.153442	-46.959656	0.000000	0.000000	7.125000	-326.500275	119.221832
266	-321.547638	-332.280884	-74.896858	-97.535316	0.000000	0.000000	7.125000	95.705864	178.031372
267	-487.198303	121.369278	-74.970535	30.663643	0.000000	0.000000	7.125000	270.585571	-88.043755
268	-265.664734	-337.409485	-76.538406	-62.788612	0.000000	0.000000	7.125000	181.846420	176.612015
269	-59.577892	-712.061523	-12.912498	-107.222198	0.000000	0.000000	7.125000	5.429341	304.730530
270	-389.052368	-231.955917	-76.935303	-52.244816	0.000000	0.000000	7.125000	-25.077036	83.522934
271	-447.889496	77.172157	-92.800636	49.120667	0.000000	0.000000	7.125000	104.952530	-5.562883
272	102.479141	-728.639343	41.510559	-125.301346	0.000000	0.000000	7.125000	-146.767853	436.813202
273	750.965149	138.710236	121.561867	18.740347	0.000000	0.000000	7.125000	-294.227875	-14.284066
274	214.025513	177.047607	78.605659	69.614273	0.000000	0.000000	7.125000	-137.622223	-128.852325
275	353.714294	-300.604431	78.077957	-98.883743	0.000000	0.000000	7.125000	-201.404343	329.126617
276	632.593628	-640.413818	89.902344	-79.480713	0.000000	0.000000	7.125000	-286.150726	208.899551
277	-674.797302	-368.276764	-98.318588	-57.682877	0.000000	0.000000	7.125000	245.037521	89.056175
278	-102.970589	-558.119446	-16.813560	-100.603920	0.000000	0.000000	7.125000	49.743618	238.525009
279	-91.019684	722.011658	-4.056281	113.926117	0.000000	0.000000	7.125000	22.119917	-294.856201
280	415.360535	-144.923309	111.709831	-22.725010	0.000000	0.000000	7.125000	-272.878204	23.444727
281	-412.349426	-436.085358	-68.089355	-67.674446	0.000000	0.000000	7.125000	174.655563	170.399826
282	239.684769	-360.324341	64.462509	-79.045792	0.000000	0.000000	7.125000	-129.935074	187.712677
283	569.486450	545.737793	67.822289	76.184799	0.000000	0.000000	7.125000	-211.150909	-254.946335
284	145.140106	-182.881256	25.976143	-101.735062	0.000000	0.000000	7.125000	-24.107981	93.159981
285	-578.166016	291.542236	-83.438156	53.278362	0.000000	0.000000	7.125000	212.015244	-122.389374
286	310.489197	-111.147125	105.025269	-25.171810	0.000000	0.000000	7.125000	-99.491302	31.356218
287	-76.090103	-290.021301	-69.128036	-70.865105	0.000000	0.000000	7.125000	98.042831	94.904099
288	111.431351	-279.755463	20.786325	-102.916687	0.000000	0.000000	7.125000	-6.159156	204.102463
289	521.850403	-269.324585	71.584076	-43.950695	0.000000	0.000000	7.125000	-186.354172	102.786316
290	828.178406	156.716187	120.101761	26.538963	0.000000	0.000000	7.125000	-255.145233	-58.932907
291	-98.869293	565.693665	1.872571	113.984604	0.000000	0.000000	7.125000	-6.430038	-222.207611
292	496.357483	-38.456600	139.696762	19.065960	0.000000	0.000000	7.125000	-153.683533	8.807575
293	-487.028412	-360.081726	-70.229309	-73.971245	0.000000	0.000000	7.125000	180.394226	207.360687
294	333.055115	177.885040	68.907990	42.575600	0.000000	0.000000	7.125000	-165.861954	-95.108177
295	-522.106262	84.253670	-85.477821	16.189854	0.000000	0.000000	7.125000	180.378769	-15.897355
296	-635.175964	-329.542297	-93.575111	-47.610062	0.000000	0.000000	7.125000	277.681732	84.075684
297	567.475464	402.057831	92.809723	80.717743	0.000000	0.000000	7.125000	-231.149292	-142.961823
298	73.940521	507.023254	-2.718434	104.964691	0.000000	0.000000	7.125000	22.778608	-213.282150
299	291.479492	-837.507690	55.593437	-106.343285	0.000000	0.000000	7.125000	-140.928162	372.726685
300	-628.178528	324.627930	-85.871109	74.981003	0.000000	0.000000	7.125000	212.311127	-176.573257
301	475.522339	534.423401	79.950775	85.419136	0.000000	0.000000	7.125000	-163.683777	-93.337540
302	-510.381866	-608.461304	-66.439598	-114.060257	0.000000	0.000000	7.125000	152.510345	284.330963
303	-425.736694	552.678772	-79.419067	77.546982	0.000000	0.000000	7.125000	229.497971	-232.999557
304	-64.128815	-693.439575	-23.624153	-120.704437	0.000000	0.000000	7.125000	24.363159	356.367065
305	-552.464417	-209.406906	-97.330078	-30.492079	0.000000	0.000000	7.125000	449.161346	69.821861
306	314.318909	137.358749	108.794632	57.376068	0.000000	0.000000	7.125000	-172.057541	-76.500732
307	-236.743744	-14.025677	-92.235153	-71.977386	0.000000	0.000000	7.125000	110.413734	136.132385
308	-647.110535	-116.855347	-118.499634	-18.915607	0.000000	0.000000	7.125000	202.252243	34.238873
309	-27.697466	405.780090	-7.976572	80.605515	0.000000	0.000000	7.125000	48.034874	-253.262711
310	-674.186890	-17.453655	-107.969040	2.562359	0.000000	0.000000	7.125000	481.842072	2.936410
311	-201.794220	-539.358032	-24.856016	-114.326874	0.000000	0.000000	7.125000	19.429867	213.616089
312	336.230042	-430.189575	80.405739	-80.805847	0.000000	0.000000	7.125000	-287.897125	361.902008
313	470.516693	-272.642151	72.613335	-42.225140	0.000000	0.000000	7.125000	-224.033218	98.005325
314	704.097046	257.210419	103.429962	31.084389	0.000000	0.000000	7.125000	-302.751068	-113.909874
315	-222.023804	-739.086914	-54.782578	-113.463364	0.000000	0.000000	7.125000	183.945877	492.143799
316	-72.400658	-663.627808	-6.162355	-110.827255	0.000000	0.000000	7.125000	-9.389149	316.414215
317	588.078003	309.022552	88.539619	56.429684	0.000000	0.000000	7.125000	-246.216888	-126.583549
318	-278.281921	-599.255676	-51.460705	-84.566658	0.000000	0.000000	7.125000	98.681137	266.819092
319	119.847237	170.624725	70.356308	100.890144	0.000000	0.000000	7.125000	-96.397957	-138.830780
320	-565.396179	426.414490	-103.176193	48.481102	0.000000	0.000000	7.125000	301.716064	-124.259674
321	-902.233032	300.448547	-111.732758	64.469673	0.000000	0.000000	7.125000	212.274078	-87.565521
322	-172.281403	-243.690262	-71.929321	-63.568520	0.000000	0.000000	7.125000	137.926285	169.859390
323	-587.305908	-349.599487	-123.082916	-38.616219	0.000000	0.000000	7.125000	299.436951	60.827423
324	507.219727	160.960678	115.604950	50.114494	0.000000	0.000000	7.125000	-244.742142	-105.985649
325	-384.939178	402.888702	-59.961014	63.037010	0.000000	0.000000	7.125000	167.768585	-169.940018
326	-817.744019	97.077209	-134.434601	42.520885	0.000000	0.000000	7.125000	290.272949	-67.513947
327	605.183960	576.421265	82.303192	74.473816	0.000000	0.000000	7.125000	-247.895767	-177.146942
328	487.917786	708.829834	91.960449	81.679901	0.000000	0.000000	7.125000	-241.270248	-170.049118
329	-558.230103	470.433594	-85.436111	79.935257	0.000000	0.000000	7.125000	337.791107	-298.179962
330	-70.865402	-129.787613	-80.059525	-81.156700	0.000000	0.000000	7.125000	53.593586	56.248428
331	432.528198	508.423523	65.777931	69.921677	0.000000	0.000000	7.125000	-281.382629	-265.780884
332	126.346581	571.947388	15.067402	97.846680	0.000000	0.000000	7.125000	-32.227501	-208.957062
333	223.119339	410.261780	59.287155	82.999504	0.000000	0.000000	7.125000	-163.549072	-195.252029
334	675.232422	-430.106598	104.138756	-59.624321	0.000000	0.000000	7.125000	-263.582916	95.705444
335	-59.823235	473.610199	-14.290209	79.728531	0.000000	0.000000	7.125000	11.108207	-202.099670
336	883.730347	-248.237457	135.780670	-24.638000	0.000000	0.000000	7.125000	-373.631104	35.566952
337	479.270782	-497.309998	87.298187	-82.334778	0.000000	0.000000	7.125000	-211.549072	229.106873
338	308.705902	650.477783	47.355427	93.711853	0.000000	0.000000	7.125000	-100.957649	-243.896439
339	139.394806	21.481510	96.756866	-40.780098	0.000000	0.000000	7.125000	-82.477829	40.782661
340	32.369381	397.547791	4.601274	104.898422	0.000000	0.000000	7.125000	-6.062186	-286.050659
341	-386.240845	283.879639	-110.945282	59.723282	0.000000	0.000000	7.125000	251.488708	-134.942291
342	-215.190231	-503.662598	-15.459804	-109.913902	0.000000	0.000000	7.125000	-3.230349	262.629395
343	-14.231083	-237.381516	6.155642	-74.732422	0.000000	0.000000	7.125000	25.142479	96.996262
344	794.364624	168.649979	104.500679	37.422318	0.000000	0.000000	7.125000	-290.914032	-90.536659
345	-517.823425	97.681259	-104.312531	-11.965631	0.000000	0.000000	7.125000	237.381287	19.814075
346	-612.293701	-707.471619	-76.146637	-100.384521	0.000000	0.000000	7.125000	149.546524	263.516571
347	-103.403450	175.116302	-51.481083	81.024750	0.000000	0.000000	7.125000	109.496124	-158.823593
348	437.636475	-623.613525	64.425232	-82.907974	0.000000	0.000000	7.125000	-142.366562	255.337143
349	-17.679388	270.850220	-25.432137	104.941841	0.000000	0.000000	7.125000	49.018505	-139.439072
350	-314.403107	601.232910	-41.152493	115.911484	0.000000	0.000000	7.125000	85.830894	-277.072662
351	157.823883	-242.029663	89.821625	-79.569458	0.000000	0.000000	7.125000	-173.663010	191.262421
352	-310.956970	-16.363110	-109.573792	-17.728205	0.000000	0.000000	7.125000	352.186798	25.725893
353	-56.178276	978.276978	18.998486	130.620087	0.000000	0.000000	7.125000	-8.951816	-351.039612
354	-259.885742	-341.882996	-40.484528	-100.124390	0.000000	0.000000	7.125000	95.999329	278.787506
355	-70.738266	515.825623	-14.663216	97.907669	0.000000	0.000000	7.125000	30.837574	-285.685425
356	-632.647766	184.230606	-88.840981	36.373566	0.000000	0.000000	7.125000	265.469086	-88.046745
357	63.924736	120.099205	78.663368	-108.752487	0.000000	0.000000	7.125000	-15.922003	51.667686
358	435.413574	-381.761414	51.455589	-62.556152	0.000000	0.000000	7.125000	-159.490601	223.990005
359	526.652832	468.247986	67.946030	91.538712	0.000000	0.000000	7.125000	-202.278748	-263.330841
360	313.863007	671.572632	62.007767	113.119370	0.000000	0.000000	7.125000	-423.927887	-825.095215
361	-339.232574	652.123291	-49.024986	102.919922	0.000000	0.000000	7.125000	105.658798	-241.416443
362	639.699707	357.123260	93.932861	46.915596	0.000000	0.000000	7.125000	-455.020020	-157.935654
363	95.173332	380.213013	18.380260	118.583969	0.000000	0.000000	7.125000	-83.871819	-380.479340
364	382.848633	444.261566	45.722725	77.518417	0.000000	0.000000	7.125000	-111.286552	-272.403442
365	-33.385853	-422.347778	-12.942124	-98.147812	0.000000	0.000000	7.125000	14.590189	201.185776
366	668.947449	-648.871216	93.435143	-93.240952	0.000000	0.000000	7.125000	-253.251678	239.702408
367	49.238266	-570.111877	0.880755	-95.995277	0.000000	0.000000	7.125000	19.779436	271.241577
368	53.199120	-779.838684	29.594215	-125.557487	0.000000	0.000000	7.125000	9.839022	370.459259
369	-474.165375	553.807617	-58.410919	76.184662	0.000000	0.000000	7.125000	159.135406	-237.100922
370	-290.219482	151.511200	-91.105278	30.252644	0.000000	0.000000	7.125000	189.383743	-89.467392
371	452.663635	-178.119934	76.716408	-41.025459	0.000000	0.000000	7.125000	-249.527115	79.518616
372	-458.093445	-297.008423	-109.022980	-50.104179	0.000000	0.000000	7.125000	219.287384	45.353367
373	366.114899	-545.280945	55.317917	-70.991394	0.000000	0.000000	7.125000	-139.543518	212.236832
374	-147.095886	143.398041	-86.377350	64.729439	0.000000	0.000000	7.125000	104.138817	-35.804993
375	-776.115967	-466.100311	-99.650421	-72.095863	0.000000	0.000000	7.125000	317.009216	160.099548
376	-228.215302	-258.869843	-36.212715	-104.879868	0.000000	0.000000	7.125000	37.814053	124.029243
377	-763.530640	-179.950562	-105.198059	-24.434416	0.000000	0.000000	7.125000	310.859985	48.518456
378	-618.055908	-6.715560	-92.394791	10.592247	0.000000	0.000000	7.125000	297.628998	-41.850510
379	-418.790771	290.183624	-56.280663	58.252983	0.000000	0.000000	7.125000	187.919510	-227.973557
380	13.691214	82.783798	41.419636	86.599434	0.000000	0.000000	7.125000	-52.226620	-85.957481
381	-736.284607	-274.720398	-117.857895	-22.535051	0.000000	0.000000	7.125000	623.953369	51.648960
382	289.467468	-86.023590	103.048828	20.057434	0.000000	0.000000	7.125000	-129.221573	-54.601994
383	182.253204	-231.980515	35.954456	-114.463356	0.000000	0.000000	7.125000	-63.581043	109.151459
384	304.869537	360.991486	52.372562	80.452728	0.000000	0.000000	7.125000	-188.502670	-325.430939
385	-269.093964	546.512573	-43.709995	92.159836	0.000000	0.000000	7.125000	134.961380	-321.026794
386	-252.333466	-532.421875	-65.281700	-86.023727	0.000000	0.000000	7.125000	70.374680	150.639267
387	-536.543762	24.455616	-107.694077	8.120172	0.000000	0.000000	7.125000	252.092773	-23.630976
388	113.002930	646.207153	14.501341	97.929642	0.000000	0.000000	7.125000	-5.467756	-352.602142
389	265.329163	-722.159607	34.986477	-102.175270	0.000000	0.000000	7.125000	-89.113464	319.389771
390	117.312515	579.594482	15.840944	134.066528	0.000000	0.000000	7.125000	-0.646335	-178.091415
391	-600.110718	489.442688	-57.367901	80.683273	0.000000	0.000000	7.125000	123.240776	-222.231796
392	-599.453369	-478.726227	-86.732635	-64.348694	0.000000	0.000000	7.125000	269.113617	139.200150
393	-95.945686	-585.149475	-31.855278	-87.374092	0.000000	0.000000	7.125000	227.295746	620.581665
394	251.003647	-118.194992	92.976715	1.968774	0.000000	0.000000	7.125000	-253.560730	10.940234
395	670.144897	-320.496826	94.720520	-45.299278	0.000000	0.000000	7.125000	-361.587738	115.456276
396	-422.952576	-448.313538	-54.198559	-64.174683	0.000000	0.000000	7.125000	166.751251	234.409683
397	173.487885	385.372528	32.863197	67.416069	0.000000	0.000000	7.125000	-94.246216	-199.694046
398	155.393829	-382.831970	28.344082	-116.604156	0.000000	0.000000	7.125000	-44.325817	210.531494
399	-445.418274	-147.211731	-63.177948	-59.812088	0.000000	0.000000	7.125000	125.077347	122.978638
400	479.004028	115.856766	95.912628	-4.093977	0.000000	0.000000	7.125000	-244.500748	15.615073
401	-618.060608	-584.765686	-91.824287	-77.250534	0.000000	0.000000	7.125000	276.393829	176.864853
402	364.051849	-317.021790	55.146767	-74.884102	0.000000	0.000000	7.125000	-92.079727	174.478073
403	417.258514	-451.534119	65.078064	-100.820465	0.000000	0.000000	7.125000	-195.508957	335.226044
404	-467.140747	59.433735	-96.557007	-60.602848	0.000000	0.000000	7.125000	330.003601	175.960846
405	-425.642303	238.450012	-62.031178	65.207687	0.000000	0.000000	7.125000	156.097717	-187.821045
406	-540.666016	-102.359474	-87.859863	-19.509995	0.000000	0.000000	7.125000	256.975128	51.557255
407	322.391815	-524.765930	51.054504	-84.813919	0.000000	0.000000	7.125000	-119.769440	300.497345
408	130.695770	-736.630676	20.436691	-127.370712	0.000000	0.000000	7.125000	-15.173414	328.832794
409	-310.999176	-194.551300	-70.224060	-56.289719	0.000000	0.000000	7.125000	170.330902	141.811768
410	105.692154	-627.263184	50.730640	-118.605606	0.000000	0.000000	7.125000	-112.964668	226.885040
411	117.164307	134.036087	11.192741	77.191147	0.000000	0.000000	7.125000	10.604989	-147.318924
412	-292.911072	-438.737732	-61.689819	-73.555145	0.000000	0.000000	7.125000	111.787521	138.169098
413	146.000885	371.549927	14.314346	79.725136	0.000000	0.000000	7.125000	-43.727833	-213.813278
414	-54.197868	265.126648	-33.816597	83.399002	0.000000	0.000000	7.125000	68.926056	-123.765594
415	-729.191040	-262.325714	-103.560577	-39.927635	0.000000	0.000000	7.125000	292.837463	64.836426
416	-502.885162	-635.632141	-68.240692	-98.698990	0.000000	0.000000	7.125000	152.481125	309.283295
417	-69.961746	616.575806	-13.627165	101.085602	0.000000	0.000000	7.125000	33.809509	-119.642624
418	-171.467087	-476.022400	-33.119843	-96.471771	0.000000	0.000000	7.125000	55.320866	219.247482
419	-608.287170	218.554642	-109.700851	30.989944	0.000000	0.000000	7.125000	247.293610	-37.026993
420	-31.106316	-290.670807	-25.452330	-98.741051	0.000000	0.000000	7.125000	-3.771264	102.791855
421	-193.504486	-80.001961	-68.929893	-3.100660	0.000000	0.000000	7.125000	65.451889	-8.531452
422	236.062286	-515.886841	59.599091	-86.445747	0.000000	0.000000	7.125000	-162.310959	267.333405
423	114.291626	-436.998901	44.572750	-95.069069	0.000000	0.000000	7.125000	-98.820328	251.766052
424	-402.458435	490.761108	-85.397514	104.556320	0.000000	0.000000	7.125000	174.502533	-216.729858
425	116.377090	720.880676	27.371685	113.748047	0.000000	0.000000	7.125000	-36.935543	-329.924622
426	-622.116272	-388.846619	-83.087234	-64.194656	0.000000	0.000000	7.125000	286.752808	182.326843
427	238.374207	-141.279953	41.081657	-103.116943	0.000000	0.000000	7.125000	-86.585083	225.678696
428	-299.860992	-467.575134	-57.256081	-115.593903	0.000000	0.000000	7.125000	111.850761	321.418427
429	-555.435852	408.788513	-86.540710	48.075371	0.000000	0.000000	7.125000	171.877136	-86.823822
430	450.163635	-522.087097	66.752563	-73.109459	0.000000	0.000000	7.125000	-163.214951	198.610855
431	-649.583496	-536.960266	-87.160522	-78.051392	0.000000	0.000000	7.125000	234.092041	218.431686
432	-534.561401	103.998764	-116.896873	-4.908347	0.000000	0.000000	7.125000	364.862030	23.702269
433	1003.776123	289.881714	143.350235	13.625158	0.000000	0.000000	7.125000	-348.150940	-33.178055
434	329.138458	-626.162476	29.945061	-119.298737	0.000000	0.000000	7.125000	-114.547096	294.303253
435	-517.672852	-637.796326	-71.261642	-92.791046	0.000000	0.000000	7.125000	197.844437	316.063995
436	-160.489136	125.056732	-109.685120	61.485630	0.000000	0.000000	7.125000	117.208611	13.893097
437	164.355972	-607.397888	22.222363	-127.065155	0.000000	0.000000	7.125000	-3.115417	232.747406
438	211.512787	-425.766693	38.536186	-77.999756	0.000000	0.000000	7.125000	-125.526894	262.438629
439	38.966347	620.341125	0.881965	101.995804	0.000000	0.000000	7.125000	10.528955	-570.451294
440	634.805054	-405.726685	71.672066	-63.867050	0.000000	0.000000	7.125000	-267.368591	206.630875
441	500.746979	877.661865	67.762672	109.766396	0.000000	0.000000	7.125000	-160.890442	-304.741180
442	-384.335419	-153.712677	-94.830894	-37.532150	0.000000	0.000000	7.125000	188.126587	59.521301
443	-481.447815	6.615581	-94.535118	16.703831	0.000000	0.000000	7.125000	182.681259	-34.996056
444	47.719006	-372.675262	17.237820	-103.534576	0.000000	0.000000	7.125000	9.415373	76.497200
445	-319.846466	-94.719254	-92.226410	-35.957417	0.000000	0.000000	7.125000	145.014618	21.522842
446	-50.983223	-432.654510	-42.619762	-89.355881	0.000000	0.000000	7.125000	79.723267	158.988754
447	-28.200443	115.096802	-4.206550	71.852310	0.000000	0.000000	7.125000	26.584295	-49.120354
448	428.180481	-152.317963	101.149788	-13.141470	0.000000	0.000000	7.125000	-239.246887	30.172037
449	-409.315765	-176.487366	-84.481125	-20.769646	0.000000	0.000000	7.125000	164.420059	25.611702
450	-6.447195	-469.172791	19.986044	-115.257950	0.000000	0.000000	7.125000	3.974452	118.727234
451	-35.480965	677.989014	-6.428016	107.808289	0.000000	0.000000	7.125000	13.801450	-319.656219
452	431.702667	-802.825623	69.850395	-97.569511	0.000000	0.000000	7.125000	-142.355667	280.800049
453	-352.635864	-124.332283	-86.894363	4.187218	0.000000	0.000000	7.125000	324.295013	-17.567619
454	-462.690979	334.644836	-101.335480	52.215111	0.000000	0.000000	7.125000	248.167755	-166.382599
455	-132.418427	-517.112122	-14.787548	-103.949799	0.000000	0.000000	7.125000	12.302500	259.112671
456	446.042999	-369.868927	73.800774	-74.684334	0.000000	0.000000	7.125000	-67.660301	104.920967
457	-301.781860	426.522644	-46.073761	55.327435	0.000000	0.000000	7.125000	150.845108	-215.830521
458	273.146912	-311.034058	66.877625	-88.575401	0.000000	0.000000	7.125000	-142.775085	154.777267
459	-64.530121	-415.291138	8.394750	-101.651413	0.000000	0.000000	7.125000	14.883700	231.378174
460	103.161972	516.764160	39.033722	77.751862	0.000000	0.000000	7.125000	-140.980408	-285.388428
461	116.254105	-727.230103	19.082743	-124.544571	0.000000	0.000000	7.125000	-24.653486	196.805466
462	-317.743530	-496.035095	-54.529308	-63.894218	0.000000	0.000000	7.125000	167.853027	230.569534
463	217.639816	610.990173	36.176125	98.566330	0.000000	0.000000	7.125000	-69.902390	-298.272003
464	31.099979	586.415222	9.105366	107.614830	0.000000	0.000000	7.125000	-15.421093	-243.194672
465	-117.267937	-697.621765	-41.194530	-112.707336	0.000000	0.000000	7.125000	64.589989	209.381134
466	-596.787842	558.740845	-103.955849	81.345665	0.000000	0.000000	7.125000	286.006104	-186.872314
467	-619.033813	880.783142	-97.217010	93.667877	0.000000	0.000000	7.125000	288.484406	-259.995026
468	541.619568	-285.500427	78.685944	-69.523529	0.000000	0.000000	7.125000	-219.149536	195.280365
469	43.690010	-650.124634	-6.399440	-95.785851	0.000000	0.000000	7.125000	0.051079	297.722107
470	459.025879	484.322754	58.274738	64.597992	0.000000	0.000000	7.125000	-183.260025	-160.356354
471	-448.679260	276.807556	-101.847954	35.930279	0.000000	0.000000	7.125000	144.307739	-140.138016
472	-658.152222	-260.273773	-93.167305	-70.765503	0.000000	0.000000	7.125000	259.414581	139.934311
473	274.335449	625.948975	54.410088	130.077560	0.000000	0.000000	7.125000	-87.419281	-279.746857
474	99.349731	-333.734985	16.195759	-94.623367	0.000000	0.000000	7.125000	-99.998672	501.856110
475	544.228821	-340.763092	87.548576	-57.966347	0.000000	0.000000	7.125000	-212.942154	128.537003
476	603.231201	159.612335	98.991592	-1.206461	0.000000	0.000000	7.125000	-329.535706	33.338230
477	-213.453003	-528.137512	-48.045063	-93.362396	0.000000	0.000000	7.125000	96.878014	214.534760
478	147.404007	789.417114	14.344309	113.081635	0.000000	0.000000	7.125000	50.888367	-495.261322
479	-823.481567	-607.976318	-105.906631	-88.469765	0.000000	0.000000	7.125000	268.764130	192.571442
480	687.453125	-248.789612	119.075897	-69.746872	0.000000	0.000000	7.125000	-223.786957	111.774551
481	-423.683777	484.819733	-73.377731	75.103500	0.000000	0.000000	7.125000	177.277222	-217.417465
482	-488.108124	-288.668915	-68.868195	-62.497307	0.000000	0.000000	7.125000	130.874924	113.439171
483	520.737122	-585.256348	55.335243	-92.745575	0.000000	0.000000	7.125000	-140.039871	260.832153
484	-183.946686	-308.347717	-37.048683	-82.020172	0.000000	0.000000	7.125000	94.026627	229.930283
485	-695.838379	-249.941605	-91.628410	-44.807209	0.000000	0.000000	7.125000	220.269867	72.101944
486	-528.352722	-411.335388	-73.192032	-79.413872	0.000000	0.000000	7.125000	163.054092	209.967209
487	703.516479	-189.406769	112.466484	-49.750748	0.000000	0.000000	7.125000	-390.046326	54.172344
488	-18.677521	136.279007	-104.972878	2.365824	0.000000	0.000000	7.125000	152.786942	5.204927
489	-324.286621	532.080322	-59.280792	63.676651	0.000000	0.000000	7.125000	162.637314	-197.408432
490	293.498779	-634.359985	34.653618	-114.885231	0.000000	0.000000	7.125000	-65.047256	320.026855
491	-440.669403	235.400345	-100.672760	29.830868	0.000000	0.000000	7.125000	271.834198	-82.813545
492	22.768734	-82.969742	26.366432	-120.124207	0.000000	0.000000	7.125000	-9.830668	118.378662
493	311.782806	-675.825623	58.561024	-134.831726	0.000000	0.000000	7.125000	-121.010284	324.410339
494	38.859852	245.894073	-39.401226	63.814308	0.000000	0.000000	7.125000	111.518234	-165.301880
495	-599.052002	-407.098511	-73.757561	-82.947662	0.000000	0.000000	7.125000	163.544617	227.331665
496	-663.528442	-118.912323	-89.315475	-35.188858	0.000000	0.000000	7.125000	247.870621	68.091537
497	701.508240	-367.726105	95.923126	-55.843693	0.000000	0.000000	7.125000	-408.310059	171.805252
498	-66.440331	620.790588	4.558409	116.909172	0.000000	0.000000	7.125000	-1.212529	-247.680481
499	-376.280670	563.485596	-56.823296	81.067383	0.000000	0.000000	7.125000	158.954758	-197.678482
500	-754.392578	-343.082153	-106.750816	-61.092545	0.000000	0.000000	7.125000	257.622742	100.838387
501	-498.640198	-320.365326	-85.115051	-71.247978	0.000000	0.000000	7.125000	220.300797	143.369797
502	-175.281708	-532.369446	-23.247711	-93.137283	0.000000	0.000000	7.125000	22.763803	283.996124
503	-90.295639	532.298096	15.902069	112.883423	0.000000	0.000000	7.125000	1.145360	-210.392593
504	49.458027	88.651215	54.032322	123.715210	0.000000	0.000000	7.125000	-82.755325	-167.091568
505	391.342072	-297.916809	69.608765	-105.024231	0.000000	0.000000	7.125000	-143.705093	251.844208
506	188.774734	561.520752	37.962727	91.425346	0.000000	0.000000	7.125000	-61.076759	-242.726425
507	416.856567	-402.126282	62.353439	-68.998169	0.000000	0.000000	7.125000	-152.856262	212.856308
508	-139.296143	44.601555	-77.932404	-3.218356	0.000000	0.000000	7.125000	224.385513	-3.395265
509	-464.637054	365.654846	-95.536903	62.184143	0.000000	0.000000	7.125000	239.152435	-180.921646
510	-500.543671	93.276619	-109.203156	-32.717934	0.000000	0.000000	7.125000	330.103302	96.099396
511	534.757996	-285.986084	87.412010	-77.767838	0.000000	0.000000	7.125000	-203.377808	155.683075
512	334.283508	375.155762	55.855732	66.701538	0.000000	0.000000	7.125000	-168.857574	-194.674942
513	-85.017929	-334.730347	-19.763258	-109.226364	0.000000	0.000000	7.125000	39.226742	208.878616
514	57.406570	446.834534	23.890015	77.393387	0.000000	0.000000	7.125000	-53.556271	-134.477341
515	-449.691895	72.633492	-92.837189	24.435122	0.000000	0.000000	7.125000	188.122467	-42.802620
516	864.863953	-126.658554	120.126358	-54.685371	0.000000	0.000000	7.125000	-288.149811	118.662041
517	506.809143	-324.567230	85.231575	-56.021965	0.000000	0.000000	7.125000	-210.587418	88.963814
518	-130.483810	115.431488	-60.605389	-66.533356	0.000000	0.000000	7.125000	226.997086	312.171173
519	-485.107880	572.692871	-72.602280	67.301872	0.000000	0.000000	7.125000	229.802124	-170.482773
520	614.087891	407.097137	90.713356	46.633331	0.000000	0.000000	7.125000	-280.249542	-115.850800
521	-603.512085	305.954010	-113.395416	39.261402	0.000000	0.000000	7.125000	108.958237	41.443668
522	109.845520	781.971497	24.532055	111.317001	0.000000	0.000000	7.125000	-34.352695	-321.609619
523	519.932068	719.926392	71.205223	92.837532	0.000000	0.000000	7.125000	-195.401718	-231.198792
524	-96.385109	-666.860779	-17.374460	-103.550461	0.000000	0.000000	7.125000	22.879841	331.873077
525	66.858810	306.140076	47.582985	103.594322	0.000000	0.000000	7.125000	-54.427620	-114.755341
526	-36.399525	-87.295868	-29.038044	-78.812225	0.000000	0.000000	7.125000	86.256523	134.240524
527	385.481140	-306.275360	60.753792	-58.008404	0.000000	0.000000	7.125000	-175.142258	184.222580
528	-487.913879	-186.720306	-82.531845	-42.862694	0.000000	0.000000	7.125000	244.742294	95.086197
529	-94.801010	174.788605	-37.324421	68.487915	0.000000	0.000000	7.125000	88.469521	-132.570099
530	725.333374	134.201721	104.294907	12.142941	0.000000	0.000000	7.125000	-264.334961	-32.917000
531	-170.069565	587.964661	-51.394226	81.083206	0.000000	0.000000	7.125000	110.954231	-250.776703
532	503.549744	-395.698395	62.256802	-73.075500	0.000000	0.000000	7.125000	-165.623749	222.703888
533	-499.094116	-397.527557	-93.644478	-75.032089	0.000000	0.000000	7.125000	218.462479	124.501785
534	-106.006210	-447.868835	-27.355480	-101.373947	0.000000	0.000000	7.125000	93.021088	288.418549
535	-563.353455	-0.626138	-98.466537	-26.614658	0.000000	0.000000	7.125000	410.823517	130.378632
536	902.557129	-460.571564	127.215347	-60.785728	0.000000	0.000000	7.125000	-350.126312	112.709152
537	-682.548035	161.117432	-109.906769	15.522228	0.000000	0.000000	7.125000	338.105377	-15.997209
538	-324.937439	483.330078	-66.644821	73.208382	0.000000	0.000000	7.125000	196.749771	-207.800598
539	-19.034840	253.131744	-44.166756	108.336853	0.000000	0.000000	7.125000	86.524490	-102.474937
540	488.114014	-438.718445	54.622147	-75.266960	0.000000	0.000000	7.125000	-162.505875	280.189880
541	-339.629425	-364.347870	-97.746521	-69.598526	0.000000	0.000000	7.125000	212.900085	154.419769
542	-318.129608	-729.417664	-45.776043	-126.998718	0.000000	0.000000	7.125000	117.104439	397.950714
543	-16.396044	160.303391	-41.289646	-102.977249	0.000000	0.000000	7.125000	12.608040	69.621025
544	-190.837875	488.174866	-30.938944	94.039192	0.000000	0.000000	7.125000	71.740578	-360.835663
545	-521.555298	53.236393	-90.942528	-39.121044	0.000000	0.000000	7.125000	233.102341	109.823502
546	-16.806536	-44.275482	-40.365013	-83.730461	0.000000	0.000000	7.125000	97.759171	79.941109
547	-374.305603	-31.346710	-90.922806	-58.281601	0.000000	0.000000	7.125000	178.831680	92.799423
548	61.864124	-1.689078	-41.682693	-112.525955	0.000000	0.000000	7.125000	31.253485	-13.985888
549	79.308998	780.669556	11.685862	110.381958	0.000000	0.000000	7.125000	-15.376627	-284.979279
550	246.409882	215.119843	44.522766	88.421936	0.000000	0.000000	7.125000	-89.216087	-201.002762
551	-241.834671	128.590088	-100.741402	29.592621	0.000000	0.000000	7.125000	468.294739	-79.176971
552	586.912109	-79.376274	89.683372	-34.228989	0.000000	0.000000	7.125000	-345.217743	59.398514
553	-393.130829	-387.446655	-77.046234	-71.336342	0.000000	0.000000	7.125000	226.392685	221.261536
554	-367.600952	71.877960	-105.090103	24.886831	0.000000	0.000000	7.125000	178.533188	-35.594894
555	479.096649	-549.679932	54.687546	-96.586876	0.000000	0.000000	7.125000	-133.424667	313.011414
556	69.278694	-540.380432	15.564817	-88.643524	0.000000	0.000000	7.125000	-48.947105	299.765015
557	-245.726547	556.983032	-34.349571	83.187088	0.000000	0.000000	7.125000	74.525429	-141.603577
558	-398.133057	286.211578	-61.074928	43.525398	0.000000	0.000000	7.125000	121.155663	-90.273865
559	-181.627533	-123.743454	-90.305771	-40.557365	0.000000	0.000000	7.125000	162.903824	40.389568
560	302.691101	26.741196	77.941956	2.726167	0.000000	0.000000	7.125000	-267.440186	36.365395
561	334.548889	-489.636139	57.993332	-72.702644	0.000000	0.000000	7.125000	-156.210556	223.556915
562	373.075500	655.146790	59.134968	75.623428	0.000000	0.000000	7.125000	-179.242325	-269.960388
563	-227.121994	-310.379730	-29.085684	-104.009636	0.000000	0.000000	7.125000	51.048717	157.778931
564	-61.180153	464.461121	-14.926186	61.205887	0.000000	0.000000	7.125000	39.907082	-240.517044
565	-335.423950	763.723938	-60.985832	106.814957	0.000000	0.000000	7.125000	117.976036	-261.145813
566	266.146851	82.928314	110.850044	5.490251	0.000000	0.000000	7.125000	-173.582947	1.333752
567	-99.517288	248.173843	28.129137	107.373024	0.000000	0.000000	7.125000	-114.429985	-319.810822
568	531.271667	418.987244	87.951347	45.448441	0.000000	0.000000	7.125000	-248.190933	-121.844231
569	508.019897	697.614929	64.930702	100.915611	0.000000	0.000000	7.125000	-171.963486	-282.198975
570	-252.476898	-5.114418	-78.556274	29.741316	0.000000	0.000000	7.125000	199.182114	-88.240311
571	659.835205	309.951050	78.977463	54.572823	0.000000	0.000000	7.125000	-294.707458	-154.940018
572	75.638268	-376.729370	42.941551	-79.092514	0.000000	0.000000	7.125000	-103.213669	149.589767
573	339.150848	256.267609	71.040688	44.810951	0.000000	0.000000	7.125000	-266.985657	-101.686554
574	-805.725830	-578.784180	-105.682816	-93.337143	0.000000	0.000000	7.125000	235.761215	168.860504
575	-551.844971	507.386536	-87.064369	73.592087	0.000000	0.000000	7.125000	144.168869	-143.347168
576	183.340118	717.510315	43.071537	105.545898	0.000000	0.000000	7.125000	-68.663818	-264.990723
577	806.807251	109.506668	118.830338	16.712860	0.000000	0.000000	7.125000	-407.650452	-41.071514
578	521.216858	-199.345764	108.946625	-21.240658	0.000000	0.000000	7.125000	-249.708984	34.406475
579	693.013855	-222.138184	98.680382	-50.823906	0.000000	0.000000	7.125000	-319.103027	144.251282
580	-133.146637	-412.187500	-16.999794	-76.122131	0.000000	0.000000	7.125000	34.025700	281.816193
581	-336.537231	-646.418518	-55.820648	-92.454117	0.000000	0.000000	7.125000	130.444351	252.209946
582	239.672394	448.965729	48.982334	96.253403	0.000000	0.000000	7.125000	-102.332672	-238.247910
583	585.400940	-172.241150	113.731491	-7.819231	0.000000	0.000000	7.125000	-287.719452	15.296857
584	-104.079613	-12.815042	-54.075394	96.817139	0.000000	0.000000	7.125000	134.218521	-61.686623
585	-66.076523	298.574921	-16.930080	97.540123	0.000000	0.000000	7.125000	45.829216	-198.267700
586	-470.440826	-68.559082	-89.310219	-11.104901	0.000000	0.000000	7.125000	237.111801	21.181049
587	114.618637	387.851715	27.995285	98.078857	0.000000	0.000000	7.125000	-97.316444	-239.401703
588	356.859375	-354.641907	86.291527	-48.517403	0.000000	0.000000	7.125000	-159.796967	119.032700
589	-45.507679	400.902954	-16.076687	88.552246	0.000000	0.000000	7.125000	36.795456	-212.315613
590	82.068726	59.831417	10.791102	128.470413	0.000000	0.000000	7.125000	59.669743	-3.565405
591	472.423920	-471.740234	61.491096	-95.991684	0.000000	0.000000	7.125000	-128.294785	248.125824
592	-135.427032	89.614769	-20.888033	102.898148	0.000000	0.000000	7.125000	58.501244	-102.404846
593	401.871094	-28.583763	86.214012	-42.202339	0.000000	0.000000	7.125000	-212.422943	53.933125
594	-558.757996	155.688751	-95.637016	35.458534	0.000000	0.000000	7.125000	308.625641	-80.772301
595	230.254105	-153.964050	95.974182	-0.008920	0.000000	0.000000	7.125000	-120.627304	20.034184
596	469.228821	583.900085	61.886871	88.509941	0.000000	0.000000	7.125000	-168.912094	-243.201050
597	23.357658	-242.747589	108.981339	-56.899284	0.000000	0.000000	7.125000	-266.973022	238.345123
598	309.313782	-362.967712	96.116348	-61.286682	0.000000	0.000000	7.125000	-112.189224	96.179642
599	603.444336	-484.027618	97.172775	-70.409149	0.000000	0.000000	7.125000	-311.173981	231.709900
600	774.607483	-147.684967	125.265106	-30.792576	0.000000	0.000000	7.125000	-356.329651	46.520939
601	505.647766	-547.407837	69.639809	-70.365082	0.000000	0.000000	7.125000	-271.982239	242.548553
602	560.689148	-48.493889	107.845215	-5.730894	0.000000	0.000000	7.125000	-256.505249	32.765869
603	551.632874	214.429108	101.841187	35.949299	0.000000	0.000000	7.125000	-235.090836	-74.853348
604	558.089539	-244.485092	75.466553	-54.348015	0.000000	0.000000	7.125000	-222.748703	146.220413
605	-91.730789	-24.792175	3.793226	-104.906693	0.000000	0.000000	7.125000	48.210827	164.841415
606	317.523956	-459.365021	80.810364	-71.649246	0.000000	0.000000	7.125000	-244.548370	193.657745
607	-26.338007	-286.357422	4.626543	-98.877579	0.000000	0.000000	7.125000	50.531734	152.038269
608	566.626587	-248.929962	83.889923	-52.568550	0.000000	0.000000	7.125000	-171.224503	102.850464
609	255.268677	683.815918	35.590172	105.138733	0.000000	0.000000	7.125000	-93.640640	-321.076141
610	644.502991	-352.087250	97.176468	-39.736549	0.000000	0.000000	7.125000	-231.182953	48.354919
611	-47.063400	431.877808	-13.291317	119.257126	0.000000	0.000000	7.125000	-30.792290	-124.542976
612	-306.732422	-705.279297	-58.525375	-97.826294	0.000000	0.000000	7.125000	127.566757	278.198090
613	-369.764709	524.320618	-51.645645	70.012337	0.000000	0.000000	7.125000	154.549408	-220.586319
614	-218.139999	-633.104614	-13.378463	-110.187042	0.000000	0.000000	7.125000	8.653362	331.719269
615	-555.699463	-188.895874	-104.157257	-38.370087	0.000000	0.000000	7.125000	245.782318	85.649216
616	134.915359	-654.656982	-5.427642	-104.858826	0.000000	0.000000	7.125000	-2.567380	310.018890
617	-211.069336	-245.892151	-28.740814	-107.212952	0.000000	0.000000	7.125000	68.787575	180.422699
618	-89.070366	-261.116516	27.829700	-110.550346	0.000000	0.000000	7.125000	-67.380646	223.386673
619	983.288086	-156.896378	136.409744	-35.668274	0.000000	0.000000	7.125000	-386.435394	66.797462
620	-8.747110	-91.260941	78.848145	-86.394363	0.000000	0.000000	7.125000	-73.795746	113.777939
621	495.031372	-103.323586	91.692329	-57.065483	0.000000	0.000000	7.125000	-112.998657	112.644562
622	192.757935	-523.782593	53.358177	-86.927277	0.000000	0.000000	7.125000	-69.916084	130.734589
623	333.203003	166.698730	90.693192	31.474022	0.000000	0.000000	7.125000	-115.698616	-47.782841
624	-211.867981	-358.426300	-8.093140	-104.657883	0.000000	0.000000	7.125000	77.109413	247.132721
625	0.800407	-58.383556	21.451744	-87.405045	0.000000	0.000000	7.125000	-25.319075	105.592865
626	212.457733	959.024536	36.302486	136.243546	0.000000	0.000000	7.125000	-29.611130	-319.669647
627	-538.677246	559.784973	-74.543633	73.946342	0.000000	0.000000	7.125000	178.185760	-193.109756
628	-614.207825	-355.486694	-92.032906	-50.532524	0.000000	0.000000	7.125000	254.653091	83.054016
629	554.635742	185.131439	104.559151	9.576853	0.000000	0.000000	7.125000	-209.589661	-28.916597
630	-145.862106	-850.025879	-33.535225	-115.209076	0.000000	0.000000	7.125000	74.170044	432.736877
631	576.008545	590.255920	84.436188	67.329529	0.000000	0.000000	7.125000	-263.315155	-148.917099
632	-662.954651	-225.329193	-110.970245	-37.070618	0.000000	0.000000	7.125000	364.856476	98.946411
633	-634.590820	386.395355	-117.703926	44.933842	0.000000	0.000000	7.125000	236.625473	-81.501305
634	134.788773	-586.626221	33.433826	-96.364792	0.000000	0.000000	7.125000	-68.323181	194.546829
635	-541.529480	-376.247986	-81.578934	-50.591568	0.000000	0.000000	7.125000	244.078812	99.518875
636	33.793552	105.109177	14.959024	82.656586	0.000000	0.000000	7.125000	-39.473499	-117.426849
637	70.318420	-391.402863	16.883812	-94.496033	0.000000	0.000000	7.125000	1.832644	211.876389
638	405.918060	-398.603088	75.939674	-48.302166	0.000000	0.000000	7.125000	-211.852249	86.749588
639	595.687988	-168.948669	117.928879	-22.189001	0.000000	0.000000	7.125000	-232.597061	25.884195
640	-2.562288	-175.435806	8.509980	-107.663353	0.000000	0.000000	7.125000	13.763126	225.128510
641	452.996979	-441.811249	68.091553	-67.670128	0.000000	0.000000	7.125000	-288.741119	314.535980
642	-193.562393	651.730713	-46.132553	100.954071	0.000000	0.000000	7.125000	96.442429	-307.875702
643	-803.742432	-186.218994	-115.490997	-32.579796	0.000000	0.000000	7.125000	336.490845	75.618423
644	-214.035095	512.418884	-46.093277	66.605766	0.000000	0.000000	7.125000	81.565346	-144.254852
645	723.231018	150.058914	123.527069	24.840729	0.000000	0.000000	7.125000	-292.330597	-88.330734
646	394.525635	234.562683	64.882439	48.482738	0.000000	0.000000	7.125000	-176.954056	-96.605873
647	-8.670624	538.021729	-15.418954	79.517792	0.000000	0.000000	7.125000	55.200928	-288.322205
648	-557.823914	136.569092	-103.596695	17.109043	0.000000	0.000000	7.125000	210.137299	-37.280895
649	116.964622	488.398987	29.982979	91.195999	0.000000	0.000000	7.125000	-58.082672	-261.105164
650	89.776878	105.842148	97.287636	75.243019	0.000000	0.000000	7.125000	-116.692459	-128.403015
651	592.590942	-295.264069	78.715988	-49.519196	0.000000	0.000000	7.125000	-209.681320	104.496582
652	-220.006989	123.313133	-113.283981	29.204128	0.000000	0.000000	7.125000	303.076141	-25.958504
653	9.944717	-222.493622	-48.147003	-93.308632	0.000000	0.000000	7.125000	94.734665	229.366898
654	295.929596	-520.543091	63.103737	-87.645920	0.000000	0.000000	7.125000	-162.605499	259.666138
655	329.118103	-336.147095	74.403427	-69.771919	0.000000	0.000000	7.125000	-160.225143	148.028595
656	-5.219267	28.448563	-56.877045	88.114151	0.000000	0.000000	7.125000	201.979004	-139.543304
657	22.766026	239.502350	-27.785393	76.083832	0.000000	0.000000	7.125000	86.960304	-123.093582
658	193.222946	21.116892	81.780884	-55.787270	0.000000	0.000000	7.125000	-107.592201	103.122879
659	-882.218811	543.220581	-130.075821	91.417046	0.000000	0.000000	7.125000	523.846558	-269.464020
660	-285.801392	970.053833	-44.879810	143.125763	0.000000	0.000000	7.125000	86.092567	-369.260040
661	-105.438965	-289.652802	-33.899376	-70.248329	0.000000	0.000000	7.125000	99.177040	206.784409
662	259.377045	350.917358	60.219830	58.562523	0.000000	0.000000	7.125000	-511.683929	-495.975098
663	-369.147552	533.185791	-57.175941	88.065834	0.000000	0.000000	7.125000	94.196579	-172.886475
664	-258.706421	457.215210	-48.944809	92.894043	0.000000	0.000000	7.125000	87.686119	-182.521790
665	271.637939	595.699768	43.930946	88.716728	0.000000	0.000000	7.125000	-107.366737	-303.423492
666	-35.427040	525.465332	-32.477917	93.520630	0.000000	0.000000	7.125000	49.233166	-124.444252
667	-485.053162	323.804932	-77.632889	61.433121	0.000000	0.000000	7.125000	180.005234	-155.979263
668	-287.782043	196.897095	-106.787209	30.260208	0.000000	0.000000	7.125000	293.566772	-38.656361
669	-408.700958	-548.590698	-63.132072	-68.288277	0.000000	0.000000	7.125000	201.738098	227.236481
670	476.031250	456.326935	79.424637	109.162842	0.000000	0.000000	7.125000	-234.048004	-334.955536
671	-86.568687	-543.987122	-56.790749	-91.862564	0.000000	0.000000	7.125000	150.240021	261.795654
672	-166.536499	510.229736	-50.335121	108.864166	0.000000	0.000000	7.125000	90.570778	-187.466721
673	348.300964	497.197784	56.685196	69.904350	0.000000	0.000000	7.125000	-171.221603	-251.149429
674	-544.319458	737.617371	-69.299477	101.610558	0.000000	0.000000	7.125000	172.654373	-339.515869
675	429.568665	-55.787605	95.903038	4.296425	0.000000	0.000000	7.125000	-228.549973	-24.880644
676	653.867310	-506.698303	85.701965	-65.720306	0.000000	0.000000	7.125000	-292.632690	212.524612
677	451.368073	419.738068	82.005615	83.449066	0.000000	0.000000	7.125000	-184.159470	-218.542603
678	514.744324	484.619476	62.905640	68.497231	0.000000	0.000000	7.125000	-181.842606	-217.516388
679	193.257889	-352.234589	65.216988	-78.425980	0.000000	0.000000	7.125000	-117.001625	140.459503
680	475.435425	-112.687340	105.466171	-23.246302	0.000000	0.000000	7.125000	-167.273102	49.561993
681	-237.788177	-461.417603	-71.940186	-88.432693	0.000000	0.000000	7.125000	136.098846	156.987198
682	-531.542114	-250.852905	-104.447357	-27.468422	0.000000	0.000000	7.125000	223.148605	38.166630
683	676.865662	-59.467667	113.283829	-12.753172	0.000000	0.000000	7.125000	-322.259827	31.542088
684	610.662842	-604.995239	74.669617	-78.027802	0.000000	0.000000	7.125000	-223.204269	249.378403
685	-139.617126	518.235596	-16.266939	124.944603	0.000000	0.000000	7.125000	64.510147	-143.871262
686	392.708099	341.654358	71.194984	59.832199	0.000000	0.000000	7.125000	-156.245560	-91.073570
687	632.785706	-370.587250	88.171532	-67.426620	0.000000	0.000000	7.125000	-439.112488	302.453766
688	-14.260927	309.479431	-12.149332	110.330025	0.000000	0.000000	7.125000	46.058601	-214.767365
689	-368.766083	62.659828	-78.931709	36.585762	0.000000	0.000000	7.125000	241.324112	-136.909210
690	145.871887	796.670837	53.573391	107.376488	0.000000	0.000000	7.125000	-93.341530	-172.775253
691	-518.990784	545.725403	-101.470901	58.245029	0.000000	0.000000	7.125000	383.520081	-219.126007
692	-523.534851	441.622467	-67.570511	68.192039	0.000000	0.000000	7.125000	208.611008	-242.091537
693	-21.612591	-651.904785	-9.241277	-98.567429	0.000000	0.000000	7.125000	16.263666	306.991180
694	504.201996	-613.770386	75.925156	-72.526787	0.000000	0.000000	7.125000	-237.584183	213.830643
695	-555.785828	141.852478	-93.530869	53.984333	0.000000	0.000000	7.125000	189.604065	-140.105118
696	107.044418	-63.018097	96.626846	21.517651	0.000000	0.000000	7.125000	-97.093742	-16.724922
697	390.764343	160.006744	62.790535	55.796059	0.000000	0.000000	7.125000	-95.391716	-81.108147
698	664.654236	187.120087	85.744934	49.483368	0.000000	0.000000	7.125000	-273.528351	-133.063202
699	-381.589966	583.444519	-56.423538	84.968918	0.000000	0.000000	7.125000	100.486031	-211.183746
700	332.164581	264.432861	71.916069	54.107330	0.000000	0.000000	7.125000	-161.248352	-77.499672
701	364.015228	120.059433	119.065842	63.619537	0.000000	0.000000	7.125000	-112.999237	-59.702763
702	-143.014084	99.422310	-108.857254	-42.085945	0.000000	0.000000	7.125000	179.690598	0.084115
703	179.608704	322.455109	35.827862	55.428230	0.000000	0.000000	7.125000	-108.609749	-196.906967
704	-201.239960	571.647888	-43.727661	78.659599	0.000000	0.000000	7.125000	116.244049	-84.188156
705	193.812363	619.126465	15.184988	103.890976	0.000000	0.000000	7.125000	16.071022	-669.399597
706	565.361389	228.357285	85.359802	43.927608	0.000000	0.000000	7.125000	-208.568161	-111.490608
707	238.480362	-730.036072	39.131195	-113.440399	0.000000	0.000000	7.125000	-96.828766	311.641449
708	155.798111	-679.079956	34.506668	-105.499992	0.000000	0.000000	7.125000	-132.244202	429.114990
709	-600.241089	-84.973534	-98.932953	-3.642706	0.000000	0.000000	7.125000	290.119354	9.994699
710	-343.890656	-420.683075	-94.309937	-69.240471	0.000000	0.000000	7.125000	108.422302	121.273102
711	-661.833496	497.458893	-87.529144	82.089203	0.000000	0.000000	7.125000	310.721954	-256.075684
712	368.929688	530.917969	70.032318	82.215378	0.000000	0.000000	7.125000	-191.114532	-262.952972
713	115.425690	383.672760	49.168594	102.848053	0.000000	0.000000	7.125000	-106.692413	-304.827209
714	210.827637	474.192169	43.041203	92.472252	0.000000	0.000000	7.125000	-101.586296	-245.986938
715	240.397522	-296.781342	103.337708	-40.510349	0.000000	0.000000	7.125000	-208.057755	77.069138
716	-20.217333	-377.461853	26.317364	-86.056831	0.000000	0.000000	7.125000	-83.537575	126.242561
717	501.690674	-530.676514	63.579632	-63.698883	0.000000	0.000000	7.125000	-238.583298	215.497498
718	458.373413	353.231720	71.465363	64.098312	0.000000	0.000000	7.125000	-328.297394	-232.109619
719	588.206055	-707.097961	83.654541	-90.169685	0.000000	0.000000	7.125000	-221.187103	277.686646
720	333.125305	-122.464523	83.892380	4.237544	0.000000	0.000000	7.125000	-267.888000	-22.531675
721	808.563110	294.409821	119.140900	41.000687	0.000000	0.000000	7.125000	-373.628448	-100.136093
722	-329.017181	185.314056	-98.431206	57.508553	0.000000	0.000000	7.125000	271.389252	-189.734970
723	239.125580	684.196655	54.039848	96.954773	0.000000	0.000000	7.125000	-175.181473	-366.449860
724	333.083740	423.464508	78.530502	74.134575	0.000000	0.000000	7.125000	-166.754410	-187.616043
725	-129.523346	-585.639648	-27.136852	-82.656677	0.000000	0.000000	7.125000	59.295883	239.699158
726	-522.030762	81.769356	-98.372955	-11.124820	0.000000	0.000000	7.125000	229.307037	13.570825
727	519.552612	564.635986	68.962143	75.154564	0.000000	0.000000	7.125000	-169.846191	-178.174103
728	-275.220703	-50.375183	-113.648056	38.379242	0.000000	0.000000	7.125000	129.908813	-28.647472
729	260.698486	-746.434814	49.448528	-99.373734	0.000000	0.000000	7.125000	-111.754845	299.383514
730	-252.777191	-205.197083	-92.816971	-66.176147	0.000000	0.000000	7.125000	170.337433	88.985268
731	-107.881714	560.078857	-6.561697	86.752045	0.000000	0.000000	7.125000	14.673687	-278.747040
732	327.033600	-146.421143	109.070374	-20.587677	0.000000	0.000000	7.125000	-247.701721	-2.352010
733	391.370087	32.568504	74.738098	6.213842	0.000000	0.000000	7.125000	-244.513474	-1.771207
734	-474.231049	836.413025	-74.820229	108.747017	0.000000	0.000000	7.125000	174.477829	-246.515030
735	109.403374	588.638000	12.889978	86.037384	0.000000	0.000000	7.125000	-27.158817	-61.705185
736	61.264526	19.202778	-76.937881	62.271778	0.000000	0.000000	7.125000	123.708557	-63.123119
737	152.402695	158.834427	67.690155	84.143654	0.000000	0.000000	7.125000	-271.666840	-271.391449
738	-398.233887	-233.613922	-67.394005	-39.263435	0.000000	0.000000	7.125000	274.730499	112.404045
739	161.778214	713.417847	4.716117	107.894562	0.000000	0.000000	7.125000	12.421225	-337.278137
740	-617.370789	536.725647	-89.412590	80.032646	0.000000	0.000000	7.125000	623.187500	-534.102051
741	-628.348938	-402.910278	-92.745010	-60.973335	0.000000	0.000000	7.125000	309.505859	134.080688
742	-302.988220	480.285309	-36.113861	88.947914	0.000000	0.000000	7.125000	87.431885	-185.476944
743	-605.136108	268.021423	-98.490219	51.192520	0.000000	0.000000	7.125000	292.047333	-145.208725
744	56.640251	427.789368	-5.485034	92.838104	0.000000	0.000000	7.125000	14.180378	-273.800323
745	322.176697	569.168030	54.363228	89.830383	0.000000	0.000000	7.125000	-129.116776	-290.161774
746	-229.395599	-346.251617	-54.736595	-78.865494	0.000000	0.000000	7.125000	101.239113	164.660736
747	387.684723	-580.928223	62.583786	-84.308464	0.000000	0.000000	7.125000	-228.782669	360.733673
748	205.826080	528.648743	49.093739	106.195709	0.000000	0.000000	7.125000	-74.464340	-267.632172
749	115.780014	501.681458	20.772766	99.852386	0.000000	0.000000	7.125000	-20.522144	-253.145599
750	271.399902	-502.297638	54.148697	-82.875992	0.000000	0.000000	7.125000	-139.411880	254.334503
751	393.005981	-633.441345	77.653107	-83.459778	0.000000	0.000000	7.125000	-173.054947	245.571915
752	300.421875	-183.417648	84.848602	-19.227472	0.000000	0.000000	7.125000	-95.575218	20.302443
753	507.051117	417.541290	55.124516	74.901611	0.000000	0.000000	7.125000	-156.619904	-233.706238
754	356.872681	-250.429642	86.787628	-47.624424	0.000000	0.000000	7.125000	-181.042084	19.390028
755	533.529175	446.937469	81.085289	71.329079	0.000000	0.000000	7.125000	-240.823166	-148.627319
756	-404.497864	742.822388	-70.983009	111.271210	0.000000	0.000000	7.125000	162.515076	-476.762268
757	-613.750732	-40.044388	-119.622757	9.503797	0.000000	0.000000	7.125000	295.048584	-21.540571
758	446.672760	-448.144318	70.620911	-60.510612	0.000000	0.000000	7.125000	-261.227661	202.900757
759	-541.710693	-275.879272	-89.737022	-48.481613	0.000000	0.000000	7.125000	261.612366	86.475304
760	-761.121643	571.469055	-86.784317	87.163399	0.000000	0.000000	7.125000	225.417603	-258.188843
761	-311.748108	-270.235870	-88.220810	-56.935280	0.000000	0.000000	7.125000	116.042511	30.060219
762	-454.213013	-453.303589	-54.292637	-67.978592	0.000000	0.000000	7.125000	158.736511	241.804092
763	-287.502930	620.193604	-50.897003	118.534546	0.000000	0.000000	7.125000	86.892372	-237.364319
764	480.862396	478.256287	63.848999	71.686325	0.000000	0.000000	7.125000	-232.946686	-315.192230
765	314.983307	266.813110	82.424042	60.084206	0.000000	0.000000	7.125000	-152.687088	-130.431717
766	-470.859741	-98.389816	-95.993668	1.097866	0.000000	0.000000	7.125000	276.733124	1.316478
767	362.785706	382.139862	67.286194	72.617752	0.000000	0.000000	7.125000	-165.161850	-212.381516
768	649.281799	-66.876328	108.086136	25.264896	0.000000	0.000000	7.125000	-208.069214	-61.416077
769	474.451416	379.906006	90.593697	87.565094	0.000000	0.000000	7.125000	-195.994522	-173.657516
770	701.144592	284.059082	107.365417	38.322609	0.000000	0.000000	7.125000	-444.396912	-175.809631
771	194.121750	-511.708740	31.666044	-96.959915	0.000000	0.000000	7.125000	-17.625162	134.729538
772	276.729095	381.500092	51.070324	84.810226	0.000000	0.000000	7.125000	-77.094856	-160.031113
773	272.957031	189.986145	106.961502	-14.919809	0.000000	0.000000	7.125000	-127.382736	25.213688
774	422.064789	577.135620	65.966316	81.690552	0.000000	0.000000	7.125000	-163.324402	-201.859833
775	676.856262	505.325317	74.123619	86.610535	0.000000	0.000000	7.125000	-211.935135	-229.229797
776	371.801514	-431.529266	53.377075	-60.925247	0.000000	0.000000	7.125000	-168.284149	212.815430
777	-463.146912	-604.102295	-60.065170	-93.339035	0.000000	0.000000	7.125000	169.358414	393.266785
778	-572.510742	67.055801	-106.106979	20.107924	0.000000	0.000000	7.125000	288.813538	-45.189796
779	530.042053	-583.061523	63.384895	-79.913162	0.000000	0.000000	7.125000	-159.729279	248.449997
780	-60.602982	26.486927	33.446648	83.451988	0.000000	0.000000	7.125000	-13.572412	7.329196
781	322.161896	154.002319	97.989731	63.929634	0.000000	0.000000	7.125000	-153.313156	-103.176392
782	-604.825806	-54.197342	-101.645676	-8.493143	0.000000	0.000000	7.125000	306.871338	10.610482
783	-78.507874	-644.811523	-13.916079	-94.985275	0.000000	0.000000	7.125000	25.761320	323.919128
784	-384.272034	-409.281006	-59.861702	-45.180603	0.000000	0.000000	7.125000	186.874496	104.117462
785	270.834534	-840.072876	55.974426	-112.875885	0.000000	0.000000	7.125000	-94.229431	320.781372
786	678.010132	-275.056244	115.858826	-49.515190	0.000000	0.000000	7.125000	-310.301697	93.725731
787	-616.655396	-136.925705	-126.298904	-26.171345	0.000000	0.000000	7.125000	260.982788	30.404455
788	-561.040283	517.961060	-86.108887	65.182152	0.000000	0.000000	7.125000	318.319580	-180.489471
789	600.134338	517.890930	91.477592	82.217285	0.000000	0.000000	7.125000	-279.392273	-188.391083
790	320.064026	285.998169	92.495758	71.646126	0.000000	0.000000	7.125000	-122.187897	-110.121651
791	542.226746	310.126404	88.200401	62.310230	0.000000	0.000000	7.125000	-194.943298	-67.008545
792	362.886414	561.591736	55.015057	89.430962	0.000000	0.000000	7.125000	-140.688980	-267.355438
793	304.765015	727.791443	59.382957	111.128387	0.000000	0.000000	7.125000	-97.299561	-218.196991
794	182.313171	240.474487	29.204960	125.642426	0.000000	0.000000	7.125000	-66.115387	-204.092804
795	417.130371	-501.280609	61.832626	-61.201523	0.000000	0.000000	7.125000	-183.027863	158.950104
796	-600.337097	398.004822	-114.319534	45.377007	0.000000	0.000000	7.125000	201.371353	-80.682518
797	175.805374	-393.014099	35.638805	-72.737564	0.000000	0.000000	7.125000	-115.889000	207.950134
798	-482.264099	-487.264069	-67.509705	-72.410400	0.000000	0.000000	7.125000	201.223648	259.206665
799	-557.766663	-588.127075	-84.478378	-93.481834	0.000000	0.000000	7.125000	169.698532	214.503815
800	-434.417175	506.243469	-55.601318	99.512665	0.000000	0.000000	7.125000	-14.023170	-220.105728
801	-321.738159	-461.518158	-53.095222	-72.665909	0.000000	0.000000	7.125000	163.581009	287.980957
802	-278.518158	-109.058708	-87.865112	-62.798767	0.000000	0.000000	7.125000	232.205399	170.713455
803	147.446854	-225.151886	-1.152084	-80.964645	0.000000	0.000000	7.125000	73.512947	165.358063
804	-521.220764	-180.587280	-116.477310	-39.403061	0.000000	0.000000	7.125000	176.151321	28.871639
805	-354.898346	-553.445618	-48.094093	-76.065392	0.000000	0.000000	7.125000	124.475716	302.136963
806	-401.003296	512.078247	-59.308498	67.693512	0.000000	0.000000	7.125000	167.791931	-219.272263
807	304.019043	599.431519	43.476868	92.269463	0.000000	0.000000	7.125000	-136.508575	-340.328583
808	546.822876	-159.197998	93.711769	-20.833105	0.000000	0.000000	7.125000	-216.438614	49.350056
809	409.989197	-99.787964	94.697601	-28.862267	0.000000	0.000000	7.125000	-256.171844	64.266075
810	-537.501160	372.100311	-77.729156	45.364914	0.000000	0.000000	7.125000	338.289673	-201.852249
811	-209.719604	-511.332611	-16.088396	-91.595406	0.000000	0.000000	7.125000	22.121357	228.692352
812	-135.171158	-572.811890	-14.835151	-88.767929	0.000000	0.000000	7.125000	13.609177	243.976288
813	-220.459259	-28.690487	-85.713669	14.754691	0.000000	0.000000	7.125000	130.763321	16.008476
814	-503.588654	106.228165	-122.350357	12.556609	0.000000	0.000000	7.125000	293.811859	-38.713444
815	368.650085	-299.132019	95.134537	-44.418575	0.000000	0.000000	7.125000	-180.965988	92.306641
816	-7.678196	493.645660	-5.037836	104.878822	0.000000	0.000000	7.125000	22.116413	-291.999115
817	-143.389740	454.033600	-8.330846	113.683243	0.000000	0.000000	7.125000	37.040424	-325.315796
818	-272.275146	577.104431	-44.084473	85.270950	0.000000	0.000000	7.125000	91.712479	-259.254761
819	-483.623322	-21.714626	-95.717621	-7.339255	0.000000	0.000000	7.125000	234.439926	7.074058
820	-237.341461	-390.093201	-52.407887	-94.431679	0.000000	0.000000	7.125000	118.369896	213.540726
821	93.931648	-35.874252	-104.925323	22.524948	0.000000	0.000000	7.125000	73.713890	5.255908
822	-562.972046	-609.117737	-86.510551	-103.632950	0.000000	0.000000	7.125000	153.821426	235.983154
823	-280.229248	-475.381836	-19.482271	-84.789635	0.000000	0.000000	7.125000	62.240246	338.897766
824	46.367218	-632.854492	39.188831	-116.589630	0.000000	0.000000	7.125000	-73.977043	223.892532
825	-153.422363	193.298126	-0.692473	128.970367	0.000000	0.000000	7.125000	27.315620	-135.392242
826	-691.778625	655.794128	-91.360031	82.350967	0.000000	0.000000	7.125000	327.060608	-223.641769
827	413.847473	-77.148804	99.600288	-21.974304	0.000000	0.000000	7.125000	-219.130142	67.511139
828	-650.941223	-658.564270	-88.551933	-76.468552	0.000000	0.000000	7.125000	231.649155	190.773148
829	627.461975	-359.020233	82.900368	-54.115875	0.000000	0.000000	7.125000	-315.060455	221.918152
830	87.033630	89.028297	49.967758	71.216217	0.000000	0.000000	7.125000	-83.291817	-106.535812
831	154.226151	-542.781860	22.621078	-93.296738	0.000000	0.000000	7.125000	-93.923508	270.053772
832	-3.468504	-742.774292	17.921185	-118.651184	0.000000	0.000000	7.125000	-38.027157	499.619415
833	548.349060	289.545563	73.309494	57.220402	0.000000	0.000000	7.125000	-196.837875	-119.225609
834	-524.446289	628.188354	-70.988297	81.390427	0.000000	0.000000	7.125000	188.121567	-261.267944
835	-292.869110	-130.397995	-110.907043	-26.374737	0.000000	0.000000	7.125000	193.679779	30.297295
836	-52.990963	240.795944	-47.403446	58.118698	0.000000	0.000000	7.125000	101.098228	-84.324081
837	663.584167	58.862816	107.958755	2.958947	0.000000	0.000000	7.125000	-631.479919	19.023331
838	543.861755	-160.594864	94.335808	-30.023298	0.000000	0.000000	7.125000	-253.759445	42.264576
839	148.202759	383.029205	118.294701	19.924479	0.000000	0.000000	7.125000	-84.755486	10.713453
840	134.902405	-549.627441	24.016672	-102.216248	0.000000	0.000000	7.125000	-13.929636	137.129669
841	-397.041687	46.648655	-77.962875	21.962360	0.000000	0.000000	7.125000	207.083344	-37.630447
842	-794.783203	655.531006	-106.481483	87.777420	0.000000	0.000000	7.125000	275.757385	-203.399704
843	-519.208374	-517.748047	-75.679947	-72.779137	0.000000	0.000000	7.125000	272.942535	309.428192
844	592.477966	-484.404938	69.602814	-70.402023	0.000000	0.000000	7.125000	-290.612823	300.646698
845	-243.932480	135.816132	-87.354401	31.892315	0.000000	0.000000	7.125000	140.190979	-55.452187
846	251.718323	528.307373	57.412605	94.998672	0.000000	0.000000	7.125000	-110.831261	-125.389366
847	250.119064	-389.621277	75.685623	-85.249153	0.000000	0.000000	7.125000	-199.712677	142.873962
848	671.355713	55.036407	97.335327	18.073772	0.000000	0.000000	7.125000	-248.121628	-23.301748
849	-376.063171	-510.078644	-52.824585	-65.308884	0.000000	0.000000	7.125000	154.626465	231.166901
850	98.104683	-90.385818	48.383926	-75.857208	0.000000	0.000000	7.125000	-141.554764	135.236740
851	48.136063	393.774414	-11.729419	89.232384	0.000000	0.000000	7.125000	3.628958	-294.787415
852	-399.293396	-115.416954	-69.750244	-17.855314	0.000000	0.000000	7.125000	162.970627	16.123468
853	-221.095474	-664.846313	-24.914492	-95.808502	0.000000	0.000000	7.125000	29.238865	238.387192
854	235.051361	586.280334	40.346672	77.077126	0.000000	0.000000	7.125000	-117.757759	-282.568726
855	99.813004	-264.620453	46.086506	-73.753151	0.000000	0.000000	7.125000	-146.098816	130.911682
856	-686.276306	426.991882	-116.189941	62.638298	0.000000	0.000000	7.125000	337.305756	-131.899002
857	686.388062	-406.436859	88.272614	-62.224827	0.000000	0.000000	7.125000	-320.975281	212.396057
858	63.559528	-597.114990	13.705881	-85.912689	0.000000	0.000000	7.125000	-26.667511	280.181183
859	-448.077026	-47.923721	-118.908493	16.118301	0.000000	0.000000	7.125000	410.091644	13.715670
860	-575.590576	-77.286285	-107.879929	5.075849	0.000000	0.000000	7.125000	227.088608	-18.016844
861	-643.371521	258.782501	-84.908218	61.770237	0.000000	0.000000	7.125000	251.263687	-145.183838
862	-101.793137	395.908112	-30.173523	81.599686	0.000000	0.000000	7.125000	72.136574	-218.533722
863	-614.966370	-266.916229	-103.369591	-40.441410	0.000000	0.000000	7.125000	255.114105	85.796410
864	35.215103	-484.382568	-31.078243	-93.995422	0.000000	0.000000	7.125000	91.197952	258.124725
865	-382.977722	827.279541	-41.343662	115.841812	0.000000	0.000000	7.125000	92.663254	-320.016602
866	83.355034	366.898804	11.329867	104.386940	0.000000	0.000000	7.125000	-25.647272	-213.578796
867	462.021942	315.629089	91.971207	44.100327	0.000000	0.000000	7.125000	-233.267334	-91.517769
868	-400.570953	-356.303711	-62.283325	-56.362877	0.000000	0.000000	7.125000	156.555084	135.086273
869	307.225281	727.136597	54.587151	110.221123	0.000000	0.000000	7.125000	-114.885056	-410.226074
870	-601.858154	-139.161224	-94.939522	-63.105301	0.000000	0.000000	7.125000	151.521149	138.411469
871	-326.629150	-199.602676	-76.106956	-67.886734	0.000000	0.000000	7.125000	116.061974	160.838242
872	-807.724182	-330.252472	-111.571777	-51.744072	0.000000	0.000000	7.125000	280.473724	67.021431
873	-172.758133	62.302601	7.492942	92.686073	0.000000	0.000000	7.125000	-14.064095	-72.771805
874	-446.385468	382.553894	-64.817589	82.603401	0.000000	0.000000	7.125000	146.143326	-213.612122
875	-610.479797	-290.065796	-103.105423	-41.111526	0.000000	0.000000	7.125000	236.079803	86.532211
876	-156.454880	-251.267914	-49.061958	-56.723530	0.000000	0.000000	7.125000	121.859970	180.960693
877	-617.254822	258.805786	-106.382401	48.700943	0.000000	0.000000	7.125000	251.683823	-138.262878
878	-528.836182	-399.478516	-79.599487	-53.654606	0.000000	0.000000	7.125000	247.247818	112.788643
879	674.001404	-2.364160	104.400360	-11.201265	0.000000	0.000000	7.125000	-339.736603	22.707645
880	-112.633781	-128.852798	-56.364349	-70.131485	0.000000	0.000000	7.125000	62.941196	145.837845
881	-100.310982	392.502930	-18.238115	78.920021	0.000000	0.000000	7.125000	40.560642	-199.988495
882	-533.429565	-472.645477	-100.499802	-65.571381	0.000000	0.000000	7.125000	349.934662	181.993835
883	-141.582932	-347.773071	25.373407	-104.977097	0.000000	0.000000	7.125000	-68.254379	166.992325
884	-110.489838	-366.133118	-15.718939	-88.615768	0.000000	0.000000	7.125000	37.422211	201.259735
885	-398.695679	343.424530	-82.670380	59.732906	0.000000	0.000000	7.125000	138.338135	-119.788940
886	235.815094	198.282990	100.742737	65.197098	0.000000	0.000000	7.125000	-61.147339	-56.104591
887	-883.090698	152.067993	-131.908554	28.716948	0.000000	0.000000	7.125000	352.178711	-47.484707
888	481.246979	-2.806085	107.767288	6.677596	0.000000	0.000000	7.125000	-277.034027	-8.983183
889	-409.236298	-558.714172	-61.468483	-81.391899	0.000000	0.000000	7.125000	106.058273	207.938446
890	-425.148743	-134.888809	-86.263855	-59.861141	0.000000	0.000000	7.125000	156.085754	15.122643
891	-66.207405	29.433962	-47.513931	86.674927	0.000000	0.000000	7.125000	60.755032	8.002522
892	47.408520	180.395508	53.676720	60.658516	0.000000	0.000000	7.125000	-79.011177	-95.327011
893	-263.410065	207.158005	-60.330597	33.484421	0.000000	0.000000	7.125000	154.064651	-60.946850
894	486.588654	-427.886047	81.290459	-75.582382	0.000000	0.000000	7.125000	-193.555817	208.628677
895	-591.951782	-536.101501	-89.417763	-75.450401	0.000000	0.000000	7.125000	213.867859	142.790939
896	-56.094810	30.315912	106.986298	13.568563	0.000000	0.000000	7.125000	-68.162903	44.677700
897	-533.039795	266.426910	-90.680733	31.511232	0.000000	0.000000	7.125000	246.973648	-79.398857
898	336.784119	233.311707	96.026718	34.389084	0.000000	0.000000	7.125000	-232.099808	-66.676651
899	569.979614	-369.115082	79.318741	-48.546234	0.000000	0.000000	7.125000	-347.869904	122.794319
900	482.280060	-377.064056	79.870445	-63.440617	0.000000	0.000000	7.125000	-173.672943	127.229675
901	781.828247	-137.802597	131.200195	-14.500091	0.000000	0.000000	7.125000	-325.184143	27.194023
902	402.219177	402.138245	49.603085	75.096756	0.000000	0.000000	7.125000	-125.570709	-202.615646
903	-438.223755	4.357163	-67.591316	13.864956	0.000000	0.000000	7.125000	225.619904	-36.197624
904	-44.771542	-406.013824	-33.608021	-89.924622	0.000000	0.000000	7.125000	65.553986	202.151932
905	250.434265	312.778412	67.010170	60.080154	0.000000	0.000000	7.125000	-146.507980	-143.479492
906	240.976227	-547.473083	36.165409	-101.757416	0.000000	0.000000	7.125000	-102.407990	195.965164
907	-249.011765	-282.250732	-51.343796	-58.718086	0.000000	0.000000	7.125000	136.272461	162.981415
908	431.724274	-91.719406	113.497063	-10.690343	0.000000	0.000000	7.125000	-271.147064	14.271341
909	842.544128	88.072067	127.906288	32.617188	0.000000	0.000000	7.125000	-247.446640	-95.564438
910	309.741730	579.125244	39.104939	94.205505	0.000000	0.000000	7.125000	-84.392929	-235.837051
911	256.954285	-344.497040	66.138458	-69.578056	0.000000	0.000000	7.125000	-134.634171	169.778259
912	-101.867058	450.358643	-12.494745	110.285675	0.000000	0.000000	7.125000	53.345104	-177.775085
913	673.378662	-386.501251	89.075577	-61.069538	0.000000	0.000000	7.125000	-212.442566	136.474792
914	-190.936584	569.111694	-34.555870	108.635452	0.000000	0.000000	7.125000	59.470646	-251.956924
915	-7.020289	-328.006073	-18.307472	-72.730804	0.000000	0.000000	7.125000	64.093361	206.817612
916	-435.454987	-233.053314	-78.254829	-30.529465	0.000000	0.000000	7.125000	283.808441	90.850121
917	297.495300	327.346771	51.418472	81.066864	0.000000	0.000000	7.125000	-158.892532	-198.291962
918	-258.241486	336.211029	-61.536556	61.499756	0.000000	0.000000	7.125000	153.301743	-137.359543
919	-105.588074	233.495148	-41.466309	76.476036	0.000000	0.000000	7.125000	220.307770	-278.310272
920	-461.048981	-394.059082	-70.484444	-55.962418	0.000000	0.000000	7.125000	262.134888	153.788956
921	-227.474899	187.383423	-73.900467	70.303680	0.000000	0.000000	7.125000	180.180984	-167.830688
922	-91.008720	58.021996	-87.936058	38.511845	0.000000	0.000000	7.125000	179.500748	-78.342369
923	458.117676	-550.450562	68.034966	-71.918114	0.000000	0.000000	7.125000	-368.933014	432.030212
924	-622.331726	264.327454	-90.832802	46.399857	0.000000	0.000000	7.125000	254.522141	-100.530243
925	244.404526	363.825470	69.091164	83.007477	0.000000	0.000000	7.125000	-177.192261	-189.025925
926	373.562103	-261.324463	118.217476	-33.705898	0.000000	0.000000	7.125000	-168.977600	86.355827
927	681.985962	-419.657593	91.386368	-63.003750	0.000000	0.000000	7.125000	-306.776550	173.174225
928	-336.814880	507.606354	-53.968315	82.988899	0.000000	0.000000	7.125000	172.014114	-365.438721
929	-218.250076	300.776001	-71.201157	77.130943	0.000000	0.000000	7.125000	105.200432	-84.309685
930	329.663635	526.051270	67.231377	88.322685	0.000000	0.000000	7.125000	-185.871994	-238.461639
931	625.402710	236.307617	83.341675	68.686859	0.000000	0.000000	7.125000	-254.953979	-181.656708
932	-345.713165	101.119072	-69.902977	17.249931	0.000000	0.000000	7.125000	163.963745	-53.594109
933	190.636353	-120.095840	61.454212	-48.033371	0.000000	0.000000	7.125000	-140.743805	98.692963
934	-188.031448	-722.900452	-38.151436	-120.068810	0.000000	0.000000	7.125000	105.891212	690.691528
935	-470.110626	-141.932571	-85.247787	-17.369591	0.000000	0.000000	7.125000	198.993530	33.843197
936	-596.574829	-169.920807	-103.333679	-48.134235	0.000000	0.000000	7.125000	283.598877	106.717850
937	-565.127258	88.327362	-86.814034	5.677259	0.000000	0.000000	7.125000	223.924118	-23.734968
938	642.322510	701.411377	85.962265	83.726562	0.000000	0.000000	7.125000	-299.262085	-259.104370
939	105.423073	607.912781	25.437370	92.566879	0.000000	0.000000	7.125000	-39.221104	-239.342133
940	220.377930	-131.968994	68.066971	-67.691360	0.000000	0.000000	7.125000	-130.523285	165.719360
941	360.362427	-71.460083	92.178108	-56.276245	0.000000	0.000000	7.125000	-105.829422	72.614044
942	478.845032	244.490677	79.214012	59.378479	0.000000	0.000000	7.125000	-246.139267	-146.291748
943	132.658051	-740.170959	4.756041	-116.901413	0.000000	0.000000	7.125000	1.587094	344.281342
944	211.994690	716.087646	29.221846	113.287750	0.000000	0.000000	7.125000	-37.329090	-310.633850
945	109.019615	-218.467728	80.382904	-72.128113	0.000000	0.000000	7.125000	-186.217682	164.638382
946	290.170380	1.706739	109.792908	16.270451	0.000000	0.000000	7.125000	-98.786484	126.865646
947	-541.717529	540.045776	-73.534149	87.112869	0.000000	0.000000	7.125000	187.441315	-262.703949
948	-407.613831	372.451324	-61.913879	52.227062	0.000000	0.000000	7.125000	243.514099	-183.369766
949	-458.796234	-9.598926	-95.709061	-7.467379	0.000000	0.000000	7.125000	177.775925	13.204024
950	576.000000	-230.171951	99.061943	-50.069923	0.000000	0.000000	7.125000	-279.225708	97.067078
951	678.081421	-652.836365	93.299789	-97.569527	0.000000	0.000000	7.125000	-212.208023	205.114304
952	301.933777	719.565552	40.734539	116.052261	0.000000	0.000000	7.125000	-72.308434	-286.227570
953	231.821701	77.317650	62.397835	51.646950	0.000000	0.000000	7.125000	-94.002174	-80.313133
954	538.311951	-425.666656	96.076210	-61.361870	0.000000	0.000000	7.125000	-220.322449	140.153564
955	20.968813	19.021852	79.792717	34.600384	0.000000	0.000000	7.125000	-100.403664	-34.988800
956	123.380814	-202.023834	60.527676	-100.079102	0.000000	0.000000	7.125000	-130.533783	127.383629
957	685.049927	-56.201744	112.951813	-30.496723	0.000000	0.000000	7.125000	-291.362946	47.584278
958	-531.852783	-11.462032	-79.830780	-13.710142	0.000000	0.000000	7.125000	306.670380	52.621132
959	48.076099	322.741394	-40.473614	80.384651	0.000000	0.000000	7.125000	82.501968	-119.725220
960	-234.527115	-606.382202	-40.784870	-100.002960	0.000000	0.000000	7.125000	84.044296	249.638443
961	-590.046936	-331.498413	-64.840874	-58.005676	0.000000	0.000000	7.125000	190.533295	179.070496
962	171.737350	-445.195435	32.341034	-83.987633	0.000000	0.000000	7.125000	-50.567539	142.102814
963	756.780823	474.522369	103.109802	55.289215	0.000000	0.000000	7.125000	-313.662048	-128.332428
964	678.824707	-218.182785	87.093140	-47.065231	0.000000	0.000000	7.125000	-299.502502	107.633598
965	-318.895294	544.165100	-57.223785	80.785797	0.000000	0.000000	7.125000	123.461029	-166.824600
966	51.155666	-541.619629	6.183855	-104.812912	0.000000	0.000000	7.125000	-6.362873	242.134583
967	701.597595	-327.510712	90.817253	-58.447609	0.000000	0.000000	7.125000	-327.350006	181.057571
968	-650.870605	219.176178	-99.258621	23.487511	0.000000	0.000000	7.125000	153.102005	11.523497
969	417.491089	606.907104	57.665302	87.747726	0.000000	0.000000	7.125000	-142.384003	-243.316071
970	460.904358	-36.035824	94.150528	-30.598793	0.000000	0.000000	7.125000	-294.372070	66.649605
971	37.139954	-104.266327	-69.604912	-101.300522	0.000000	0.000000	7.125000	62.639702	17.763453
972	505.140076	-302.380219	90.496628	-53.244919	0.000000	0.000000	7.125000	-204.735962	108.788498
973	320.674774	400.013916	71.211662	49.970303	0.000000	0.000000	7.125000	-234.452271	-118.201942
974	552.122864	-159.678558	86.729286	-64.355614	0.000000	0.000000	7.125000	-246.777557	148.231125
975	-102.259933	-519.196655	-22.603062	-93.300995	0.000000	0.000000	7.125000	62.763874	223.844284
976	-254.258118	-124.639153	-70.979385	-39.021858	0.000000	0.000000	7.125000	177.599670	69.756989
977	-286.897766	509.030334	-43.357445	68.415916	0.000000	0.000000	7.125000	142.441559	-219.763550
978	-5.699565	-598.612366	29.335733	-100.818634	0.000000	0.000000	7.125000	-88.393265	300.896851
979	317.624390	215.928589	79.112709	36.195671	0.000000	0.000000	7.125000	-197.666962	-92.233826
980	-163.714325	612.768433	-27.946424	101.204559	0.000000	0.000000	7.125000	76.441582	-327.126312
981	3.619453	482.681641	-2.430094	95.969231	0.000000	0.000000	7.125000	1.376766	-280.357147
982	-478.825531	-92.590340	-80.851036	-4.909416	0.000000	0.000000	7.125000	249.425980	7.792580
983	-606.913818	-413.612061	-73.284187	-66.561180	0.000000	0.000000	7.125000	123.389397	114.124718
984	-529.422729	345.133575	-67.894333	59.075760	0.000000	0.000000	7.125000	183.793640	-133.570816
985	-612.076477	514.751648	-73.830658	74.658890	0.000000	0.000000	7.125000	192.352249	-240.876984
986	-423.647736	52.494473	-92.018707	13.474222	0.000000	0.000000	7.125000	161.765717	-27.703707
987	-141.189087	520.075073	-16.214289	82.419655	0.000000	0.000000	7.125000	36.524334	-266.882721
988	491.153259	-121.332191	73.087082	-41.401360	0.000000	0.000000	7.125000	-204.734512	100.171532
989	264.611633	242.083099	52.590580	53.471565	0.000000	0.000000	7.125000	-122.981636	-135.873276
990	159.228043	-490.121307	9.234283	-98.565231	0.000000	0.000000	7.125000	15.896832	274.934021
991	418.331451	470.290894	62.735340	72.664871	0.000000	0.000000	7.125000	-182.871597	-158.308807
992	141.020462	-598.754028	7.889412	-95.675034	0.000000	0.000000	7.125000	-12.099619	302.064545
993	668.409607	-585.680542	89.609894	-84.253532	0.000000	0.000000	7.125000	-220.910263	195.013428
994	-565.143494	285.118134	-99.948227	32.170464	0.000000	0.000000	7.125000	288.454102	-144.182907
995	472.319672	-48.213821	102.964706	20.566639	0.000000	0.000000	7.125000	-172.079788	-49.193005
996	63.110077	-276.449158	16.925243	-85.333160	0.000000	0.000000	7.125000	-10.500140	169.381790
997	-204.488556	121.629845	-41.780621	83.040024	0.000000	0.000000	7.125000	69.108337	-87.550148
998	261.523224	93.658188	112.966766	15.302108	0.000000	0.000000	7.125000	-15.723194	-147.566528
999	284.145233	428.771576	60.300816	70.800011	0.000000	0.000000	7.125000	-155.249420	-182.716385
