node	a_force.x	a_force.y	g_force.x	g_force.y	r_force.x	r_force.y	global_speed	move_node.x	move_node.y
0	179.609604	-287.931549	95.672028	-93.823181	0.000000	0.000000	3.750000	-320.745605	340.082947
1	324.031372	785.445068	66.541824	111.678864	0.000000	0.000000	3.750000	-484.973663	-919.067993
2	-700.292114	83.417465	-115.610275	23.627077	0.000000	0.000000	3.750000	924.583191	-114.891800
3	79.831223	139.009033	120.715958	42.561451	0.000000	0.000000	3.750000	-508.911469	-248.635162
4	-620.937988	-653.337341	-87.648109	-93.283417	0.000000	0.000000	3.750000	778.710571	742.195068
5	-831.504761	-710.835022	-97.584541	-94.727188	0.000000	0.000000	3.750000	960.567749	803.959106
6	265.112366	941.200195	46.703556	140.437775	0.000000	0.000000	3.750000	-343.094574	-1164.421875
7	246.460205	277.525208	86.739548	77.020859	0.000000	0.000000	3.750000	-409.485626	-431.172699
8	-428.245880	636.434265	-47.811466	116.576210	0.000000	0.000000	3.750000	353.814178	-694.519714
9	-435.119873	-535.240234	-94.913162	-102.914871	0.000000	0.000000	3.750000	438.996338	448.939484
10	-278.343567	98.069717	-92.274658	113.141159	0.000000	0.000000	3.750000	181.632507	-332.042084
11	-510.027771	773.025696	-71.218201	106.357338	0.000000	0.000000	3.750000	423.024078	-875.383789
12	-319.174225	-692.822266	-58.275993	-125.091576	0.000000	0.000000	3.750000	388.846313	793.452759
13	708.616333	161.846390	138.909973	17.436192	0.000000	0.000000	3.750000	-1047.004272	-122.534904
14	-457.672180	815.598999	-57.681068	134.122681	0.000000	0.000000	3.750000	415.694824	-987.580444
15	-108.264923	664.537354	-34.696922	112.783493	0.000000	0.000000	3.750000	295.727936	-821.967224
16	-400.162354	-667.603394	-59.333122	-124.593552	0.000000	0.000000	3.750000	326.225189	819.121216
17	629.290955	-139.661057	126.295517	-30.811954	0.000000	0.000000	3.750000	-742.236816	135.723755
18	265.311768	-18.230227	129.588531	-10.252203	0.000000	0.000000	3.750000	-470.269714	-108.507309
19	797.787659	670.629639	118.695206	88.404984	0.000000	0.000000	3.750000	-999.846191	-690.592834
20	106.988968	945.513611	27.248920	133.242126	0.000000	0.000000	3.750000	-153.034332	-1162.110474
21	514.872192	-402.591736	93.394913	-61.817390	0.000000	0.000000	3.750000	-765.665710	484.899475
22	725.333496	179.003616	125.474121	25.302166	0.000000	0.000000	3.750000	-795.260193	-93.983200
23	910.892151	-479.213837	132.437958	-66.061829	0.000000	0.000000	3.750000	-1073.656494	474.655975
24	-76.958107	-574.902161	-5.267857	-135.897797	0.000000	0.000000	3.750000	-23.780394	649.083008
25	65.361206	777.389648	23.920767	150.105896	0.000000	0.000000	3.750000	-118.339241	-931.187988
26	631.253845	605.711060	111.764412	90.800369	0.000000	0.000000	3.750000	-696.586182	-618.528442
27	519.673035	-524.466248	91.775215	-86.332291	0.000000	0.000000	3.750000	-544.912537	611.659058
28	971.688721	398.355072	143.754242	60.586426	0.000000	0.000000	3.750000	-1233.444580	-481.575684
29	543.160645	-453.558899	120.230789	-89.691055	0.000000	0.000000	3.750000	-601.292603	364.615784
30	137.073090	-750.187866	42.022560	-114.533966	0.000000	0.000000	3.750000	-222.501617	923.327576
31	-583.780029	715.432373	-63.480812	106.518356	0.000000	0.000000	3.750000	476.459106	-981.051270
32	-473.167297	-791.681519	-64.184502	-110.744186	0.000000	0.000000	3.750000	391.414124	932.324951
33	-328.544037	713.894958	-34.581001	119.080421	0.000000	0.000000	3.750000	274.672485	-1075.724487
34	7.238260	-425.905579	47.679771	-137.990753	0.000000	0.000000	3.750000	-70.281914	623.483032
35	406.181885	-692.049194	81.836090	-93.159760	0.000000	0.000000	3.750000	-518.087769	829.271973
36	-562.761169	405.626709	-110.227478	95.730164	0.000000	0.000000	3.750000	358.076477	-196.839737
37	-199.061707	-629.479065	-47.614510	-138.017242	0.000000	0.000000	3.750000	255.468140	626.904114
38	-403.509399	-287.591370	-96.014595	-57.663429	0.000000	0.000000	3.750000	894.433899	365.545258
39	-5.531921	548.025879	12.687851	137.413773	0.000000	0.000000	3.750000	-96.888489	-443.492065
40	140.220428	-1034.168579	39.925888	-159.065643	0.000000	0.000000	3.750000	-196.571915	1044.683228
41	68.546677	-11.205412	126.943146	-27.930687	0.000000	0.000000	3.750000	-216.177643	-30.336435
42	548.490601	-45.741875	127.042320	-15.628198	0.000000	0.000000	3.750000	-810.979126	64.394165
43	244.297607	559.682922	51.664558	103.859329	0.000000	0.000000	3.750000	-326.237579	-749.998962
44	-779.581909	-149.886841	-134.455139	-20.440485	0.000000	0.000000	3.750000	934.576233	138.082504
45	-779.055054	493.198242	-104.186241	90.494080	0.000000	0.000000	3.750000	603.973755	-628.843201
46	199.095978	-113.383789	80.743958	-106.934547	0.000000	0.000000	3.750000	-146.032562	335.498383
47	307.799133	630.582092	70.414505	97.168915	0.000000	0.000000	3.750000	-472.514465	-668.474915
48	-270.157043	-877.345398	-10.917387	-147.596680	0.000000	0.000000	3.750000	18.105654	1002.381775
49	421.428955	-818.831055	69.346313	-109.959084	0.000000	0.000000	3.750000	-487.140289	1107.601318
50	-127.926208	246.642242	-68.937332	114.868515	0.000000	0.000000	3.750000	-20.746748	-225.549774
51	-785.577393	556.252991	-114.839264	90.155098	0.000000	0.000000	3.750000	734.521423	-565.478577
52	-503.961823	156.822159	-118.202034	54.112930	0.000000	0.000000	3.750000	470.019531	-273.961090
53	778.314758	114.460518	123.690094	8.761375	0.000000	0.000000	3.750000	-1040.685547	-63.935287
54	611.930969	-30.387127	111.980591	2.084810	0.000000	0.000000	3.750000	-1032.845947	-24.937237
55	-635.495300	81.322929	-129.801697	40.588326	0.000000	0.000000	3.750000	426.549255	-158.973251
56	153.352798	878.078979	29.858732	138.825287	0.000000	0.000000	3.750000	-241.398438	-1114.927246
57	-885.690063	-127.500793	-121.783844	-7.259100	0.000000	0.000000	3.750000	1174.074707	65.803864
58	-146.553391	505.082397	-59.201744	117.974869	0.000000	0.000000	3.750000	119.359047	-615.503723
59	-431.939270	89.026787	-122.250618	37.922306	0.000000	0.000000	3.750000	450.820312	-241.148697
60	-704.348389	14.432224	-135.990448	-1.608513	0.000000	0.000000	3.750000	872.258850	37.077404
61	-466.724640	423.505920	-66.002243	102.602951	0.000000	0.000000	3.750000	230.146683	-640.774658
62	690.909424	-776.508118	98.633369	-104.916382	0.000000	0.000000	3.750000	-788.923645	940.140137
63	142.025604	-203.721924	66.319977	-118.729263	0.000000	0.000000	3.750000	-135.663727	448.419250
64	-584.415588	-336.861938	-109.327835	-44.397972	0.000000	0.000000	3.750000	886.358704	164.061447
65	-244.768478	422.354950	-89.126823	115.632256	0.000000	0.000000	3.750000	195.940826	-485.011719
66	1001.320801	175.765854	155.713287	26.781370	0.000000	0.000000	3.750000	-1208.608521	-79.561501
67	-329.373260	-555.749390	-59.718979	-128.831604	0.000000	0.000000	3.750000	257.878784	684.612610
68	-528.837891	-222.652084	-99.632774	-41.679295	0.000000	0.000000	3.750000	855.332520	192.631989
69	320.484375	-605.301819	73.128181	-92.607498	0.000000	0.000000	3.750000	-446.914001	837.443298
70	485.841064	-683.665405	74.611351	-86.192047	0.000000	0.000000	3.750000	-593.090149	1008.617615
71	376.894379	-169.104034	126.854233	-17.086002	0.000000	0.000000	3.750000	-549.488647	34.068127
72	-977.894775	390.563324	-133.006439	64.906387	0.000000	0.000000	3.750000	1309.183838	-277.540283
73	737.243164	-272.496307	124.843231	-28.250587	0.000000	0.000000	3.750000	-1175.586426	115.502190
74	-242.383636	-535.522705	-30.531534	-150.941864	0.000000	0.000000	3.750000	40.235523	688.587341
75	850.646179	285.525696	151.380569	37.681709	0.000000	0.000000	3.750000	-1201.320679	-246.724548
76	311.790863	-432.665741	97.078644	-73.889999	0.000000	0.000000	3.750000	-580.886902	429.847351
77	-341.899933	248.027161	-85.799011	94.986038	0.000000	0.000000	3.750000	317.995911	-433.604187
78	-216.023315	748.998047	-33.878372	123.435150	0.000000	0.000000	3.750000	198.388794	-909.650818
79	-766.672424	79.733673	-110.491074	18.321417	0.000000	0.000000	3.750000	1008.686035	-34.714470
80	-480.646912	-186.973694	-121.571808	-56.337517	0.000000	0.000000	3.750000	326.442505	31.708786
81	-657.810791	-463.779358	-111.266434	-84.968933	0.000000	0.000000	3.750000	678.184570	439.945221
82	806.302490	129.441116	115.618942	23.584623	0.000000	0.000000	3.750000	-1125.626343	-138.023254
83	52.801258	-739.403564	14.373917	-149.309509	0.000000	0.000000	3.750000	-149.735519	1063.557739
84	816.917358	-304.147522	120.607895	-48.513924	0.000000	0.000000	3.750000	-1057.815552	250.368408
85	-361.090759	456.280426	-56.189434	112.777359	0.000000	0.000000	3.750000	374.857819	-848.906860
86	-203.195480	-756.746521	-29.433601	-110.134743	0.000000	0.000000	3.750000	210.625168	907.997070
87	-549.802917	-247.254181	-110.127716	-69.077805	0.000000	0.000000	3.750000	486.142670	245.322174
88	416.313019	-489.071777	97.753105	-82.633621	0.000000	0.000000	3.750000	-470.408234	366.716309
89	444.378906	-577.701233	102.637131	-95.212975	0.000000	0.000000	3.750000	-514.789001	600.694763
90	97.633041	369.319427	21.880932	140.302994	0.000000	0.000000	3.750000	-193.127228	-653.462097
91	519.209900	-326.554565	108.744667	-59.586624	0.000000	0.000000	3.750000	-685.686401	441.146637
92	-829.901611	-427.784302	-107.347000	-65.973129	0.000000	0.000000	3.750000	1101.401001	384.344025
93	975.255249	-135.886383	135.258698	-27.367485	0.000000	0.000000	3.750000	-1160.290039	89.141190
94	-525.201904	809.291321	-74.713531	101.458626	0.000000	0.000000	3.750000	675.944641	-1174.105713
95	865.831665	-93.753250	133.332916	-13.353230	0.000000	0.000000	3.750000	-1276.753540	42.258770
96	-114.887161	-634.175720	-39.259911	-113.396027	0.000000	0.000000	3.750000	186.402863	506.260132
97	326.232483	-141.444763	111.760834	-53.692535	0.000000	0.000000	3.750000	-161.203384	99.506355
98	498.334412	-358.523834	98.611549	-75.178131	0.000000	0.000000	3.750000	-579.770569	396.533295
99	154.479782	546.433838	30.324419	118.170807	0.000000	0.000000	3.750000	-297.018677	-795.905457
100	112.026421	757.252319	25.168289	129.578110	0.000000	0.000000	3.750000	-221.291809	-758.074463
101	110.550133	820.194641	33.614212	127.648239	0.000000	0.000000	3.750000	-242.077087	-1096.265747
102	746.008545	756.314575	103.788132	102.683769	0.000000	0.000000	3.750000	-305.477539	-286.289490
103	-332.363525	450.975830	-72.099510	100.880379	0.000000	0.000000	3.750000	163.021637	-452.724243
104	-457.051422	-575.679504	-74.037949	-91.882408	0.000000	0.000000	3.750000	528.933472	654.053223
105	760.255188	333.006500	112.908829	55.924915	0.000000	0.000000	3.750000	-1031.629761	-486.505341
106	531.197754	533.477356	87.899719	78.724915	0.000000	0.000000	3.750000	-595.889954	-623.172607
107	-775.528015	560.925293	-100.911087	81.957001	0.000000	0.000000	3.750000	881.350220	-690.931396
108	-837.286926	-712.721924	-94.867584	-97.448166	0.000000	0.000000	3.750000	872.113953	909.319763
109	-520.828552	-638.599426	-70.567871	-109.179565	0.000000	0.000000	3.750000	480.512695	739.997314
110	839.475403	-497.010742	130.078857	-61.769318	0.000000	0.000000	3.750000	-445.540833	165.383163
111	128.535828	-124.399857	83.912285	-82.961014	0.000000	0.000000	3.750000	-162.693039	198.586044
112	-181.401962	-381.916138	-26.674278	-133.358322	0.000000	0.000000	3.750000	75.189720	477.999725
113	416.187561	-472.461914	90.780777	-72.213806	0.000000	0.000000	3.750000	-602.760376	439.687164
114	189.925659	-353.272461	86.239342	-115.313225	0.000000	0.000000	3.750000	-224.445007	579.703369
115	-918.509216	-505.382629	-116.942970	-80.550102	0.000000	0.000000	3.750000	841.830505	472.371948
116	-485.542328	584.206787	-119.393410	80.505798	0.000000	0.000000	3.750000	660.878235	-390.874359
117	-676.610168	-567.678772	-104.284546	-90.380295	0.000000	0.000000	3.750000	801.656189	512.285522
118	268.899475	-23.229614	136.200531	-21.832005	0.000000	0.000000	3.750000	-104.783112	-69.684242
119	692.406860	423.136230	98.728317	71.670898	0.000000	0.000000	3.750000	-822.387451	-620.798157
120	284.178833	845.957947	39.240456	146.847443	0.000000	0.000000	3.750000	-321.809082	-1025.783813
121	179.904572	33.885727	74.445526	-118.525558	0.000000	0.000000	3.750000	-26.879822	47.791286
122	542.820435	185.974442	133.995071	47.003288	0.000000	0.000000	3.750000	-601.652649	-215.338501
123	-431.286072	320.458252	-71.116585	86.524071	0.000000	0.000000	3.750000	348.549072	-473.113312
124	66.027557	128.931961	71.996124	108.234123	0.000000	0.000000	3.750000	-107.486603	-391.205231
125	660.101074	153.944916	141.652222	25.896891	0.000000	0.000000	3.750000	-900.433899	-161.675430
126	586.327576	-70.182358	133.776016	-7.744214	0.000000	0.000000	3.750000	-1125.013428	16.380285
127	779.343323	-337.665619	126.546143	-44.068748	0.000000	0.000000	3.750000	-541.578247	143.197556
128	618.724243	457.427643	115.378296	86.161728	0.000000	0.000000	3.750000	-879.359680	-673.831604
129	111.930656	-127.290108	110.807060	-59.978477	0.000000	0.000000	3.750000	-363.805420	129.164246
130	-757.419678	377.203857	-137.268509	55.328384	0.000000	0.000000	3.750000	1040.084595	-266.006073
131	5.100756	-300.254578	76.294495	-97.731796	0.000000	0.000000	3.750000	-97.291412	206.727005
132	-265.635132	513.190308	-65.741837	107.487534	0.000000	0.000000	3.750000	275.318848	-782.567871
133	-86.060341	879.196716	10.570532	143.611496	0.000000	0.000000	3.750000	-60.565968	-1064.488159
134	-704.260925	-42.642101	-144.507477	-31.960335	0.000000	0.000000	3.750000	960.925171	297.104553
135	416.198456	694.650879	75.423622	110.757431	0.000000	0.000000	3.750000	-463.640198	-850.212891
136	-344.057922	-480.526154	-84.796349	-111.395615	0.000000	0.000000	3.750000	272.146454	532.456848
137	-478.403259	-1001.421448	-59.245705	-146.470825	0.000000	0.000000	3.750000	252.811920	1160.915405
138	676.517151	210.756943	132.638000	50.706524	0.000000	0.000000	3.750000	-729.035645	-262.543121
139	401.858643	-368.893005	134.375183	-57.090237	0.000000	0.000000	3.750000	-790.059326	280.102509
140	-543.165771	99.928635	-117.836914	38.602386	0.000000	0.000000	3.750000	337.907471	-58.077744
141	899.296570	-753.792725	123.161148	-102.133774	0.000000	0.000000	3.750000	-981.734985	711.677246
142	-606.778137	581.074707	-80.700912	80.519279	0.000000	0.000000	3.750000	554.063782	-489.977661
143	-122.762093	749.718750	-16.829937	126.888077	0.000000	0.000000	3.750000	-36.653889	-938.964661
144	284.505920	-710.156433	47.321095	-118.931282	0.000000	0.000000	3.750000	-284.922363	1060.507935
145	-448.223755	590.752991	-73.147736	114.653336	0.000000	0.000000	3.750000	279.968170	-516.628601
146	384.542755	749.035095	57.958427	116.364838	0.000000	0.000000	3.750000	-392.572327	-1023.601501
147	-637.563049	-798.102539	-92.205696	-105.346832	0.000000	0.000000	3.750000	426.444702	661.009094
148	559.495239	318.481384	110.220398	72.632202	0.000000	0.000000	3.750000	-713.824158	-522.470947
149	774.086487	737.971619	99.037125	93.207550	0.000000	0.000000	3.750000	-916.097900	-888.478577
150	-770.018921	355.220703	-115.795959	67.433548	0.000000	0.000000	3.750000	928.356750	-586.509949
151	774.749695	-211.981033	152.275131	-42.145092	0.000000	0.000000	3.750000	-703.130127	147.230209
152	-902.112793	-593.596313	-111.160088	-85.107376	0.000000	0.000000	3.750000	988.866455	490.827118
153	-51.757019	822.627319	-31.738659	138.407288	0.000000	0.000000	3.750000	130.973297	-1129.847778
154	619.094727	-644.698242	82.388420	-120.532257	0.000000	0.000000	3.750000	-493.979004	976.854370
155	-516.167542	901.503662	-65.458099	123.754585	0.000000	0.000000	3.750000	461.496307	-1102.983032
156	447.824280	-571.751892	83.073120	-102.579956	0.000000	0.000000	3.750000	-447.821594	793.535095
157	-698.142029	491.943573	-100.829712	72.175705	0.000000	0.000000	3.750000	881.912659	-512.231384
158	-647.710938	33.184826	-135.323380	13.548131	0.000000	0.000000	3.750000	808.359070	-121.724609
159	247.270569	580.508423	61.626472	107.601936	0.000000	0.000000	3.750000	-440.838379	-747.843384
160	243.605164	-955.909180	26.447762	-133.403549	0.000000	0.000000	3.750000	-201.600357	1284.969604
161	226.011200	-262.475250	60.414841	-112.841446	0.000000	0.000000	3.750000	-146.058990	572.656738
162	723.443237	367.572968	113.194824	50.625366	0.000000	0.000000	3.750000	-998.105469	-411.522400
163	-321.305908	503.989075	-72.384224	119.833740	0.000000	0.000000	3.750000	258.811249	-657.828369
164	-152.729355	-279.213440	-106.246445	-84.897354	0.000000	0.000000	3.750000	482.038666	299.197937
165	462.576630	-114.941528	136.550110	-45.716236	0.000000	0.000000	3.750000	-507.051605	127.437088
166	-775.775269	18.262688	-141.765396	-8.158868	0.000000	0.000000	3.750000	937.904968	83.881317
167	810.992432	-689.312012	109.119217	-114.267120	0.000000	0.000000	3.750000	-519.136536	637.518188
168	282.435486	-344.840271	53.398285	-122.899788	0.000000	0.000000	3.750000	-175.582306	646.535828
169	915.191772	-269.898407	132.843414	-44.184784	0.000000	0.000000	3.750000	-572.930115	83.922661
170	-178.128082	-577.023376	-38.562176	-142.887207	0.000000	0.000000	3.750000	164.602661	1073.665771
171	-436.631836	-701.979187	-60.599533	-121.751686	0.000000	0.000000	3.750000	287.526794	979.312195
172	-337.976044	-215.344757	-88.532364	-108.451965	0.000000	0.000000	3.750000	205.112778	307.699005
173	895.384949	-34.207062	135.986252	23.480499	0.000000	0.000000	3.750000	-806.196106	25.127981
174	877.306091	234.392410	130.260727	39.091274	0.000000	0.000000	3.750000	-1175.863281	-406.603302
175	-285.279114	310.743835	-145.528107	71.051994	0.000000	0.000000	3.750000	134.623062	-227.228836
176	288.741455	-913.165100	39.002171	-130.287338	0.000000	0.000000	3.750000	-162.758835	596.257446
177	746.175171	341.392120	122.028564	38.639572	0.000000	0.000000	3.750000	-878.227234	-234.168182
178	415.911255	-509.016724	88.899605	-105.549080	0.000000	0.000000	3.750000	-465.571167	723.475342
179	-392.203979	-744.557617	-54.371765	-122.472687	0.000000	0.000000	3.750000	151.437698	622.674561
180	219.761246	884.323853	37.472893	130.735474	0.000000	0.000000	3.750000	-252.727325	-1109.586670
181	48.854771	497.198395	5.853345	129.865540	0.000000	0.000000	3.750000	37.279297	-407.755035
182	-118.073151	-256.848755	-56.530296	-132.439896	0.000000	0.000000	3.750000	191.897034	449.859406
183	766.172241	-746.808228	91.825722	-110.922195	0.000000	0.000000	3.750000	-438.578278	917.296875
184	314.210388	719.909668	59.063248	137.881927	0.000000	0.000000	3.750000	-307.021332	-974.662659
185	-229.005707	-832.359741	-33.850765	-127.585495	0.000000	0.000000	3.750000	159.754044	1039.778198
186	-799.511169	527.509827	-134.050171	62.723724	0.000000	0.000000	3.750000	1053.639648	-266.112640
187	-558.832031	26.900200	-123.798836	-7.060352	0.000000	0.000000	3.750000	576.276062	18.879751
188	-683.721802	-693.924683	-108.265961	-94.944366	0.000000	0.000000	3.750000	840.837036	613.777222
189	-793.235962	-689.890747	-98.257309	-96.899155	0.000000	0.000000	3.750000	896.989136	697.460632
190	604.427856	-45.876110	147.269806	-14.679161	0.000000	0.000000	3.750000	-679.061462	-8.030373
191	202.201630	-160.917267	135.236755	-60.085373	0.000000	0.000000	3.750000	-381.382080	-1.317286
192	-138.276047	-9.352351	-99.722374	-94.686569	0.000000	0.000000	3.750000	22.049389	20.572025
193	-690.317139	-443.218262	-97.090759	-70.522064	0.000000	0.000000	3.750000	897.395691	537.240601
194	384.959839	-305.096680	130.231476	-74.425850	0.000000	0.000000	3.750000	-472.726318	374.489288
195	-509.855011	-311.078369	-124.540604	-68.214310	0.000000	0.000000	3.750000	669.552734	222.620239
196	-244.145615	464.033875	-64.423431	105.948898	0.000000	0.000000	3.750000	233.254517	-730.156921
197	-690.142273	535.581726	-112.695526	83.064392	0.000000	0.000000	3.750000	863.896667	-556.962402
198	-546.918701	764.650879	-74.258774	101.791901	0.000000	0.000000	3.750000	594.320435	-1065.276855
199	445.811279	410.173035	79.735931	69.843925	0.000000	0.000000	3.750000	-678.516663	-658.517517
200	589.481689	-639.116516	104.174591	-87.427917	0.000000	0.000000	3.750000	-711.154907	656.938293
201	692.084961	812.580200	100.141975	114.348473	0.000000	0.000000	3.750000	-700.053589	-878.499268
202	598.339111	-633.003479	94.047974	-95.451401	0.000000	0.000000	3.750000	-845.306030	771.475647
203	-167.769012	-852.133606	-33.004997	-136.053589	0.000000	0.000000	3.750000	167.614624	1295.965576
204	-392.610107	-195.385773	-123.824493	-23.311710	0.000000	0.000000	3.750000	516.618896	61.385494
205	-706.947693	-879.324463	-98.629143	-115.655746	0.000000	0.000000	3.750000	1151.109253	1617.213257
206	765.936279	354.017151	118.883186	61.828499	0.000000	0.000000	3.750000	-1012.574890	-447.348541
207	2.879624	-274.523224	-12.536669	-153.487183	0.000000	0.000000	3.750000	20.378592	222.982941
208	-792.396240	98.070427	-151.489883	27.691162	0.000000	0.000000	3.750000	1594.066284	-223.942627
209	20.897587	767.738892	22.992496	129.982086	0.000000	0.000000	3.750000	-192.902542	-1029.073120
210	611.213013	502.604126	87.426544	66.757622	0.000000	0.000000	3.750000	-709.478516	-615.615540
211	-344.266693	-371.205444	-78.148308	-85.725388	0.000000	0.000000	3.750000	552.537659	618.671326
212	-7.398504	-238.234589	89.334831	-97.176552	0.000000	0.000000	3.750000	-267.147430	290.590485
213	-849.758545	371.623657	-118.612411	57.921356	0.000000	0.000000	3.750000	883.427612	-242.803238
214	-221.047638	894.650269	-43.308388	149.811279	0.000000	0.000000	3.750000	49.484493	-144.083054
215	-139.344940	-484.819153	3.571395	-127.949951	0.000000	0.000000	3.750000	-58.383041	318.063354
216	-827.269531	-303.856018	-134.859192	-44.460594	0.000000	0.000000	3.750000	1269.559937	171.587906
217	-627.435181	-870.795959	-82.841133	-120.221329	0.000000	0.000000	3.750000	483.787018	1116.820435
218	-85.931503	-9.533212	-106.539078	70.844803	0.000000	0.000000	3.750000	55.861984	-260.418915
219	-869.790344	173.855011	-119.735016	45.246609	0.000000	0.000000	3.750000	845.962708	-130.470673
220	750.529846	-500.843323	99.362579	-70.788719	0.000000	0.000000	3.750000	-924.299561	522.136658
221	362.740753	879.718140	66.351601	125.544670	0.000000	0.000000	3.750000	-620.567871	-1252.038330
222	603.971191	-566.407471	103.352264	-82.111496	0.000000	0.000000	3.750000	-765.884399	661.346008
223	-352.888824	-738.096558	-55.084980	-122.154175	0.000000	0.000000	3.750000	208.307632	562.397461
224	440.307922	694.347290	70.678680	101.884125	0.000000	0.000000	3.750000	-405.537109	-872.706848
225	919.369751	281.015259	124.820099	48.743309	0.000000	0.000000	3.750000	-1044.217896	-321.944275
226	413.444946	-579.605103	96.339333	-107.026703	0.000000	0.000000	3.750000	-555.523987	572.703064
227	954.941833	-402.858521	142.009491	-64.570129	0.000000	0.000000	3.750000	-1040.562866	423.472473
228	358.787903	-793.844788	41.476837	-116.857414	0.000000	0.000000	3.750000	-294.815033	1031.485596
229	-887.887573	-760.522583	-111.977310	-96.773079	0.000000	0.000000	3.750000	997.007263	686.887634
230	809.561890	-29.457153	139.756348	8.254984	0.000000	0.000000	3.750000	-919.437012	-98.115150
231	-229.886597	710.396301	-41.887016	112.452118	0.000000	0.000000	3.750000	335.064148	-942.642395
232	940.254211	-37.722034	163.854187	-6.906531	0.000000	0.000000	3.750000	-879.722961	-38.174881
233	836.536682	-287.783691	128.216431	-51.033096	0.000000	0.000000	3.750000	-1006.134460	238.010818
234	-740.224121	790.893066	-94.007614	98.277969	0.000000	0.000000	3.750000	836.400940	-965.364929
235	800.909180	-756.617065	96.924591	-95.402435	0.000000	0.000000	3.750000	-828.952820	845.989807
236	-669.886108	414.057556	-122.256638	72.230545	0.000000	0.000000	3.750000	781.290649	-371.386017
237	737.038696	-794.559692	92.187881	-105.362900	0.000000	0.000000	3.750000	-677.109375	1005.197327
238	934.743652	-500.139587	124.410217	-80.162949	0.000000	0.000000	3.750000	-583.178162	366.557617
239	-766.775391	181.239532	-115.788132	49.689163	0.000000	0.000000	3.750000	1027.777222	-285.213165
240	-721.346436	-789.563782	-97.754250	-108.444000	0.000000	0.000000	3.750000	691.100952	757.323730
241	-259.869080	633.747925	-50.807209	126.153069	0.000000	0.000000	3.750000	240.038223	-695.518311
242	-358.674500	-266.416809	-102.062592	-107.177994	0.000000	0.000000	3.750000	434.418030	380.555603
243	-559.027954	-704.444519	-76.944321	-94.675705	0.000000	0.000000	3.750000	573.617920	1012.331177
244	-330.107483	-770.293152	-53.738403	-124.930237	0.000000	0.000000	3.750000	112.083153	713.883240
245	-674.020264	-376.313293	-94.312820	-67.535637	0.000000	0.000000	3.750000	813.103516	462.661774
246	365.390289	-107.652725	120.375626	-63.290077	0.000000	0.000000	3.750000	-494.029755	211.679321
247	-605.448914	-35.699245	-121.689789	8.694102	0.000000	0.000000	3.750000	689.205994	-59.342216
248	705.465271	-678.736938	98.482590	-90.868988	0.000000	0.000000	3.750000	-853.148132	719.734741
249	540.341309	788.533020	82.732933	105.409790	0.000000	0.000000	3.750000	-569.636902	-878.274353
250	-737.048218	874.878418	-118.891678	104.061356	0.000000	0.000000	3.750000	820.954834	-712.015869
251	801.726868	-376.738770	116.921188	-61.265274	0.000000	0.000000	3.750000	-890.856689	487.775909
252	66.118713	628.119141	13.514597	121.248657	0.000000	0.000000	3.750000	30.029970	-1170.507446
253	-353.836121	-47.404770	-122.178284	-21.175940	0.000000	0.000000	3.750000	595.008179	59.091316
254	-814.429016	-260.627106	-127.951157	-46.090820	0.000000	0.000000	3.750000	1040.908813	212.505737
255	-699.024658	-426.671814	-102.861160	-82.725914	0.000000	0.000000	3.750000	439.297363	327.163605
256	-218.419708	1.155894	-134.061676	32.660206	0.000000	0.000000	3.750000	29.566223	-70.010361
257	-719.920654	481.433167	-106.921776	58.751404	0.000000	0.000000	3.750000	1895.486084	-930.117310
258	628.952881	-699.066895	99.860710	-106.507095	0.000000	0.000000	3.750000	-947.375854	1317.219971
259	579.362305	-589.221130	94.097054	-109.002579	0.000000	0.000000	3.750000	-514.969116	840.901123
260	-442.899231	651.410217	-70.018021	104.753990	0.000000	0.000000	3.750000	398.529297	-800.744446
261	-279.963348	754.672791	-35.467789	129.220001	0.000000	0.000000	3.750000	96.957817	-600.727173
262	-389.434509	157.869293	-136.855835	37.870232	0.000000	0.000000	3.750000	477.359070	-78.178009
263	-258.171600	-664.086914	-36.600227	-126.824249	0.000000	0.000000	3.750000	190.133179	577.175354
264	234.644806	-625.285522	74.233406	-101.809029	0.000000	0.000000	3.750000	-315.510498	676.519531
265	-689.160278	485.127167	-104.790932	86.688286	0.000000	0.000000	3.750000	808.993042	-670.460938
266	-896.660400	-852.685364	-113.008919	-113.264420	0.000000	0.000000	3.750000	974.327393	723.797302
267	-798.946167	332.198242	-132.213486	39.540413	0.000000	0.000000	3.750000	1107.579224	-158.017639
268	870.477905	-155.742859	125.292236	-41.536446	0.000000	0.000000	3.750000	-578.927734	50.364868
269	-720.785278	-639.591919	-95.900528	-101.995407	0.000000	0.000000	3.750000	725.428284	672.917053
270	508.452026	-550.995850	88.374222	-116.215073	0.000000	0.000000	3.750000	-212.292099	383.032043
271	-231.436752	-632.960815	-61.439125	-105.400238	0.000000	0.000000	3.750000	422.898743	858.933411
272	530.579102	-504.843872	112.820694	-86.229294	0.000000	0.000000	3.750000	-515.631165	406.702362
273	772.832642	214.542542	123.760017	32.671383	0.000000	0.000000	3.750000	-923.695862	-164.046249
274	-124.119476	474.465698	-49.683273	128.738098	0.000000	0.000000	3.750000	30.731590	-557.456482
275	705.944336	449.822113	130.163651	85.984222	0.000000	0.000000	3.750000	-807.798462	-669.402527
276	49.777580	-484.620850	12.192755	-119.378540	0.000000	0.000000	3.750000	-162.979889	779.799988
277	302.084808	673.347656	33.071835	138.094727	0.000000	0.000000	3.750000	-306.324341	-867.131409
278	306.220215	889.590332	55.879944	119.588425	0.000000	0.000000	3.750000	-388.330780	-1094.046631
279	-868.922607	-14.823205	-129.675430	-24.663361	0.000000	0.000000	3.750000	1018.663269	167.670151
280	-485.876892	-775.764160	-91.122833	-119.149559	0.000000	0.000000	3.750000	522.875671	722.488708
281	-630.715698	-365.840210	-132.745697	-74.043304	0.000000	0.000000	3.750000	536.358521	211.843796
282	-550.905518	-470.716187	-98.274872	-91.093521	0.000000	0.000000	3.750000	641.406921	639.533325
283	764.202637	-534.311707	111.543289	-66.768860	0.000000	0.000000	3.750000	-879.537537	461.339844
284	395.747559	-945.970093	39.163506	-142.724182	0.000000	0.000000	3.750000	-229.497742	1086.284302
285	-537.248779	-531.299927	-115.915436	-95.201973	0.000000	0.000000	3.750000	582.516052	375.335754
286	-262.610657	94.559120	-104.586395	34.072746	0.000000	0.000000	3.750000	254.492004	-156.418732
287	-95.011047	-827.369690	-15.974574	-131.029694	0.000000	0.000000	3.750000	55.834522	1067.131226
288	735.805664	-403.939880	125.343788	-57.730801	0.000000	0.000000	3.750000	-789.789368	264.681000
289	433.077515	-358.839264	76.740425	-97.399017	0.000000	0.000000	3.750000	-268.730316	524.197021
290	797.061157	-62.274151	115.090729	-14.495485	0.000000	0.000000	3.750000	-1024.473389	91.833458
291	927.799316	89.378632	137.872131	5.938132	0.000000	0.000000	3.750000	-1264.016602	-4.588225
292	171.037598	115.646988	132.869873	81.734352	0.000000	0.000000	3.750000	-161.194382	-126.708725
293	-273.114471	-348.973267	-86.693771	-91.432709	0.000000	0.000000	3.750000	197.323105	277.841644
294	218.806641	-244.163834	68.809723	-126.481766	0.000000	0.000000	3.750000	-55.464493	424.336151
295	397.683350	549.556763	75.592422	93.196960	0.000000	0.000000	3.750000	-313.249268	-511.817932
296	192.040695	792.531799	15.916037	127.006592	0.000000	0.000000	3.750000	-98.414528	-1161.065186
297	-578.459229	593.075073	-90.211899	82.132812	0.000000	0.000000	3.750000	686.188293	-715.182007
298	-368.163147	-655.620178	-71.684456	-106.044014	0.000000	0.000000	3.750000	514.526978	829.767822
299	-734.863159	639.302612	-99.297195	77.563141	0.000000	0.000000	3.750000	1015.623169	-656.307190
300	-667.571289	-322.579773	-113.373703	-63.609253	0.000000	0.000000	3.750000	781.124329	278.156158
301	-683.452820	-9.185622	-139.726456	-8.747396	0.000000	0.000000	3.750000	784.425964	31.545164
302	799.396118	315.139587	132.586121	44.954639	0.000000	0.000000	3.750000	-890.848755	-281.072357
303	87.050041	403.475098	18.447100	136.759369	0.000000	0.000000	3.750000	-287.612427	-795.871704
304	834.968506	-549.821777	112.465111	-76.469505	0.000000	0.000000	3.750000	-1029.949219	625.446533
305	-715.347839	681.212891	-88.267105	89.916138	0.000000	0.000000	3.750000	691.769836	-766.912781
306	178.026642	-854.546814	35.980412	-129.079041	0.000000	0.000000	3.750000	-261.592712	1088.485474
307	-47.222969	-285.829010	-12.880974	-115.282066	0.000000	0.000000	3.750000	-5.761603	605.968445
308	255.575043	698.665894	51.152733	134.608307	0.000000	0.000000	3.750000	-307.037598	-782.103516
309	35.994377	-592.944946	31.113441	-117.965637	0.000000	0.000000	3.750000	-157.990707	505.267212
310	-515.997192	-371.675720	-124.677078	-67.961021	0.000000	0.000000	3.750000	505.957581	125.291374
311	841.085999	446.164246	114.786514	61.024933	0.000000	0.000000	3.750000	-1059.282715	-489.815979
312	-395.205811	-685.644897	-66.337776	-118.723618	0.000000	0.000000	3.750000	323.715179	636.730286
313	312.789490	155.628265	127.419853	75.255341	0.000000	0.000000	3.750000	-183.051590	-244.958374
314	-533.386108	383.808929	-138.377014	72.024124	0.000000	0.000000	3.750000	535.268921	-377.796295
315	-127.997116	22.627182	-118.065331	-63.376350	0.000000	0.000000	3.750000	312.801056	182.207611
316	802.248962	262.733643	134.748032	29.781826	0.000000	0.000000	3.750000	-1036.784058	-247.657333
317	698.327393	597.462463	101.136993	75.148422	0.000000	0.000000	3.750000	-745.125549	-494.398773
318	-679.749695	-25.779737	-158.722443	-20.178673	0.000000	0.000000	3.750000	818.321228	141.619781
319	281.186615	-578.425598	29.714912	-124.502640	0.000000	0.000000	3.750000	-127.643501	794.348022
320	253.152130	283.951111	102.608505	92.273300	0.000000	0.000000	3.750000	-318.993835	-469.894928
321	-713.768250	-345.895874	-116.612335	-69.979248	0.000000	0.000000	3.750000	829.392517	237.913574
322	523.161682	312.646423	120.705307	66.888336	0.000000	0.000000	3.750000	-537.079102	-246.452927
323	-37.106178	-325.093933	10.991369	-131.541595	0.000000	0.000000	3.750000	-48.538269	634.517761
324	-142.142334	-858.339966	-23.960657	-129.806976	0.000000	0.000000	3.750000	120.037338	1048.874268
325	-60.993340	355.001221	-4.213061	121.923256	0.000000	0.000000	3.750000	-70.105850	-373.810974
326	-258.245453	62.701637	-139.265732	-14.319717	0.000000	0.000000	3.750000	170.965546	31.236351
327	-179.574036	491.320618	-55.468861	132.885712	0.000000	0.000000	3.750000	156.590256	-716.600708
328	165.916702	870.126587	35.931229	120.768097	0.000000	0.000000	3.750000	-268.357300	-1093.886597
329	-462.136658	734.750244	-66.573036	129.938538	0.000000	0.000000	3.750000	465.441681	-985.390137
330	155.925201	495.149231	66.520386	132.208069	0.000000	0.000000	3.750000	-268.657471	-483.643860
331	-413.471802	241.066528	-146.000443	42.273880	0.000000	0.000000	3.750000	259.042145	-122.864754
332	-419.489655	-284.997681	-95.909164	-93.580269	0.000000	0.000000	3.750000	477.720642	364.972107
333	-261.033295	157.729095	-148.276489	22.663919	0.000000	0.000000	3.750000	390.037567	-21.591379
334	427.071808	718.225708	65.144203	107.852631	0.000000	0.000000	3.750000	-449.228668	-933.374329
335	412.044373	-222.878632	134.292053	-51.954781	0.000000	0.000000	3.750000	-314.451813	15.870241
336	131.655762	714.506226	26.521294	127.265930	0.000000	0.000000	3.750000	-218.258850	-916.503052
337	477.138245	-483.978516	86.285225	-107.697388	0.000000	0.000000	3.750000	-396.025635	611.616333
338	-8.419478	-686.705627	-29.327858	-159.323090	0.000000	0.000000	3.750000	24.998423	525.490479
339	238.633331	704.570496	24.299908	135.843719	0.000000	0.000000	3.750000	-231.940414	-1243.704102
340	-310.165833	-870.156189	-54.240513	-126.891006	0.000000	0.000000	3.750000	97.439674	703.069031
341	28.014141	455.279785	2.187422	131.981873	0.000000	0.000000	3.750000	0.950027	-439.114685
342	44.247795	792.734741	18.736128	142.774979	0.000000	0.000000	3.750000	35.391869	-1031.784668
343	-82.174721	-429.347351	-5.247960	-113.878937	0.000000	0.000000	3.750000	-18.967630	752.455078
344	650.711304	436.510620	107.615776	76.438217	0.000000	0.000000	3.750000	-848.328125	-503.929535
345	-774.878662	-3.102921	-147.856232	-6.521696	0.000000	0.000000	3.750000	887.567993	42.110718
346	-240.177612	-103.903175	-117.624191	-58.393707	0.000000	0.000000	3.750000	17.656691	-11.254335
347	-860.260620	409.547241	-120.559235	67.152603	0.000000	0.000000	3.750000	871.407227	-502.771515
348	506.470123	-322.137970	121.265900	-52.139969	0.000000	0.000000	3.750000	-780.030945	320.493347
349	-419.652313	91.414291	-123.860649	23.096210	0.000000	0.000000	3.750000	463.972229	36.772179
350	-241.292755	789.248413	-39.350410	106.993149	0.000000	0.000000	3.750000	305.077118	-1015.786438
351	711.271973	628.643555	97.676125	82.724701	0.000000	0.000000	3.750000	-858.618286	-744.228088
352	690.004517	387.003571	112.988037	51.085262	0.000000	0.000000	3.750000	-706.414124	-338.525299
353	-832.473877	-403.513977	-123.510864	-74.031578	0.000000	0.000000	3.750000	1087.412842	335.073578
354	725.478455	339.610657	119.397308	69.196625	0.000000	0.000000	3.750000	-972.345398	-433.628082
355	-705.365723	-549.440552	-104.106544	-99.487587	0.000000	0.000000	3.750000	640.012634	700.014832
356	483.946716	363.601318	124.342209	72.625763	0.000000	0.000000	3.750000	-369.236938	-175.163559
357	744.048035	-247.391510	116.525345	-47.935734	0.000000	0.000000	3.750000	-993.986084	347.089935
358	118.187180	-107.833717	74.938751	-115.869133	0.000000	0.000000	3.750000	-80.976280	333.724213
359	89.773621	-13.076298	48.100342	-114.168793	0.000000	0.000000	3.750000	28.312815	103.596832
360	-836.562012	339.115906	-154.779312	65.324364	0.000000	0.000000	3.750000	858.073792	-280.588043
361	769.155029	298.216370	124.662613	43.396049	0.000000	0.000000	3.750000	-1052.959595	-429.214447
362	-637.384277	851.598755	-90.975342	106.411850	0.000000	0.000000	3.750000	783.473145	-982.174011
363	-61.282070	899.680176	-29.871773	140.867111	0.000000	0.000000	3.750000	104.853996	-850.158142
364	-255.899857	383.149475	-80.056000	97.298378	0.000000	0.000000	3.750000	416.658203	-655.628418
365	-239.264343	337.162964	-52.790306	118.794296	0.000000	0.000000	3.750000	70.595764	-430.311157
366	411.686829	-214.715942	124.575851	-68.148773	0.000000	0.000000	3.750000	-456.697174	376.666382
367	-10.096870	-33.589134	82.226120	100.602448	0.000000	0.000000	3.750000	-47.584099	-313.269196
368	-839.142090	237.611237	-128.296219	50.833389	0.000000	0.000000	3.750000	1317.200439	-371.502167
369	480.232422	594.906372	69.805305	87.585434	0.000000	0.000000	3.750000	-617.526367	-883.056824
370	-343.887085	932.706909	-29.824715	136.786041	0.000000	0.000000	3.750000	140.882065	-1189.262695
371	-764.010864	-410.821106	-111.124939	-88.403732	0.000000	0.000000	3.750000	951.820923	648.712524
372	277.701904	-870.909912	36.819096	-128.841110	0.000000	0.000000	3.750000	-78.019554	582.214355
373	20.788338	-682.711914	-2.535814	-143.977127	0.000000	0.000000	3.750000	-92.525635	959.945068
374	-195.428925	-948.842834	-25.770796	-131.498383	0.000000	0.000000	3.750000	113.236908	1113.359985
375	504.399536	191.285751	127.714478	66.512177	0.000000	0.000000	3.750000	-173.567856	-119.896690
376	284.206757	162.394058	106.440155	59.598396	0.000000	0.000000	3.750000	-142.301376	-130.904419
377	-400.894135	421.505127	-75.915985	76.816223	0.000000	0.000000	3.750000	608.186218	-743.626587
378	98.118927	356.839417	31.632954	134.325470	0.000000	0.000000	3.750000	-97.265778	-479.508240
379	349.710541	866.669800	57.374504	129.892319	0.000000	0.000000	3.750000	-269.264740	-942.012512
380	-156.467896	-698.349548	-40.230740	-110.929520	0.000000	0.000000	3.750000	162.568192	912.285217
381	97.104965	-855.704041	4.251110	-133.932312	0.000000	0.000000	3.750000	-138.516205	1067.454956
382	4.665447	-837.540894	-3.665998	-131.948959	0.000000	0.000000	3.750000	-34.682865	1026.995728
383	128.432175	171.342834	111.861534	37.560165	0.000000	0.000000	3.750000	-210.867203	-108.009285
384	406.861389	-179.773529	125.201904	-41.793488	0.000000	0.000000	3.750000	-512.237549	-32.317184
385	-133.872437	-858.717712	-23.140331	-146.179565	0.000000	0.000000	3.750000	86.560356	1039.655884
386	-140.211426	47.050098	-131.001129	28.134192	0.000000	0.000000	3.750000	139.143997	-14.217422
387	-320.942352	-826.218994	-54.510349	-118.019241	0.000000	0.000000	3.750000	321.409363	1020.367188
388	22.118454	716.196350	12.225337	151.507507	0.000000	0.000000	3.750000	-126.796356	-978.467102
389	-439.380798	870.967712	-71.814728	127.116508	0.000000	0.000000	3.750000	469.828918	-1008.360718
390	481.424042	789.658936	75.703659	103.212952	0.000000	0.000000	3.750000	-538.078430	-917.118530
391	35.253250	5.939007	30.220631	-144.762085	0.000000	0.000000	3.750000	26.126995	69.508339
392	58.549583	512.196289	-1.998857	129.982758	0.000000	0.000000	3.750000	80.687553	-428.459961
393	-403.774597	-847.396240	-64.643616	-112.788055	0.000000	0.000000	3.750000	443.299377	1027.958252
394	-103.135071	725.387024	-34.028954	119.239044	0.000000	0.000000	3.750000	135.691711	-376.403534
395	785.679688	354.212219	109.540245	66.218842	0.000000	0.000000	3.750000	-832.226013	-501.923798
396	913.083252	-202.230530	137.802856	-24.704657	0.000000	0.000000	3.750000	-1356.880615	126.845467
397	602.032166	-76.737175	135.621857	-10.096840	0.000000	0.000000	3.750000	-797.712341	-143.460693
398	-154.158081	-409.248077	-45.608383	-130.243866	0.000000	0.000000	3.750000	110.757324	421.013062
399	-787.444214	-521.018860	-103.478851	-64.622154	0.000000	0.000000	3.750000	1100.810425	436.328430
400	694.682495	-44.143383	141.990753	-23.969898	0.000000	0.000000	3.750000	-898.975037	66.857483
401	-418.663330	-569.971497	-74.890388	-115.911270	0.000000	0.000000	3.750000	355.580536	584.410461
402	846.076538	113.288010	124.950211	27.774315	0.000000	0.000000	3.750000	-1050.635864	-146.827667
403	-485.881592	179.829010	-131.926819	-4.393238	0.000000	0.000000	3.750000	482.579376	10.847176
404	-190.156708	103.104446	-136.015991	23.287025	0.000000	0.000000	3.750000	252.662933	12.847857
405	-105.992592	-563.931458	-29.182350	-112.268982	0.000000	0.000000	3.750000	117.838066	746.893433
406	-154.446136	844.837097	-19.672234	128.502136	0.000000	0.000000	3.750000	-12.216127	-887.024231
407	366.251343	933.295654	49.566872	139.452896	0.000000	0.000000	3.750000	-325.868011	-1065.467041
408	228.544098	516.502136	42.860897	96.947784	0.000000	0.000000	3.750000	-247.653793	-878.479065
409	713.327759	-789.641052	98.583305	-93.687363	0.000000	0.000000	3.750000	-801.316650	708.647217
410	399.697174	726.765137	81.629616	106.266548	0.000000	0.000000	3.750000	-732.542725	-1121.061035
411	599.081238	594.217896	104.476723	93.191132	0.000000	0.000000	3.750000	-656.090698	-671.058960
412	-381.071167	140.359650	-123.831078	51.203827	0.000000	0.000000	3.750000	797.034546	-283.259766
413	-382.909088	528.426208	-100.873779	91.216446	0.000000	0.000000	3.750000	809.897095	-628.437683
414	917.477112	-364.855133	119.090027	-61.429375	0.000000	0.000000	3.750000	-1030.125488	510.614716
415	685.713135	527.770264	110.321640	76.060074	0.000000	0.000000	3.750000	-1188.653809	-772.135925
416	423.822754	-384.115662	76.255707	-102.800156	0.000000	0.000000	3.750000	-152.916794	394.083160
417	-842.545532	230.464386	-125.157242	41.947121	0.000000	0.000000	3.750000	1155.587280	-210.409409
418	562.094543	-361.235992	96.028885	-65.072594	0.000000	0.000000	3.750000	-652.195679	389.644623
419	-573.436218	-592.447510	-103.947693	-81.356201	0.000000	0.000000	3.750000	796.135315	507.008881
420	520.479614	155.509766	135.004135	37.065880	0.000000	0.000000	3.750000	-742.868469	-212.056854
421	-244.211609	-667.949097	-37.113907	-141.203613	0.000000	0.000000	3.750000	112.850914	588.867676
422	76.896713	-693.132751	2.495887	-115.972992	0.000000	0.000000	3.750000	-118.465752	1019.442993
423	-679.257446	-613.664124	-110.704254	-101.215294	0.000000	0.000000	3.750000	743.338196	605.299255
424	876.641235	-764.724365	119.778275	-99.945770	0.000000	0.000000	3.750000	-1050.185669	817.270630
425	-531.387512	561.376099	-107.160400	99.159714	0.000000	0.000000	3.750000	577.277771	-548.771484
426	702.193176	-761.043396	97.469040	-94.846107	0.000000	0.000000	3.750000	-700.849365	719.118652
427	79.806320	-646.986877	6.182730	-153.872345	0.000000	0.000000	3.750000	-93.672531	379.375610
428	301.756287	490.841400	67.740593	127.071556	0.000000	0.000000	3.750000	-352.560852	-607.991638
429	970.913574	221.246780	137.973389	33.575836	0.000000	0.000000	3.750000	-1098.079102	-231.941635
430	-850.621338	673.284180	-110.522751	89.155441	0.000000	0.000000	3.750000	1069.107178	-725.114319
431	-309.358429	415.792847	-56.005180	126.118805	0.000000	0.000000	3.750000	64.054123	-624.624512
432	-615.398804	-218.765778	-120.593536	-28.865175	0.000000	0.000000	3.750000	1069.034912	238.286575
433	-256.786957	910.091064	-36.376015	133.119446	0.000000	0.000000	3.750000	264.363251	-1014.582703
434	255.661530	30.513550	126.538101	19.287594	0.000000	0.000000	3.750000	-520.009033	-117.354210
435	-634.404358	-46.613281	-143.110703	-15.978822	0.000000	0.000000	3.750000	829.358521	101.228386
436	-704.882141	353.243195	-131.992233	46.668175	0.000000	0.000000	3.750000	1036.144287	-221.962555
437	354.508911	185.623657	112.783600	68.584579	0.000000	0.000000	3.750000	-446.439697	-290.414978
438	475.485138	693.758545	79.391991	122.527130	0.000000	0.000000	3.750000	-462.011505	-791.185547
439	346.031189	297.583038	101.867577	63.427063	0.000000	0.000000	3.750000	-546.893616	-319.711914
440	805.623718	-853.303772	102.718475	-106.549980	0.000000	0.000000	3.750000	-737.179077	865.923889
441	-210.927277	717.547974	-21.196514	120.144363	0.000000	0.000000	3.750000	78.092430	-976.763489
442	-688.562988	756.322998	-95.500763	96.827553	0.000000	0.000000	3.750000	1531.103027	-1860.507690
443	-676.165771	453.668243	-116.932449	73.285736	0.000000	0.000000	3.750000	889.044678	-561.938110
444	320.531555	-569.755676	62.258579	-118.658234	0.000000	0.000000	3.750000	-345.200073	907.036499
445	-312.044342	362.147949	-100.079178	106.301697	0.000000	0.000000	3.750000	378.944611	-445.452057
446	-952.006348	510.468567	-140.488037	72.298294	0.000000	0.000000	3.750000	1152.517822	-463.491577
447	-201.679352	-514.357300	-38.664440	-107.242783	0.000000	0.000000	3.750000	198.930267	749.694885
448	-649.295166	376.226746	-107.537704	76.542740	0.000000	0.000000	3.750000	249.231491	-164.761871
449	-602.553894	559.947876	-95.930054	96.402206	0.000000	0.000000	3.750000	659.063232	-784.726013
450	-475.573792	-418.243805	-135.797211	-68.277519	0.000000	0.000000	3.750000	652.726440	126.255707
451	-317.446350	-328.281342	-120.020615	-63.957916	0.000000	0.000000	3.750000	805.260620	238.432632
452	-814.479126	785.529114	-99.073341	101.727440	0.000000	0.000000	3.750000	849.864136	-902.172363
453	-805.072937	288.492188	-109.155502	54.488579	0.000000	0.000000	3.750000	740.992371	-261.493286
454	548.502686	547.980957	93.752762	87.145424	0.000000	0.000000	3.750000	-537.624146	-646.032654
455	-242.206177	559.057617	-33.665421	135.891937	0.000000	0.000000	3.750000	155.587189	-831.788940
456	554.828003	650.953796	86.839478	94.036667	0.000000	0.000000	3.750000	-709.078064	-850.311462
457	314.870056	739.544128	55.328785	113.201843	0.000000	0.000000	3.750000	-331.692230	-934.382080
458	463.466827	847.574341	90.038376	114.930740	0.000000	0.000000	3.750000	-423.753510	-609.459900
459	226.821289	-122.304253	130.414230	-30.784267	0.000000	0.000000	3.750000	-182.950531	-20.852482
460	-724.251099	776.494263	-101.361839	90.674011	0.000000	0.000000	3.750000	805.626648	-732.427856
461	-528.177856	-692.185181	-76.536636	-97.560471	0.000000	0.000000	3.750000	424.377960	791.322205
462	356.203552	-25.010269	112.858887	34.450890	0.000000	0.000000	3.750000	-418.599152	-129.831299
463	-590.647156	631.341187	-88.925362	115.793243	0.000000	0.000000	3.750000	443.353668	-803.458374
464	-387.229858	-168.251877	-127.645630	-40.767742	0.000000	0.000000	3.750000	663.449646	63.363022
465	305.527039	212.354691	109.101677	74.292892	0.000000	0.000000	3.750000	-455.973267	-531.782227
466	553.225159	670.731262	71.262688	94.050919	0.000000	0.000000	3.750000	-532.558289	-923.118164
467	834.017761	642.705139	112.471420	83.367630	0.000000	0.000000	3.750000	-1024.333008	-670.122253
468	647.002014	736.301270	80.314346	94.475220	0.000000	0.000000	3.750000	-650.054688	-981.694275
469	296.182709	605.337097	59.267551	131.237717	0.000000	0.000000	3.750000	-348.904633	-699.371460
470	408.966583	-733.061768	62.640923	-104.689850	0.000000	0.000000	3.750000	-368.048523	1089.776733
471	14.978550	249.546524	6.317163	131.847076	0.000000	0.000000	3.750000	-56.295769	-369.364349
472	785.139160	-518.781982	105.162697	-79.779655	0.000000	0.000000	3.750000	-791.783508	657.746765
473	38.184807	438.539673	7.456710	125.779160	0.000000	0.000000	3.750000	-36.312214	-493.144867
474	-837.659180	-569.197021	-109.286385	-96.811401	0.000000	0.000000	3.750000	992.188904	727.448486
475	-569.267212	-598.380127	-92.264038	-110.559158	0.000000	0.000000	3.750000	503.626251	691.362427
476	-703.581909	-275.442413	-109.564804	-43.810894	0.000000	0.000000	3.750000	1256.181641	226.319962
477	-671.917603	462.719879	-129.085358	80.255646	0.000000	0.000000	3.750000	822.433289	-518.597839
478	814.590088	-182.620453	138.933517	-29.350914	0.000000	0.000000	3.750000	-1106.128052	241.942261
479	-75.492470	-630.482239	8.001335	-141.774353	0.000000	0.000000	3.750000	-29.048220	931.793823
480	639.399475	-709.904602	100.580582	-97.383499	0.000000	0.000000	3.750000	-723.997498	711.947021
481	717.300232	476.786804	140.291931	99.507874	0.000000	0.000000	3.750000	-665.243591	-635.415222
482	-674.201172	487.371765	-110.882233	63.946156	0.000000	0.000000	3.750000	898.367554	-567.807312
483	51.575020	901.733643	11.013027	135.553299	0.000000	0.000000	3.750000	-40.079197	-1193.312866
484	424.932526	-820.817261	83.523239	-134.116974	0.000000	0.000000	3.750000	-303.532013	812.428772
485	442.826538	38.217529	137.976013	2.407424	0.000000	0.000000	3.750000	-733.910034	-192.653290
486	-770.927368	-628.608276	-121.689896	-103.882469	0.000000	0.000000	3.750000	759.426514	671.195312
487	-555.122498	-574.990967	-82.352440	-90.011520	0.000000	0.000000	3.750000	785.739075	877.832214
488	-74.282318	185.745758	-63.178532	113.610184	0.000000	0.000000	3.750000	106.415001	-400.744995
489	623.828491	17.658566	137.990692	1.447646	0.000000	0.000000	3.750000	-666.378845	-127.562943
490	584.426392	884.855652	76.147095	131.550568	0.000000	0.000000	3.750000	-475.939148	-1047.166626
491	174.228119	505.139984	35.405373	112.562943	0.000000	0.000000	3.750000	-255.864578	-633.727783
492	-513.539307	378.441589	-97.717575	91.691116	0.000000	0.000000	3.750000	682.701538	-703.879089
493	30.868031	-822.801636	0.755729	-135.997650	0.000000	0.000000	3.750000	-105.663956	997.866577
494	-533.479248	-820.396118	-73.992645	-109.311111	0.000000	0.000000	3.750000	414.359863	1010.424561
495	-319.081024	-783.629272	-57.230274	-118.947838	0.000000	0.000000	3.750000	355.826508	1141.224243
496	-571.845947	-806.014832	-80.465988	-114.564789	0.000000	0.000000	3.750000	500.966553	1048.030029
497	462.166199	-418.421570	82.017426	-93.000534	0.000000	0.000000	3.750000	-347.423126	381.173370
498	807.465576	-553.332031	120.118469	-105.694244	0.000000	0.000000	3.750000	-774.068237	911.550842
499	-544.674194	-18.987507	-139.998291	0.650364	0.000000	0.000000	3.750000	730.677002	-47.176876
500	-187.802490	794.052307	-25.078939	121.437279	0.000000	0.000000	3.750000	150.140137	-1193.202148
501	-877.863037	231.307556	-128.196671	21.577347	0.000000	0.000000	3.750000	1146.090698	-96.285614
502	-528.550781	-765.428833	-84.965515	-108.741577	0.000000	0.000000	3.750000	402.482666	679.797607
503	318.372681	237.821289	107.749146	86.221237	0.000000	0.000000	3.750000	-405.876221	-330.642151
504	500.587891	-101.079231	132.495972	-45.208534	0.000000	0.000000	3.750000	-491.829529	45.804447
505	-709.343750	-89.294601	-143.730057	-8.812316	0.000000	0.000000	3.750000	1224.110474	123.463989
506	-272.143646	527.610901	-81.216675	106.582367	0.000000	0.000000	3.750000	361.627350	-597.033997
507	-524.280396	99.113869	-135.032211	36.962082	0.000000	0.000000	3.750000	723.511963	-135.371552
508	-6.939449	504.937469	-15.555403	141.145355	0.000000	0.000000	3.750000	126.079086	-910.449707
509	226.749130	287.772797	88.695923	77.826675	0.000000	0.000000	3.750000	-355.215454	-364.188385
510	517.250732	818.454468	76.965103	116.945740	0.000000	0.000000	3.750000	-538.520142	-1041.477417
511	291.074097	1019.910706	53.920433	142.114594	0.000000	0.000000	3.750000	-388.778351	-1224.713135
512	831.675781	-128.079254	124.867279	-28.145180	0.000000	0.000000	3.750000	-1029.759399	181.271652
513	-401.249756	545.856201	-102.119431	89.819908	0.000000	0.000000	3.750000	740.910461	-622.812439
514	210.631592	-30.658630	121.481781	-33.435276	0.000000	0.000000	3.750000	-215.801407	38.116642
515	-423.839050	-804.725159	-61.915363	-112.028824	0.000000	0.000000	3.750000	433.468842	974.528442
516	-93.159622	-492.585693	-38.201359	-130.524323	0.000000	0.000000	3.750000	144.883911	696.257935
517	234.936417	212.838821	101.251419	93.761009	0.000000	0.000000	3.750000	-390.238953	-577.496094
518	-208.442810	-427.902130	-70.334930	-111.696121	0.000000	0.000000	3.750000	110.127579	462.653931
519	-284.984497	-703.384888	-66.821213	-106.821762	0.000000	0.000000	3.750000	447.562897	896.325867
520	402.507996	-301.446045	125.766937	-70.128372	0.000000	0.000000	3.750000	-449.786346	392.149170
521	110.604561	-977.947388	27.512772	-149.489212	0.000000	0.000000	3.750000	-144.716553	1118.922363
522	-591.051514	482.302399	-80.923904	71.521469	0.000000	0.000000	3.750000	764.108704	-656.744507
523	126.025772	105.861801	99.673813	70.267487	0.000000	0.000000	3.750000	-72.357742	-139.647400
524	214.308884	-436.508606	62.772873	-118.386459	0.000000	0.000000	3.750000	-240.342545	648.817749
525	-547.634827	-156.347717	-123.982742	-39.092308	0.000000	0.000000	3.750000	750.652771	156.813553
526	-448.245239	763.964539	-83.796280	114.638748	0.000000	0.000000	3.750000	534.015686	-1006.989319
527	-261.173096	-584.442078	-50.007454	-124.317184	0.000000	0.000000	3.750000	142.601776	629.500183
528	-409.838898	158.144714	-120.552719	48.651344	0.000000	0.000000	3.750000	527.008179	-270.918304
529	707.497559	805.081055	100.207329	100.609177	0.000000	0.000000	3.750000	-249.596573	-317.624847
530	-816.560730	-453.921906	-109.177948	-74.188751	0.000000	0.000000	3.750000	617.794128	260.386292
531	773.707581	-44.999344	115.836632	-6.152140	0.000000	0.000000	3.750000	-1159.232544	-32.257244
532	-149.895554	281.105988	-51.745811	121.413330	0.000000	0.000000	3.750000	-32.582829	-303.302643
533	-722.223450	571.799561	-105.504166	82.612701	0.000000	0.000000	3.750000	617.668701	-502.290192
534	773.886719	-294.659332	126.387833	-44.520973	0.000000	0.000000	3.750000	-526.833984	158.221191
535	829.117065	236.461319	129.527649	41.454514	0.000000	0.000000	3.750000	-763.774292	-165.892838
536	372.948700	164.261063	137.953796	3.469985	0.000000	0.000000	3.750000	-593.335022	-138.532013
537	304.734161	674.781921	65.283020	121.581467	0.000000	0.000000	3.750000	-310.355835	-725.187561
538	-308.711456	-478.903931	-82.930557	-120.160347	0.000000	0.000000	3.750000	264.468658	391.296143
539	-93.052376	697.819214	-20.666702	110.076309	0.000000	0.000000	3.750000	31.880619	-1011.236755
540	180.336792	243.698761	57.941353	114.128479	0.000000	0.000000	3.750000	-85.004639	-455.296387
541	-231.084824	640.436829	-54.784317	135.331116	0.000000	0.000000	3.750000	205.816940	-736.723633
542	59.262985	473.213470	8.475735	121.705200	0.000000	0.000000	3.750000	-29.218626	-401.099976
543	813.154846	519.870117	112.182831	73.287071	0.000000	0.000000	3.750000	-1012.294067	-571.423767
544	-351.784912	810.541016	-49.931992	128.649872	0.000000	0.000000	3.750000	465.390228	-1281.678223
545	497.970428	-283.496918	125.266998	-57.897842	0.000000	0.000000	3.750000	-225.041580	135.318954
546	-692.665955	263.460236	-103.530853	56.615467	0.000000	0.000000	3.750000	871.963440	-358.022247
547	610.303467	-5.126066	117.515640	10.677958	0.000000	0.000000	3.750000	-831.252625	-155.952927
548	-229.829056	814.090637	-37.386398	116.130341	0.000000	0.000000	3.750000	322.556976	-990.384949
549	-337.841644	-293.876465	-70.421585	-104.482956	0.000000	0.000000	3.750000	310.292084	594.025574
550	-376.929901	-537.375732	-96.117859	-120.321884	0.000000	0.000000	3.750000	344.287354	453.609100
551	676.331543	-767.024597	91.692101	-100.439178	0.000000	0.000000	3.750000	-201.533524	239.324646
552	471.902374	262.571777	115.705109	38.681938	0.000000	0.000000	3.750000	-620.966919	-250.418732
553	660.870361	-721.670410	101.899796	-98.896011	0.000000	0.000000	3.750000	-763.703613	683.141724
554	573.120361	-380.456604	107.187744	-58.264801	0.000000	0.000000	3.750000	-848.915955	453.413849
555	-893.618530	-94.121628	-142.697922	-19.320776	0.000000	0.000000	3.750000	1063.685669	172.778976
556	778.636108	20.407207	127.971207	-2.714816	0.000000	0.000000	3.750000	-987.914062	15.612034
557	-562.550110	-244.221664	-126.654449	-29.302725	0.000000	0.000000	3.750000	790.324951	178.898666
558	-527.506470	-577.870544	-83.526443	-104.782310	0.000000	0.000000	3.750000	480.863739	596.222534
559	-486.012604	125.725571	-118.772873	42.051132	0.000000	0.000000	3.750000	166.514359	-81.424965
560	-738.123169	892.908813	-95.625336	110.325729	0.000000	0.000000	3.750000	718.116028	-977.506775
561	852.945923	-565.936340	112.947800	-75.754456	0.000000	0.000000	3.750000	-1107.903442	577.298584
562	399.104858	644.195129	70.401421	121.010719	0.000000	0.000000	3.750000	-396.142822	-797.673462
563	325.414398	-857.323853	58.594032	-127.148315	0.000000	0.000000	3.750000	-327.829224	921.983887
564	534.027588	-888.017334	82.895874	-120.183907	0.000000	0.000000	3.750000	-571.107666	1144.611694
565	-330.075317	-832.421021	-60.503265	-132.873077	0.000000	0.000000	3.750000	343.445374	1128.425903
566	-367.200684	-418.624786	-72.444107	-105.526505	0.000000	0.000000	3.750000	368.592346	580.390869
567	-589.713257	-666.282715	-76.104492	-95.352203	0.000000	0.000000	3.750000	642.961609	1096.368896
568	509.466797	-673.261353	74.367500	-101.712509	0.000000	0.000000	3.750000	-504.009308	873.811829
569	-543.750610	349.132812	-93.536789	68.606522	0.000000	0.000000	3.750000	664.111084	-433.019562
570	-166.407867	-313.373322	-86.618057	-102.240234	0.000000	0.000000	3.750000	244.943680	403.152161
571	-516.003052	-264.753998	-99.380676	-67.256653	0.000000	0.000000	3.750000	720.695984	416.651428
572	545.042419	-278.684143	128.556335	-50.172295	0.000000	0.000000	3.750000	-635.486816	277.710693
573	280.419556	-786.926270	55.835403	-121.812744	0.000000	0.000000	3.750000	-413.355652	1260.221313
574	204.982574	1029.586182	22.468800	154.373383	0.000000	0.000000	3.750000	-126.864212	-1163.587646
575	382.180084	429.377411	105.894966	103.385696	0.000000	0.000000	3.750000	-296.853668	-487.145264
576	810.682678	254.676041	123.077881	41.853874	0.000000	0.000000	3.750000	-715.691589	-309.897919
577	720.960388	363.939880	133.116180	49.436687	0.000000	0.000000	3.750000	-779.357300	-206.357666
578	-104.000099	24.093699	-38.860085	121.863403	0.000000	0.000000	3.750000	-33.395298	-368.598267
579	259.484833	-449.475891	97.795914	-111.084854	0.000000	0.000000	3.750000	-526.400330	528.157715
580	192.869370	-798.161316	20.088064	-122.361954	0.000000	0.000000	3.750000	-100.256660	1136.723145
581	-217.268951	773.980225	-24.288689	129.745178	0.000000	0.000000	3.750000	1.930476	-932.747742
582	-591.893616	196.606781	-121.302841	46.688477	0.000000	0.000000	3.750000	158.376755	-66.386894
583	743.040771	-539.507629	90.056122	-79.308693	0.000000	0.000000	3.750000	-937.619873	674.838989
584	284.355164	-566.104431	63.774548	-124.630676	0.000000	0.000000	3.750000	-221.254303	478.034210
585	565.976318	971.728638	71.410034	129.632416	0.000000	0.000000	3.750000	-500.191711	-1133.420410
586	176.433960	706.530579	8.493920	127.717743	0.000000	0.000000	3.750000	13.044592	-1504.150635
587	-365.560303	-225.414734	-103.140182	-68.833862	0.000000	0.000000	3.750000	467.398468	298.785248
588	-362.747437	755.470398	-45.919289	110.866669	0.000000	0.000000	3.750000	378.979889	-980.225220
589	-167.270493	645.232910	-30.085552	128.487320	0.000000	0.000000	3.750000	9.714143	-118.038132
590	775.979004	-729.697021	97.474480	-105.993988	0.000000	0.000000	3.750000	-678.310608	799.312683
591	-73.927681	540.251038	7.899846	117.735138	0.000000	0.000000	3.750000	19.438395	-848.880432
592	406.991913	-219.475342	113.973633	-88.010147	0.000000	0.000000	3.750000	-453.380402	440.148468
593	10.497864	-636.090454	-24.018177	-133.862000	0.000000	0.000000	3.750000	78.908325	999.543640
594	630.667969	-571.335938	86.998268	-88.358772	0.000000	0.000000	3.750000	-608.727966	729.360352
595	-37.780304	-37.408947	-32.317268	-123.842072	0.000000	0.000000	3.750000	135.802673	248.017639
596	-704.980469	769.135620	-95.665237	104.938751	0.000000	0.000000	3.750000	701.665283	-876.730835
597	-331.438019	-235.683563	-91.630203	-89.374969	0.000000	0.000000	3.750000	349.844604	379.168823
598	78.522209	-171.006348	7.365437	-155.825226	0.000000	0.000000	3.750000	18.351831	450.848877
599	-103.671425	-636.809570	-26.455891	-129.321472	0.000000	0.000000	3.750000	127.680984	897.714539
600	36.296654	-699.209229	27.656437	-141.319153	0.000000	0.000000	3.750000	-185.464386	769.860291
601	-532.878662	-589.704285	-82.240005	-98.084564	0.000000	0.000000	3.750000	404.579712	466.436157
602	-676.447571	-111.861122	-128.736664	-29.168678	0.000000	0.000000	3.750000	822.249084	120.293617
603	-190.048630	-111.092133	-100.808609	-85.205154	0.000000	0.000000	3.750000	173.065018	235.099274
604	-259.536560	816.532166	-51.519894	143.002441	0.000000	0.000000	3.750000	272.878662	-765.878601
605	-392.536194	-508.200134	-89.130447	-102.721237	0.000000	0.000000	3.750000	424.832550	614.630554
606	670.153381	679.780701	104.936401	89.623375	0.000000	0.000000	3.750000	-545.940857	-456.476532
607	-762.710571	161.828094	-140.152374	33.065247	0.000000	0.000000	3.750000	1031.687866	-235.176300
608	-665.403564	37.406960	-134.286789	21.518364	0.000000	0.000000	3.750000	778.440247	-99.207413
609	488.459015	-916.857910	81.382721	-128.377228	0.000000	0.000000	3.750000	-465.382446	1050.600098
610	387.618225	-431.501312	76.582291	-102.562500	0.000000	0.000000	3.750000	-397.781860	706.967041
611	43.118435	758.009827	6.810032	147.842407	0.000000	0.000000	3.750000	63.375546	-723.974915
612	-580.862366	648.222229	-84.966240	101.018417	0.000000	0.000000	3.750000	644.857239	-858.344482
613	-698.546448	450.971405	-110.167336	61.145844	0.000000	0.000000	3.750000	386.255646	-122.255539
614	-535.377197	220.846039	-110.870789	34.112072	0.000000	0.000000	3.750000	684.114380	-158.179642
615	716.957397	617.371094	118.587967	95.083527	0.000000	0.000000	3.750000	-752.857666	-556.304626
616	514.187744	-864.642151	67.200745	-115.930779	0.000000	0.000000	3.750000	-406.365173	1083.952026
617	664.792358	742.535767	87.862991	101.173477	0.000000	0.000000	3.750000	-679.100647	-904.499634
618	-163.442261	-401.853516	-41.599213	-106.138901	0.000000	0.000000	3.750000	124.201416	424.475189
619	-374.499359	425.124542	-44.723564	98.304581	0.000000	0.000000	3.750000	224.074707	-564.864746
620	-718.888306	433.694885	-115.873253	54.380886	0.000000	0.000000	3.750000	891.841125	-266.900146
621	-745.547363	-927.538757	-97.886292	-113.658424	0.000000	0.000000	3.750000	712.750610	991.050476
622	54.707291	-571.613281	4.668050	-129.916046	0.000000	0.000000	3.750000	-96.518623	941.184570
623	400.535736	287.709320	74.355164	125.645996	0.000000	0.000000	3.750000	-401.119049	-506.245392
624	466.569000	-243.186691	134.290741	-57.286808	0.000000	0.000000	3.750000	-401.598511	125.888817
625	522.305176	-191.621399	148.004120	-49.288246	0.000000	0.000000	3.750000	-520.074219	53.079727
626	426.614746	-632.110840	88.811111	-128.247162	0.000000	0.000000	3.750000	-225.263565	688.921509
627	-575.948547	743.097168	-83.835983	101.958038	0.000000	0.000000	3.750000	586.791443	-946.425720
628	-701.439148	-197.280945	-116.443619	-42.622879	0.000000	0.000000	3.750000	906.294556	172.849350
629	85.667168	-357.744385	38.302353	-124.221031	0.000000	0.000000	3.750000	1.989068	477.462067
630	834.150024	-75.377213	128.594788	-29.788490	0.000000	0.000000	3.750000	-967.090820	152.804260
631	-795.160095	624.899048	-121.575127	80.841858	0.000000	0.000000	3.750000	959.722351	-508.245087
632	-233.693115	-777.599182	-25.313210	-123.431030	0.000000	0.000000	3.750000	153.766205	1115.786621
633	421.499664	594.447021	66.441795	130.005661	0.000000	0.000000	3.750000	-370.165741	-807.038574
634	-220.745667	-927.005554	-53.869987	-131.384186	0.000000	0.000000	3.750000	239.607193	1187.790527
635	371.958984	-172.229538	120.736191	-70.865479	0.000000	0.000000	3.750000	-161.602173	116.630867
636	330.654663	488.999817	91.279701	92.562393	0.000000	0.000000	3.750000	-401.355011	-567.121704
637	-49.765232	-456.573486	-19.865591	-124.418304	0.000000	0.000000	3.750000	-43.450665	358.855499
638	649.466858	-690.518433	88.580238	-97.864746	0.000000	0.000000	3.750000	-1461.847900	1980.938965
639	829.861328	304.175140	132.159637	46.193176	0.000000	0.000000	3.750000	-964.531067	-398.676331
640	-18.078629	327.684631	-31.172539	117.943481	0.000000	0.000000	3.750000	-41.654739	-562.986877
641	-828.310425	-653.229492	-110.258614	-92.622513	0.000000	0.000000	3.750000	995.046631	609.740845
642	816.731934	-440.252808	125.226334	-71.094055	0.000000	0.000000	3.750000	-934.602783	543.433411
643	817.822998	-642.507080	99.076630	-93.165459	0.000000	0.000000	3.750000	-903.567322	741.856445
644	383.800354	187.733795	147.653107	26.423454	0.000000	0.000000	3.750000	-544.345398	-148.042450
645	-250.501358	88.857948	-105.109947	95.469856	0.000000	0.000000	3.750000	193.045334	-325.574341
646	827.495911	191.875107	137.075394	15.947212	0.000000	0.000000	3.750000	-1118.897217	-63.889488
647	-352.332581	-322.823975	-93.371338	-96.113403	0.000000	0.000000	3.750000	559.797668	561.835510
648	148.890869	843.520203	15.117992	129.117950	0.000000	0.000000	3.750000	-124.725464	-1175.975586
649	-604.315430	663.129089	-92.402802	91.442200	0.000000	0.000000	3.750000	669.159851	-818.598755
650	-773.834167	449.237976	-110.239532	56.773560	0.000000	0.000000	3.750000	843.078918	-345.298187
651	-443.821991	489.841797	-97.995758	99.983864	0.000000	0.000000	3.750000	608.903137	-544.942810
652	-26.115059	536.601074	-26.911573	147.566132	0.000000	0.000000	3.750000	168.093933	-894.270081
653	777.620117	-233.111282	128.573975	-44.323135	0.000000	0.000000	3.750000	-492.795868	98.242134
654	570.512085	826.472290	102.497879	109.517822	0.000000	0.000000	3.750000	-351.272217	-374.995392
655	894.794800	-344.806976	124.718452	-59.069496	0.000000	0.000000	3.750000	-436.833984	147.927856
656	-41.147057	-766.098633	-5.925508	-133.868805	0.000000	0.000000	3.750000	51.879787	790.200073
657	-167.391190	-96.854942	-86.265915	-83.415115	0.000000	0.000000	3.750000	275.110413	332.739227
658	-289.835693	-394.305695	-102.959976	-72.630707	0.000000	0.000000	3.750000	453.392334	291.352905
659	-10.138177	878.507935	-16.721052	136.982834	0.000000	0.000000	3.750000	10.187992	-1089.171387
660	724.781799	681.600098	103.668716	94.089081	0.000000	0.000000	3.750000	-707.608093	-762.150146
661	-28.837276	625.595703	11.834238	145.519592	0.000000	0.000000	3.750000	-66.801903	-827.973572
662	-301.270111	823.788269	-39.850655	142.533905	0.000000	0.000000	3.750000	147.299759	-750.832214
663	-490.857635	809.700684	-85.819077	105.503723	0.000000	0.000000	3.750000	661.164001	-1020.792969
664	767.531128	-455.174805	119.673645	-87.075897	0.000000	0.000000	3.750000	-800.484924	614.664307
665	647.948975	719.972778	103.824860	111.015251	0.000000	0.000000	3.750000	-667.704590	-768.069153
666	-811.652222	-667.314514	-106.655067	-84.384079	0.000000	0.000000	3.750000	1004.213867	650.988037
667	99.018936	20.974508	104.132858	-63.555885	0.000000	0.000000	3.750000	-74.368416	40.142467
668	694.433044	-13.078228	131.793442	-7.379970	0.000000	0.000000	3.750000	-1166.159790	-16.668331
669	569.959961	265.266571	99.654022	51.118187	0.000000	0.000000	3.750000	-627.879211	-358.929260
670	-221.443100	652.671204	-65.711555	107.507797	0.000000	0.000000	3.750000	366.925598	-749.970520
671	624.167053	530.797791	102.987785	69.060905	0.000000	0.000000	3.750000	-720.637024	-343.376923
672	727.266907	-296.023438	126.973038	-63.575489	0.000000	0.000000	3.750000	-890.148499	425.513977
673	-597.697754	-513.505615	-103.004623	-106.273453	0.000000	0.000000	3.750000	615.639954	659.654724
674	368.315216	286.999084	102.083557	70.390823	0.000000	0.000000	3.750000	-425.285034	-353.719360
675	-809.542847	160.041229	-137.165344	28.029430	0.000000	0.000000	3.750000	1149.953369	-169.094437
676	-14.950987	239.556061	-16.141182	139.063324	0.000000	0.000000	3.750000	-27.481258	-410.745972
677	-237.133087	630.047241	-35.242081	118.885849	0.000000	0.000000	3.750000	237.105789	-579.448547
678	91.282715	187.625656	-76.545715	109.351067	0.000000	0.000000	3.750000	-1.535763	-307.394348
679	779.073608	-338.827118	131.429993	-68.045250	0.000000	0.000000	3.750000	-851.654541	420.528900
680	428.940521	343.119507	102.173141	62.931099	0.000000	0.000000	3.750000	-268.594147	-204.380402
681	-633.352661	583.932739	-108.747269	91.312820	0.000000	0.000000	3.750000	866.490662	-728.404419
682	421.090424	361.532013	91.145386	71.752747	0.000000	0.000000	3.750000	-603.505249	-602.912720
683	-500.140778	256.744141	-116.199814	62.622547	0.000000	0.000000	3.750000	632.677551	-375.227264
684	-396.550049	-715.356750	-67.610001	-96.709946	0.000000	0.000000	3.750000	455.058014	929.995300
685	-440.679535	-76.765419	-109.957588	3.048416	0.000000	0.000000	3.750000	523.758240	22.974951
686	565.847717	-360.671448	89.372581	-64.129105	0.000000	0.000000	3.750000	-721.423828	523.018127
687	-497.853271	582.748291	-96.958519	114.451057	0.000000	0.000000	3.750000	574.865845	-693.932434
688	7.861463	-47.932377	140.987030	-56.305794	0.000000	0.000000	3.750000	-10.517857	-90.201118
689	726.944763	-403.160400	104.450394	-66.828873	0.000000	0.000000	3.750000	-466.233154	285.674713
690	-662.154358	-922.052490	-100.118835	-119.632858	0.000000	0.000000	3.750000	494.428070	845.364258
691	697.766052	216.630432	132.607056	38.201569	0.000000	0.000000	3.750000	-759.917480	-181.759140
692	318.595673	-647.802856	70.663765	-120.857468	0.000000	0.000000	3.750000	-357.251709	794.902466
693	-56.041527	-702.080627	-9.989737	-139.642700	0.000000	0.000000	3.750000	-33.023006	986.480591
694	484.604492	-296.003052	97.295219	-83.172195	0.000000	0.000000	3.750000	-498.953278	475.797791
695	-51.897114	-43.988735	-80.712746	-121.653900	0.000000	0.000000	3.750000	-7.216999	-26.729727
696	795.217041	181.243317	114.527527	35.825157	0.000000	0.000000	3.750000	-1106.441895	-381.636353
697	-277.119324	661.800903	-95.762184	107.543304	0.000000	0.000000	3.750000	618.708130	-795.895630
698	-301.373108	123.511978	-137.327637	13.432875	0.000000	0.000000	3.750000	309.184021	95.121758
699	-217.170471	49.560139	-101.588516	67.549469	0.000000	0.000000	3.750000	269.800446	-271.153381
700	247.995483	458.385529	46.836792	110.480202	0.000000	0.000000	3.750000	-128.006119	-526.065369
701	-835.945984	93.445740	-143.517822	-11.773306	0.000000	0.000000	3.750000	1064.982788	140.562500
702	949.340759	-277.836914	152.869476	-47.229172	0.000000	0.000000	3.750000	-1154.539795	146.179108
703	-531.988647	33.661980	-121.274399	-13.286095	0.000000	0.000000	3.750000	747.421143	84.489861
704	671.164001	-673.773621	95.661346	-104.940254	0.000000	0.000000	3.750000	-385.219116	753.232056
705	330.157623	672.599731	43.578606	98.817406	0.000000	0.000000	3.750000	-291.875885	-876.134827
706	-634.180786	50.979691	-133.903839	5.075322	0.000000	0.000000	3.750000	843.694031	-33.105480
707	23.624100	643.066772	15.733535	118.963959	0.000000	0.000000	3.750000	-49.490833	-858.407776
708	283.194214	-949.442688	55.502144	-126.346558	0.000000	0.000000	3.750000	-336.953552	1078.419067
709	-900.579712	-216.326416	-128.473938	-19.860573	0.000000	0.000000	3.750000	1122.405396	150.968216
710	-290.743164	45.972919	-137.653107	-9.769827	0.000000	0.000000	3.750000	451.212860	77.260429
711	794.328308	-211.463562	137.788025	-59.282883	0.000000	0.000000	3.750000	-1015.116882	424.574219
712	-661.871460	-697.362732	-106.020172	-97.445953	0.000000	0.000000	3.750000	675.231934	588.243103
713	-701.443420	-24.338772	-123.960381	3.133482	0.000000	0.000000	3.750000	868.736511	-56.282303
714	381.737457	-216.680634	137.720291	-8.723280	0.000000	0.000000	3.750000	-466.191315	-83.272560
715	-732.493164	-379.802704	-108.997665	-59.120834	0.000000	0.000000	3.750000	768.404480	229.159531
716	-508.179993	-609.307251	-99.350510	-109.697182	0.000000	0.000000	3.750000	640.030701	742.598572
717	339.953827	-667.926941	61.853210	-105.157471	0.000000	0.000000	3.750000	-382.322540	945.517761
718	114.293495	863.655518	5.040126	131.903473	0.000000	0.000000	3.750000	39.284279	-834.687317
719	122.211563	-216.756561	57.415581	-109.897949	0.000000	0.000000	3.750000	-72.253845	522.381592
720	-833.796753	-486.667572	-120.949654	-62.184864	0.000000	0.000000	3.750000	1095.317139	320.161316
721	-463.098785	-589.390869	-70.517868	-109.211746	0.000000	0.000000	3.750000	363.227081	657.544250
722	482.155975	697.327698	80.512520	102.067291	0.000000	0.000000	3.750000	-965.781189	-1214.968872
723	-1023.557495	-130.248657	-161.999664	-0.288493	0.000000	0.000000	3.750000	1379.605835	-56.816010
724	552.091064	-643.724365	74.289017	-86.469894	0.000000	0.000000	3.750000	-496.826416	894.490295
725	907.657837	-534.083923	132.092621	-86.691971	0.000000	0.000000	3.750000	-729.758789	546.475098
726	-15.602627	721.457764	17.957684	130.772797	0.000000	0.000000	3.750000	-134.315125	-841.331665
727	88.080330	341.400360	33.075916	123.652466	0.000000	0.000000	3.750000	-105.951996	-531.888062
728	854.383362	261.861328	127.131058	35.519855	0.000000	0.000000	3.750000	-1331.070190	-267.467987
729	-600.093567	405.497559	-125.841827	74.025589	0.000000	0.000000	3.750000	830.713318	-404.586456
730	-740.703125	-411.405731	-121.446747	-73.584175	0.000000	0.000000	3.750000	945.806946	459.972687
731	834.693970	-482.172607	134.377563	-57.084126	0.000000	0.000000	3.750000	-1241.564697	405.271759
732	-135.878510	425.224335	-50.766998	121.842186	0.000000	0.000000	3.750000	54.605797	-487.324158
733	-208.431931	910.609192	-26.447197	135.441864	0.000000	0.000000	3.750000	119.229248	-996.740662
734	266.755554	949.828247	36.545441	145.479828	0.000000	0.000000	3.750000	-213.239563	-1265.006348
735	-304.008606	456.678955	-92.526962	88.446320	0.000000	0.000000	3.750000	463.032166	-400.359528
736	-472.939636	207.045288	-115.391998	59.871906	0.000000	0.000000	3.750000	649.747620	-375.850098
737	760.916382	-789.782593	96.672035	-109.402222	0.000000	0.000000	3.750000	-175.796005	290.200439
738	40.477814	814.224976	-3.289583	129.958359	0.000000	0.000000	3.750000	0.205413	-1146.652588
739	120.393608	-268.620209	44.632065	-130.571777	0.000000	0.000000	3.750000	10.400172	414.527924
740	-867.846375	-86.204216	-129.700317	-8.821712	0.000000	0.000000	3.750000	1211.393433	50.913834
741	201.020599	155.459320	114.437851	77.096390	0.000000	0.000000	3.750000	-149.193085	-220.282532
742	-459.026459	-537.079041	-65.567680	-112.253616	0.000000	0.000000	3.750000	401.093353	751.646423
743	-407.298981	-397.009338	-95.068176	-79.611565	0.000000	0.000000	3.750000	615.458679	442.876587
744	547.705139	-110.149490	115.801712	-22.670479	0.000000	0.000000	3.750000	-901.721741	124.273895
745	705.779114	696.413635	97.651840	85.814438	0.000000	0.000000	3.750000	-906.087524	-787.032288
746	500.634827	716.277344	56.839264	110.204903	0.000000	0.000000	3.750000	-189.979080	-618.328308
747	-512.264893	-622.380493	-80.795639	-104.384186	0.000000	0.000000	3.750000	539.081726	752.752991
748	282.657715	299.587280	92.495880	128.088760	0.000000	0.000000	3.750000	-210.972122	-496.771271
749	-739.325439	-402.224915	-113.555405	-74.840134	0.000000	0.000000	3.750000	1002.829712	458.399933
750	266.237152	-154.802612	103.178604	-100.449722	0.000000	0.000000	3.750000	-264.179840	273.073669
751	666.874451	536.301880	87.788528	81.811752	0.000000	0.000000	3.750000	-722.284668	-763.510559
752	-875.517151	588.539490	-116.242622	74.374908	0.000000	0.000000	3.750000	1053.089111	-565.226196
753	812.089233	59.594841	129.995850	-1.028296	0.000000	0.000000	3.750000	-974.332947	-53.839722
754	638.576172	-20.254726	133.452209	-11.999001	0.000000	0.000000	3.750000	-210.669479	-34.569374
755	621.586060	461.549835	85.715263	68.941223	0.000000	0.000000	3.750000	-768.483826	-608.709839
756	852.042480	-85.611832	137.556488	-11.054247	0.000000	0.000000	3.750000	-1094.057739	35.907513
757	-388.066132	-553.625671	-65.935638	-125.763428	0.000000	0.000000	3.750000	312.368622	695.306396
758	157.160278	252.046555	91.395706	89.611313	0.000000	0.000000	3.750000	-268.921478	-409.670868
759	190.973633	-371.643646	26.808254	-147.573990	0.000000	0.000000	3.750000	26.425894	333.598785
760	-1034.358765	1.126807	-155.942657	-4.225394	0.000000	0.000000	3.750000	1012.120972	72.115326
761	-382.587494	511.912933	-86.258934	120.263489	0.000000	0.000000	3.750000	451.606201	-783.561890
762	-113.340042	142.672073	-137.122253	43.788826	0.000000	0.000000	3.750000	89.251221	-88.735214
763	570.925781	-731.453003	74.449455	-91.548920	0.000000	0.000000	3.750000	-554.424377	1009.342529
764	-648.161438	803.349548	-76.457451	110.046188	0.000000	0.000000	3.750000	518.081787	-1111.818481
765	-528.670959	682.824036	-99.488754	101.321045	0.000000	0.000000	3.750000	580.734802	-668.195374
766	-250.172363	-785.164429	-47.008392	-133.992447	0.000000	0.000000	3.750000	172.178543	1009.213318
767	393.327240	-391.577850	104.689400	-80.399734	0.000000	0.000000	3.750000	-449.495544	361.812531
768	714.561035	124.437897	115.913719	22.089958	0.000000	0.000000	3.750000	-751.057312	-64.528320
769	618.877136	453.764984	106.257904	63.915939	0.000000	0.000000	3.750000	-584.015747	-312.410553
770	-766.841309	457.139099	-119.351456	65.201447	0.000000	0.000000	3.750000	836.481079	-452.905396
771	57.054310	833.880066	5.310598	127.889709	0.000000	0.000000	3.750000	24.202969	-1121.494751
772	-579.885681	602.717041	-78.074661	101.431007	0.000000	0.000000	3.750000	446.565826	-809.540283
773	-453.548218	605.601379	-91.163559	106.250664	0.000000	0.000000	3.750000	524.810425	-666.384338
774	32.603947	388.882843	-7.173674	125.794243	0.000000	0.000000	3.750000	131.860825	-602.017151
775	-652.428711	3.345430	-142.774445	18.746983	0.000000	0.000000	3.750000	798.906372	-85.238792
776	-452.967346	51.046726	-125.626328	9.694651	0.000000	0.000000	3.750000	649.371521	-89.585030
777	-457.211670	267.622528	-108.545731	78.573540	0.000000	0.000000	3.750000	665.419800	-428.876007
778	-673.749878	-400.834778	-96.336098	-60.952591	0.000000	0.000000	3.750000	992.442078	360.915833
779	246.009201	-631.041504	56.793762	-116.934593	0.000000	0.000000	3.750000	-131.005539	619.119446
780	-560.767578	832.638489	-97.728638	119.017014	0.000000	0.000000	3.750000	660.371216	-972.671936
781	774.881287	77.255661	112.987411	15.159704	0.000000	0.000000	3.750000	-1009.688721	-42.112888
782	864.729004	304.810699	118.823555	35.453682	0.000000	0.000000	3.750000	-982.338745	-288.247162
783	766.791382	682.765076	91.545883	92.300240	0.000000	0.000000	3.750000	-609.006836	-718.765076
784	-457.572845	596.514160	-82.930519	100.111336	0.000000	0.000000	3.750000	503.899017	-900.504761
785	526.150391	-388.499451	85.011009	-103.579506	0.000000	0.000000	3.750000	-217.701492	376.759430
786	39.925949	-589.537415	23.731810	-123.744904	0.000000	0.000000	3.750000	-145.235062	819.163696
787	-382.340393	454.679718	-79.551895	100.276962	0.000000	0.000000	3.750000	452.280060	-660.258728
788	-886.750000	31.300720	-141.886475	5.676610	0.000000	0.000000	3.750000	1216.457520	-21.558189
789	263.954590	100.522438	102.622818	79.720444	0.000000	0.000000	3.750000	-47.521790	-353.508179
790	-365.583008	524.067932	-79.597160	100.240898	0.000000	0.000000	3.750000	574.066345	-885.883057
791	-840.257507	12.351911	-149.997986	0.775144	0.000000	0.000000	3.750000	1049.193970	18.145866
792	-345.091553	-171.279480	-127.794434	-66.366669	0.000000	0.000000	3.750000	380.054016	138.023865
793	-608.424927	-266.325165	-108.194748	-41.831413	0.000000	0.000000	3.750000	1090.364746	316.625977
794	386.854156	654.078247	55.860775	139.210251	0.000000	0.000000	3.750000	-404.092102	-808.038818
795	230.594391	580.861572	29.173054	128.735718	0.000000	0.000000	3.750000	-241.264526	-815.956787
796	355.648651	120.493355	117.480080	45.541191	0.000000	0.000000	3.750000	-611.809998	-363.555695
797	-136.200836	332.805603	-87.856720	111.557999	0.000000	0.000000	3.750000	190.473389	-288.298187
798	-619.404419	-396.913361	-117.894234	-71.727982	0.000000	0.000000	3.750000	607.188477	315.211548
799	281.857300	-127.628090	102.090454	-59.148846	0.000000	0.000000	3.750000	-84.876686	116.995956
800	-679.129944	-442.746490	-116.803246	-73.491501	0.000000	0.000000	3.750000	832.773682	466.743988
801	499.507721	334.441437	96.351082	81.193619	0.000000	0.000000	3.750000	-466.504730	-480.245392
802	-86.267288	-944.580017	-9.607021	-135.660126	0.000000	0.000000	3.750000	-1.221677	1182.793945
803	-32.470764	133.004272	-82.452278	92.523239	0.000000	0.000000	3.750000	32.988686	-265.487183
804	170.566238	-774.132263	12.171425	-129.428955	0.000000	0.000000	3.750000	-121.973091	1040.957764
805	-730.064575	476.697571	-101.694656	77.731209	0.000000	0.000000	3.750000	861.362122	-551.464844
806	652.691162	-599.330444	102.580338	-92.310287	0.000000	0.000000	3.750000	-631.377502	707.351562
807	-331.774719	-669.844727	-58.293159	-107.171989	0.000000	0.000000	3.750000	386.736816	925.417908
808	201.500626	-17.669275	120.435806	-53.996971	0.000000	0.000000	3.750000	-127.050079	-23.478039
809	187.963181	-464.407532	7.106964	-129.804810	0.000000	0.000000	3.750000	-204.062912	993.277588
810	-423.968018	-703.423706	-68.670532	-110.382736	0.000000	0.000000	3.750000	481.790771	888.807800
811	-944.434631	698.620117	-118.430481	98.438049	0.000000	0.000000	3.750000	408.295135	-282.893555
812	340.777527	-130.499725	116.464890	-77.691193	0.000000	0.000000	3.750000	-432.882141	272.060577
813	106.741875	697.787903	16.452278	114.827255	0.000000	0.000000	3.750000	-75.690300	-994.814819
814	488.291840	-646.207275	70.610031	-109.152161	0.000000	0.000000	3.750000	-447.694031	883.528870
815	-422.907318	854.531189	-71.213806	127.454208	0.000000	0.000000	3.750000	404.036469	-825.748169
816	-232.017792	-877.426025	-21.109558	-132.326782	0.000000	0.000000	3.750000	108.557777	1007.527710
817	76.606094	814.249695	24.721539	154.028656	0.000000	0.000000	3.750000	-169.093811	-1399.214844
818	-778.776550	-768.322815	-98.290161	-105.238007	0.000000	0.000000	3.750000	777.668945	893.930176
819	-209.641281	101.633118	-65.356911	93.402000	0.000000	0.000000	3.750000	113.521942	-298.946991
820	-717.607544	-6.760079	-123.733391	8.125854	0.000000	0.000000	3.750000	890.187927	-111.197639
821	-188.096329	805.590149	-30.886503	138.600052	0.000000	0.000000	3.750000	144.414749	-945.113403
822	310.121704	428.736694	88.530396	86.822968	0.000000	0.000000	3.750000	-438.787354	-580.311157
823	-932.867065	-370.374329	-144.795227	-58.051907	0.000000	0.000000	3.750000	1108.484985	204.678543
824	-589.189392	246.398758	-147.832611	35.348244	0.000000	0.000000	3.750000	815.226746	-218.468704
825	199.091812	-30.581581	48.513142	-118.433800	0.000000	0.000000	3.750000	17.937048	515.206421
826	368.044891	26.943056	128.594666	50.072350	0.000000	0.000000	3.750000	-442.483429	-205.492096
827	-405.141602	-247.793472	-89.350174	-91.651688	0.000000	0.000000	3.750000	207.024017	243.404724
828	690.118469	650.939392	102.847946	79.512871	0.000000	0.000000	3.750000	-946.275024	-760.971252
829	-601.228210	451.129150	-115.084717	64.648567	0.000000	0.000000	3.750000	381.817017	-151.929520
830	-847.034424	-125.436012	-133.420486	-12.448681	0.000000	0.000000	3.750000	1121.159058	132.506348
831	203.149124	-134.479630	99.061935	-109.949448	0.000000	0.000000	3.750000	-152.803833	287.398743
832	-71.703201	-811.589966	-4.695455	-141.921967	0.000000	0.000000	3.750000	-72.537766	952.792419
833	-289.257233	91.900101	-133.887634	33.432556	0.000000	0.000000	3.750000	375.447723	-48.281013
834	-722.071838	543.088745	-122.185654	90.407333	0.000000	0.000000	3.750000	263.772705	-207.111969
835	-528.453369	-387.145508	-94.439392	-74.033318	0.000000	0.000000	3.750000	508.766449	271.710144
836	-407.608246	64.687027	-138.267059	32.338589	0.000000	0.000000	3.750000	624.877380	-53.945755
837	-639.131226	-783.835327	-79.411530	-105.440491	0.000000	0.000000	3.750000	553.887451	1104.740356
838	-322.708466	-536.147705	-65.844955	-88.116074	0.000000	0.000000	3.750000	540.533813	726.934082
839	-367.392395	-123.252335	-134.339020	-46.004814	0.000000	0.000000	3.750000	489.984344	85.312607
840	506.662506	654.567566	81.119019	111.640388	0.000000	0.000000	3.750000	-549.961060	-1010.032043
841	768.097351	-35.639320	133.672989	-25.048527	0.000000	0.000000	3.750000	-1072.738770	70.714729
842	-27.781212	-793.393250	-25.037544	-125.526947	0.000000	0.000000	3.750000	99.109650	1070.340332
843	515.692871	-109.101700	114.502495	-47.588661	0.000000	0.000000	3.750000	-411.720337	108.866280
844	-798.621887	718.960388	-107.113747	90.147675	0.000000	0.000000	3.750000	328.199310	-298.180634
845	-801.199585	-793.929199	-97.994797	-110.909958	0.000000	0.000000	3.750000	701.197632	807.663818
846	-417.539856	392.134857	-94.402603	95.099899	0.000000	0.000000	3.750000	539.541992	-425.746552
847	3.876535	737.108704	-9.341331	127.658676	0.000000	0.000000	3.750000	63.435951	-848.123474
848	493.138611	536.952515	83.674774	94.204666	0.000000	0.000000	3.750000	-564.940674	-581.640015
849	-223.582474	837.548340	-35.544693	127.124252	0.000000	0.000000	3.750000	242.708145	-918.358154
850	7.624618	82.748886	126.369293	60.151520	0.000000	0.000000	3.750000	-114.327179	-211.773987
851	-600.554932	671.722656	-92.990906	87.958405	0.000000	0.000000	3.750000	706.567871	-737.286682
852	-756.973755	-270.273773	-111.527588	-62.813820	0.000000	0.000000	3.750000	738.707092	321.301819
853	583.995667	-278.982086	104.861023	-44.722839	0.000000	0.000000	3.750000	-753.028259	243.833801
854	8.474312	-503.085846	-17.587803	-122.744843	0.000000	0.000000	3.750000	-45.312393	773.582275
855	580.922363	-623.842896	96.603477	-92.863434	0.000000	0.000000	3.750000	-535.671997	706.715698
856	-911.149597	329.342407	-137.035736	44.239441	0.000000	0.000000	3.750000	1174.618042	-245.733261
857	223.003433	36.587975	123.743454	-7.899502	0.000000	0.000000	3.750000	-449.272614	-93.155121
858	621.766479	-175.238556	130.738876	-44.173973	0.000000	0.000000	3.750000	-708.175720	219.425812
859	742.713562	606.892456	99.944595	86.226654	0.000000	0.000000	3.750000	-663.005432	-674.396240
860	-464.719604	793.016113	-52.040489	121.308624	0.000000	0.000000	3.750000	411.083984	-1078.265869
861	523.728394	294.633423	111.445358	44.496338	0.000000	0.000000	3.750000	-831.882812	-376.307190
862	224.694626	-132.071060	78.488403	-93.394104	0.000000	0.000000	3.750000	-129.197754	176.904846
863	-70.458801	-120.346130	-18.000635	-128.719269	0.000000	0.000000	3.750000	60.551476	132.008850
864	-477.735138	497.766144	-67.164085	71.364929	0.000000	0.000000	3.750000	509.466370	-706.048706
865	-496.210693	578.827881	-90.770508	101.275436	0.000000	0.000000	3.750000	481.766174	-549.636475
866	-231.365967	-108.205597	-119.933426	-64.124290	0.000000	0.000000	3.750000	321.196777	148.855804
867	130.045242	-62.114971	131.529099	-47.531532	0.000000	0.000000	3.750000	-106.554001	-71.697929
868	401.032928	-203.057983	124.713234	-54.241409	0.000000	0.000000	3.750000	-240.535583	116.296112
869	669.998779	-548.794434	93.851463	-98.426666	0.000000	0.000000	3.750000	-575.641418	798.547668
870	222.199097	252.899521	76.082581	90.188812	0.000000	0.000000	3.750000	-148.759735	-380.510132
871	-230.221817	297.825623	-78.736725	108.412811	0.000000	0.000000	3.750000	93.865395	-353.937592
872	-295.974274	-814.883240	-59.360344	-113.403168	0.000000	0.000000	3.750000	374.391174	1002.982971
873	-580.372864	-668.262024	-81.178848	-98.964432	0.000000	0.000000	3.750000	632.160645	966.423279
874	-228.088821	-953.068420	-19.633575	-146.691498	0.000000	0.000000	3.750000	19.930941	1287.898193
875	725.597473	287.015137	109.291550	62.700188	0.000000	0.000000	3.750000	-946.541138	-434.865173
876	-812.765137	507.983978	-108.576004	59.893642	0.000000	0.000000	3.750000	995.233215	-499.669495
877	-222.195786	369.461639	-93.458931	104.236099	0.000000	0.000000	3.750000	404.244995	-372.112091
878	-557.914917	615.511719	-86.764771	82.896721	0.000000	0.000000	3.750000	717.374390	-755.949890
879	-849.151978	-396.236267	-118.154343	-58.850670	0.000000	0.000000	3.750000	1123.984375	336.598572
880	372.034027	-244.583313	91.984093	-60.323250	0.000000	0.000000	3.750000	-522.144592	401.822571
881	873.571045	-579.920532	111.231903	-85.014351	0.000000	0.000000	3.750000	-1037.720459	682.679749
882	439.209595	33.768764	145.102158	16.164497	0.000000	0.000000	3.750000	-794.763611	-146.759125
883	114.940857	196.080154	139.981293	-0.288679	0.000000	0.000000	3.750000	-329.895721	-143.447952
884	741.824951	2.961140	120.804245	-17.038670	0.000000	0.000000	3.750000	-979.642517	85.462601
885	470.977386	109.610306	141.536636	35.815536	0.000000	0.000000	3.750000	-562.086975	-69.811211
886	-797.281128	-716.226379	-96.752960	-98.401550	0.000000	0.000000	3.750000	652.247131	641.029053
887	-430.731842	-266.324371	-101.773521	-63.577660	0.000000	0.000000	3.750000	710.812439	379.751770
888	-759.183960	-225.556412	-117.662682	-45.070976	0.000000	0.000000	3.750000	1022.013672	229.967102
889	-330.127411	123.055771	-136.341660	21.321987	0.000000	0.000000	3.750000	542.822266	-40.145164
890	-288.641022	-520.213257	-70.426788	-123.301987	0.000000	0.000000	3.750000	168.144226	530.463318
891	-378.784668	-232.822800	-105.007111	-49.279423	0.000000	0.000000	3.750000	539.260437	48.176270
892	-718.175842	281.778503	-113.623322	31.837723	0.000000	0.000000	3.750000	1032.888062	-122.496857
893	-876.750427	-506.745697	-111.734169	-77.533203	0.000000	0.000000	3.750000	1056.759644	535.866455
894	41.244869	-822.165833	-1.416420	-139.992126	0.000000	0.000000	3.750000	-139.817245	1096.535034
895	-183.820633	-484.220276	-32.596546	-125.846024	0.000000	0.000000	3.750000	63.990150	686.826294
896	-216.488892	-168.363419	-97.878281	-88.565224	0.000000	0.000000	3.750000	995.313599	798.249634
897	-161.610428	-670.857605	-47.769096	-112.259109	0.000000	0.000000	3.750000	191.153259	493.167053
898	752.504700	865.429565	96.938087	106.484665	0.000000	0.000000	3.750000	-756.679810	-968.018005
899	321.267395	575.897217	46.974297	97.249176	0.000000	0.000000	3.750000	-340.756622	-824.680847
900	-196.689056	-356.271362	-66.753273	-125.331360	0.000000	0.000000	3.750000	216.433716	487.246033
901	-216.250168	-27.050602	-143.800598	-60.472427	0.000000	0.000000	3.750000	284.388275	144.297226
902	-140.170090	359.149139	-86.785156	88.567444	0.000000	0.000000	3.750000	356.221741	-318.603912
903	684.677368	53.542038	141.042480	-16.423126	0.000000	0.000000	3.750000	-223.213364	10.184029
904	851.276794	-610.840332	116.218323	-88.370224	0.000000	0.000000	3.750000	-1059.898071	750.609924
905	660.342163	-207.774414	101.892990	-35.801605	0.000000	0.000000	3.750000	-1046.177368	206.995193
906	-86.954239	-604.459534	-37.692413	-138.978821	0.000000	0.000000	3.750000	117.999329	715.313049
907	242.953659	67.552612	119.204391	-13.792269	0.000000	0.000000	3.750000	-440.755615	11.069894
908	524.329407	457.504944	95.698914	58.186882	0.000000	0.000000	3.750000	-1416.418579	-905.709351
909	306.529144	-297.849335	92.396072	-91.449234	0.000000	0.000000	3.750000	-408.090393	412.615204
910	528.358032	-708.713623	69.404663	-109.922157	0.000000	0.000000	3.750000	-420.834595	1012.458313
911	113.837036	-711.259460	37.885155	-134.776245	0.000000	0.000000	3.750000	-173.829483	951.877136
912	-57.925636	832.908081	-7.046894	121.796310	0.000000	0.000000	3.750000	56.223938	-1043.729980
913	-272.921295	-59.813190	-97.122887	-59.689613	0.000000	0.000000	3.750000	388.898529	163.983368
914	558.404724	-699.027344	81.365997	-85.460907	0.000000	0.000000	3.750000	-809.615723	969.174622
915	-368.568268	-295.615479	-126.989159	-87.118317	0.000000	0.000000	3.750000	541.900757	297.341583
916	-174.124557	638.059021	-65.931358	118.949211	0.000000	0.000000	3.750000	227.852921	-559.060852
917	572.750732	489.707336	89.133392	74.237701	0.000000	0.000000	3.750000	-867.251404	-707.809082
918	-361.046783	244.693207	-112.589096	64.989258	0.000000	0.000000	3.750000	475.183838	-318.097473
919	-457.116425	-418.699585	-91.068878	-75.036209	0.000000	0.000000	3.750000	856.982483	616.811829
920	438.466400	-462.312378	94.855820	-102.967026	0.000000	0.000000	3.750000	-506.261658	731.581116
921	233.775620	-588.061279	46.375504	-134.213684	0.000000	0.000000	3.750000	-284.318512	869.857788
922	-54.367645	-320.850311	-18.909695	-112.420250	0.000000	0.000000	3.750000	41.427292	650.763123
923	423.143646	-425.588196	95.225342	-99.880188	0.000000	0.000000	3.750000	-370.869141	441.133179
924	-711.314331	-341.281281	-102.386230	-45.397758	0.000000	0.000000	3.750000	1219.934814	301.140503
925	369.775452	525.470520	67.547028	106.364395	0.000000	0.000000	3.750000	-462.135681	-648.803223
926	-110.657005	-459.859955	-64.818192	-98.602524	0.000000	0.000000	3.750000	225.843765	450.959747
927	809.860901	453.016663	98.663132	68.304886	0.000000	0.000000	3.750000	-955.105225	-532.222534
928	-384.716187	-310.631348	-102.450195	-66.241470	0.000000	0.000000	3.750000	504.163971	283.948608
929	-354.846527	-607.292725	-71.473816	-86.228706	0.000000	0.000000	3.750000	545.364502	500.471100
930	-240.327133	81.086548	-138.986526	44.661079	0.000000	0.000000	3.750000	235.557739	-170.975616
931	119.218277	507.950989	24.279652	129.746674	0.000000	0.000000	3.750000	-268.472321	-728.677185
932	-551.156250	-153.145660	-119.636734	-60.348141	0.000000	0.000000	3.750000	622.745850	110.324173
933	58.984650	242.100479	48.565918	124.877747	0.000000	0.000000	3.750000	-24.362640	-309.559143
934	799.745178	496.178070	112.814674	64.597519	0.000000	0.000000	3.750000	-938.611694	-480.988068
935	717.443909	448.575317	114.073975	70.306923	0.000000	0.000000	3.750000	-721.540405	-538.681030
936	818.429810	-27.814911	127.775894	-7.570210	0.000000	0.000000	3.750000	-1053.564331	8.035854
937	829.373108	-231.785873	139.512802	-11.669284	0.000000	0.000000	3.750000	-882.074402	59.838112
938	585.628662	73.165810	133.392853	26.501495	0.000000	0.000000	3.750000	-738.453918	-177.153625
939	521.753967	602.050537	89.232399	97.269333	0.000000	0.000000	3.750000	-275.334045	-384.916382
940	743.627380	158.818878	155.989304	1.787481	0.000000	0.000000	3.750000	-919.157166	-104.265411
941	180.921341	-490.756989	55.348293	-110.961243	0.000000	0.000000	3.750000	-546.663330	1711.320435
942	614.652710	106.416771	130.333633	56.366135	0.000000	0.000000	3.750000	-672.775696	-309.826416
943	-744.776733	-771.692444	-101.889679	-101.756554	0.000000	0.000000	3.750000	1381.673340	1036.892822
944	816.125183	-424.937347	119.460762	-51.274677	0.000000	0.000000	3.750000	-1064.231934	342.462799
945	-592.076111	-344.052002	-124.278000	-72.736298	0.000000	0.000000	3.750000	545.959534	210.243256
946	710.070801	516.146912	107.155991	93.174942	0.000000	0.000000	3.750000	-649.956787	-639.324341
947	-595.938293	-658.552124	-82.122040	-87.498138	0.000000	0.000000	3.750000	1165.390015	961.063049
948	-652.606445	210.919846	-110.961548	45.688969	0.000000	0.000000	3.750000	1000.708496	-295.774628
949	279.681824	-632.127930	48.618843	-114.070892	0.000000	0.000000	3.750000	-302.385590	917.410706
950	-145.578354	144.145569	-128.109192	21.822218	0.000000	0.000000	3.750000	88.775604	33.848068
951	672.642883	-248.540466	131.371429	-35.177216	0.000000	0.000000	3.750000	-691.450989	253.442795
952	809.750000	398.963684	117.393341	60.355431	0.000000	0.000000	3.750000	-1062.957275	-444.840363
953	558.078003	475.474548	101.457092	74.715820	0.000000	0.000000	3.750000	-805.190247	-555.098572
954	-417.016785	416.056396	-108.678032	100.464256	0.000000	0.000000	3.750000	394.801453	-329.655640
955	159.325287	-593.583679	41.197803	-135.892258	0.000000	0.000000	3.750000	-213.773911	913.003662
956	-526.279724	-340.161713	-100.535667	-79.224594	0.000000	0.000000	3.750000	723.277283	483.515137
957	-153.083374	1006.711731	-36.837814	141.276062	0.000000	0.000000	3.750000	231.621994	-1286.568604
958	665.345825	-173.278610	133.505188	-25.928738	0.000000	0.000000	3.750000	-812.025269	91.082466
959	-780.490173	654.911621	-111.834923	80.851189	0.000000	0.000000	3.750000	1067.058838	-633.554626
960	417.396820	-404.095093	99.202896	-101.600945	0.000000	0.000000	3.750000	-512.971191	485.595734
961	-636.476013	216.945633	-127.571945	25.005964	0.000000	0.000000	3.750000	605.630859	-189.234299
962	-653.105530	-247.229034	-111.303879	-49.953369	0.000000	0.000000	3.750000	795.714355	225.047470
963	233.424316	-504.592255	60.760033	-119.432686	0.000000	0.000000	3.750000	-394.601013	940.274902
964	700.614014	-386.006073	113.034859	-50.981575	0.000000	0.000000	3.750000	-1163.005371	523.728149
965	-269.616150	-180.454956	-79.439301	-78.951050	0.000000	0.000000	3.750000	319.942261	247.838303
966	457.792877	-393.916351	80.160950	-75.327065	0.000000	0.000000	3.750000	-571.869812	686.343750
967	431.817200	658.163574	88.818352	105.618652	0.000000	0.000000	3.750000	-782.917236	-945.726196
968	793.148621	133.148880	130.655029	37.752548	0.000000	0.000000	3.750000	-869.547180	-232.017212
969	196.437515	-466.488800	40.027351	-117.361267	0.000000	0.000000	3.750000	-121.431252	612.696228
970	-302.275024	-605.336670	-66.642456	-109.283005	0.000000	0.000000	3.750000	423.582031	740.572632
971	-137.096024	-31.307589	-124.390373	-20.057400	0.000000	0.000000	3.750000	310.769897	91.057915
972	-119.295898	676.259644	-33.445786	148.274506	0.000000	0.000000	3.750000	134.198151	-847.541626
973	-134.644119	-382.813416	-23.792439	-129.837845	0.000000	0.000000	3.750000	62.541859	508.384186
974	-578.332947	-59.734165	-133.945099	-3.785555	0.000000	0.000000	3.750000	781.214233	-100.165161
975	-535.346008	793.697266	-87.081635	112.163834	0.000000	0.000000	3.750000	654.673218	-1081.690552
976	513.210876	-301.626282	107.709778	-65.380447	0.000000	0.000000	3.750000	-605.336304	366.071808
977	-52.936192	541.685303	2.505661	119.973206	0.000000	0.000000	3.750000	129.953613	-947.059448
978	262.959747	-640.754456	48.361176	-118.512314	0.000000	0.000000	3.750000	-293.602692	885.114624
979	-729.251892	131.789078	-119.996994	22.015934	0.000000	0.000000	3.750000	1074.567749	-127.834824
980	-39.911373	-347.249786	-42.832451	-92.566521	0.000000	0.000000	3.750000	121.770264	170.041931
981	797.853149	-300.912292	113.151428	-59.839294	0.000000	0.000000	3.750000	-957.386963	552.202637
982	265.276062	450.297211	62.826897	129.571533	0.000000	0.000000	3.750000	-409.424713	-789.733765
983	-712.227112	31.308397	-121.246689	13.536482	0.000000	0.000000	3.750000	956.985107	-132.404739
984	-347.773621	299.880402	-87.448395	79.226044	0.000000	0.000000	3.750000	496.231323	-417.688873
985	717.117249	167.153732	132.239319	56.997818	0.000000	0.000000	3.750000	-687.926453	-328.637299
986	623.355591	-464.812927	97.659630	-76.410675	0.000000	0.000000	3.750000	-704.127808	584.529724
987	-733.697388	-299.652191	-114.170509	-66.246338	0.000000	0.000000	3.750000	688.822693	180.252899
988	-872.218262	139.260773	-133.864441	24.006187	0.000000	0.000000	3.750000	1156.227051	-161.408218
989	211.070770	-398.470306	37.117348	-109.901016	0.000000	0.000000	3.750000	-150.482941	642.080750
990	-599.811462	353.508728	-104.996857	58.099937	0.000000	0.000000	3.750000	718.491760	-300.786560
991	-383.533478	509.067383	-77.294312	86.496094	0.000000	0.000000	3.750000	608.206970	-783.774963
992	-828.258728	283.246246	-120.510178	58.593407	0.000000	0.000000	3.750000	1175.019897	-378.664246
993	240.236420	330.383484	70.490646	99.574440	0.000000	0.000000	3.750000	-422.806305	-594.934387
994	527.177795	413.658295	106.797554	58.976738	0.000000	0.000000	3.750000	-907.274780	-426.081512
995	-389.289703	-393.264740	-107.491394	-104.615097	0.000000	0.000000	3.750000	300.640594	195.594406
996	-719.886292	-478.419006	-110.133446	-69.069054	0.000000	0.000000	3.750000	833.395752	375.494385
997	164.416901	337.985931	52.962311	125.263184	0.000000	0.000000	3.750000	-196.523743	-580.871765
998	792.241394	262.007446	126.126381	45.255535	0.000000	0.000000	3.750000	-844.690735	-400.547485
999	-557.257385	-733.933044	-107.484772	-95.828110	0.000000	0.000000	3.750000	618.374939	539.919006
