node	a_force.x	a_force.y	g_force.x	g_force.y	r_force.x	r_force.y	global_speed	move_node.x	move_node.y
0	277.477753	-442.859314	143.034592	-141.212921	0.000000	0.000000	7.125000	68.018051	160.993073
1	485.516235	1186.286865	99.271454	167.837311	0.000000	0.000000	7.125000	-194.526398	-339.329041
2	-1056.685181	125.550797	-173.586563	34.570110	0.000000	0.000000	7.125000	166.424377	153.835068
3	136.715668	218.906876	180.309570	65.898125	0.000000	0.000000	7.125000	-310.471710	-158.975769
4	-940.030518	-984.844849	-131.930008	-139.490692	0.000000	0.000000	7.125000	390.846008	372.206787
5	-1259.619263	-1066.866577	-146.945068	-141.498322	0.000000	0.000000	7.125000	280.562073	256.289673
6	401.235046	1434.359375	69.550804	210.822449	0.000000	0.000000	7.125000	-171.446960	-577.900513
7	370.436798	420.898682	129.510605	116.195297	0.000000	0.000000	7.125000	-240.081421	-243.973679
8	-649.898010	950.053711	-72.512070	174.532059	0.000000	0.000000	7.125000	148.272018	-373.736633
9	-658.403687	-804.889893	-142.668991	-154.094757	0.000000	0.000000	7.125000	256.773926	243.837463
10	-421.167786	154.397736	-136.126907	171.501938	0.000000	0.000000	7.125000	143.566559	-246.362122
11	-761.727173	1173.284180	-105.514717	160.392044	0.000000	0.000000	7.125000	197.288788	-396.082886
12	-488.484802	-1052.146118	-87.687706	-187.509125	0.000000	0.000000	7.125000	160.473602	420.461365
13	1087.943359	243.070068	208.381088	26.024801	0.000000	0.000000	7.125000	-423.309967	-31.889235
14	-693.852783	1238.127686	-86.423080	201.226303	0.000000	0.000000	7.125000	196.013733	-458.389221
15	-166.405365	999.327820	-52.500801	169.033127	0.000000	0.000000	7.125000	137.651459	-368.327606
16	-599.553589	-1008.943176	-88.255875	-187.239182	0.000000	0.000000	7.125000	135.110794	362.556183
17	950.566772	-208.897156	189.615387	-45.495056	0.000000	0.000000	7.125000	-387.061798	58.709713
18	401.325958	-15.845564	194.581314	-11.220911	0.000000	0.000000	7.125000	-392.171173	-66.133171
19	1210.454712	1013.230347	178.329895	132.219421	0.000000	0.000000	7.125000	-476.165863	-333.716125
20	157.370010	1435.379150	39.912361	200.052582	0.000000	0.000000	7.125000	-75.746071	-527.285522
21	780.912842	-608.458740	140.201096	-92.561188	0.000000	0.000000	7.125000	-268.179077	182.295288
22	1083.647461	267.481415	188.374985	37.112389	0.000000	0.000000	7.125000	-402.728333	-115.013969
23	1383.921265	-723.028259	198.963745	-98.470482	0.000000	0.000000	7.125000	-723.367126	372.995911
24	-113.734154	-875.344543	-6.816899	-203.880157	0.000000	0.000000	7.125000	-75.429459	425.820038
25	96.667099	1183.065186	35.396145	225.234558	0.000000	0.000000	7.125000	-22.971869	-352.065674
26	950.447876	914.449341	167.295135	136.629822	0.000000	0.000000	7.125000	-393.824768	-341.216736
27	780.526672	-792.638916	136.986969	-130.205933	0.000000	0.000000	7.125000	-363.236359	402.266571
28	1483.245605	604.937866	215.798370	90.480270	0.000000	0.000000	7.125000	-530.967346	-186.067490
29	826.368103	-680.642456	181.124802	-133.473694	0.000000	0.000000	7.125000	-412.183075	236.091049
30	203.329590	-1140.148193	61.670166	-172.283173	0.000000	0.000000	7.125000	-92.057617	398.397064
31	-877.862732	1082.182739	-94.403206	160.256668	0.000000	0.000000	7.125000	224.687805	-463.097443
32	-706.126221	-1200.532227	-94.988632	-166.843262	0.000000	0.000000	7.125000	193.272217	481.782135
33	-495.975189	1085.392578	-51.485020	178.731522	0.000000	0.000000	7.125000	100.433922	-451.661346
34	10.587551	-665.748047	67.416351	-208.272095	0.000000	0.000000	7.125000	-62.213272	316.853546
35	602.901611	-1051.907104	121.332077	-140.951660	0.000000	0.000000	7.125000	-234.362915	371.339355
36	-847.462158	595.537231	-166.980621	141.644012	0.000000	0.000000	7.125000	224.365356	-126.004425
37	-304.996033	-953.860352	-72.271378	-206.727051	0.000000	0.000000	7.125000	123.321579	328.959930
38	-631.170349	-437.362152	-145.157867	-84.513733	0.000000	0.000000	7.125000	396.126007	201.473877
39	-3.815506	819.553467	20.553326	205.964005	0.000000	0.000000	7.125000	-105.484390	-470.127655
40	210.823761	-1572.629883	58.887852	-238.843109	0.000000	0.000000	7.125000	-85.166946	509.286957
41	95.474915	-6.109812	191.116302	-38.265305	0.000000	0.000000	7.125000	-200.738510	-30.980579
42	824.009766	-64.201645	190.623260	-22.940151	0.000000	0.000000	7.125000	-324.125885	17.549173
43	365.418213	841.740540	77.020027	156.023499	0.000000	0.000000	7.125000	-148.053650	-358.600708
44	-1188.230225	-225.730072	-201.692383	-30.596882	0.000000	0.000000	7.125000	429.929291	52.924294
45	-1170.605225	745.275391	-155.564697	136.551147	0.000000	0.000000	7.125000	287.196167	-276.804932
46	296.346436	-183.230804	118.163605	-162.511246	0.000000	0.000000	7.125000	-87.538345	196.678055
47	464.139740	950.768066	105.525406	145.823044	0.000000	0.000000	7.125000	-227.233627	-330.853210
48	-405.606415	-1336.897461	-15.495813	-221.454910	0.000000	0.000000	7.125000	7.334496	481.250702
49	627.549194	-1242.121094	102.479744	-165.880234	0.000000	0.000000	7.125000	-212.282867	481.214661
50	-181.682297	373.997894	-96.562019	175.908478	0.000000	0.000000	7.125000	14.428160	-178.828171
51	-1189.955444	842.719727	-172.349731	135.116699	0.000000	0.000000	7.125000	517.646545	-410.508942
52	-761.605713	242.220032	-176.793732	82.255669	0.000000	0.000000	7.125000	334.221985	-186.147720
53	1177.792358	173.194275	185.542480	13.037055	0.000000	0.000000	7.125000	-490.394684	-18.242388
54	928.489502	-48.701752	167.969818	3.183329	0.000000	0.000000	7.125000	-483.995758	-12.155883
55	-958.145996	123.206696	-194.480804	61.579136	0.000000	0.000000	7.125000	238.906174	-79.589745
56	234.799591	1336.796387	44.807030	208.233856	0.000000	0.000000	7.125000	-97.604897	-488.351440
57	-1344.460449	-190.802429	-182.678833	-10.836754	0.000000	0.000000	7.125000	469.491913	19.674187
58	-210.587692	774.808350	-85.142830	178.663086	0.000000	0.000000	7.125000	75.228050	-326.210663
59	-657.973389	143.254501	-182.429626	59.705009	0.000000	0.000000	7.125000	198.285583	-100.761826
60	-1070.576538	22.400732	-203.978836	-2.865517	0.000000	0.000000	7.125000	438.278687	15.786354
61	-698.766724	646.340027	-96.634232	155.354080	0.000000	0.000000	7.125000	122.387032	-293.669861
62	1044.597656	-1176.815308	147.401779	-157.884689	0.000000	0.000000	7.125000	-413.066437	472.001190
63	210.151489	-323.230408	96.389389	-179.719681	0.000000	0.000000	7.125000	-100.577057	232.988037
64	-895.989990	-501.309143	-164.953796	-64.064018	0.000000	0.000000	7.125000	423.301056	84.450615
65	-365.446075	652.499084	-129.767334	176.273407	0.000000	0.000000	7.125000	153.149323	-194.535278
66	1526.893799	257.458008	233.847961	38.442192	0.000000	0.000000	7.125000	-587.702026	-51.490078
67	-495.100739	-851.326782	-88.540459	-193.718597	0.000000	0.000000	7.125000	161.813034	383.325836
68	-809.991638	-329.430939	-150.195129	-60.638428	0.000000	0.000000	7.125000	404.123627	107.406418
69	475.231018	-917.998901	108.163612	-140.078735	0.000000	0.000000	7.125000	-191.513947	356.664703
70	724.067871	-1039.590942	110.512909	-130.464828	0.000000	0.000000	7.125000	-294.254395	262.302887
71	575.372803	-256.074310	190.407547	-24.634300	0.000000	0.000000	7.125000	-261.160980	3.417241
72	-1493.327393	569.955261	-201.053284	93.986053	0.000000	0.000000	7.125000	508.883972	-157.728348
73	1129.630981	-404.102814	187.619751	-40.704838	0.000000	0.000000	7.125000	-1030.055298	74.580261
74	-359.855042	-827.552124	-43.177357	-226.896347	0.000000	0.000000	7.125000	17.124582	367.501801
75	1310.345703	427.322388	227.237915	55.838303	0.000000	0.000000	7.125000	-563.057312	-121.080452
76	473.261505	-654.220032	145.720978	-110.699265	0.000000	0.000000	7.125000	-289.352356	216.423172
77	-518.065063	382.853210	-127.641617	143.413269	0.000000	0.000000	7.125000	150.496765	-216.786209
78	-322.499573	1129.838013	-50.213615	185.315353	0.000000	0.000000	7.125000	106.030266	-462.644104
79	-1156.799072	113.222107	-165.934937	26.194044	0.000000	0.000000	7.125000	414.688934	-10.433657
80	-720.872009	-266.440277	-183.778961	-81.222633	0.000000	0.000000	7.125000	220.949188	48.139671
81	-1000.233521	-698.175232	-167.540466	-126.601059	0.000000	0.000000	7.125000	315.866699	188.651764
82	1222.161743	188.646484	173.601898	34.492310	0.000000	0.000000	7.125000	-463.114044	-59.195816
83	89.478012	-1144.083008	22.444977	-223.873962	0.000000	0.000000	7.125000	-291.138672	2017.999512
84	1237.514648	-450.521240	181.569031	-71.069221	0.000000	0.000000	7.125000	-470.400513	85.924767
85	-549.653198	693.718872	-83.747833	169.430115	0.000000	0.000000	7.125000	186.222656	-425.756805
86	-305.237213	-1143.209351	-43.840752	-165.283936	0.000000	0.000000	7.125000	91.680466	464.624786
87	-833.957581	-370.724121	-165.879761	-102.495003	0.000000	0.000000	7.125000	335.051849	118.950119
88	621.912903	-732.873169	146.880676	-123.651688	0.000000	0.000000	7.125000	-233.140106	240.771301
89	666.603943	-878.984985	152.953827	-143.877441	0.000000	0.000000	7.125000	-214.702591	234.764389
90	155.997055	568.546570	35.044617	210.072021	0.000000	0.000000	7.125000	-273.836853	-835.015991
91	782.098938	-498.229553	162.732834	-90.070679	0.000000	0.000000	7.125000	-286.079865	175.679794
92	-1259.989990	-632.826294	-162.258545	-96.855507	0.000000	0.000000	7.125000	443.027985	160.824905
93	1480.424316	-198.734924	203.211823	-39.341331	0.000000	0.000000	7.125000	-623.282104	62.429562
94	-783.929993	1225.901855	-110.982285	152.971512	0.000000	0.000000	7.125000	282.853973	-295.048309
95	1321.820557	-136.973663	200.088928	-19.065788	0.000000	0.000000	7.125000	-651.607605	45.004860
96	-170.242386	-948.426270	-59.054863	-170.036652	0.000000	0.000000	7.125000	106.840836	306.477509
97	466.726837	-203.408844	167.121796	-81.606049	0.000000	0.000000	7.125000	-167.254456	97.652756
98	753.499756	-538.542358	148.230606	-112.352715	0.000000	0.000000	7.125000	-357.450409	250.253143
99	243.207870	836.445129	46.990494	176.849960	0.000000	0.000000	7.125000	-112.920044	-387.227722
100	173.452423	1136.098267	38.803711	194.154236	0.000000	0.000000	7.125000	-71.071815	-320.997498
101	167.240372	1244.781616	49.898857	191.607681	0.000000	0.000000	7.125000	-106.475754	-493.306000
102	1094.928955	1110.104126	155.851624	153.854004	0.000000	0.000000	7.125000	-432.634949	-470.263031
103	-488.422058	679.518982	-105.836884	152.897583	0.000000	0.000000	7.125000	109.305832	-234.568253
104	-686.554138	-863.053955	-111.093773	-137.793915	0.000000	0.000000	7.125000	300.780792	378.974060
105	1152.521973	500.754639	169.462845	83.685364	0.000000	0.000000	7.125000	-451.152893	-197.276031
106	794.021851	802.083435	131.343094	118.645744	0.000000	0.000000	7.125000	-280.369995	-315.787506
107	-1169.687256	845.268982	-151.482941	122.791878	0.000000	0.000000	7.125000	491.773804	-392.849457
108	-1262.708984	-1073.205200	-142.242004	-146.229980	0.000000	0.000000	7.125000	335.181854	357.381927
109	-788.062988	-964.499023	-105.873962	-163.755020	0.000000	0.000000	7.125000	225.067612	365.567505
110	1229.843750	-736.844055	195.366150	-92.126694	0.000000	0.000000	7.125000	-280.028961	129.714020
111	187.943375	-181.933533	125.129364	-125.176567	0.000000	0.000000	7.125000	-190.144180	146.140503
112	-274.468018	-588.823303	-39.316551	-200.172791	0.000000	0.000000	7.125000	42.832260	258.901428
113	629.394531	-713.177734	136.454529	-107.961655	0.000000	0.000000	7.125000	-391.500793	276.357849
114	286.534454	-552.761963	125.106445	-175.921387	0.000000	0.000000	7.125000	-236.749710	521.140137
115	-1384.716919	-753.596069	-175.986206	-119.982269	0.000000	0.000000	7.125000	614.614990	301.461517
116	-740.291260	881.780640	-179.588242	120.009987	0.000000	0.000000	7.125000	352.150055	-216.540924
117	-1025.278076	-847.352051	-157.576279	-134.209412	0.000000	0.000000	7.125000	425.844208	271.982544
118	394.431366	-23.596264	205.073059	-26.024220	0.000000	0.000000	7.125000	-136.661194	-81.265114
119	1044.988525	636.417969	147.971909	107.671844	0.000000	0.000000	7.125000	-409.642181	-279.778809
120	438.648193	1289.321289	59.569984	220.077972	0.000000	0.000000	7.125000	-137.246460	-509.486176
121	271.308014	57.529713	112.627487	-177.195297	0.000000	0.000000	7.125000	-81.976814	93.275002
122	833.960388	284.208557	200.945129	70.639923	0.000000	0.000000	7.125000	-349.106720	-140.021194
123	-651.326904	481.881042	-106.237740	130.141785	0.000000	0.000000	7.125000	120.574745	-159.634781
124	98.024368	205.691010	103.548561	165.062317	0.000000	0.000000	7.125000	-107.834557	-326.870514
125	1007.661316	232.651657	212.485718	38.804810	0.000000	0.000000	7.125000	-421.838562	-72.583908
126	918.964233	-108.481705	200.700043	-10.933962	0.000000	0.000000	7.125000	-917.588440	38.568119
127	1143.692993	-501.553375	189.966797	-65.674774	0.000000	0.000000	7.125000	-342.865692	107.275986
128	950.180847	700.331116	172.942276	129.409714	0.000000	0.000000	7.125000	-339.851959	-216.554108
129	177.058395	-191.755493	167.295120	-87.872910	0.000000	0.000000	7.125000	-464.095184	193.358353
130	-1157.031250	562.606384	-206.631195	81.112450	0.000000	0.000000	7.125000	467.203064	-121.465240
131	-2.905664	-442.094788	112.690063	-147.925049	0.000000	0.000000	7.125000	-88.565338	186.286011
132	-394.138824	785.599487	-96.083710	162.699585	0.000000	0.000000	7.125000	184.364029	-384.382751
133	-129.148270	1338.199585	15.617741	215.434372	0.000000	0.000000	7.125000	-3.605799	-449.307770
134	-1091.602783	-82.055885	-216.357193	-49.669609	0.000000	0.000000	7.125000	564.229370	147.279388
135	626.336609	1055.520142	112.049561	166.860382	0.000000	0.000000	7.125000	-238.822418	-410.180573
136	-508.051392	-727.126709	-125.303894	-168.484482	0.000000	0.000000	7.125000	200.050781	340.558990
137	-709.393555	-1521.526123	-86.453079	-220.637924	0.000000	0.000000	7.125000	133.302704	567.548584
138	1023.953125	314.360291	199.054932	75.802200	0.000000	0.000000	7.125000	-406.277954	-162.932556
139	629.712891	-563.099915	202.010635	-84.557419	0.000000	0.000000	7.125000	-414.274628	147.232391
140	-801.272095	136.480515	-177.118347	56.760345	0.000000	0.000000	7.125000	357.328766	-90.143913
141	1360.743286	-1128.888184	185.312363	-152.504669	0.000000	0.000000	7.125000	-475.187103	257.790924
142	-905.993103	859.244141	-121.332077	120.495628	0.000000	0.000000	7.125000	331.322693	-342.743469
143	-175.548935	1137.422119	-23.054867	190.584625	0.000000	0.000000	7.125000	0.378563	-465.448059
144	425.792633	-1080.952637	69.612305	-178.923798	0.000000	0.000000	7.125000	-150.046829	496.562134
145	-672.726074	886.877502	-109.059692	172.397003	0.000000	0.000000	7.125000	161.960464	-261.998230
146	574.292786	1134.603760	85.889893	175.057541	0.000000	0.000000	7.125000	-170.689087	-477.765930
147	-943.167480	-1198.953003	-137.283813	-158.900192	0.000000	0.000000	7.125000	269.464783	335.452393
148	862.574951	488.112671	164.860260	109.652267	0.000000	0.000000	7.125000	-281.298767	-266.199158
149	1167.039307	1112.008789	148.440842	139.933044	0.000000	0.000000	7.125000	-365.412933	-353.596191
150	-1167.818115	538.832336	-173.445587	101.573265	0.000000	0.000000	7.125000	392.384308	-241.370026
151	1173.714355	-317.596619	228.667755	-62.273880	0.000000	0.000000	7.125000	-369.350433	67.595192
152	-1364.360474	-880.969727	-168.017914	-125.938583	0.000000	0.000000	7.125000	444.936218	227.605530
153	-75.181831	1268.745850	-45.679672	208.025162	0.000000	0.000000	7.125000	67.946312	-709.582397
154	935.727905	-986.149048	121.909035	-181.909134	0.000000	0.000000	7.125000	-209.628036	431.877228
155	-773.032959	1363.421997	-97.132202	186.178558	0.000000	0.000000	7.125000	204.030807	-504.991669
156	672.552673	-879.187561	122.786171	-155.294983	0.000000	0.000000	7.125000	-186.424469	342.828857
157	-1057.193604	734.909912	-151.841461	107.414902	0.000000	0.000000	7.125000	412.342957	-240.421600
158	-982.477051	52.223198	-202.912979	21.007729	0.000000	0.000000	7.125000	381.012360	-53.607445
159	376.962219	876.941895	92.577225	161.323914	0.000000	0.000000	7.125000	-228.125565	-381.836182
160	364.817169	-1455.650635	39.094257	-200.217224	0.000000	0.000000	7.125000	-93.083023	599.935486
161	337.369324	-408.492188	87.301979	-170.919693	0.000000	0.000000	7.125000	-93.853264	291.631378
162	1092.227051	553.496216	169.925430	75.638138	0.000000	0.000000	7.125000	-464.168762	-175.603043
163	-485.647858	778.044861	-106.001587	181.233032	0.000000	0.000000	7.125000	110.218613	-214.714310
164	-242.228622	-425.770477	-160.570480	-125.798439	0.000000	0.000000	7.125000	234.405228	107.255989
165	711.894775	-176.098907	205.245346	-67.279266	0.000000	0.000000	7.125000	-212.972488	35.689800
166	-1175.083496	23.377811	-212.619995	-12.700375	0.000000	0.000000	7.125000	328.700134	50.982605
167	1216.945435	-1028.511475	163.031311	-172.012115	0.000000	0.000000	7.125000	-278.687988	352.417358
168	425.197845	-529.409363	78.041473	-185.203186	0.000000	0.000000	7.125000	-110.720795	364.068054
169	1361.043335	-396.061951	199.726227	-64.841240	0.000000	0.000000	7.125000	-357.154755	88.965492
170	-268.780884	-918.235962	-55.634651	-214.890900	0.000000	0.000000	7.125000	319.427216	1974.648926
171	-651.141785	-1077.374512	-88.559631	-183.737442	0.000000	0.000000	7.125000	129.989258	457.104065
172	-514.531311	-333.797729	-131.441391	-163.758514	0.000000	0.000000	7.125000	183.590485	247.494049
173	1342.615601	-70.777916	204.334549	32.941475	0.000000	0.000000	7.125000	-440.763031	-40.474300
174	1334.613892	358.378662	195.208832	59.234344	0.000000	0.000000	7.125000	-615.514771	-192.832550
175	-424.116974	483.186829	-213.120789	115.686417	0.000000	0.000000	7.125000	109.269974	-117.798576
176	432.011841	-1358.672729	58.426949	-195.453888	0.000000	0.000000	7.125000	-165.527374	481.789856
177	1128.738892	512.353455	183.219498	57.392437	0.000000	0.000000	7.125000	-394.956909	-108.137993
178	628.184753	-781.607178	131.821274	-159.574356	0.000000	0.000000	7.125000	-269.564240	410.228668
179	-579.409180	-1111.445435	-80.124832	-184.325577	0.000000	0.000000	7.125000	182.544174	854.557556
180	332.580505	1342.896484	55.488792	196.305481	0.000000	0.000000	7.125000	-115.736107	-529.754272
181	68.157372	741.656128	7.252351	194.850479	0.000000	0.000000	7.125000	-0.573368	-423.231140
182	-181.377701	-406.153381	-84.807129	-198.654846	0.000000	0.000000	7.125000	94.019897	214.857224
183	1139.430176	-1132.681885	135.603394	-168.084381	0.000000	0.000000	7.125000	-251.648117	496.782501
184	470.759216	1106.300537	87.055817	207.462219	0.000000	0.000000	7.125000	-132.648102	-470.318970
185	-338.777710	-1262.014771	-49.407082	-191.725967	0.000000	0.000000	7.125000	67.151573	495.527069
186	-1217.387451	782.113220	-202.171631	91.628128	0.000000	0.000000	7.125000	633.804443	-129.718903
187	-841.278748	38.819927	-185.711319	-10.353458	0.000000	0.000000	7.125000	279.337250	10.396535
188	-1033.839111	-1041.623291	-163.157379	-141.537628	0.000000	0.000000	7.125000	407.463196	300.668091
189	-1205.139160	-1031.438965	-148.313599	-144.389862	0.000000	0.000000	7.125000	473.947937	359.446411
190	915.940918	-66.275322	221.045883	-20.431625	0.000000	0.000000	7.125000	-311.420593	3.907502
191	328.133820	-233.782349	205.657104	-82.822472	0.000000	0.000000	7.125000	-174.938461	28.571304
192	-204.917084	-18.130259	-145.865967	-145.987335	0.000000	0.000000	7.125000	65.321991	40.375370
193	-1043.268188	-660.799011	-146.164429	-105.044144	0.000000	0.000000	7.125000	455.601746	284.720917
194	579.249512	-472.931946	194.160522	-113.644165	0.000000	0.000000	7.125000	-315.964142	193.127670
195	-781.402588	-463.864258	-188.064819	-99.926674	0.000000	0.000000	7.125000	376.863190	86.039772
196	-360.327759	709.647827	-93.957321	160.462646	0.000000	0.000000	7.125000	174.403412	-429.914764
197	-1043.366699	797.853149	-169.526062	123.933578	0.000000	0.000000	7.125000	396.506500	-243.471649
198	-816.929077	1156.970215	-110.317215	153.452225	0.000000	0.000000	7.125000	118.870911	-401.924164
199	672.187378	618.585205	119.265182	105.148849	0.000000	0.000000	7.125000	-231.822998	-230.682892
200	885.013062	-967.684082	155.872437	-131.601822	0.000000	0.000000	7.125000	-379.764679	343.958649
201	1043.262573	1227.981445	149.729462	171.942581	0.000000	0.000000	7.125000	-365.699097	-465.608490
202	907.974854	-958.205811	141.497131	-142.754440	0.000000	0.000000	7.125000	-361.475616	360.276276
203	-252.832642	-1309.904297	-47.824196	-204.466980	0.000000	0.000000	7.125000	105.939301	529.845398
204	-585.593628	-290.555176	-185.876099	-34.201973	0.000000	0.000000	7.125000	290.210419	31.280659
205	-1077.062866	-1362.216675	-146.647736	-174.564285	0.000000	0.000000	7.125000	435.997040	617.920959
206	1165.336304	530.707886	178.711060	91.988487	0.000000	0.000000	7.125000	-449.568359	-185.845612
207	5.549352	-419.036438	-18.620827	-230.246429	0.000000	0.000000	7.125000	40.856544	165.381058
208	-1257.774170	152.985214	-227.424133	40.457962	0.000000	0.000000	7.125000	1123.455688	-185.845383
209	33.067242	1167.962646	34.623520	194.949158	0.000000	0.000000	7.125000	-98.894402	-431.725311
210	917.144897	757.732056	130.796921	100.580841	0.000000	0.000000	7.125000	-409.482178	-345.348419
211	-521.060303	-570.051575	-117.126160	-128.675674	0.000000	0.000000	7.125000	227.919403	242.339752
212	-2.212161	-363.517792	134.025436	-145.743515	0.000000	0.000000	7.125000	-68.106285	116.144623
213	-1276.528198	545.857178	-178.778687	85.051041	0.000000	0.000000	7.125000	504.739380	-228.494171
214	-333.760223	1307.899170	-67.005554	224.124435	0.000000	0.000000	7.125000	70.720459	-299.432007
215	-207.930908	-715.479919	6.544130	-191.880875	0.000000	0.000000	7.125000	-37.544140	336.766693
216	-1273.948853	-449.115479	-203.179443	-63.782700	0.000000	0.000000	7.125000	550.881409	84.348236
217	-932.204834	-1323.215942	-122.197464	-181.703674	0.000000	0.000000	7.125000	218.991577	491.822357
218	-121.779076	-3.508212	-151.475769	116.415558	0.000000	0.000000	7.125000	65.283279	-154.319214
219	-1307.444458	243.676697	-180.323517	65.862953	0.000000	0.000000	7.125000	381.991333	-90.495224
220	1133.006836	-746.390991	149.624969	-105.353050	0.000000	0.000000	7.125000	-402.018646	230.292603
221	555.510315	1341.889893	99.148727	188.515686	0.000000	0.000000	7.125000	-276.179443	-715.391846
222	911.232056	-859.511108	154.709808	-123.565109	0.000000	0.000000	7.125000	-388.860077	330.359131
223	-520.331421	-1092.453857	-82.160248	-183.439819	0.000000	0.000000	7.125000	213.297913	469.255249
224	658.998474	1050.739990	104.407410	153.906937	0.000000	0.000000	7.125000	-171.526276	-341.761261
225	1393.521729	415.520538	187.551346	72.276062	0.000000	0.000000	7.125000	-461.201569	-154.912781
226	632.890442	-881.033203	144.947235	-160.142349	0.000000	0.000000	7.125000	-517.222900	453.614868
227	1446.883545	-606.708984	213.251694	-96.327774	0.000000	0.000000	7.125000	-876.386841	287.913239
228	538.659546	-1201.326538	61.560638	-175.514389	0.000000	0.000000	7.125000	-127.715828	520.392395
229	-1342.333496	-1139.881958	-168.839386	-144.130280	0.000000	0.000000	7.125000	438.592133	300.138123
230	1231.412964	-42.948883	209.590698	13.067810	0.000000	0.000000	7.125000	-410.227722	-44.221569
231	-344.343170	1068.836548	-62.682331	168.733154	0.000000	0.000000	7.125000	147.181458	-430.393982
232	1428.042725	-54.785797	245.828354	-8.964340	0.000000	0.000000	7.125000	-345.412842	-79.178856
233	1268.220459	-424.044678	192.994263	-74.799309	0.000000	0.000000	7.125000	-476.231842	98.922028
234	-1106.640503	1182.902100	-140.614349	147.793747	0.000000	0.000000	7.125000	305.225189	-349.319824
235	1207.978394	-1140.142822	145.254684	-143.237579	0.000000	0.000000	7.125000	-356.933777	362.850677
236	-1011.012390	618.223999	-183.973846	107.330200	0.000000	0.000000	7.125000	383.370087	-143.687271
237	1103.619751	-1202.522217	137.175079	-158.992676	0.000000	0.000000	7.125000	-267.165741	403.012054
238	1399.801025	-743.937622	186.665115	-120.167038	0.000000	0.000000	7.125000	-391.582794	248.937271
239	-1161.186035	261.100250	-174.323349	72.983566	0.000000	0.000000	7.125000	459.495575	-137.788635
240	-1080.364502	-1183.442749	-146.701279	-162.602921	0.000000	0.000000	7.125000	180.363541	273.361267
241	-389.270691	957.172974	-75.589287	189.476440	0.000000	0.000000	7.125000	172.596146	-439.052765
242	-549.369080	-405.188782	-154.101273	-159.789551	0.000000	0.000000	7.125000	201.096817	186.581970
243	-829.036743	-1068.124634	-114.100983	-143.053207	0.000000	0.000000	7.125000	224.423843	368.764008
244	-482.435913	-1159.933594	-78.044083	-188.437988	0.000000	0.000000	7.125000	72.700775	343.273254
245	-1016.896606	-559.513123	-142.046204	-100.482933	0.000000	0.000000	7.125000	372.946472	218.762177
246	566.729736	-167.281021	181.200317	-93.693314	0.000000	0.000000	7.125000	-218.925995	106.935471
247	-906.446106	-53.017639	-182.521835	13.217630	0.000000	0.000000	7.125000	365.489105	-30.589699
248	1066.863770	-1020.170532	148.073975	-135.921112	0.000000	0.000000	7.125000	-384.759827	323.964417
249	805.820557	1186.989746	123.292419	158.738281	0.000000	0.000000	7.125000	-316.596466	-489.927734
250	-1111.202148	1322.971069	-178.379974	156.043503	0.000000	0.000000	7.125000	401.626923	-337.671722
251	1212.461182	-571.927002	175.279373	-92.092575	0.000000	0.000000	7.125000	-464.930084	235.825241
252	92.617889	965.138245	18.233549	182.065857	0.000000	0.000000	7.125000	16.588055	-411.062164
253	-538.050781	-69.494698	-183.429977	-30.779615	0.000000	0.000000	7.125000	366.461945	32.002319
254	-1240.993042	-389.570129	-192.598175	-67.180252	0.000000	0.000000	7.125000	491.888947	92.939590
255	-1035.644531	-635.147522	-154.428864	-123.917801	0.000000	0.000000	7.125000	274.745209	223.712036
256	-319.783966	2.671380	-199.459534	54.662926	0.000000	0.000000	7.125000	61.214012	-74.525375
257	-1122.424683	735.086731	-160.767181	87.416222	0.000000	0.000000	7.125000	531.144165	-231.656052
258	971.721558	-1099.932129	148.056396	-161.335693	0.000000	0.000000	7.125000	-1142.373291	1575.556274
259	869.926392	-898.967224	139.364258	-164.992584	0.000000	0.000000	7.125000	-227.236832	379.952393
260	-660.760315	980.432190	-103.845047	157.902206	0.000000	0.000000	7.125000	210.046539	-407.632996
261	-417.922852	1127.947510	-52.120083	194.117615	0.000000	0.000000	7.125000	105.797951	-497.536011
262	-587.573120	230.886459	-205.694702	55.254452	0.000000	0.000000	7.125000	456.497772	-57.027458
263	-393.145935	-1000.089478	-55.350044	-190.104935	0.000000	0.000000	7.125000	68.292763	313.168488
264	346.059265	-954.452759	109.261734	-154.173294	0.000000	0.000000	7.125000	-208.944794	584.936462
265	-1044.778198	735.398132	-157.179367	130.040924	0.000000	0.000000	7.125000	357.896240	-297.228149
266	-1366.168091	-1279.573730	-171.008316	-168.364975	0.000000	0.000000	7.125000	398.383148	305.089142
267	-1216.639648	489.955505	-198.897980	57.265465	0.000000	0.000000	7.125000	495.480835	-86.974144
268	1277.142700	-209.892899	188.520142	-60.463467	0.000000	0.000000	7.125000	-323.558838	43.576878
269	-1085.583984	-949.438110	-144.383850	-152.486664	0.000000	0.000000	7.125000	299.300049	269.838074
270	759.811768	-822.794189	131.541733	-175.084137	0.000000	0.000000	7.125000	-149.648544	250.289734
271	-348.769073	-959.607910	-91.457474	-158.502960	0.000000	0.000000	7.125000	200.495285	409.493774
272	796.636169	-760.456726	169.125732	-129.481384	0.000000	0.000000	7.125000	-350.169067	268.387238
273	1172.811279	314.254395	185.901505	47.982700	0.000000	0.000000	7.125000	-410.103058	-80.864395
274	-177.124985	728.609985	-69.264954	194.901215	0.000000	0.000000	7.125000	26.195141	-269.022736
275	1080.048584	696.080933	194.083115	130.686584	0.000000	0.000000	7.125000	-367.321808	-261.701996
276	81.291260	-734.798401	19.586227	-178.921265	0.000000	0.000000	7.125000	-42.628822	270.449249
277	467.119568	1026.600952	51.209709	206.738861	0.000000	0.000000	7.125000	-129.459396	-421.400177
278	456.885803	1344.909790	82.759071	179.867050	0.000000	0.000000	7.125000	-182.322098	-508.768738
279	-1313.810791	-22.840513	-194.569733	-36.693676	0.000000	0.000000	7.125000	504.679840	80.842972
280	-734.461792	-1175.886475	-136.378769	-178.956757	0.000000	0.000000	7.125000	262.695435	353.274414
281	-947.954834	-544.325806	-199.890381	-109.646545	0.000000	0.000000	7.125000	581.196228	294.132599
282	-833.097961	-720.952454	-147.026733	-137.052795	0.000000	0.000000	7.125000	268.348633	264.677002
283	1147.541382	-803.490417	167.619446	-99.639297	0.000000	0.000000	7.125000	-440.639404	245.071060
284	591.915833	-1438.154175	57.870522	-214.320602	0.000000	0.000000	7.125000	-58.085396	417.497284
285	-818.973083	-800.993530	-175.014893	-141.378311	0.000000	0.000000	7.125000	358.027893	264.200317
286	-383.052429	145.287231	-156.255951	52.921001	0.000000	0.000000	7.125000	280.578979	-126.746506
287	-138.303345	-1254.947510	-23.048210	-196.649536	0.000000	0.000000	7.125000	24.986120	536.752014
288	1116.074951	-608.140686	188.569855	-85.361679	0.000000	0.000000	7.125000	-367.886780	129.631775
289	646.921265	-552.188232	113.157196	-147.576889	0.000000	0.000000	7.125000	-111.724098	280.186615
290	1201.038818	-94.206909	172.682205	-21.367306	0.000000	0.000000	7.125000	-427.626465	35.434124
291	1415.764648	131.107056	206.830872	8.324317	0.000000	0.000000	7.125000	-544.641235	-14.494072
292	253.169800	168.453979	198.958069	123.163208	0.000000	0.000000	7.125000	-225.181961	-148.378448
293	-402.003174	-521.902222	-129.027603	-138.089401	0.000000	0.000000	7.125000	72.535950	181.496094
294	324.675232	-384.379791	97.017570	-192.726151	0.000000	0.000000	7.125000	-62.458485	236.985168
295	586.227051	819.525818	112.495995	140.505798	0.000000	0.000000	7.125000	-169.614609	-228.342194
296	288.843170	1198.788940	23.348591	190.573547	0.000000	0.000000	7.125000	-39.600010	-516.474121
297	-867.668701	899.699951	-134.809540	123.750710	0.000000	0.000000	7.125000	302.782684	-302.920685
298	-555.605408	-996.791687	-107.144272	-159.322540	0.000000	0.000000	7.125000	244.266678	412.226349
299	-1111.958008	958.241089	-149.556946	115.549431	0.000000	0.000000	7.125000	529.463562	-353.411377
300	-1012.522339	-478.224121	-171.091934	-93.502510	0.000000	0.000000	7.125000	364.973480	120.701889
301	-1037.761719	-14.072486	-209.608093	-12.816386	0.000000	0.000000	7.125000	418.047089	8.290015
302	1213.327026	475.876160	198.973022	67.153297	0.000000	0.000000	7.125000	-402.716614	-128.696198
303	147.345490	625.867737	31.419344	204.528992	0.000000	0.000000	7.125000	-44.955193	-334.801331
304	1262.529541	-827.464783	169.062775	-114.161743	0.000000	0.000000	7.125000	-418.737366	242.918564
305	-1074.083862	1024.134277	-132.114319	135.153534	0.000000	0.000000	7.125000	313.751251	-333.145721
306	270.110748	-1297.584229	53.496063	-193.748993	0.000000	0.000000	7.125000	-186.315781	335.856506
307	-64.830948	-437.188660	-17.920969	-173.062668	0.000000	0.000000	7.125000	-58.066624	354.718750
308	390.852814	1060.723877	76.888542	201.851654	0.000000	0.000000	7.125000	-144.516891	-400.903168
309	58.650936	-878.992554	47.133667	-176.824387	0.000000	0.000000	7.125000	-92.664299	282.172943
310	-769.771729	-546.754883	-188.287750	-99.499588	0.000000	0.000000	7.125000	368.051819	78.084282
311	1273.440552	666.754517	172.480957	90.964066	0.000000	0.000000	7.125000	-489.676514	-226.640869
312	-592.960388	-1032.381348	-99.147400	-178.284760	0.000000	0.000000	7.125000	140.672821	313.622284
313	473.757568	246.199356	186.967133	119.188492	0.000000	0.000000	7.125000	-90.531769	-113.965080
314	-806.991638	585.315552	-206.490677	110.031082	0.000000	0.000000	7.125000	360.712585	-209.523529
315	-200.425980	27.651905	-176.797592	-95.617950	0.000000	0.000000	7.125000	173.569382	128.243179
316	1213.705200	396.472260	202.064880	44.929180	0.000000	0.000000	7.125000	-650.521118	-123.291328
317	1049.842896	894.300659	152.019867	112.295868	0.000000	0.000000	7.125000	-407.116516	-273.933502
318	-1040.968750	-47.101101	-237.974747	-31.090654	0.000000	0.000000	7.125000	431.782440	73.665833
319	420.822052	-881.407959	43.538864	-186.991821	0.000000	0.000000	7.125000	-116.456490	430.723450
320	380.922180	439.468384	151.237061	141.224945	0.000000	0.000000	7.125000	-235.694763	-243.237656
321	-1080.542603	-509.440735	-176.482513	-102.221489	0.000000	0.000000	7.125000	305.535461	173.544312
322	800.129517	468.147034	181.653442	99.235291	0.000000	0.000000	7.125000	-369.216003	-177.436661
323	-52.381691	-505.959167	16.370213	-197.322052	0.000000	0.000000	7.125000	-44.736385	252.621994
324	-210.587662	-1304.078491	-34.978180	-194.880890	0.000000	0.000000	7.125000	55.592613	483.559540
325	-85.831085	539.184814	-3.095875	182.913025	0.000000	0.000000	7.125000	-41.295967	-253.646973
326	-392.193726	89.355942	-208.775726	-22.587669	0.000000	0.000000	7.125000	94.954987	57.898529
327	-262.494385	753.315674	-80.378189	200.439575	0.000000	0.000000	7.125000	86.336121	-322.782471
328	248.800568	1315.919678	53.331196	181.317596	0.000000	0.000000	7.125000	-117.687248	-485.334137
329	-701.114990	1111.782471	-99.440208	195.120972	0.000000	0.000000	7.125000	209.179367	-454.242340
330	240.294754	750.637390	100.384666	198.004807	0.000000	0.000000	7.125000	-113.037827	-209.604202
331	-615.369263	366.579285	-218.321930	65.632019	0.000000	0.000000	7.125000	210.133911	-85.457321
332	-638.063232	-426.690826	-144.907684	-139.276505	0.000000	0.000000	7.125000	264.065338	211.108337
333	-402.835480	235.049728	-222.656509	32.287430	0.000000	0.000000	7.125000	524.515076	-43.506500
334	639.852661	1083.669067	96.800278	162.321823	0.000000	0.000000	7.125000	-241.705933	-472.231476
335	613.764893	-322.392975	202.585938	-74.757080	0.000000	0.000000	7.125000	-348.011963	56.822090
336	203.078888	1089.595581	40.173477	190.816055	0.000000	0.000000	7.125000	-79.693085	-406.000732
337	720.237427	-736.131653	128.309601	-162.423538	0.000000	0.000000	7.125000	-355.407501	428.359924
338	-4.975942	-1030.619873	-42.362797	-239.267395	0.000000	0.000000	7.125000	-24.159309	410.273376
339	363.524170	1090.147461	36.575943	203.742889	0.000000	0.000000	7.125000	-152.394318	-680.435669
340	-448.783142	-1303.281006	-78.921707	-191.325775	0.000000	0.000000	7.125000	101.955719	530.578857
341	39.780354	678.992859	3.111072	197.975403	0.000000	0.000000	7.125000	11.424414	-218.979568
342	53.493107	1210.083252	25.590635	214.447968	0.000000	0.000000	7.125000	-9.372251	-451.716339
343	-120.816254	-656.142090	-7.006216	-170.851807	0.000000	0.000000	7.125000	-4.694567	269.898529
344	983.563477	649.567139	161.991714	113.844864	0.000000	0.000000	7.125000	-367.305237	-213.331604
345	-1175.434082	-2.973899	-221.783386	-9.804604	0.000000	0.000000	7.125000	384.713928	-18.515091
346	-358.718048	-148.228760	-183.197968	-72.144287	0.000000	0.000000	7.125000	73.249092	-60.295151
347	-1291.173340	615.716736	-180.754425	100.880020	0.000000	0.000000	7.125000	424.837280	-226.974899
348	776.134155	-491.874084	181.999100	-77.975571	0.000000	0.000000	7.125000	-262.109741	114.134964
349	-631.490479	126.897659	-186.306824	31.431362	0.000000	0.000000	7.125000	289.743256	-0.858672
350	-357.748047	1192.615967	-58.455597	160.695953	0.000000	0.000000	7.125000	135.328827	-459.403656
351	1072.243652	944.678711	146.435059	124.180283	0.000000	0.000000	7.125000	-385.692749	-344.866882
352	1040.480347	583.152710	169.379517	76.853485	0.000000	0.000000	7.125000	-359.251923	-176.097839
353	-1272.880981	-594.131836	-187.166870	-107.675507	0.000000	0.000000	7.125000	858.200439	270.867432
354	1107.778564	509.809448	179.864395	102.434128	0.000000	0.000000	7.125000	-580.972656	-277.088379
355	-1061.223633	-833.566772	-155.550140	-149.861755	0.000000	0.000000	7.125000	367.420654	376.065613
356	713.373413	533.071899	187.010925	108.074783	0.000000	0.000000	7.125000	-381.453583	-187.548004
357	1134.158325	-376.097229	175.040222	-71.281158	0.000000	0.000000	7.125000	-483.508057	138.825821
358	176.046234	-167.969635	107.517181	-176.693848	0.000000	0.000000	7.125000	-58.486202	181.426788
359	130.657425	-20.191114	64.699158	-173.905548	0.000000	0.000000	7.125000	-0.293208	122.383270
360	-1275.271362	507.343842	-232.741409	96.595932	0.000000	0.000000	7.125000	492.398376	-145.590591
361	1171.370361	461.225433	186.753159	65.773827	0.000000	0.000000	7.125000	-586.925842	-208.077621
362	-962.201294	1286.891113	-136.135590	159.895981	0.000000	0.000000	7.125000	330.090851	-419.025665
363	-84.072029	1355.375732	-43.622284	211.541870	0.000000	0.000000	7.125000	85.854446	-530.423645
364	-386.505615	587.573730	-118.689812	147.062103	0.000000	0.000000	7.125000	294.192474	-392.844208
365	-354.071777	516.268860	-75.704140	179.621567	0.000000	0.000000	7.125000	52.387665	-290.325684
366	624.245483	-334.909332	185.390091	-104.790665	0.000000	0.000000	7.125000	-398.291565	308.473175
367	-17.976322	-34.798214	112.265518	158.244751	0.000000	0.000000	7.125000	-31.846285	-161.887817
368	-1285.647949	355.217438	-193.010117	74.773132	0.000000	0.000000	7.125000	601.704590	-142.489975
369	720.542480	897.715881	104.213486	131.767746	0.000000	0.000000	7.125000	-325.531433	-480.995453
370	-512.920837	1415.522095	-43.383675	205.460312	0.000000	0.000000	7.125000	61.721130	-515.642456
371	-1163.202637	-619.027222	-167.288773	-131.839020	0.000000	0.000000	7.125000	452.856110	303.242798
372	407.241730	-1295.684814	54.060490	-193.584717	0.000000	0.000000	7.125000	41.863003	522.265686
373	38.816368	-1049.349487	-1.691502	-215.972168	0.000000	0.000000	7.125000	-24.135326	514.336731
374	-288.869690	-1432.803345	-37.477859	-197.467651	0.000000	0.000000	7.125000	36.461952	487.501709
375	749.536621	276.924286	191.371780	100.153633	0.000000	0.000000	7.125000	-144.429123	-103.133621
376	416.467407	240.632141	158.646759	91.149475	0.000000	0.000000	7.125000	-119.872894	-147.990646
377	-602.851562	644.739746	-113.112213	115.962616	0.000000	0.000000	7.125000	182.335098	-233.174942
378	149.925537	546.875244	46.904625	201.614227	0.000000	0.000000	7.125000	-85.280052	-373.045746
379	521.249939	1314.192383	84.207397	195.626602	0.000000	0.000000	7.125000	-135.852814	-471.418274
380	-227.018066	-1059.884399	-58.564217	-167.008774	0.000000	0.000000	7.125000	73.761459	442.590485
381	154.227036	-1299.405518	7.704463	-200.843262	0.000000	0.000000	7.125000	-56.642166	493.399719
382	10.934090	-1267.764038	-4.697092	-197.940903	0.000000	0.000000	7.125000	3.356625	481.789490
383	194.576340	257.741547	167.191635	58.043816	0.000000	0.000000	7.125000	-201.133240	-93.899582
384	614.204407	-250.840164	189.153641	-58.108406	0.000000	0.000000	7.125000	-327.167969	9.952439
385	-197.796143	-1309.934937	-33.492645	-219.451874	0.000000	0.000000	7.125000	39.051022	482.542969
386	-205.767517	66.897865	-196.832520	40.593185	0.000000	0.000000	7.125000	232.717728	-34.245949
387	-476.372131	-1249.729492	-80.359474	-177.658340	0.000000	0.000000	7.125000	122.155975	445.215881
388	39.499756	1106.532715	19.293949	227.178070	0.000000	0.000000	7.125000	-56.344795	-321.151001
389	-659.780884	1321.997681	-106.757431	191.210266	0.000000	0.000000	7.125000	229.164246	-479.600281
390	721.193909	1193.096191	112.597946	155.508377	0.000000	0.000000	7.125000	-245.258240	-448.180817
391	49.470909	9.462551	36.987457	-218.452057	0.000000	0.000000	7.125000	46.667305	97.976700
392	82.296783	764.377808	-4.929508	194.916656	0.000000	0.000000	7.125000	87.019608	-434.475403
393	-601.131775	-1283.798340	-95.805542	-169.831329	0.000000	0.000000	7.125000	188.821121	467.413239
394	-147.353638	1050.550293	-51.515114	178.722107	0.000000	0.000000	7.125000	79.998055	-275.556396
395	1189.209595	536.728516	164.312668	99.324455	0.000000	0.000000	7.125000	-333.035675	-178.136963
396	1396.489746	-301.733032	206.924652	-35.757957	0.000000	0.000000	7.125000	-542.398376	67.162369
397	921.224060	-103.520042	203.612015	-11.253877	0.000000	0.000000	7.125000	-356.820831	-37.982548
398	-237.130722	-632.776489	-66.860687	-195.889435	0.000000	0.000000	7.125000	73.661697	242.695496
399	-1193.527100	-775.321228	-156.225143	-95.262466	0.000000	0.000000	7.125000	432.775970	173.845871
400	1064.793457	-63.138840	213.227448	-34.426151	0.000000	0.000000	7.125000	-364.617950	11.772214
401	-630.821350	-861.842529	-112.053864	-174.047974	0.000000	0.000000	7.125000	307.878693	406.117889
402	1279.188232	161.701523	187.629135	40.710831	0.000000	0.000000	7.125000	-438.886353	-47.358032
403	-725.662598	273.596283	-197.895508	-6.426170	0.000000	0.000000	7.125000	389.933411	9.830707
404	-290.697876	144.026886	-204.481628	31.857689	0.000000	0.000000	7.125000	245.878296	0.595344
405	-158.802246	-858.464355	-42.651955	-168.683258	0.000000	0.000000	7.125000	34.686249	272.802521
406	-222.159912	1272.438354	-27.574421	193.020004	0.000000	0.000000	7.125000	6.334404	-427.688660
407	552.286865	1416.859863	73.705917	209.405060	0.000000	0.000000	7.125000	-158.196915	-536.133606
408	338.782471	780.546448	62.995583	145.974243	0.000000	0.000000	7.125000	-141.744141	-484.810394
409	1070.892822	-1185.662842	148.135803	-140.255066	0.000000	0.000000	7.125000	-365.848480	328.896820
410	610.056396	1114.109131	121.492722	160.117569	0.000000	0.000000	7.125000	-652.725525	-997.007812
411	912.297363	904.036011	156.079193	140.490036	0.000000	0.000000	7.125000	-305.412354	-287.163177
412	-594.376709	213.585266	-186.085464	75.970573	0.000000	0.000000	7.125000	1180.490479	-424.976379
413	-600.804626	802.151978	-152.114929	135.919312	0.000000	0.000000	7.125000	568.346191	-426.241669
414	1386.242798	-549.584473	178.721146	-91.976540	0.000000	0.000000	7.125000	-527.445557	234.797348
415	1057.816772	810.622070	165.706253	113.763451	0.000000	0.000000	7.125000	-552.359009	-348.692596
416	625.331787	-567.855347	112.461548	-155.574554	0.000000	0.000000	7.125000	-93.645943	266.002747
417	-1275.016602	335.913361	-188.290161	61.188614	0.000000	0.000000	7.125000	499.975189	-92.444687
418	845.132202	-541.095764	144.345901	-97.157883	0.000000	0.000000	7.125000	-290.998901	190.704849
419	-867.234192	-893.634888	-156.652954	-121.082199	0.000000	0.000000	7.125000	688.009033	416.591431
420	793.987793	235.847504	202.462036	55.758995	0.000000	0.000000	7.125000	-382.503784	-110.082420
421	-364.843292	-1007.720886	-54.759018	-212.039001	0.000000	0.000000	7.125000	200.775803	781.184265
422	121.719772	-1050.911621	4.860640	-173.924774	0.000000	0.000000	7.125000	-50.281590	453.307648
423	-1029.097168	-923.390137	-166.576523	-151.248169	0.000000	0.000000	7.125000	364.192841	263.839050
424	1331.730957	-1155.387207	179.989197	-149.530487	0.000000	0.000000	7.125000	-363.562042	369.879425
425	-808.627380	847.790894	-160.608414	148.882019	0.000000	0.000000	7.125000	249.930710	-231.852509
426	1050.656616	-1142.143066	146.022980	-142.454041	0.000000	0.000000	7.125000	-322.249420	327.854065
427	129.662674	-963.058228	11.689186	-230.675201	0.000000	0.000000	7.125000	-69.440262	337.579407
428	461.014130	742.054565	102.106392	190.340759	0.000000	0.000000	7.125000	-214.002625	-367.778748
429	1470.583496	330.360443	207.058609	49.953629	0.000000	0.000000	7.125000	-523.434631	-99.117981
430	-1290.183594	1008.960754	-166.427414	132.923798	0.000000	0.000000	7.125000	386.254425	-274.547363
431	-457.037994	643.588745	-79.292549	191.070312	0.000000	0.000000	7.125000	44.886311	-325.725586
432	-944.703491	-334.259247	-180.940109	-43.088058	0.000000	0.000000	7.125000	699.122009	135.155106
433	-388.553772	1374.704224	-54.418503	199.718750	0.000000	0.000000	7.125000	96.543892	-418.197083
434	397.703827	48.679764	189.633148	30.012119	0.000000	0.000000	7.125000	-404.150543	-98.923340
435	-976.076721	-73.895638	-214.645096	-24.153820	0.000000	0.000000	7.125000	312.795288	192.304276
436	-1080.582275	526.881714	-198.601044	68.191757	0.000000	0.000000	7.125000	448.763397	-96.990120
437	540.025146	278.119934	168.956924	103.233627	0.000000	0.000000	7.125000	-251.779938	-168.302307
438	719.507324	1056.224609	118.535080	184.145462	0.000000	0.000000	7.125000	-259.755005	-441.388306
439	516.690796	444.156921	152.946640	94.906105	0.000000	0.000000	7.125000	-235.886475	-151.876968
440	1206.299194	-1284.725464	153.558441	-160.320786	0.000000	0.000000	7.125000	-384.638062	397.366211
441	-313.094910	1086.707031	-30.689159	180.401230	0.000000	0.000000	7.125000	56.399921	-492.613892
442	-1057.020630	1182.851685	-141.981079	146.462036	0.000000	0.000000	7.125000	394.270660	-439.655060
443	-1028.852539	688.381348	-175.360748	109.989044	0.000000	0.000000	7.125000	358.764160	-217.281006
444	482.403687	-873.158447	91.918121	-178.735779	0.000000	0.000000	7.125000	-162.919998	399.168579
445	-473.919922	546.390503	-149.542206	159.989777	0.000000	0.000000	7.125000	274.985687	-341.114899
446	-1453.273193	769.132324	-211.411957	107.094826	0.000000	0.000000	7.125000	381.877625	-169.445358
447	-303.833649	-784.728699	-57.049965	-161.196213	0.000000	0.000000	7.125000	69.587517	400.230377
448	-948.868835	538.587463	-161.638092	114.346809	0.000000	0.000000	7.125000	254.653778	-145.918182
449	-909.781006	853.122498	-143.112518	145.369690	0.000000	0.000000	7.125000	306.640839	-356.370239
450	-734.125244	-622.054504	-205.687820	-98.132225	0.000000	0.000000	7.125000	241.587372	18.775322
451	-507.605469	-493.868652	-181.700089	-92.587326	0.000000	0.000000	7.125000	446.364197	186.234436
452	-1227.278931	1182.252808	-148.471130	152.726044	0.000000	0.000000	7.125000	343.376892	-347.454010
453	-1206.256836	420.810669	-164.183151	80.812668	0.000000	0.000000	7.125000	404.339661	-99.187447
454	815.693665	826.276489	139.658798	131.739532	0.000000	0.000000	7.125000	-272.344452	-329.912811
455	-361.323486	860.831177	-49.565994	204.062103	0.000000	0.000000	7.125000	54.325039	-346.105072
456	839.317688	989.563965	129.795227	141.479309	0.000000	0.000000	7.125000	-276.232849	-342.239594
457	469.611542	1117.998901	81.760834	170.388794	0.000000	0.000000	7.125000	-210.006287	-601.119873
458	685.566345	1267.514526	134.579315	172.767609	0.000000	0.000000	7.125000	-196.665558	-276.253967
459	337.151428	-183.050690	196.310120	-42.897572	0.000000	0.000000	7.125000	-164.364029	-24.910976
460	-1085.023438	1168.973999	-151.988541	136.071564	0.000000	0.000000	7.125000	368.182281	-318.585052
461	-783.481323	-1042.413574	-113.528183	-147.316132	0.000000	0.000000	7.125000	201.400772	343.652283
462	543.461975	-39.783875	169.283020	51.693779	0.000000	0.000000	7.125000	-202.446899	-82.941254
463	-886.690979	959.090698	-131.613159	175.011078	0.000000	0.000000	7.125000	175.432022	-378.358551
464	-601.366333	-248.865891	-192.489716	-57.627319	0.000000	0.000000	7.125000	354.622223	52.146973
465	471.136963	346.733582	160.392166	115.829453	0.000000	0.000000	7.125000	-222.989563	-222.173492
466	825.986023	1014.593384	105.861214	141.841522	0.000000	0.000000	7.125000	-256.392517	-472.237885
467	1261.022827	963.817017	169.141388	124.459183	0.000000	0.000000	7.125000	-471.484161	-307.674133
468	968.903198	1112.308350	119.535645	142.492813	0.000000	0.000000	7.125000	-303.867615	-442.567383
469	456.341980	924.775940	89.520142	196.573624	0.000000	0.000000	7.125000	-157.254059	-341.468140
470	608.425415	-1123.589844	91.895508	-158.217133	0.000000	0.000000	7.125000	-157.447433	468.875244
471	24.971762	386.053314	11.370792	197.653320	0.000000	0.000000	7.125000	-40.221478	-241.693771
472	1183.039062	-785.867554	157.418594	-120.094925	0.000000	0.000000	7.125000	-408.282166	323.706543
473	58.327835	666.527649	11.372477	188.657349	0.000000	0.000000	7.125000	-24.935499	-297.147308
474	-1274.606079	-859.484741	-164.745087	-144.280670	0.000000	0.000000	7.125000	456.587097	328.740784
475	-853.385681	-903.668579	-137.861389	-166.280624	0.000000	0.000000	7.125000	634.200500	838.658630
476	-1085.426147	-408.836243	-165.248596	-63.312550	0.000000	0.000000	7.125000	461.242950	94.233765
477	-1018.894287	704.557861	-193.572647	120.472427	0.000000	0.000000	7.125000	741.333435	-396.016083
478	1244.980713	-283.132385	208.375809	-44.141712	0.000000	0.000000	7.125000	-514.988586	93.396080
479	-116.126129	-967.507629	11.581355	-212.684036	0.000000	0.000000	7.125000	-24.220167	463.644745
480	962.896057	-1069.441650	150.806046	-146.142120	0.000000	0.000000	7.125000	-391.458282	369.188324
481	1092.894165	739.861450	208.710449	151.612625	0.000000	0.000000	7.125000	-357.927124	-303.716461
482	-1018.859863	739.643066	-166.066315	96.360924	0.000000	0.000000	7.125000	496.500702	-271.900269
483	73.243675	1369.126953	15.861265	203.380249	0.000000	0.000000	7.125000	-19.981049	-563.034790
484	627.045959	-1247.871826	122.799683	-202.661560	0.000000	0.000000	7.125000	-158.283371	388.217468
485	686.133911	68.509460	206.752518	7.956547	0.000000	0.000000	7.125000	-368.032318	-163.042160
486	-1168.264648	-957.300049	-182.350494	-156.038879	0.000000	0.000000	7.125000	427.029816	386.511353
487	-840.309875	-874.218323	-123.448586	-135.090424	0.000000	0.000000	7.125000	586.128784	556.397949
488	-109.336098	289.471649	-91.291573	172.216125	0.000000	0.000000	7.125000	84.961418	-308.303009
489	948.690735	33.964554	206.903885	4.907807	0.000000	0.000000	7.125000	-463.683502	-66.993805
490	877.999573	1344.161865	112.911530	198.066544	0.000000	0.000000	7.125000	-196.184525	-476.542236
491	269.502289	762.376953	53.974754	168.564529	0.000000	0.000000	7.125000	-150.070023	-333.561615
492	-782.122314	582.789185	-146.097839	138.041412	0.000000	0.000000	7.125000	275.436249	-275.103516
493	53.923248	-1250.350098	2.558888	-203.973740	0.000000	0.000000	7.125000	-46.123363	462.086945
494	-789.779785	-1242.412720	-109.093231	-165.203400	0.000000	0.000000	7.125000	190.723557	488.031036
495	-470.507416	-1192.698853	-84.135025	-179.215027	0.000000	0.000000	7.125000	144.903137	481.485779
496	-852.662048	-1221.846191	-118.981812	-173.015900	0.000000	0.000000	7.125000	251.451660	489.182159
497	691.051270	-623.002869	123.192062	-139.354065	0.000000	0.000000	7.125000	-110.708084	199.608261
498	1225.908203	-870.567688	178.184677	-160.724380	0.000000	0.000000	7.125000	-350.121948	302.746674
499	-835.263855	-24.186676	-209.985947	1.965110	0.000000	0.000000	7.125000	396.307983	-18.908564
500	-280.291962	1202.405151	-36.612900	182.354980	0.000000	0.000000	7.125000	63.256744	-518.888611
501	-1330.842163	342.080475	-192.460373	31.333168	0.000000	0.000000	7.125000	521.212097	-41.927704
502	-782.730347	-1152.962158	-126.375023	-163.934448	0.000000	0.000000	7.125000	264.944183	424.780823
503	486.264191	361.015839	161.586151	129.378815	0.000000	0.000000	7.125000	-262.957581	-209.348251
504	760.105835	-145.460541	199.657440	-64.940170	0.000000	0.000000	7.125000	-293.457123	52.838211
505	-1107.826904	-141.015656	-215.547211	-13.940250	0.000000	0.000000	7.125000	1726.366455	193.228546
506	-413.665314	804.231445	-120.645157	160.752411	0.000000	0.000000	7.125000	197.754639	-359.342529
507	-823.687317	147.425323	-202.908371	54.074272	0.000000	0.000000	7.125000	412.549561	-50.297295
508	-15.301773	787.855225	-23.863976	211.657532	0.000000	0.000000	7.125000	6.694949	-367.547119
509	344.740601	433.025299	132.439713	117.418106	0.000000	0.000000	7.125000	-213.472855	-200.242355
510	778.504883	1248.878784	114.263260	176.181274	0.000000	0.000000	7.125000	-252.212799	-498.696228
511	439.715210	1553.953857	80.032784	213.487885	0.000000	0.000000	7.125000	-196.919647	-595.644348
512	1259.353149	-192.489532	187.422791	-41.665833	0.000000	0.000000	7.125000	-507.250793	91.249100
513	-617.858643	827.345093	-153.394897	134.483383	0.000000	0.000000	7.125000	351.980713	-308.273285
514	313.424957	-45.057922	182.345245	-49.702988	0.000000	0.000000	7.125000	-279.663269	49.988316
515	-633.143738	-1222.703491	-91.994438	-168.519958	0.000000	0.000000	7.125000	195.834412	473.592987
516	-138.474213	-758.639160	-56.114449	-196.122498	0.000000	0.000000	7.125000	88.653763	345.324921
517	367.359131	347.767944	148.712341	143.845551	0.000000	0.000000	7.125000	-94.231331	-220.892380
518	-300.511139	-651.636475	-102.198769	-169.494873	0.000000	0.000000	7.125000	126.038811	465.115173
519	-428.154358	-1070.320923	-99.275078	-160.819412	0.000000	0.000000	7.125000	211.187302	428.131805
520	611.719177	-473.188232	187.053055	-107.917419	0.000000	0.000000	7.125000	-379.944519	277.363953
521	164.656815	-1489.464233	40.451370	-224.379761	0.000000	0.000000	7.125000	-69.154739	591.227295
522	-891.247009	723.482971	-121.473564	107.182724	0.000000	0.000000	7.125000	354.327728	-311.691925
523	177.801743	157.623810	146.845795	108.943115	0.000000	0.000000	7.125000	-190.292984	-318.415161
524	323.741669	-673.132629	92.378723	-178.490479	0.000000	0.000000	7.125000	-132.564819	358.892212
525	-841.325562	-234.553894	-186.375549	-57.316952	0.000000	0.000000	7.125000	442.078308	114.221992
526	-671.164307	1168.678101	-124.039642	173.132095	0.000000	0.000000	7.125000	263.839874	-471.309418
527	-383.963806	-876.625488	-73.201126	-187.174591	0.000000	0.000000	7.125000	123.189789	348.670532
528	-632.153625	247.789703	-180.338287	74.159866	0.000000	0.000000	7.125000	405.979401	-274.285553
529	1041.189453	1194.754639	149.776520	151.441208	0.000000	0.000000	7.125000	-432.862457	-528.736694
530	-1220.143799	-667.785645	-164.635834	-109.971748	0.000000	0.000000	7.125000	316.223053	173.381180
531	1177.359741	-65.390831	173.797348	-8.286427	0.000000	0.000000	7.125000	-531.841064	-46.469490
532	-214.523499	422.305359	-71.369698	184.428436	0.000000	0.000000	7.125000	5.121722	-218.894028
533	-1080.509155	851.681824	-158.127289	124.083267	0.000000	0.000000	7.125000	318.926849	-238.886353
534	1142.235596	-435.707733	189.690186	-66.471176	0.000000	0.000000	7.125000	-392.865845	149.113129
535	1246.534058	346.988892	194.615967	61.139832	0.000000	0.000000	7.125000	-447.801697	-96.870270
536	575.448425	255.854111	206.783295	8.317635	0.000000	0.000000	7.125000	-163.790482	13.626987
537	455.063538	1021.064758	96.929031	182.896484	0.000000	0.000000	7.125000	-179.032135	-389.013763
538	-460.544159	-717.865234	-124.349434	-180.272552	0.000000	0.000000	7.125000	166.135910	253.334167
539	-132.163940	1054.743286	-29.452084	165.382874	0.000000	0.000000	7.125000	31.489414	-397.229370
540	268.625458	379.943634	82.622498	173.177963	0.000000	0.000000	7.125000	-81.713493	-316.487488
541	-344.916626	978.716309	-80.526802	203.641617	0.000000	0.000000	7.125000	110.975082	-334.944031
542	89.110252	703.487427	12.772161	182.553711	0.000000	0.000000	7.125000	-22.367128	-262.410431
543	1231.748901	777.272827	168.703369	109.265221	0.000000	0.000000	7.125000	-484.324677	-257.316711
544	-536.895874	1244.117676	-74.538078	193.113358	0.000000	0.000000	7.125000	193.545166	-541.456116
545	726.272400	-423.015259	187.601486	-87.485191	0.000000	0.000000	7.125000	-190.494461	92.138306
546	-1048.170410	388.188660	-155.841736	83.902298	0.000000	0.000000	7.125000	415.422302	-93.163391
547	926.638794	-5.106997	176.162003	17.128025	0.000000	0.000000	7.125000	-335.419342	-52.541634
548	-347.646637	1228.121094	-56.123947	174.181213	0.000000	0.000000	7.125000	124.273087	-419.419525
549	-510.577179	-454.291321	-104.406906	-157.530075	0.000000	0.000000	7.125000	151.637314	313.422272
550	-566.491516	-808.605225	-143.952621	-180.661224	0.000000	0.000000	7.125000	158.898758	280.432312
551	999.828125	-1133.670410	137.699982	-150.511871	0.000000	0.000000	7.125000	-244.680542	300.630432
552	716.561279	399.756592	173.312973	58.740204	0.000000	0.000000	7.125000	-371.984406	-140.908508
553	997.436340	-1087.419922	153.195404	-147.985321	0.000000	0.000000	7.125000	-396.636627	352.700653
554	870.285950	-577.624939	160.822571	-87.321724	0.000000	0.000000	7.125000	-369.292755	187.784668
555	-1364.623169	-147.263245	-213.988358	-29.404104	0.000000	0.000000	7.125000	498.146027	84.277802
556	1185.433105	25.540257	191.958160	-4.006933	0.000000	0.000000	7.125000	-539.235291	18.964756
557	-863.476318	-372.449921	-189.995377	-43.894711	0.000000	0.000000	7.125000	470.918121	52.207222
558	-797.330566	-869.623657	-125.319565	-157.149612	0.000000	0.000000	7.125000	259.373871	300.886108
559	-696.187256	177.885101	-178.151077	63.104126	0.000000	0.000000	7.125000	205.258667	-58.721611
560	-1108.146362	1348.408569	-142.683395	166.133789	0.000000	0.000000	7.125000	331.885742	-434.251190
561	1299.224243	-854.115112	170.181885	-112.473114	0.000000	0.000000	7.125000	-481.246490	230.816818
562	597.568787	974.334534	104.824936	181.961700	0.000000	0.000000	7.125000	-205.634827	-426.044495
563	485.901855	-1296.207642	86.881210	-191.178268	0.000000	0.000000	7.125000	-137.711563	381.198486
564	798.889893	-1352.499146	122.652206	-181.408371	0.000000	0.000000	7.125000	-284.154572	572.542786
565	-496.014587	-1277.726562	-88.745064	-200.188751	0.000000	0.000000	7.125000	93.159546	337.783081
566	-554.945068	-635.275696	-108.311798	-158.531311	0.000000	0.000000	7.125000	217.531494	319.888123
567	-886.138672	-1020.418884	-112.762543	-144.108612	0.000000	0.000000	7.125000	520.459839	850.564941
568	764.465820	-1020.780701	110.648170	-153.216995	0.000000	0.000000	7.125000	-204.926529	388.770538
569	-825.990601	525.553772	-140.670792	102.405716	0.000000	0.000000	7.125000	292.670929	-189.551346
570	-244.686478	-479.358154	-128.463028	-154.566132	0.000000	0.000000	7.125000	162.554810	259.527069
571	-781.491272	-397.308655	-149.487411	-100.261429	0.000000	0.000000	7.125000	368.062653	184.758896
572	820.265259	-425.992615	192.654663	-75.714500	0.000000	0.000000	7.125000	-351.291016	145.329437
573	421.921051	-1209.908447	82.212311	-183.402176	0.000000	0.000000	7.125000	-262.579041	787.366150
574	306.742432	1569.763550	33.093842	231.646332	0.000000	0.000000	7.125000	-53.076637	-548.134399
575	575.747986	658.947388	155.849396	157.980164	0.000000	0.000000	7.125000	-212.706604	-320.693390
576	1218.222290	383.397400	184.323700	63.624260	0.000000	0.000000	7.125000	-357.934937	-138.406616
577	1097.676147	542.939819	200.142548	72.856010	0.000000	0.000000	7.125000	-448.668762	-105.705254
578	-155.426758	55.615524	-44.808868	185.586334	0.000000	0.000000	7.125000	-10.536952	-179.667526
579	405.182556	-687.412720	147.513153	-165.895401	0.000000	0.000000	7.125000	-268.591858	307.836792
580	286.175629	-1212.614258	29.248081	-183.681549	0.000000	0.000000	7.125000	-40.366352	496.511688
581	-317.094727	1169.676025	-34.090439	195.013275	0.000000	0.000000	7.125000	29.608957	-415.818970
582	-851.220581	279.891144	-181.505981	71.195251	0.000000	0.000000	7.125000	134.475479	-30.307089
583	1124.253296	-806.900696	135.695023	-118.258545	0.000000	0.000000	7.125000	-417.693542	317.372467
584	425.037933	-837.503784	95.349037	-187.105072	0.000000	0.000000	7.125000	-97.310699	265.829712
585	850.088379	1469.371826	106.041931	195.028381	0.000000	0.000000	7.125000	-226.653091	-513.667725
586	256.158386	1103.763184	11.465816	191.648697	0.000000	0.000000	7.125000	25.957165	-1296.540405
587	-549.255249	-339.885773	-154.813354	-103.095848	0.000000	0.000000	7.125000	284.139435	190.319336
588	-547.953247	1139.087280	-68.640350	166.398224	0.000000	0.000000	7.125000	174.858047	-459.317444
589	-241.132751	929.557556	-43.368862	193.136780	0.000000	0.000000	7.125000	66.466675	-949.052734
590	1166.414062	-1095.667603	145.897141	-159.278564	0.000000	0.000000	7.125000	-426.479675	550.870422
591	-113.614418	823.145386	10.718571	176.667770	0.000000	0.000000	7.125000	13.341399	-374.483704
592	616.523865	-345.306396	169.872986	-133.389252	0.000000	0.000000	7.125000	-269.904755	252.000275
593	17.126049	-982.999390	-34.372009	-201.069138	0.000000	0.000000	7.125000	20.926914	411.516327
594	942.985962	-861.206421	129.907867	-133.111038	0.000000	0.000000	7.125000	-280.087585	306.215363
595	-63.825562	-67.283836	-54.444717	-183.895172	0.000000	0.000000	7.125000	129.638214	215.665253
596	-1066.045288	1165.339478	-142.903152	157.944214	0.000000	0.000000	7.125000	349.421417	-444.436493
597	-503.455048	-368.247162	-136.932159	-134.582626	0.000000	0.000000	7.125000	87.379745	158.374588
598	117.729568	-269.315338	9.361835	-233.799667	0.000000	0.000000	7.125000	16.580931	318.755280
599	-157.027344	-972.853516	-38.827713	-194.151550	0.000000	0.000000	7.125000	60.905300	326.227875
600	63.735909	-1067.184814	42.143776	-211.846573	0.000000	0.000000	7.125000	-84.316154	396.510345
601	-786.262390	-861.759094	-123.451385	-147.050079	0.000000	0.000000	7.125000	226.118210	270.054626
602	-1022.352173	-165.107147	-193.317230	-42.782997	0.000000	0.000000	7.125000	340.404419	56.976543
603	-285.904358	-179.405502	-148.555450	-130.770920	0.000000	0.000000	7.125000	125.994156	151.692963
604	-390.784088	1236.550049	-77.211990	214.528076	0.000000	0.000000	7.125000	204.776337	-531.343201
605	-592.359619	-777.607666	-132.452774	-155.134750	0.000000	0.000000	7.125000	279.469208	239.898087
606	992.847290	1006.072815	157.475327	134.352127	0.000000	0.000000	7.125000	-304.549469	-270.729156
607	-1157.746216	246.392639	-210.254974	49.485535	0.000000	0.000000	7.125000	462.350250	-114.520828
608	-1009.793213	54.382660	-201.502380	31.817184	0.000000	0.000000	7.125000	339.048492	-65.532814
609	727.951294	-1394.648926	120.272583	-193.673309	0.000000	0.000000	7.125000	-229.405533	514.417725
610	591.283813	-664.985046	113.347763	-154.948563	0.000000	0.000000	7.125000	-113.759537	160.546509
611	60.535618	1154.081665	8.138937	221.830475	0.000000	0.000000	7.125000	8.682544	-318.665894
612	-875.298218	981.220459	-126.919350	151.968750	0.000000	0.000000	7.125000	289.061951	-359.565094
613	-1040.888550	665.482239	-165.915222	90.491608	0.000000	0.000000	7.125000	327.246216	-89.208778
614	-812.414551	331.007965	-166.549820	50.355370	0.000000	0.000000	7.125000	290.148499	-86.858521
615	1080.774292	922.474731	178.227097	142.191650	0.000000	0.000000	7.125000	-418.006653	-273.352570
616	764.898621	-1309.656372	99.090027	-174.855087	0.000000	0.000000	7.125000	-187.732727	520.054199
617	999.156372	1120.071899	131.156052	152.307709	0.000000	0.000000	7.125000	-347.377686	-468.644897
618	-242.398407	-605.572449	-61.555885	-159.531143	0.000000	0.000000	7.125000	68.852570	278.400604
619	-562.944336	633.339417	-66.675903	147.641129	0.000000	0.000000	7.125000	129.296265	-337.705139
620	-1089.571167	646.981384	-174.563507	79.904480	0.000000	0.000000	7.125000	418.923248	-142.361832
621	-1114.996948	-1405.198120	-145.982071	-171.206635	0.000000	0.000000	7.125000	267.405273	369.418488
622	86.464134	-883.242615	8.047764	-194.828125	0.000000	0.000000	7.125000	-29.892942	435.403564
623	618.499329	436.682373	113.558975	187.225708	0.000000	0.000000	7.125000	-188.796280	-283.064972
624	696.217163	-362.998291	201.876312	-84.876488	0.000000	0.000000	7.125000	-220.828400	96.584206
625	788.478333	-277.929810	222.961319	-70.861816	0.000000	0.000000	7.125000	-427.247040	56.089661
626	626.880737	-968.593689	129.218979	-194.964508	0.000000	0.000000	7.125000	-107.351700	379.418274
627	-863.149536	1126.930176	-124.354179	154.056747	0.000000	0.000000	7.125000	268.696808	-415.382874
628	-1068.145020	-291.633667	-175.334595	-62.009819	0.000000	0.000000	7.125000	367.716370	79.922554
629	118.777931	-552.949951	52.539940	-187.642563	0.000000	0.000000	7.125000	-19.284300	275.129852
630	1263.196167	-109.515312	193.080933	-43.843239	0.000000	0.000000	7.125000	-409.523621	60.929867
631	-1208.600586	936.939453	-183.197906	119.977921	0.000000	0.000000	7.125000	440.250183	-258.184479
632	-349.910004	-1177.962646	-37.193764	-185.300674	0.000000	0.000000	7.125000	65.195717	515.076782
633	637.407959	905.031372	99.084618	195.300735	0.000000	0.000000	7.125000	-155.141724	-367.137421
634	-320.435394	-1409.430298	-78.295906	-198.050323	0.000000	0.000000	7.125000	98.787285	464.173615
635	549.874268	-263.678925	180.491882	-107.324455	0.000000	0.000000	7.125000	-100.650841	86.244095
636	495.741119	746.029541	135.345764	140.345032	0.000000	0.000000	7.125000	-232.011429	-311.871246
637	-62.006054	-657.217957	-27.430613	-186.962448	0.000000	0.000000	7.125000	4.999104	285.723724
638	994.139160	-1082.132080	131.392563	-148.095276	0.000000	0.000000	7.125000	-444.937012	594.502747
639	1259.383545	466.892883	197.970917	70.044266	0.000000	0.000000	7.125000	-1000.187500	-391.606689
640	-15.664278	514.051575	-41.326530	178.092438	0.000000	0.000000	7.125000	1.407235	-279.570953
641	-1253.342407	-973.846558	-166.580643	-137.475937	0.000000	0.000000	7.125000	426.241302	264.643951
642	1233.280762	-666.129517	187.768875	-106.765190	0.000000	0.000000	7.125000	-499.114594	299.164642
643	1230.807129	-951.865234	149.114990	-139.210663	0.000000	0.000000	7.125000	-407.610657	355.268372
644	601.752136	292.864502	221.080185	41.702999	0.000000	0.000000	7.125000	-305.117676	-76.490280
645	-377.926575	143.401611	-154.041672	146.915817	0.000000	0.000000	7.125000	125.005363	-164.523499
646	1263.606079	286.795074	205.709900	23.039803	0.000000	0.000000	7.125000	-536.412292	-1.721792
647	-542.260803	-499.390686	-140.217026	-144.014160	0.000000	0.000000	7.125000	914.063599	888.175964
648	224.132172	1280.505615	22.534576	193.693451	0.000000	0.000000	7.125000	-55.461437	-575.429260
649	-903.901001	1006.463745	-137.733017	138.027283	0.000000	0.000000	7.125000	311.974823	-382.767975
650	-1157.412720	669.574646	-165.711853	84.465088	0.000000	0.000000	7.125000	586.046631	-273.423737
651	-682.080811	740.711731	-147.734314	149.239075	0.000000	0.000000	7.125000	264.408691	-236.391922
652	-44.000107	837.424683	-40.500168	221.324860	0.000000	0.000000	7.125000	56.062664	-406.008759
653	1150.243042	-342.860107	193.207733	-65.453156	0.000000	0.000000	7.125000	-324.476959	44.579075
654	846.260864	1231.384155	153.808960	164.218582	0.000000	0.000000	7.125000	-243.736206	-272.373810
655	1319.294067	-499.197418	187.396729	-87.921417	0.000000	0.000000	7.125000	-241.240295	89.132278
656	-70.010864	-1145.526611	-9.172647	-200.790070	0.000000	0.000000	7.125000	10.244227	423.143188
657	-254.345734	-155.061462	-128.312836	-126.217644	0.000000	0.000000	7.125000	104.944405	112.701027
658	-437.914520	-598.473694	-154.762604	-108.484406	0.000000	0.000000	7.125000	309.985565	171.562271
659	-7.397804	1331.573975	-23.490555	205.649963	0.000000	0.000000	7.125000	35.074219	-494.921387
660	1084.508911	1029.506714	154.795837	141.901398	0.000000	0.000000	7.125000	-330.842804	-320.355530
661	-45.809544	954.492554	17.734890	218.280731	0.000000	0.000000	7.125000	-14.910005	-534.317688
662	-448.815277	1234.577759	-58.788872	214.069519	0.000000	0.000000	7.125000	72.113525	-444.203888
663	-733.628906	1223.491333	-127.703514	159.073242	0.000000	0.000000	7.125000	285.148926	-424.899109
664	1167.698608	-693.882202	179.274231	-130.936691	0.000000	0.000000	7.125000	-353.216522	267.196869
665	977.983643	1087.431152	155.353470	166.879395	0.000000	0.000000	7.125000	-292.532806	-357.442169
666	-1226.714233	-1000.487061	-160.640350	-125.731247	0.000000	0.000000	7.125000	473.974823	285.922546
667	146.060699	32.592407	156.152618	-95.414093	0.000000	0.000000	7.125000	-98.166351	61.094467
668	1073.976440	-16.158585	197.745270	-9.900896	0.000000	0.000000	7.125000	-358.682159	61.321980
669	857.878906	402.711548	149.274857	77.075317	0.000000	0.000000	7.125000	-295.886200	-175.293655
670	-331.140686	982.774414	-97.568726	161.859619	0.000000	0.000000	7.125000	193.876205	-394.283630
671	936.308838	788.099854	155.203674	102.489960	0.000000	0.000000	7.125000	-341.554535	-217.267075
672	1107.322754	-448.306366	190.580704	-95.120140	0.000000	0.000000	7.125000	-446.142822	199.849503
673	-902.299316	-772.801392	-154.328918	-159.582138	0.000000	0.000000	7.125000	339.924469	358.982483
674	560.203735	437.512360	152.459030	106.533752	0.000000	0.000000	7.125000	-260.857971	-205.975525
675	-1243.362061	237.231842	-205.925507	41.145798	0.000000	0.000000	7.125000	297.896851	-232.582581
676	-15.048620	366.002533	-21.186714	208.881256	0.000000	0.000000	7.125000	-10.450663	-250.595917
677	-362.143524	936.674011	-53.800919	178.043015	0.000000	0.000000	7.125000	275.194641	-722.383972
678	142.414871	307.847168	-89.864281	175.013962	0.000000	0.000000	7.125000	1.082041	-79.984055
679	1184.329102	-515.124390	197.276413	-101.812820	0.000000	0.000000	7.125000	-478.727051	225.834839
680	629.398438	508.448944	152.832611	95.081047	0.000000	0.000000	7.125000	-261.167450	-153.034454
681	-966.050903	890.780945	-163.119568	136.970825	0.000000	0.000000	7.125000	455.665161	-362.504059
682	635.290710	551.219727	135.844208	108.712402	0.000000	0.000000	7.125000	-258.073395	-252.962952
683	-763.281738	392.290283	-174.016953	94.453003	0.000000	0.000000	7.125000	352.602844	-178.487991
684	-586.220581	-1084.606201	-100.109726	-145.951874	0.000000	0.000000	7.125000	222.798340	436.406616
685	-666.421448	-119.954865	-164.953506	3.718437	0.000000	0.000000	7.125000	286.960846	7.816572
686	850.872070	-545.906982	134.030487	-96.233185	0.000000	0.000000	7.125000	-343.798065	268.285248
687	-757.836365	888.956421	-145.290741	171.800827	0.000000	0.000000	7.125000	266.153870	-303.534515
688	4.367119	-61.038433	216.276688	-66.672440	0.000000	0.000000	7.125000	-25.156889	-61.534794
689	1077.883301	-595.832764	156.770187	-100.095055	0.000000	0.000000	7.125000	-421.969116	239.496780
690	-970.590332	-1390.034546	-148.669342	-180.680786	0.000000	0.000000	7.125000	256.367798	391.835724
691	1064.998901	324.996918	199.084061	56.689610	0.000000	0.000000	7.125000	-433.215210	-99.773308
692	478.064270	-990.918396	104.632492	-182.063065	0.000000	0.000000	7.125000	-178.890137	382.574890
693	-78.083847	-1079.956665	-13.238621	-209.567261	0.000000	0.000000	7.125000	-4.994511	430.131683
694	733.026611	-454.966583	145.463379	-125.312775	0.000000	0.000000	7.125000	-249.880463	221.077087
695	-74.083252	-61.987415	-125.171371	-179.554077	0.000000	0.000000	7.125000	-39.910610	-61.492336
696	1204.015503	277.847076	171.687759	54.065437	0.000000	0.000000	7.125000	-495.557190	-169.762634
697	-426.250458	1018.691284	-142.807343	162.047913	0.000000	0.000000	7.125000	265.721924	-344.528076
698	-455.092987	171.993622	-206.322632	14.264263	0.000000	0.000000	7.125000	164.033493	43.831585
699	-331.311066	81.980858	-150.591476	103.877289	0.000000	0.000000	7.125000	146.757904	-126.800995
700	371.412506	695.778748	68.254684	166.527267	0.000000	0.000000	7.125000	-123.214417	-485.744415
701	-1268.142822	133.548035	-215.211456	-18.408279	0.000000	0.000000	7.125000	536.914062	65.426544
702	1461.256470	-406.854065	230.144714	-67.930313	0.000000	0.000000	7.125000	-1127.132690	160.981888
703	-807.369873	48.769203	-181.906372	-19.976673	0.000000	0.000000	7.125000	164.281128	-136.218552
704	995.104980	-1014.144165	141.327759	-159.305496	0.000000	0.000000	7.125000	-221.774658	383.694885
705	493.786133	1006.566284	64.597496	148.558792	0.000000	0.000000	7.125000	-130.999283	-383.299011
706	-964.301575	76.634842	-200.855194	7.628240	0.000000	0.000000	7.125000	398.240753	-21.222870
707	31.917244	977.449646	22.663731	178.562393	0.000000	0.000000	7.125000	-19.250008	-400.116577
708	421.335510	-1439.564941	81.947525	-190.077576	0.000000	0.000000	7.125000	-176.329697	561.718323
709	-1361.322510	-326.011536	-192.748047	-29.547607	0.000000	0.000000	7.125000	514.669006	73.165321
710	-446.598755	62.454586	-206.348236	-16.249062	0.000000	0.000000	7.125000	255.081589	38.364017
711	1208.490967	-322.546539	206.748047	-88.770416	0.000000	0.000000	7.125000	-517.281555	221.176056
712	-998.165222	-1047.516602	-159.249466	-145.929382	0.000000	0.000000	7.125000	430.112152	390.634003
713	-1056.942261	-38.100807	-185.927750	5.144876	0.000000	0.000000	7.125000	369.436035	-29.162878
714	580.777588	-321.631836	206.716339	-9.461809	0.000000	0.000000	7.125000	-287.305725	-44.936222
715	-1102.644531	-561.936646	-164.414490	-86.923256	0.000000	0.000000	7.125000	515.517029	145.396072
716	-772.767151	-923.902588	-148.778458	-164.768753	0.000000	0.000000	7.125000	350.636414	387.453430
717	510.674622	-1012.785034	91.295738	-158.581604	0.000000	0.000000	7.125000	-170.079498	420.864990
718	170.714401	1298.920898	6.580915	197.885483	0.000000	0.000000	7.125000	20.930571	-413.671478
719	180.030075	-343.225067	80.965149	-167.251404	0.000000	0.000000	7.125000	-55.709347	336.544220
720	-1265.362549	-722.814819	-182.552338	-90.979118	0.000000	0.000000	7.125000	452.170044	145.266495
721	-697.441772	-895.645996	-105.052109	-164.278854	0.000000	0.000000	7.125000	97.921806	274.738831
722	747.743408	1071.689697	120.826401	153.055435	0.000000	0.000000	7.125000	-353.399445	-477.983887
723	-1575.413208	-191.824036	-242.996521	0.425333	0.000000	0.000000	7.125000	644.844299	-20.193871
724	822.373779	-974.881653	110.044548	-130.860687	0.000000	0.000000	7.125000	-103.922653	394.635040
725	1360.962402	-806.932251	197.688232	-130.717133	0.000000	0.000000	7.125000	-385.949554	268.528229
726	-21.670029	1097.360352	27.223871	196.119095	0.000000	0.000000	7.125000	-100.438416	-491.045929
727	131.409424	519.825317	48.680824	185.720871	0.000000	0.000000	7.125000	-87.980377	-359.077454
728	1302.817871	391.300018	190.975159	52.251007	0.000000	0.000000	7.125000	-537.889709	-110.937477
729	-926.081360	614.831665	-189.380386	109.967941	0.000000	0.000000	7.125000	820.393494	-434.675659
730	-1132.120728	-620.643555	-182.845764	-109.237503	0.000000	0.000000	7.125000	397.779816	185.089981
731	1277.304810	-726.066223	202.101303	-84.332886	0.000000	0.000000	7.125000	-589.698914	111.941589
732	-197.352219	646.107056	-72.437386	184.183136	0.000000	0.000000	7.125000	73.832474	-319.850616
733	-310.015137	1377.705933	-38.699646	203.345306	0.000000	0.000000	7.125000	71.421021	-473.626099
734	398.461792	1449.622559	53.588341	218.517761	0.000000	0.000000	7.125000	-96.772293	-570.396179
735	-457.553497	688.095276	-139.209564	132.226837	0.000000	0.000000	7.125000	258.085236	-221.071579
736	-720.683472	318.685944	-172.761566	90.428940	0.000000	0.000000	7.125000	295.513031	-131.382645
737	1114.128784	-1147.250000	144.041534	-164.946167	0.000000	0.000000	7.125000	-189.006470	319.255859
738	61.040455	1238.791138	-4.592978	194.945282	0.000000	0.000000	7.125000	23.189804	-524.871338
739	175.883789	-417.730865	61.131378	-197.570084	0.000000	0.000000	7.125000	-14.491671	263.610016
740	-1317.682251	-127.801834	-194.573517	-12.879736	0.000000	0.000000	7.125000	558.110840	19.551920
741	299.498413	238.464935	168.424194	120.067009	0.000000	0.000000	7.125000	-58.620743	-72.803017
742	-693.498413	-813.330872	-97.962585	-168.605804	0.000000	0.000000	7.125000	186.116852	357.455322
743	-616.748657	-600.404175	-143.179230	-118.718170	0.000000	0.000000	7.125000	314.939178	233.882416
744	842.132874	-171.449982	173.852478	-33.211262	0.000000	0.000000	7.125000	-323.004883	35.988056
745	1066.386353	1049.993408	146.520172	128.673355	0.000000	0.000000	7.125000	-402.142487	-362.979309
746	743.331360	1071.000000	83.937286	165.969559	0.000000	0.000000	7.125000	-137.906570	-309.292358
747	-772.580139	-941.530090	-120.848785	-156.841263	0.000000	0.000000	7.125000	240.403046	340.013458
748	428.120697	468.866638	134.925995	194.727234	0.000000	0.000000	7.125000	-152.765030	-326.797333
749	-1129.272339	-598.338623	-171.392349	-110.601669	0.000000	0.000000	7.125000	442.741028	169.482193
750	401.187897	-234.880569	154.455261	-150.993790	0.000000	0.000000	7.125000	-235.232162	3.267195
751	1000.602539	806.706726	131.247726	123.179596	0.000000	0.000000	7.125000	-357.823456	-298.330536
752	-1317.042847	876.795288	-174.865570	110.766533	0.000000	0.000000	7.125000	454.698700	-239.533264
753	1231.775513	93.046494	194.995209	-0.739721	0.000000	0.000000	7.125000	-457.232178	-30.278393
754	939.971985	-25.041908	200.325089	-16.124214	0.000000	0.000000	7.125000	-402.005890	-39.549519
755	938.767883	696.799194	128.611542	103.363724	0.000000	0.000000	7.125000	-313.223907	-235.747543
756	1294.337646	-127.765999	206.385880	-15.903486	0.000000	0.000000	7.125000	-527.884338	18.171741
757	-586.705750	-845.594177	-98.082031	-189.069107	0.000000	0.000000	7.125000	182.281570	384.358337
758	237.989090	389.110687	134.609940	136.818634	0.000000	0.000000	7.125000	-180.768982	-245.693329
759	283.708282	-572.159424	35.211834	-222.101700	0.000000	0.000000	7.125000	36.104477	191.621506
760	-1560.463135	-4.974409	-233.892395	-7.024994	0.000000	0.000000	7.125000	481.626892	23.670328
761	-585.694092	791.741394	-128.043106	181.337891	0.000000	0.000000	7.125000	223.797867	-398.287415
762	-158.795486	221.331680	-203.909668	70.685699	0.000000	0.000000	7.125000	119.809334	-89.001289
763	848.958130	-1109.560303	110.342987	-138.374710	0.000000	0.000000	7.125000	-223.623428	398.955200
764	-965.338135	1222.190308	-112.987762	166.211456	0.000000	0.000000	7.125000	221.652863	-476.863281
765	-793.853882	1033.582153	-148.627289	152.569504	0.000000	0.000000	7.125000	368.568512	-393.113190
766	-367.869995	-1201.575928	-68.051857	-201.802277	0.000000	0.000000	7.125000	70.938377	470.719604
767	600.649841	-598.742920	156.809586	-120.890312	0.000000	0.000000	7.125000	-220.934219	202.163834
768	1064.135376	178.843811	174.036438	32.226524	0.000000	0.000000	7.125000	-353.828918	-21.892914
769	918.840454	674.397644	159.616150	95.489639	0.000000	0.000000	7.125000	-224.284912	-122.274040
770	-1146.572388	686.064575	-179.049103	97.762039	0.000000	0.000000	7.125000	419.720795	-199.224182
771	81.235352	1264.745850	7.185964	191.862228	0.000000	0.000000	7.125000	18.500357	-522.075256
772	-867.153320	909.012390	-115.788071	153.138824	0.000000	0.000000	7.125000	208.314651	-392.358093
773	-680.789307	913.218140	-136.357452	159.706375	0.000000	0.000000	7.125000	258.399445	-337.484863
774	40.360794	587.928406	-12.900316	188.533432	0.000000	0.000000	7.125000	48.036331	-336.198029
775	-996.641541	4.584938	-214.212524	27.724817	0.000000	0.000000	7.125000	453.423889	-64.324814
776	-687.419983	81.070183	-188.372635	15.342779	0.000000	0.000000	7.125000	357.327698	-59.326038
777	-706.951904	409.949341	-163.352478	117.112106	0.000000	0.000000	7.125000	509.358307	-318.923492
778	-1021.230896	-593.227966	-145.602707	-89.619667	0.000000	0.000000	7.125000	478.311493	176.608658
779	355.604614	-949.139526	82.608490	-176.588593	0.000000	0.000000	7.125000	-76.642296	287.963165
780	-851.654541	1273.913208	-145.465897	179.433533	0.000000	0.000000	7.125000	350.625488	-582.282288
781	1172.749878	107.904297	169.597748	21.813278	0.000000	0.000000	7.125000	-406.016327	-19.712862
782	1303.213257	455.112396	178.249298	53.133659	0.000000	0.000000	7.125000	-397.279236	-87.271248
783	1148.664673	1022.964966	136.818054	138.941742	0.000000	0.000000	7.125000	-310.340759	-347.150940
784	-687.428833	914.715820	-122.452316	151.715866	0.000000	0.000000	7.125000	273.841095	-453.969208
785	785.671631	-579.139404	126.160019	-156.454453	0.000000	0.000000	7.125000	-195.435150	271.034149
786	62.651306	-900.991089	35.406227	-185.653778	0.000000	0.000000	7.125000	-55.917263	380.975891
787	-579.505127	689.657959	-118.623474	150.966324	0.000000	0.000000	7.125000	216.999374	-311.637299
788	-1354.486084	42.046822	-212.843246	8.153661	0.000000	0.000000	7.125000	534.226135	-18.365332
789	390.272308	167.040909	144.602875	129.345779	0.000000	0.000000	7.125000	-60.287781	-273.833954
790	-557.915894	810.542297	-118.291046	151.219162	0.000000	0.000000	7.125000	264.565735	-374.604156
791	-1276.176636	13.909882	-224.997986	0.808896	0.000000	0.000000	7.125000	625.596313	5.567370
792	-521.049377	-255.188843	-192.389526	-98.170349	0.000000	0.000000	7.125000	360.236023	121.966736
793	-932.997681	-404.583282	-162.706116	-61.643288	0.000000	0.000000	7.125000	547.934875	147.043777
794	596.257751	998.114624	85.133041	208.261932	0.000000	0.000000	7.125000	-167.687729	-362.675171
795	355.430267	882.102539	44.688667	192.886047	0.000000	0.000000	7.125000	-104.244026	-405.381439
796	559.835571	194.810074	174.966400	71.315651	0.000000	0.000000	7.125000	-272.802307	-180.793488
797	-199.509766	495.352936	-131.091827	167.876068	0.000000	0.000000	7.125000	150.727875	-185.718170
798	-931.291992	-596.929138	-177.274796	-106.869827	0.000000	0.000000	7.125000	377.806488	195.541824
799	415.202393	-195.251144	151.384094	-91.570084	0.000000	0.000000	7.125000	-88.203186	82.111809
800	-1031.287354	-668.332520	-175.541458	-109.696777	0.000000	0.000000	7.125000	434.270966	220.617569
801	750.471863	503.619446	143.753754	122.690430	0.000000	0.000000	7.125000	-265.655701	-259.885773
802	-123.872864	-1435.851074	-13.396173	-203.554474	0.000000	0.000000	7.125000	-7.319770	500.621307
803	-43.747292	212.836761	-113.158585	146.385315	0.000000	0.000000	7.125000	32.709309	-149.759476
804	260.385895	-1170.465942	18.547609	-194.115463	0.000000	0.000000	7.125000	-60.579479	499.042847
805	-1103.028076	707.341431	-153.125900	115.820923	0.000000	0.000000	7.125000	468.174103	-326.755951
806	979.723022	-907.985046	152.935410	-139.484085	0.000000	0.000000	7.125000	-315.604309	340.270447
807	-497.158264	-1021.683105	-86.259949	-161.383240	0.000000	0.000000	7.125000	292.998108	710.914917
808	297.153320	-18.166424	182.451996	-76.580009	0.000000	0.000000	7.125000	-92.428551	26.155670
809	293.939850	-725.927429	13.248455	-194.514023	0.000000	0.000000	7.125000	-55.800423	399.012268
810	-635.218811	-1065.261353	-102.416824	-165.936188	0.000000	0.000000	7.125000	230.982651	447.857513
811	-1406.176025	1030.367188	-178.080017	147.130280	0.000000	0.000000	7.125000	520.696350	-352.029053
812	527.685791	-204.332382	174.942169	-116.167259	0.000000	0.000000	7.125000	-190.304977	148.776321
813	157.165207	1063.690918	23.807972	172.358932	0.000000	0.000000	7.125000	-24.514832	-409.486053
814	734.087219	-984.337341	104.775650	-164.448730	0.000000	0.000000	7.125000	-255.852951	484.721161
815	-638.392456	1291.564453	-106.159935	191.546082	0.000000	0.000000	7.125000	220.664566	-459.019379
816	-346.333923	-1327.175659	-31.046993	-198.585724	0.000000	0.000000	7.125000	40.056393	473.083771
817	118.255714	1272.182739	36.261597	231.170258	0.000000	0.000000	7.125000	-85.667564	-1083.751099
818	-1169.008057	-1158.037476	-147.129990	-158.140472	0.000000	0.000000	7.125000	315.417847	351.212585
819	-313.097290	157.085159	-95.473610	141.796051	0.000000	0.000000	7.125000	61.069130	-173.611252
820	-1076.580322	-10.096983	-185.552826	12.854082	0.000000	0.000000	7.125000	404.704498	-23.992329
821	-279.041962	1216.983398	-45.398048	208.101242	0.000000	0.000000	7.125000	91.489342	-432.600952
822	466.421997	652.319763	131.501846	131.515854	0.000000	0.000000	7.125000	-232.565460	-290.214569
823	-1417.001221	-544.611572	-218.296692	-84.158134	0.000000	0.000000	7.125000	611.251282	131.601807
824	-898.961914	373.906677	-221.641586	53.465477	0.000000	0.000000	7.125000	403.019165	-103.070885
825	294.915619	-73.401566	63.500809	-180.654144	0.000000	0.000000	7.125000	-26.778624	214.684219
826	562.037292	42.938522	192.496948	76.101151	0.000000	0.000000	7.125000	-208.398193	-103.026527
827	-592.242493	-358.158875	-133.476013	-138.008026	0.000000	0.000000	7.125000	213.014175	281.247009
828	1037.621460	985.270874	154.133667	119.447495	0.000000	0.000000	7.125000	-427.069061	-341.862946
829	-872.683167	655.889160	-173.077530	96.157822	0.000000	0.000000	7.125000	273.246033	-142.590714
830	-1282.210327	-192.875931	-200.099640	-18.997822	0.000000	0.000000	7.125000	486.850067	59.953304
831	314.431030	-216.329803	144.566803	-168.304459	0.000000	0.000000	7.125000	-80.988060	169.257767
832	-102.176262	-1235.455078	-5.407595	-212.918396	0.000000	0.000000	7.125000	-30.568605	476.688354
833	-433.324707	134.413025	-201.201233	48.594398	0.000000	0.000000	7.125000	288.531311	-45.244850
834	-1061.471069	800.625183	-182.888046	136.137192	0.000000	0.000000	7.125000	280.342377	-198.755142
835	-781.456482	-563.346130	-142.493713	-109.960785	0.000000	0.000000	7.125000	330.130219	181.876160
836	-630.299194	94.682152	-207.911011	46.148777	0.000000	0.000000	7.125000	361.843964	-25.863197
837	-954.084351	-1190.563232	-117.434937	-159.386932	0.000000	0.000000	7.125000	231.459015	438.732513
838	-491.320343	-813.649292	-98.740112	-132.194519	0.000000	0.000000	7.125000	206.725525	312.613800
839	-561.306213	-184.591797	-202.318542	-66.493477	0.000000	0.000000	7.125000	301.530304	36.107151
840	763.767151	1005.556641	120.134911	168.550491	0.000000	0.000000	7.125000	-278.673706	-484.812256
841	1178.849731	-45.619934	200.838043	-35.671806	0.000000	0.000000	7.125000	-675.169006	46.293549
842	-37.622505	-1212.476685	-35.915009	-188.595795	0.000000	0.000000	7.125000	40.657856	687.619934
843	771.003357	-159.095016	172.291733	-70.047607	0.000000	0.000000	7.125000	-215.737900	53.893078
844	-1173.393921	1066.159180	-160.496399	135.427826	0.000000	0.000000	7.125000	356.207611	-331.039032
845	-1199.361206	-1183.897827	-146.915985	-166.432190	0.000000	0.000000	7.125000	300.410431	375.774475
846	-643.848511	595.142151	-143.058029	141.161270	0.000000	0.000000	7.125000	205.085251	-184.849762
847	6.971607	1117.161621	-14.024204	191.487122	0.000000	0.000000	7.125000	31.047821	-433.916901
848	748.737488	806.079773	125.887291	140.971146	0.000000	0.000000	7.125000	-155.442703	-179.530396
849	-337.417816	1266.854004	-53.145103	190.734192	0.000000	0.000000	7.125000	109.147720	-381.238953
850	12.156704	136.142349	183.386475	100.759895	0.000000	0.000000	7.125000	-69.708572	-98.910439
851	-900.684509	1014.965698	-139.102036	132.340424	0.000000	0.000000	7.125000	332.196167	-343.927948
852	-1135.924927	-400.007141	-167.761902	-93.370361	0.000000	0.000000	7.125000	458.820190	179.431351
853	879.928406	-415.705078	157.647247	-66.231331	0.000000	0.000000	7.125000	-331.451019	114.760941
854	23.691887	-764.017334	-23.799463	-184.432892	0.000000	0.000000	7.125000	4.646492	308.756622
855	867.347839	-946.439819	143.498367	-140.716003	0.000000	0.000000	7.125000	-217.814178	337.676636
856	-1391.476440	491.320862	-206.036224	64.804779	0.000000	0.000000	7.125000	602.331848	-111.746117
857	343.762756	63.548508	185.743439	-7.847076	0.000000	0.000000	7.125000	-208.151398	-27.020477
858	940.979980	-263.756927	196.217499	-65.935158	0.000000	0.000000	7.125000	-339.555634	103.110954
859	1116.623291	917.600952	149.317780	130.024933	0.000000	0.000000	7.125000	-526.927124	-520.445435
860	-701.966309	1199.674438	-77.590820	182.162384	0.000000	0.000000	7.125000	180.474457	-489.161316
861	791.195923	446.424316	166.970612	67.232788	0.000000	0.000000	7.125000	-373.815887	-170.811920
862	333.273438	-184.084503	117.800446	-140.037033	0.000000	0.000000	7.125000	-138.005325	199.587952
863	-110.767197	-174.437500	-30.340832	-192.537140	0.000000	0.000000	7.125000	71.899536	135.318710
864	-711.841064	753.500061	-100.023285	107.714249	0.000000	0.000000	7.125000	245.231323	-303.673676
865	-749.943787	879.466919	-136.053238	152.004852	0.000000	0.000000	7.125000	254.355408	-273.539429
866	-356.735718	-170.341904	-180.338531	-95.352859	0.000000	0.000000	7.125000	323.765137	157.429443
867	196.145172	-84.003700	200.579102	-59.024879	0.000000	0.000000	7.125000	-85.430489	-39.799461
868	585.724792	-302.332855	186.833984	-81.900269	0.000000	0.000000	7.125000	-335.437317	149.662292
869	1004.337036	-834.243042	139.535889	-148.794647	0.000000	0.000000	7.125000	-263.194824	353.765594
870	330.177979	388.133148	110.669601	137.987747	0.000000	0.000000	7.125000	-120.624641	-252.233414
871	-334.709381	451.985870	-114.393700	165.136536	0.000000	0.000000	7.125000	23.162411	-293.654724
872	-437.547058	-1233.517578	-87.758453	-170.757736	0.000000	0.000000	7.125000	153.429611	448.874878
873	-871.670349	-1013.322266	-120.811691	-149.216171	0.000000	0.000000	7.125000	270.345551	424.188599
874	-332.688629	-1458.159790	-27.519920	-220.270065	0.000000	0.000000	7.125000	22.518440	600.771057
875	1101.604370	425.769409	164.477570	93.089394	0.000000	0.000000	7.125000	-400.814636	-179.776245
876	-1224.049805	764.250000	-163.062958	89.476952	0.000000	0.000000	7.125000	391.647186	-178.762451
877	-344.462677	559.582153	-141.425949	155.218109	0.000000	0.000000	7.125000	301.003204	-258.273132
878	-833.170410	926.748291	-129.794174	124.711441	0.000000	0.000000	7.125000	334.302979	-351.242188
879	-1287.936401	-589.186707	-178.166962	-86.318550	0.000000	0.000000	7.125000	469.744171	149.022339
880	564.403748	-373.579224	137.516327	-91.174767	0.000000	0.000000	7.125000	-259.843109	172.728607
881	1321.236694	-870.164856	167.385223	-126.809135	0.000000	0.000000	7.125000	-505.701080	316.919006
882	676.930542	53.716404	217.511017	25.435858	0.000000	0.000000	7.125000	-409.557739	-55.717400
883	180.109436	313.599792	209.599396	7.013200	0.000000	0.000000	7.125000	-225.978485	-68.791466
884	1119.934570	4.513815	181.290131	-24.941719	0.000000	0.000000	7.125000	-460.111420	38.793415
885	726.951355	158.005051	212.881348	51.272984	0.000000	0.000000	7.125000	-364.571655	-95.306679
886	-1190.843018	-1068.071777	-145.239944	-147.493423	0.000000	0.000000	7.125000	355.925415	349.604767
887	-658.601074	-402.079529	-153.076202	-94.690918	0.000000	0.000000	7.125000	328.607422	161.838867
888	-1153.799072	-332.747009	-177.116699	-65.908905	0.000000	0.000000	7.125000	478.220184	109.017952
889	-525.808167	184.702698	-204.770248	30.183598	0.000000	0.000000	7.125000	42.722275	3.461907
890	-427.103760	-789.387939	-103.098579	-186.338120	0.000000	0.000000	7.125000	107.462379	318.342041
891	-567.926514	-336.263550	-158.939941	-70.615990	0.000000	0.000000	7.125000	369.734741	44.508930
892	-1087.454346	415.573242	-170.879318	46.076782	0.000000	0.000000	7.125000	479.519745	-48.183525
893	-1330.401001	-752.933655	-168.520065	-114.941254	0.000000	0.000000	7.125000	439.799561	211.127808
894	71.626801	-1250.746460	-0.114259	-209.980011	0.000000	0.000000	7.125000	-28.060173	553.627869
895	-268.824554	-743.812927	-46.758286	-189.284546	0.000000	0.000000	7.125000	-39.016743	410.820526
896	-381.837494	-293.901001	-148.048981	-131.447632	0.000000	0.000000	7.125000	224.772705	144.976883
897	-232.016739	-1001.816223	-71.449287	-168.475189	0.000000	0.000000	7.125000	112.235237	274.083557
898	1130.574829	1306.140259	144.736298	160.330093	0.000000	0.000000	7.125000	-341.972565	-422.502808
899	482.992065	865.911560	69.939011	146.122696	0.000000	0.000000	7.125000	-150.506317	-360.158295
900	-297.082916	-551.447205	-99.062057	-188.554321	0.000000	0.000000	7.125000	100.191048	226.347565
901	-334.267853	-50.793785	-215.035172	-92.247169	0.000000	0.000000	7.125000	218.439163	120.957626
902	-219.157364	544.785461	-130.910858	132.121124	0.000000	0.000000	7.125000	240.373505	-200.448486
903	1009.275879	82.653389	211.546219	-24.803019	0.000000	0.000000	7.125000	-493.918732	28.972168
904	1298.537354	-922.117126	174.618317	-132.170227	0.000000	0.000000	7.125000	-406.320801	281.712006
905	1003.672546	-308.811340	153.280136	-52.395622	0.000000	0.000000	7.125000	-419.778442	74.868378
906	-128.327225	-921.807983	-54.933456	-208.884094	0.000000	0.000000	7.125000	83.996902	328.086945
907	366.716095	102.980286	178.916092	-19.666983	0.000000	0.000000	7.125000	-261.091492	13.534473
908	823.387756	706.409668	143.356033	87.594345	0.000000	0.000000	7.125000	-497.533752	-221.107819
909	469.058533	-459.083282	138.471680	-137.297241	0.000000	0.000000	7.125000	-221.994293	256.679108
910	790.665283	-1077.125244	102.376457	-165.938766	0.000000	0.000000	7.125000	-194.314468	474.307159
911	169.522186	-1090.059082	55.381550	-202.554382	0.000000	0.000000	7.125000	-66.656395	434.281250
912	-86.693245	1256.070435	-10.525794	182.697021	0.000000	0.000000	7.125000	23.239908	-482.170380
913	-414.507843	-86.049095	-146.639984	-87.921822	0.000000	0.000000	7.125000	180.831253	87.123764
914	835.735352	-1062.348511	121.568710	-128.643555	0.000000	0.000000	7.125000	-218.931854	345.557983
915	-561.338623	-447.640167	-191.371429	-129.354843	0.000000	0.000000	7.125000	335.027466	179.480621
916	-254.626312	966.672241	-97.398125	179.230576	0.000000	0.000000	7.125000	125.199333	-337.949768
917	870.454285	745.233154	133.780121	111.260262	0.000000	0.000000	7.125000	-331.904053	-256.730133
918	-548.822815	374.471680	-168.355026	98.383301	0.000000	0.000000	7.125000	246.179825	-167.173874
919	-700.914917	-639.973938	-137.201447	-111.816460	0.000000	0.000000	7.125000	307.753052	228.719421
920	660.210999	-709.245972	140.805389	-155.774567	0.000000	0.000000	7.125000	-218.493546	326.229584
921	356.745392	-898.522522	69.320633	-201.403870	0.000000	0.000000	7.125000	-135.656570	425.641876
922	-80.662239	-504.498260	-26.786160	-168.873428	0.000000	0.000000	7.125000	-44.508770	292.743988
923	640.236389	-651.196411	142.142517	-150.474457	0.000000	0.000000	7.125000	-203.912521	257.601227
924	-1084.656616	-508.165833	-154.372040	-66.217827	0.000000	0.000000	7.125000	434.054169	111.101517
925	561.740234	789.475586	101.843094	159.211151	0.000000	0.000000	7.125000	-223.626358	-317.060150
926	-162.761444	-694.900635	-96.143837	-148.599564	0.000000	0.000000	7.125000	123.354530	292.825653
927	1223.919067	671.373169	148.534790	101.663803	0.000000	0.000000	7.125000	-458.294678	-260.316132
928	-578.919250	-464.447021	-154.028824	-98.809021	0.000000	0.000000	7.125000	290.203552	175.877533
929	-534.873962	-913.228638	-108.199890	-128.503937	0.000000	0.000000	7.125000	271.705444	269.492981
930	-361.001587	130.249268	-206.835541	71.596390	0.000000	0.000000	7.125000	145.606796	-98.343048
931	190.839767	776.086609	38.985844	194.087402	0.000000	0.000000	7.125000	-140.174835	-398.788666
932	-837.796875	-217.891602	-181.091766	-87.036690	0.000000	0.000000	7.125000	375.073608	75.091461
933	85.894615	377.170654	67.492996	189.148773	0.000000	0.000000	7.125000	-34.843967	-245.784378
934	1205.106323	741.335999	169.478424	96.444336	0.000000	0.000000	7.125000	-459.118591	-233.164642
935	1087.246826	682.636963	170.514008	106.411255	0.000000	0.000000	7.125000	-429.898529	-278.207031
936	1231.350708	-38.702599	191.696869	-10.749554	0.000000	0.000000	7.125000	-441.722382	34.273930
937	1253.053467	-351.466583	209.287048	-17.286776	0.000000	0.000000	7.125000	-464.049042	46.880074
938	895.319275	114.865471	199.973801	40.320969	0.000000	0.000000	7.125000	-385.506104	-77.408379
939	763.107544	884.014343	133.126755	146.557114	0.000000	0.000000	7.125000	-236.269104	-356.340576
940	1130.607788	247.127197	233.944763	4.423147	0.000000	0.000000	7.125000	-396.971069	-25.951290
941	290.504974	-821.584839	79.876060	-167.903229	0.000000	0.000000	7.125000	-257.430176	626.400696
942	929.712097	160.365921	195.371017	84.846634	0.000000	0.000000	7.125000	-391.200409	-181.081543
943	-1154.223999	-1170.517578	-154.394318	-151.023819	0.000000	0.000000	7.125000	555.706543	431.611786
944	1236.894531	-635.142761	179.632614	-75.858185	0.000000	0.000000	7.125000	-675.963135	237.429413
945	-895.643188	-511.491669	-187.450180	-107.280106	0.000000	0.000000	7.125000	240.560043	122.621819
946	1069.850830	779.279785	160.215027	140.352676	0.000000	0.000000	7.125000	-330.651306	-346.606110
947	-911.943604	-993.493591	-124.371872	-130.100388	0.000000	0.000000	7.125000	530.514893	498.695404
948	-998.791626	314.749115	-166.967072	67.215271	0.000000	0.000000	7.125000	387.083435	-104.274727
949	418.971375	-961.647278	71.948166	-171.514282	0.000000	0.000000	7.125000	-117.818039	453.121399
950	-211.395401	209.519775	-192.799301	28.161673	0.000000	0.000000	7.125000	141.953812	15.052647
951	1010.116882	-384.814240	196.755463	-53.856819	0.000000	0.000000	7.125000	-336.745636	95.409927
952	1225.702637	595.313965	176.514709	89.692513	0.000000	0.000000	7.125000	-502.407074	-205.088287
953	840.688538	711.055969	152.401154	111.779312	0.000000	0.000000	7.125000	-375.650116	-247.094925
954	-626.602112	622.073486	-163.378662	150.302414	0.000000	0.000000	7.125000	421.779419	-390.522461
955	240.979858	-911.756287	60.841934	-204.120605	0.000000	0.000000	7.125000	-106.004768	429.013062
956	-801.185608	-512.820923	-151.379608	-118.094795	0.000000	0.000000	7.125000	300.326385	203.063995
957	-228.950775	1532.428467	-54.065308	212.214157	0.000000	0.000000	7.125000	127.256981	-651.201294
958	1002.683838	-256.431580	200.446625	-37.880424	0.000000	0.000000	7.125000	-281.414337	70.989861
959	-1189.879639	985.620728	-168.412933	120.347107	0.000000	0.000000	7.125000	491.731323	-289.057678
960	630.358337	-607.291931	149.202728	-152.009445	0.000000	0.000000	7.125000	-365.273193	335.175323
961	-956.287842	333.736542	-191.099808	38.761353	0.000000	0.000000	7.125000	297.259216	-71.186378
962	-975.583435	-360.667816	-167.516602	-73.641556	0.000000	0.000000	7.125000	439.958374	119.025742
963	362.736450	-784.002686	90.015114	-179.708221	0.000000	0.000000	7.125000	-187.875641	506.675293
964	1070.075439	-586.929382	169.552582	-76.471710	0.000000	0.000000	7.125000	-576.360718	231.813324
965	-408.281342	-263.846191	-120.013397	-117.548233	0.000000	0.000000	7.125000	217.680069	100.164825
966	684.691589	-600.487183	119.407684	-113.858795	0.000000	0.000000	7.125000	-275.511200	320.314423
967	664.720154	1012.638733	133.140686	158.500885	0.000000	0.000000	7.125000	-428.896667	-590.279968
968	1185.156128	193.991287	196.050629	56.391632	0.000000	0.000000	7.125000	-350.361664	-96.293709
969	290.709229	-709.763550	58.397255	-176.577362	0.000000	0.000000	7.125000	-58.926910	329.766724
970	-455.315521	-919.855957	-99.654251	-164.112030	0.000000	0.000000	7.125000	191.660034	336.404602
971	-219.571976	-53.038364	-186.147263	-32.510765	0.000000	0.000000	7.125000	247.016251	63.210716
972	-176.315628	1038.517578	-49.062111	222.652802	0.000000	0.000000	7.125000	38.666199	-280.937958
973	-200.470535	-584.938965	-34.839905	-194.906677	0.000000	0.000000	7.125000	65.179550	189.478775
974	-886.986694	-81.908333	-200.942657	-3.212923	0.000000	0.000000	7.125000	467.583862	-32.107319
975	-802.961304	1203.702881	-129.375580	169.192093	0.000000	0.000000	7.125000	270.746796	-457.035980
976	777.746704	-459.206512	161.568710	-98.064003	0.000000	0.000000	7.125000	-307.624359	158.517838
977	-90.378937	830.193115	1.513340	179.964996	0.000000	0.000000	7.125000	17.094206	-374.852539
978	390.166107	-968.124023	71.714691	-178.099335	0.000000	0.000000	7.125000	-114.640282	362.637177
979	-1103.394897	193.067139	-180.128235	32.274323	0.000000	0.000000	7.125000	497.679077	-54.515549
980	-58.654232	-518.622559	-65.825577	-138.089218	0.000000	0.000000	7.125000	74.231003	127.200600
981	1208.665649	-459.454987	169.508118	-90.169540	0.000000	0.000000	7.125000	-379.406036	258.063599
982	416.074188	705.595886	94.745834	194.109756	0.000000	0.000000	7.125000	-343.223450	-698.841248
983	-1079.489746	49.115963	-181.835144	20.610374	0.000000	0.000000	7.125000	458.348541	-48.711407
984	-532.590393	454.222626	-131.500839	118.473747	0.000000	0.000000	7.125000	183.303619	-169.251877
985	1086.158447	255.086426	198.143326	85.991989	0.000000	0.000000	7.125000	-427.579620	-205.620514
986	939.889832	-702.901733	146.286652	-114.873795	0.000000	0.000000	7.125000	-335.137360	285.700867
987	-1102.930054	-432.818573	-172.561646	-97.011177	0.000000	0.000000	7.125000	274.186859	22.693874
988	-1325.078369	206.471466	-200.891571	35.467663	0.000000	0.000000	7.125000	613.833130	-82.880142
989	317.462036	-609.123779	54.560745	-165.215820	0.000000	0.000000	7.125000	-81.582870	343.500000
990	-896.966187	523.507019	-157.963318	86.287758	0.000000	0.000000	7.125000	281.951263	-179.769379
991	-574.485718	768.788330	-115.373749	130.244888	0.000000	0.000000	7.125000	259.639282	-344.448242
992	-1264.016479	419.659882	-181.628754	86.043732	0.000000	0.000000	7.125000	284.609833	-84.485909
993	366.485443	504.797485	105.750343	149.351471	0.000000	0.000000	7.125000	-204.318771	-297.843140
994	807.614868	625.148804	160.593506	87.734261	0.000000	0.000000	7.125000	-434.347839	-186.038254
995	-577.659485	-573.167236	-162.696838	-155.382797	0.000000	0.000000	7.125000	260.306488	172.015259
996	-1084.795532	-713.046692	-165.980667	-102.326965	0.000000	0.000000	7.125000	481.822235	229.735321
997	249.289917	521.718811	78.268745	188.378815	0.000000	0.000000	7.125000	-126.934418	-229.891312
998	1190.229980	398.368866	188.779541	68.995407	0.000000	0.000000	7.125000	-325.820740	-145.339859
999	-839.947937	-1112.155151	-161.316895	-143.641312	0.000000	0.000000	7.125000	305.806824	278.828430
