node	a_force.x	a_force.y	g_force.x	g_force.y	r_force.x	r_force.y	global_speed	move_node.x	move_node.y
0	1128.726196	618.866394	168.757156	111.017105	0.000000	0.000000	3.750000	-1134.586304	-608.497253
1	624.795227	-1285.022217	84.636948	-183.412811	0.000000	0.000000	3.750000	-458.244934	1425.101440
2	1153.237671	847.181519	156.146729	111.722275	0.000000	0.000000	3.750000	-1265.538452	-652.044678
3	145.881516	1111.955200	36.787590	196.585815	0.000000	0.000000	3.750000	-112.262062	-891.324707
4	-618.144165	1168.545410	-95.298004	164.370834	0.000000	0.000000	3.750000	538.485291	-1408.017700
5	193.179321	-12.949354	191.731140	-9.912432	0.000000	0.000000	3.750000	-182.202484	49.140011
6	398.801086	1191.565674	55.651638	181.666077	0.000000	0.000000	3.750000	-234.230240	-1040.612427
7	765.059937	339.248871	172.603882	88.565399	0.000000	0.000000	3.750000	-769.206604	-366.269836
8	600.538513	660.214844	136.846298	148.583252	0.000000	0.000000	3.750000	-550.932678	-681.969177
9	-1033.090576	-563.879395	-164.263657	-91.440788	0.000000	0.000000	3.750000	1182.795776	588.588318
10	-1185.487305	204.505264	-192.369781	25.096313	0.000000	0.000000	3.750000	1360.386475	-129.756180
11	140.081467	653.270874	28.628237	187.828888	0.000000	0.000000	3.750000	-32.869686	-763.980164
12	887.608582	86.476181	168.267334	24.196655	0.000000	0.000000	3.750000	-1029.993652	2.849048
13	196.790985	-1015.379395	25.524141	-178.180878	0.000000	0.000000	3.750000	-105.652687	1176.270020
14	-844.574097	1113.053223	-117.094711	157.177490	0.000000	0.000000	3.750000	721.950684	-1101.092651
15	-243.370636	-1307.706543	-30.327457	-203.755280	0.000000	0.000000	3.750000	178.558899	1069.721313
16	520.129883	-883.046875	87.423126	-166.436584	0.000000	0.000000	3.750000	-553.845093	948.958496
17	-1252.940796	483.852936	-204.105194	70.684937	0.000000	0.000000	3.750000	1338.952759	-269.378143
18	-1350.553833	320.318787	-193.473083	50.672104	0.000000	0.000000	3.750000	1399.905396	-169.423050
19	60.034824	-693.833862	27.755764	-187.961685	0.000000	0.000000	3.750000	-131.205231	845.886597
20	249.747589	-939.304626	36.544285	-176.250854	0.000000	0.000000	3.750000	-157.304764	1201.502686
21	812.110352	-704.618958	132.610962	-149.708405	0.000000	0.000000	3.750000	-839.297729	637.241272
22	-1059.245728	194.077789	-194.923706	20.510307	0.000000	0.000000	3.750000	1344.215088	-107.259460
23	1013.260254	673.854614	148.903473	118.015167	0.000000	0.000000	3.750000	-1160.458984	-776.859680
24	-579.719299	1133.667358	-84.194183	165.852585	0.000000	0.000000	3.750000	453.807281	-1190.329956
25	-1087.472900	-400.758057	-177.238312	-78.883331	0.000000	0.000000	3.750000	1345.022827	616.911621
26	75.648300	281.905640	17.494589	193.201340	0.000000	0.000000	3.750000	-88.176758	-259.685577
27	-1204.274902	-275.946533	-180.767212	-51.644676	0.000000	0.000000	3.750000	1301.240601	414.337372
28	-928.949341	249.915161	-186.102905	38.270546	0.000000	0.000000	3.750000	1260.108521	-39.027100
29	-211.854218	-587.000122	-82.227974	-199.712585	0.000000	0.000000	3.750000	457.313263	543.824219
30	-7.405689	1015.246094	-0.241940	191.983307	0.000000	0.000000	3.750000	-2.541440	-349.390900
31	-261.329651	-866.816406	-72.093765	-184.406967	0.000000	0.000000	3.750000	263.646088	499.389465
32	-1255.592163	-128.929703	-192.110992	-27.006832	0.000000	0.000000	3.750000	1198.888306	164.497726
33	897.632202	-1152.213989	116.252808	-162.736572	0.000000	0.000000	3.750000	-352.675079	770.039062
34	-1151.230103	-330.699524	-191.786514	-56.723263	0.000000	0.000000	3.750000	985.690063	357.759125
35	-573.653259	274.349579	-151.582993	100.729675	0.000000	0.000000	3.750000	439.545135	-311.420105
36	-11.472534	-1251.957275	-0.311723	-195.999664	0.000000	0.000000	3.750000	-35.542194	1250.077271
37	1098.625244	190.829269	194.708923	45.696526	0.000000	0.000000	3.750000	-1268.119995	-132.972000
38	202.761063	631.207153	55.516891	177.514999	0.000000	0.000000	3.750000	-363.843140	-702.785950
39	-324.124664	1075.977539	-66.013153	199.353516	0.000000	0.000000	3.750000	181.355423	-858.185730
40	666.292480	-234.686844	192.827820	-60.164124	0.000000	0.000000	3.750000	-529.234802	217.070541
41	-811.339233	-756.236694	-135.971115	-117.944672	0.000000	0.000000	3.750000	434.088562	328.429352
42	-1069.864868	-749.965332	-153.545700	-111.909340	0.000000	0.000000	3.750000	1218.419800	806.659485
43	94.150032	-884.112793	30.514740	-187.532715	0.000000	0.000000	3.750000	-71.999222	698.862000
44	594.827393	1229.181152	84.874969	174.448074	0.000000	0.000000	3.750000	-503.867462	-1292.307495
45	22.235867	-817.850647	3.468586	-213.971786	0.000000	0.000000	3.750000	-20.233507	1222.039917
46	916.782532	987.213745	131.929779	144.949493	0.000000	0.000000	3.750000	-770.011414	-1030.493042
47	-263.754089	1131.970947	-40.485565	193.816376	0.000000	0.000000	3.750000	171.174469	-1085.975464
48	-432.614075	-525.016663	-109.115509	-140.626236	0.000000	0.000000	3.750000	380.601654	393.973877
49	1126.183838	-362.076019	186.127319	-54.704575	0.000000	0.000000	3.750000	-1222.007324	305.789978
50	424.124268	-783.351868	73.171532	-171.002625	0.000000	0.000000	3.750000	-417.830109	948.227417
51	-1150.988892	-964.299377	-156.177963	-121.705933	0.000000	0.000000	3.750000	979.554077	815.383118
52	-745.981201	911.439697	-104.171997	146.792847	0.000000	0.000000	3.750000	575.449402	-920.515076
53	695.537537	848.595459	120.167404	167.318939	0.000000	0.000000	3.750000	-747.301514	-893.002808
54	488.006836	-1197.946899	60.088413	-197.041565	0.000000	0.000000	3.750000	-307.372467	1077.962646
55	462.032867	-651.403198	119.278938	-160.538269	0.000000	0.000000	3.750000	-523.337769	668.726807
56	145.622482	855.627625	27.637386	192.021133	0.000000	0.000000	3.750000	-75.368057	-863.350159
57	-144.763412	217.399460	-3.296270	185.970703	0.000000	0.000000	3.750000	21.080009	-54.274006
58	999.708130	-960.037537	127.903519	-126.651840	0.000000	0.000000	3.750000	-1019.267090	1039.199951
59	815.765198	424.518768	157.504120	116.651703	0.000000	0.000000	3.750000	-605.674927	-591.856018
60	-1181.823853	-566.063965	-174.631073	-88.993820	0.000000	0.000000	3.750000	1303.289795	559.076233
61	1188.643555	1033.801025	158.427155	140.871674	0.000000	0.000000	3.750000	-1129.343872	-942.002319
62	-873.183960	-393.758789	-175.069489	-73.825699	0.000000	0.000000	3.750000	1114.880005	632.976562
63	876.982910	-87.531563	201.168243	-33.872383	0.000000	0.000000	3.750000	-974.098511	168.724243
64	293.970856	384.940094	99.165436	162.062927	0.000000	0.000000	3.750000	-224.935593	-374.946960
65	908.794312	-692.087769	151.249176	-118.265709	0.000000	0.000000	3.750000	-957.442871	494.621826
66	975.012695	897.291626	135.370544	130.455353	0.000000	0.000000	3.750000	-781.865906	-930.151306
67	-259.554657	-1065.208984	-57.184650	-168.564270	0.000000	0.000000	3.750000	387.174225	1109.521484
68	749.992798	-1215.482300	104.888260	-186.532013	0.000000	0.000000	3.750000	-538.638733	1238.949219
69	1088.934692	-371.132965	188.724487	-66.204407	0.000000	0.000000	3.750000	-1303.126465	523.666199
70	-881.543518	141.089996	-194.686401	22.625767	0.000000	0.000000	3.750000	1130.044678	72.590912
71	442.954529	506.663696	115.042572	148.691345	0.000000	0.000000	3.750000	-537.646484	-632.025574
72	-426.551636	-923.039307	-84.985451	-167.694458	0.000000	0.000000	3.750000	545.687378	981.770142
73	-552.449829	-559.137085	-129.269287	-136.504379	0.000000	0.000000	3.750000	617.215332	621.626892
74	-671.285400	-1186.124512	-107.211304	-171.198776	0.000000	0.000000	3.750000	474.997375	923.175842
75	1211.739868	-654.098450	173.950012	-90.318237	0.000000	0.000000	3.750000	-1166.489258	545.623657
76	-483.497803	1107.067749	-83.337555	186.198364	0.000000	0.000000	3.750000	254.118118	-1030.939941
77	-1028.786499	-91.002304	-210.597931	-24.331062	0.000000	0.000000	3.750000	1241.427368	271.646393
78	-770.750977	1075.051025	-103.679108	168.682404	0.000000	0.000000	3.750000	426.225983	-1092.679443
79	1010.477600	820.282898	134.296234	116.826874	0.000000	0.000000	3.750000	-957.658386	-815.571228
80	124.350708	723.739746	51.858299	195.229828	0.000000	0.000000	3.750000	-171.269806	-712.516052
81	-1024.099487	-137.762726	-177.820267	-27.927616	0.000000	0.000000	3.750000	1307.004272	216.688507
82	353.311432	-219.537933	172.847717	-63.071667	0.000000	0.000000	3.750000	-311.531738	83.215111
83	50.903053	-468.257935	39.484020	-181.760834	0.000000	0.000000	3.750000	-29.462833	202.850632
84	119.305214	-198.559967	85.142715	-163.093933	0.000000	0.000000	3.750000	-56.960140	188.185242
85	580.282959	598.485046	127.706421	132.465240	0.000000	0.000000	3.750000	-549.557861	-549.842773
86	1205.162964	-375.553314	177.812714	-47.312660	0.000000	0.000000	3.750000	-1162.807983	215.412247
87	-179.699219	-519.774536	-63.616600	-181.145996	0.000000	0.000000	3.750000	343.979279	552.360413
88	98.783669	660.330383	31.265221	179.292389	0.000000	0.000000	3.750000	-46.167088	-719.829773
89	333.754364	737.574219	63.938713	191.612793	0.000000	0.000000	3.750000	-293.207886	-689.856079
90	947.669495	136.068085	182.368439	36.520973	0.000000	0.000000	3.750000	-461.139435	-29.628029
91	-1143.479858	-929.876282	-149.849670	-123.211487	0.000000	0.000000	3.750000	1081.466187	921.236938
92	-81.166603	-1013.523071	-18.893986	-185.037842	0.000000	0.000000	3.750000	84.008904	868.083374
93	223.557495	610.212036	52.121941	193.088837	0.000000	0.000000	3.750000	-164.168884	-639.768372
94	-1171.223022	-22.849194	-193.707764	-10.643186	0.000000	0.000000	3.750000	1316.772705	44.581577
95	247.950745	231.672028	114.453156	156.641113	0.000000	0.000000	3.750000	-497.834351	-640.276123
96	-757.926514	596.044067	-166.441742	110.859482	0.000000	0.000000	3.750000	290.276947	-201.346146
97	-1042.779663	783.192017	-145.671478	105.734055	0.000000	0.000000	3.750000	1201.689209	-718.023621
98	-955.041809	192.916260	-189.394485	42.018211	0.000000	0.000000	3.750000	936.229248	-129.947113
99	-1139.184570	468.286438	-190.199280	102.370415	0.000000	0.000000	3.750000	941.967834	-390.181793
100	-1228.356445	827.353577	-155.267548	119.613556	0.000000	0.000000	3.750000	1394.431519	-720.278259
101	-187.483551	1252.811890	-40.592865	179.466217	0.000000	0.000000	3.750000	175.759705	-1129.338745
102	-665.851807	880.534973	-121.108795	159.162292	0.000000	0.000000	3.750000	666.764343	-925.337341
103	-586.835388	781.590149	-111.948479	151.034760	0.000000	0.000000	3.750000	551.773438	-802.193665
104	163.246307	1018.073120	26.764008	192.144958	0.000000	0.000000	3.750000	-134.763580	-1036.255859
105	124.264870	-508.720978	55.482155	-167.024841	0.000000	0.000000	3.750000	-193.697388	461.958740
106	-188.600388	148.024582	-141.855774	140.740631	0.000000	0.000000	3.750000	49.448761	-39.385208
107	-159.673950	1143.853516	-33.955658	199.125458	0.000000	0.000000	3.750000	72.289604	-670.945129
108	434.550476	1271.260498	73.440186	168.707642	0.000000	0.000000	3.750000	-394.344788	-1334.484253
109	295.988464	701.484192	73.085999	171.034943	0.000000	0.000000	3.750000	-433.543121	-640.837952
110	-42.145897	-785.505188	-20.733219	-188.862930	0.000000	0.000000	3.750000	221.745865	827.781860
111	-398.468384	468.906708	-104.424072	156.329468	0.000000	0.000000	3.750000	312.988770	-609.308960
112	1108.426880	-241.072906	206.827484	-46.544346	0.000000	0.000000	3.750000	-1250.270264	299.577301
113	69.436485	-1247.625122	6.742557	-179.868362	0.000000	0.000000	3.750000	-17.551805	554.617310
114	1237.264648	396.429871	171.420532	66.862305	0.000000	0.000000	3.750000	-1387.338501	-294.766846
115	524.330566	-1238.939697	66.060318	-178.145752	0.000000	0.000000	3.750000	-386.682251	1368.532959
116	260.667175	-1104.425049	33.311409	-182.992188	0.000000	0.000000	3.750000	-247.956528	1004.345581
117	1150.945557	767.440979	152.884766	102.379951	0.000000	0.000000	3.750000	-1257.297974	-524.474792
118	1125.269409	-586.916504	174.933289	-101.005814	0.000000	0.000000	3.750000	-1158.380615	546.612915
119	399.000946	-175.181671	179.041138	-74.701141	0.000000	0.000000	3.750000	-368.893127	157.460236
120	-875.048035	-768.166992	-133.505585	-117.729538	0.000000	0.000000	3.750000	743.800598	707.544617
121	840.641235	86.559784	181.256409	41.721680	0.000000	0.000000	3.750000	-468.382782	-84.714836
122	903.054321	-829.051880	133.087524	-151.957825	0.000000	0.000000	3.750000	-601.355286	552.044006
123	-79.675529	-43.783470	-152.065826	-102.812210	0.000000	0.000000	3.750000	71.647926	-12.315185
124	-782.210999	-1073.730713	-105.611656	-157.943161	0.000000	0.000000	3.750000	678.545105	911.170776
125	-814.539429	407.962280	-180.094055	111.824081	0.000000	0.000000	3.750000	377.170227	-215.255997
126	-664.767090	174.291199	-184.157623	67.058884	0.000000	0.000000	3.750000	618.235535	-29.570833
127	-316.555481	-1128.112671	-64.893005	-187.063782	0.000000	0.000000	3.750000	630.084045	1601.988159
128	-1223.718018	964.422546	-159.600800	127.056808	0.000000	0.000000	3.750000	1148.815308	-739.197815
129	-744.589111	-1134.620239	-109.108505	-143.161804	0.000000	0.000000	3.750000	832.740051	1218.193481
130	314.807434	952.671448	52.069664	184.804565	0.000000	0.000000	3.750000	-251.152420	-979.775452
131	-1124.503052	-894.277405	-154.294312	-107.411011	0.000000	0.000000	3.750000	1239.242676	690.887634
132	842.440918	-1083.144897	107.765129	-139.149475	0.000000	0.000000	3.750000	-776.674316	1210.597168
133	1167.518799	581.408386	157.357819	87.391418	0.000000	0.000000	3.750000	-853.669678	-247.969070
134	-398.778900	246.261368	-140.925293	75.761932	0.000000	0.000000	3.750000	712.818481	-281.033905
135	-597.395508	-282.992432	-177.459991	-55.710228	0.000000	0.000000	3.750000	1050.989380	438.844971
136	659.480835	-1295.410400	98.414421	-162.524796	0.000000	0.000000	3.750000	-584.332214	1322.416260
137	1429.781006	17.352104	207.052155	19.824869	0.000000	0.000000	3.750000	-1419.034546	25.545055
138	-783.638062	-278.071045	-184.420883	-45.704296	0.000000	0.000000	3.750000	975.177917	224.987167
139	-1193.648926	-237.606506	-168.405609	-23.227747	0.000000	0.000000	3.750000	1321.467651	124.927780
140	-133.988220	-689.570679	-6.124577	-207.907501	0.000000	0.000000	3.750000	118.938789	843.678101
141	-1006.735840	784.768433	-169.884338	105.540924	0.000000	0.000000	3.750000	1147.204834	-528.312439
142	912.519531	-179.661392	205.476715	-14.673686	0.000000	0.000000	3.750000	-1000.395691	73.920418
143	920.195801	776.050842	144.993256	134.836761	0.000000	0.000000	3.750000	-745.355469	-743.353638
144	-297.195709	1291.990112	-46.630360	173.854523	0.000000	0.000000	3.750000	213.331696	-1327.706543
145	888.984253	1115.631226	116.452682	152.651688	0.000000	0.000000	3.750000	-708.898987	-1188.416504
146	788.273560	897.626709	118.151062	146.232697	0.000000	0.000000	3.750000	-668.022644	-1086.841309
147	-1057.145996	290.872925	-161.148773	75.594772	0.000000	0.000000	3.750000	1181.592896	-355.904816
148	1026.867432	-900.334473	135.229675	-139.100189	0.000000	0.000000	3.750000	-1167.306763	1065.954956
149	-173.878006	-948.291260	-21.414021	-176.705582	0.000000	0.000000	3.750000	259.565521	1112.215332
150	687.353027	542.595703	148.120361	118.996216	0.000000	0.000000	3.750000	-542.463745	-522.912170
151	215.954529	-73.732086	168.701126	78.329117	0.000000	0.000000	3.750000	-175.712952	-62.414021
152	578.798706	-38.019058	175.006104	42.104515	0.000000	0.000000	3.750000	-601.707275	-123.637054
153	-1178.735596	943.236572	-149.148575	147.833344	0.000000	0.000000	3.750000	969.953491	-934.606628
154	1052.733032	-1009.672729	142.936035	-122.119507	0.000000	0.000000	3.750000	-549.124268	401.878601
155	-371.462738	-75.498062	-190.716095	-35.539097	0.000000	0.000000	3.750000	622.996277	78.749359
156	-648.959839	-312.748108	-194.187378	-47.864178	0.000000	0.000000	3.750000	643.015869	171.577179
157	-869.941406	-914.089844	-121.182144	-148.925781	0.000000	0.000000	3.750000	827.836914	1024.664551
158	1234.936035	-1038.304932	155.475677	-149.944305	0.000000	0.000000	3.750000	-979.913940	885.400513
159	1219.069336	-598.592896	181.690643	-73.514862	0.000000	0.000000	3.750000	-1330.421021	441.556671
160	-1054.243530	799.917358	-146.283325	114.877464	0.000000	0.000000	3.750000	964.791382	-591.448425
161	-583.463440	942.955322	-99.019150	150.316650	0.000000	0.000000	3.750000	422.374878	-780.412964
162	543.402100	-384.427734	166.956299	-102.672203	0.000000	0.000000	3.750000	-645.319336	414.057068
163	-41.266449	191.588959	98.282684	157.912949	0.000000	0.000000	3.750000	-271.301239	-451.868896
164	-30.650633	-1324.244629	-5.806189	-203.917328	0.000000	0.000000	3.750000	4.857800	1531.297974
165	896.499634	-873.963379	136.988998	-164.407104	0.000000	0.000000	3.750000	-775.805847	1044.130615
166	819.519165	-646.418823	143.523880	-142.143799	0.000000	0.000000	3.750000	-602.639832	564.353210
167	661.251221	-559.557007	165.236542	-71.383484	0.000000	0.000000	3.750000	-784.463440	196.788483
168	842.325012	690.100586	129.602600	122.012466	0.000000	0.000000	3.750000	-1034.953125	-1134.448364
169	-451.080078	906.596924	-94.469803	162.539642	0.000000	0.000000	3.750000	413.395996	-927.998596
170	1218.115356	532.053772	189.494431	69.969627	0.000000	0.000000	3.750000	-1105.618652	-328.870911
171	-585.055908	-696.239563	-120.553978	-154.539856	0.000000	0.000000	3.750000	590.500122	672.839294
172	-1154.321899	-19.272957	-189.801300	8.685876	0.000000	0.000000	3.750000	1153.595703	-23.500500
173	-110.908279	-1224.239868	-40.972569	-179.380035	0.000000	0.000000	3.750000	300.750946	1555.280762
174	360.777008	-372.168579	129.525940	-144.401306	0.000000	0.000000	3.750000	-494.663605	323.897003
175	-351.054688	700.516602	-133.386505	151.688034	0.000000	0.000000	3.750000	208.208206	-328.693451
176	-684.510498	164.641586	-190.042847	68.425888	0.000000	0.000000	3.750000	771.935852	-31.610233
177	192.592682	1130.921021	17.735846	185.152298	0.000000	0.000000	3.750000	-167.538330	-1161.509888
178	1235.328613	-991.510498	155.191620	-132.405823	0.000000	0.000000	3.750000	-694.362732	454.863251
179	153.769745	-157.970779	63.882103	-172.525925	0.000000	0.000000	3.750000	-160.509354	205.938202
180	-923.754517	-648.113037	-149.023773	-93.636856	0.000000	0.000000	3.750000	975.671936	535.979187
181	574.397339	909.673706	95.955940	159.337524	0.000000	0.000000	3.750000	-504.499451	-821.011597
182	106.569550	-253.308624	125.458252	-160.859711	0.000000	0.000000	3.750000	-177.470551	214.067230
183	-1084.478882	-468.333740	-202.958771	-61.250580	0.000000	0.000000	3.750000	999.934570	351.796204
184	-692.813965	-119.879951	-185.887741	-5.897972	0.000000	0.000000	3.750000	251.746719	-5.134832
185	-566.535583	-950.898315	-119.463600	-145.163422	0.000000	0.000000	3.750000	609.386047	791.112732
186	-960.075073	279.683716	-202.898575	21.149406	0.000000	0.000000	3.750000	1163.808960	45.854019
187	-199.199387	-732.252930	-64.255814	-193.603333	0.000000	0.000000	3.750000	395.266632	620.142456
188	-1221.226318	874.513123	-170.570251	122.496964	0.000000	0.000000	3.750000	1207.178467	-663.130981
189	-579.927429	573.431213	-151.558884	124.281136	0.000000	0.000000	3.750000	550.329529	-396.786743
190	-791.387329	348.376373	-174.599152	93.369179	0.000000	0.000000	3.750000	1028.935913	-306.029541
191	-441.183197	-332.240723	-177.860199	-66.781197	0.000000	0.000000	3.750000	274.734558	87.696152
192	-528.281372	937.550659	-100.603989	156.441254	0.000000	0.000000	3.750000	490.416321	-1267.306763
193	-301.772827	-816.807373	-87.115372	-166.597687	0.000000	0.000000	3.750000	450.579865	752.130859
194	1036.166870	664.184875	131.593842	107.623749	0.000000	0.000000	3.750000	-1191.100220	-750.219604
195	550.612793	-1127.084717	80.693649	-178.618103	0.000000	0.000000	3.750000	-416.694305	1112.497681
196	-1018.455566	-159.061798	-184.655029	-59.484802	0.000000	0.000000	3.750000	980.384094	281.020691
197	1029.462524	458.051086	171.418976	86.483994	0.000000	0.000000	3.750000	-839.096985	-413.200745
198	537.254517	-1124.896118	100.201004	-147.117035	0.000000	0.000000	3.750000	-525.189148	1098.382202
199	-927.557739	-896.652466	-120.405930	-125.612137	0.000000	0.000000	3.750000	981.704773	1007.791504
200	245.922699	-408.701721	50.621292	-201.745239	0.000000	0.000000	3.750000	-104.856567	521.951111
201	-589.442810	411.844910	-146.084991	115.130981	0.000000	0.000000	3.750000	591.229797	-499.400787
202	1018.509094	273.600281	176.894379	84.399811	0.000000	0.000000	3.750000	-983.318970	-316.114990
203	1187.858398	936.725708	145.287048	131.558578	0.000000	0.000000	3.750000	-1052.312378	-906.808594
204	-27.706783	-591.302734	-3.394312	-203.971375	0.000000	0.000000	3.750000	-37.377094	1164.844727
205	335.108490	530.730957	72.651337	199.161407	0.000000	0.000000	3.750000	-333.741547	-669.508789
206	1112.727783	1006.937500	151.266983	139.836670	0.000000	0.000000	3.750000	-1059.159302	-986.245728
207	-917.486023	-741.297180	-145.807312	-121.819527	0.000000	0.000000	3.750000	1027.453247	728.392029
208	906.133911	-67.386093	189.987503	-2.077520	0.000000	0.000000	3.750000	-849.183716	79.104706
209	-124.763275	504.239075	-53.459007	173.971130	0.000000	0.000000	3.750000	146.082870	-661.963318
210	-324.724548	-1050.233643	-61.554722	-181.865387	0.000000	0.000000	3.750000	428.817474	1237.814209
211	942.057251	227.863876	207.958832	-2.450178	0.000000	0.000000	3.750000	-428.832336	74.002266
212	113.508499	426.087006	14.744621	173.329788	0.000000	0.000000	3.750000	-29.409777	-139.023697
213	-923.078918	-659.374268	-175.345001	-100.290192	0.000000	0.000000	3.750000	912.264282	551.220764
214	527.630127	-681.582153	122.176575	-145.509048	0.000000	0.000000	3.750000	-576.731812	702.526611
215	-362.891907	-854.166077	-78.950882	-183.756546	0.000000	0.000000	3.750000	411.757507	787.206543
216	224.685944	440.492004	103.414009	149.758224	0.000000	0.000000	3.750000	-316.185913	-311.970215
217	1373.516479	63.027496	206.886520	-21.483643	0.000000	0.000000	3.750000	-1372.023926	260.701904
218	-457.025024	1107.236572	-79.571213	170.329315	0.000000	0.000000	3.750000	358.610413	-1135.755005
219	-298.743591	1034.091309	-81.494171	191.338501	0.000000	0.000000	3.750000	81.852829	-277.191254
220	-817.965210	1113.420288	-114.042984	154.460449	0.000000	0.000000	3.750000	690.752319	-1129.885254
221	10.357229	-999.250427	5.793442	-187.910706	0.000000	0.000000	3.750000	-45.475914	1130.237915
222	1052.389404	192.618591	178.875320	75.094414	0.000000	0.000000	3.750000	-1166.467041	-351.409180
223	-543.300415	117.305374	-171.062134	91.506004	0.000000	0.000000	3.750000	688.174927	-251.706238
224	-1163.178467	529.646484	-177.988602	111.444077	0.000000	0.000000	3.750000	947.721191	-489.590942
225	-503.017059	-80.376038	-192.773041	21.748932	0.000000	0.000000	3.750000	628.479980	33.205070
226	966.973450	-1057.912109	140.387833	-150.755569	0.000000	0.000000	3.750000	-899.854309	926.711304
227	-1325.934448	-456.002258	-201.780563	-58.176556	0.000000	0.000000	3.750000	1340.326172	466.030457
228	714.920044	-836.418457	131.842407	-147.721146	0.000000	0.000000	3.750000	-866.204956	888.306091
229	322.256744	-109.905563	185.499359	-41.052780	0.000000	0.000000	3.750000	-505.724060	34.583817
230	-50.577213	-1218.429688	-12.034298	-191.622482	0.000000	0.000000	3.750000	80.039345	1278.701294
231	551.977539	-1104.699463	79.537216	-176.945297	0.000000	0.000000	3.750000	-585.402161	1723.110596
232	562.633423	345.118256	152.591217	95.477310	0.000000	0.000000	3.750000	-751.783020	-462.258240
233	69.708878	-1385.032715	10.255398	-203.741852	0.000000	0.000000	3.750000	-190.527878	1680.336182
234	194.951675	1103.912720	13.186919	203.573334	0.000000	0.000000	3.750000	-92.703362	-1246.355957
235	785.917236	576.904419	160.245117	94.430908	0.000000	0.000000	3.750000	-884.200439	-653.933350
236	1032.578247	-501.005310	189.597809	-85.535988	0.000000	0.000000	3.750000	-980.301758	387.754517
237	878.232849	441.575623	170.327911	112.265091	0.000000	0.000000	3.750000	-656.208618	-579.121521
238	1053.503296	-900.372559	134.802887	-113.154617	0.000000	0.000000	3.750000	-1179.022339	731.595337
239	-555.158691	-979.148621	-92.189003	-170.696136	0.000000	0.000000	3.750000	561.770325	989.966675
240	852.246948	370.021362	177.622559	78.005585	0.000000	0.000000	3.750000	-945.004639	-209.009872
241	545.893372	338.869537	136.181519	140.945068	0.000000	0.000000	3.750000	-513.919617	-335.698334
242	791.429565	440.188965	153.686752	104.767654	0.000000	0.000000	3.750000	-645.931580	-501.635254
243	-1157.923096	212.577774	-177.802597	8.379582	0.000000	0.000000	3.750000	1425.188721	-27.140358
244	977.393799	709.676880	163.219986	89.191971	0.000000	0.000000	3.750000	-984.644287	-491.211792
245	1261.363770	-219.278076	172.001495	-53.061096	0.000000	0.000000	3.750000	-1155.835327	346.700867
246	792.529114	562.349487	168.134949	108.303665	0.000000	0.000000	3.750000	-589.924194	-482.270477
247	-300.552063	-67.090927	-183.339172	-31.119385	0.000000	0.000000	3.750000	327.810181	-52.891140
248	-550.168579	1173.041870	-77.580841	179.988495	0.000000	0.000000	3.750000	254.091583	-1326.429199
249	84.376450	865.737061	3.904194	195.960876	0.000000	0.000000	3.750000	-85.420975	-1081.647095
250	957.582275	-433.299377	167.543274	-80.777908	0.000000	0.000000	3.750000	-924.818420	502.694183
251	147.263107	496.158386	25.142231	188.325653	0.000000	0.000000	3.750000	23.326355	-723.776672
252	466.439819	-395.168945	136.028992	-135.498657	0.000000	0.000000	3.750000	-645.169373	565.216858
253	-411.700867	267.694275	-104.905258	146.266541	0.000000	0.000000	3.750000	198.692627	-364.378571
254	-202.898926	529.957825	-96.264877	184.382278	0.000000	0.000000	3.750000	247.496231	-569.334839
255	920.235840	-761.367798	145.601807	-134.176102	0.000000	0.000000	3.750000	-914.945557	567.013977
256	-476.131531	-100.954887	-191.693542	-40.839363	0.000000	0.000000	3.750000	438.663757	41.761749
257	1067.820312	-1109.573486	138.568405	-155.121704	0.000000	0.000000	3.750000	-971.768311	1199.527954
258	-988.140076	1043.918701	-136.464813	151.635544	0.000000	0.000000	3.750000	857.242065	-917.057617
259	218.205902	-1352.777588	39.145348	-194.091629	0.000000	0.000000	3.750000	-192.345947	1362.571045
260	343.654663	405.480377	146.686646	97.144119	0.000000	0.000000	3.750000	-309.501953	-22.315390
261	-500.647919	-301.643738	-137.617920	-112.895035	0.000000	0.000000	3.750000	385.543121	372.168060
262	-764.602661	633.999573	-120.531448	141.657715	0.000000	0.000000	3.750000	311.710114	-376.218170
263	1018.864929	69.999794	189.582840	30.353695	0.000000	0.000000	3.750000	-1199.484375	15.901594
264	612.475403	-354.316986	171.982635	-89.756393	0.000000	0.000000	3.750000	-721.209717	236.460999
265	-373.788910	108.152206	-174.445190	105.745987	0.000000	0.000000	3.750000	368.036865	-168.416748
266	513.216187	1047.158691	83.438156	161.746674	0.000000	0.000000	3.750000	-460.891235	-1063.259399
267	-674.723694	-335.003540	-180.575531	-76.183533	0.000000	0.000000	3.750000	450.924072	277.508575
268	-809.185303	364.659424	-176.281433	85.678635	0.000000	0.000000	3.750000	656.064819	-298.737305
269	-1281.407227	317.691650	-199.401199	65.864792	0.000000	0.000000	3.750000	1327.017090	-204.264053
270	-471.945801	886.210327	-81.986450	157.994370	0.000000	0.000000	3.750000	380.697998	-899.265869
271	1003.790161	138.236221	182.050278	60.990288	0.000000	0.000000	3.750000	-1183.710449	-116.550034
272	-613.210754	546.030823	-119.707581	172.540009	0.000000	0.000000	3.750000	349.080078	-512.640808
273	593.585876	-243.174896	208.276215	-26.122427	0.000000	0.000000	3.750000	-318.534515	16.393167
274	480.351501	-645.889038	118.080490	-163.892120	0.000000	0.000000	3.750000	-371.561859	596.576111
275	-76.899498	-574.050842	-13.038687	-185.542175	0.000000	0.000000	3.750000	42.161972	515.483521
276	919.109863	889.726868	136.961548	125.847122	0.000000	0.000000	3.750000	-862.108765	-749.650208
277	309.847595	-1117.261719	75.459534	-185.218140	0.000000	0.000000	3.750000	-550.703186	1176.457275
278	293.943634	266.043030	193.142609	33.345650	0.000000	0.000000	3.750000	-606.743591	-107.448601
279	642.586731	-358.441437	141.827850	-104.213684	0.000000	0.000000	3.750000	-581.640320	529.078735
280	944.328613	-1051.676880	134.482635	-137.034363	0.000000	0.000000	3.750000	-1240.533203	1258.438843
281	1205.119995	265.988647	192.586182	53.943893	0.000000	0.000000	3.750000	-1266.670654	-184.191376
282	-1156.909180	-823.522095	-161.951935	-106.803360	0.000000	0.000000	3.750000	1240.978516	516.657898
283	-1226.682129	-499.391174	-172.057755	-89.621567	0.000000	0.000000	3.750000	1341.916016	573.050110
284	879.891235	-1150.694824	124.204018	-171.805878	0.000000	0.000000	3.750000	-744.153076	1176.741455
285	992.085693	-1078.957397	145.829361	-145.497223	0.000000	0.000000	3.750000	-1492.936890	1093.367188
286	1236.310303	501.621338	179.106277	97.653137	0.000000	0.000000	3.750000	-1119.075439	-350.968750
287	622.202393	-469.173340	149.121918	-133.275665	0.000000	0.000000	3.750000	-697.822266	531.171936
288	-135.485733	-238.224747	-21.122192	-194.815735	0.000000	0.000000	3.750000	175.934357	382.509949
289	743.118591	-1054.161499	118.977379	-163.243317	0.000000	0.000000	3.750000	-687.837769	994.737244
290	631.255005	-847.732544	123.070229	-136.782730	0.000000	0.000000	3.750000	-788.136169	740.443604
291	-246.252472	246.672974	-143.879456	150.208618	0.000000	0.000000	3.750000	250.228867	-245.985107
292	-1031.354004	-1047.558716	-128.192383	-142.935883	0.000000	0.000000	3.750000	934.661743	1169.423950
293	613.789185	621.279846	131.041077	123.402725	0.000000	0.000000	3.750000	-662.910583	-660.615234
294	272.953369	-333.960693	151.951447	-142.037277	0.000000	0.000000	3.750000	-374.951874	337.022736
295	-1229.242188	-107.329163	-199.572464	-13.067155	0.000000	0.000000	3.750000	1231.079590	131.968628
296	-57.095398	-1332.867432	10.693624	-191.696106	0.000000	0.000000	3.750000	-64.556145	533.737976
297	-1125.732666	252.028656	-191.420013	14.905231	0.000000	0.000000	3.750000	1244.435547	2.073587
298	-980.245728	-1179.161377	-136.393951	-164.902069	0.000000	0.000000	3.750000	881.286926	1044.230835
299	794.664307	1239.092163	102.512619	176.370651	0.000000	0.000000	3.750000	-557.946655	-1458.895264
300	-829.301758	371.798035	-163.368042	93.028854	0.000000	0.000000	3.750000	1045.544434	-453.686249
301	-903.992920	-879.411865	-140.406723	-115.801025	0.000000	0.000000	3.750000	997.479980	925.152405
302	-157.826141	959.368774	-39.444061	171.522522	0.000000	0.000000	3.750000	104.051689	-859.104858
303	-2.031455	1077.122681	-21.173801	192.839752	0.000000	0.000000	3.750000	-28.708717	-1407.172485
304	-867.049255	-917.714417	-134.195633	-148.294571	0.000000	0.000000	3.750000	943.306702	893.337830
305	-1020.754639	1106.534302	-132.156860	142.022980	0.000000	0.000000	3.750000	437.603424	-487.288452
306	-11.655960	-135.313766	-116.229965	-148.796677	0.000000	0.000000	3.750000	14.955475	30.338924
307	288.691650	28.012087	152.148514	103.453613	0.000000	0.000000	3.750000	-295.443329	-129.370239
308	112.765503	-547.740601	6.710683	-195.882858	0.000000	0.000000	3.750000	47.720284	605.063965
309	-715.968567	-1166.656128	-91.847229	-175.408356	0.000000	0.000000	3.750000	639.621826	1232.207520
310	851.443481	-471.059021	161.204987	-88.706306	0.000000	0.000000	3.750000	-779.101990	370.348755
311	252.687729	-676.174988	40.935036	-179.388000	0.000000	0.000000	3.750000	-166.021133	493.472870
312	-388.683289	316.167175	-129.663589	141.601089	0.000000	0.000000	3.750000	296.744507	-386.822876
313	1005.523743	66.209892	195.924286	28.589222	0.000000	0.000000	3.750000	-1015.843811	-74.073563
314	769.476074	476.792908	189.496521	63.954468	0.000000	0.000000	3.750000	-801.899963	-161.187698
315	130.702408	1201.299316	10.828323	189.690216	0.000000	0.000000	3.750000	-214.963623	-1303.476807
316	-756.689941	332.701477	-189.484024	85.787041	0.000000	0.000000	3.750000	1032.321655	-352.786377
317	-1085.111206	440.675873	-167.540619	80.782806	0.000000	0.000000	3.750000	1028.925415	-361.497345
318	-360.545532	216.427673	-168.015656	128.922592	0.000000	0.000000	3.750000	96.764206	-37.404045
319	538.116821	540.138184	115.591812	175.322708	0.000000	0.000000	3.750000	-570.728333	-651.729004
320	866.572021	487.125549	179.912231	108.310715	0.000000	0.000000	3.750000	-737.591980	-401.658051
321	356.698853	-717.906616	81.022469	-151.720474	0.000000	0.000000	3.750000	-454.053192	690.409180
322	-994.328369	-852.455078	-165.287613	-126.267899	0.000000	0.000000	3.750000	988.151184	573.875916
323	917.431396	263.124023	171.092316	77.908333	0.000000	0.000000	3.750000	-929.895081	-174.460510
324	67.091965	-1189.699463	12.660263	-189.574066	0.000000	0.000000	3.750000	-49.151600	536.537048
325	597.865051	-528.311035	130.302399	-132.730103	0.000000	0.000000	3.750000	-690.911438	678.496582
326	-356.489258	-654.482300	-47.626747	-167.353714	0.000000	0.000000	3.750000	288.930939	617.492615
327	136.489807	670.708252	33.678772	178.856750	0.000000	0.000000	3.750000	-151.155151	-839.580505
328	1027.209473	-336.483551	166.969177	-55.653328	0.000000	0.000000	3.750000	-1149.517700	386.583130
329	-431.266541	353.082916	-130.350052	138.228470	0.000000	0.000000	3.750000	294.555176	-274.126251
330	1135.544922	867.377930	151.762573	124.031677	0.000000	0.000000	3.750000	-946.075317	-591.348999
331	456.069763	-751.119751	75.800827	-178.571533	0.000000	0.000000	3.750000	-199.030136	351.115540
332	-33.537308	827.358887	-16.070578	197.344498	0.000000	0.000000	3.750000	-21.636696	-732.480225
333	941.998779	875.398376	125.491714	126.237183	0.000000	0.000000	3.750000	-471.477234	-501.508484
334	-631.626953	-192.092041	-191.838959	7.708472	0.000000	0.000000	3.750000	867.667236	148.188354
335	320.558044	-1227.761841	33.525745	-205.280304	0.000000	0.000000	3.750000	-248.614029	1625.345947
336	-1003.009338	-914.359375	-146.403427	-133.303986	0.000000	0.000000	3.750000	1020.877625	826.390381
337	-563.526550	-507.490479	-142.084656	-149.156616	0.000000	0.000000	3.750000	496.434937	563.486328
338	-199.641754	-1216.846924	-39.341812	-194.051483	0.000000	0.000000	3.750000	304.249054	1072.623657
339	1123.294922	1103.332520	144.178024	147.134888	0.000000	0.000000	3.750000	-962.709167	-1058.892334
340	-952.935913	310.507019	-186.590866	91.900543	0.000000	0.000000	3.750000	887.407898	-225.009567
341	-619.224792	153.380142	-162.846802	71.866730	0.000000	0.000000	3.750000	737.166077	-217.606873
342	1222.682617	677.966064	176.796356	120.572800	0.000000	0.000000	3.750000	-1430.228638	-578.534729
343	-44.367142	887.480957	-43.524311	176.719086	0.000000	0.000000	3.750000	191.575241	-865.975891
344	-884.956665	619.350708	-142.856964	109.507118	0.000000	0.000000	3.750000	908.287842	-614.885071
345	-36.870438	-1127.108765	-1.705192	-185.991684	0.000000	0.000000	3.750000	92.729721	1096.124023
346	517.870789	-1155.737549	68.980087	-194.107391	0.000000	0.000000	3.750000	-499.635803	1301.529663
347	-411.603760	-1082.688232	-80.065132	-170.098328	0.000000	0.000000	3.750000	506.863556	927.469971
348	970.438354	-774.854614	152.106537	-120.408951	0.000000	0.000000	3.750000	-1314.153931	636.945190
349	-1005.923584	-922.316406	-146.629883	-107.812775	0.000000	0.000000	3.750000	1499.145020	922.283264
350	660.925293	51.671104	171.987732	65.391617	0.000000	0.000000	3.750000	-1046.320435	-322.938110
351	-664.292603	1050.915771	-106.336090	157.456055	0.000000	0.000000	3.750000	531.160889	-995.980286
352	1057.738770	-13.220105	214.315338	26.911549	0.000000	0.000000	3.750000	-1182.896851	-18.824663
353	-665.763672	-800.139893	-135.808075	-135.720215	0.000000	0.000000	3.750000	852.897461	725.927551
354	486.673767	-1018.473755	79.418228	-179.189102	0.000000	0.000000	3.750000	-444.569092	949.240356
355	-879.900146	891.279663	-137.149200	140.017639	0.000000	0.000000	3.750000	360.076874	-311.764893
356	922.312988	-338.378357	172.836624	-50.274258	0.000000	0.000000	3.750000	-971.778564	280.106445
357	-38.172028	704.289246	-36.437889	180.355255	0.000000	0.000000	3.750000	101.834770	-764.194458
358	-748.176819	971.593628	-125.608429	153.057251	0.000000	0.000000	3.750000	795.350952	-958.475525
359	276.072205	-546.809143	96.451271	-179.758057	0.000000	0.000000	3.750000	-303.786682	425.137787
360	443.553040	-1223.293701	59.297955	-188.911743	0.000000	0.000000	3.750000	-370.185730	1022.427673
361	45.175652	-738.800049	-35.071281	-200.957336	0.000000	0.000000	3.750000	248.755630	667.498901
362	-867.717590	752.537720	-139.179718	126.383438	0.000000	0.000000	3.750000	855.716919	-630.999146
363	-222.393066	-1210.530029	-47.375763	-186.062698	0.000000	0.000000	3.750000	430.625427	1309.411011
364	-1301.921021	-417.674316	-198.177338	-39.109467	0.000000	0.000000	3.750000	1071.836670	225.345993
365	-838.626709	482.859924	-149.657700	110.446877	0.000000	0.000000	3.750000	910.871887	-598.058716
366	1316.535645	-278.331360	188.704132	-35.419876	0.000000	0.000000	3.750000	-1464.527588	156.346832
367	454.712158	828.409851	87.132874	173.330811	0.000000	0.000000	3.750000	-517.345215	-842.477722
368	1158.886841	725.694092	147.783661	119.413773	0.000000	0.000000	3.750000	-1072.786499	-641.151672
369	-1373.313232	208.338013	-204.454376	38.238289	0.000000	0.000000	3.750000	1403.655518	-137.698257
370	-1168.173584	-919.301758	-168.770447	-114.594772	0.000000	0.000000	3.750000	1457.254639	645.030090
371	-21.062803	873.249146	-36.341240	174.249680	0.000000	0.000000	3.750000	103.618706	-975.219910
372	371.781769	938.570007	39.725418	179.658676	0.000000	0.000000	3.750000	-318.450012	-981.853821
373	379.049622	711.965698	62.002598	185.934601	0.000000	0.000000	3.750000	-339.602997	-1137.462402
374	582.955566	-903.671326	107.091660	-144.676727	0.000000	0.000000	3.750000	-603.506775	866.865662
375	-819.211609	-426.487610	-164.696228	-56.132843	0.000000	0.000000	3.750000	1172.346558	522.175171
376	-683.026001	122.456795	-176.827820	63.804474	0.000000	0.000000	3.750000	618.394226	-19.984032
377	462.297821	-312.072937	174.326691	-75.557823	0.000000	0.000000	3.750000	-549.826721	342.232635
378	-208.455292	-1199.797363	-46.341740	-178.068146	0.000000	0.000000	3.750000	196.647614	794.184814
379	79.513481	-468.797729	-34.373375	-180.746185	0.000000	0.000000	3.750000	169.171570	377.316925
380	-199.890564	343.251099	-70.453392	167.810226	0.000000	0.000000	3.750000	287.990540	-636.967224
381	-1061.170654	-199.891312	-194.176483	-38.723083	0.000000	0.000000	3.750000	1270.898193	281.261261
382	-1123.188721	647.532104	-168.910156	99.423660	0.000000	0.000000	3.750000	1182.510498	-520.103638
383	-576.089783	-1201.526611	-92.385757	-154.482468	0.000000	0.000000	3.750000	654.995972	1225.323608
384	425.225342	-881.863159	72.337753	-182.156036	0.000000	0.000000	3.750000	-151.726944	410.757568
385	430.473145	272.285431	118.941788	150.704041	0.000000	0.000000	3.750000	-530.757812	-383.635101
386	-130.505798	-1336.976685	-45.586800	-192.680023	0.000000	0.000000	3.750000	193.390656	1221.983398
387	64.205124	1162.210327	-4.048091	177.953949	0.000000	0.000000	3.750000	29.158232	-1332.282471
388	960.016113	-979.471191	127.802185	-129.578537	0.000000	0.000000	3.750000	-1031.944458	1013.882935
389	709.965454	304.927887	156.354416	97.001511	0.000000	0.000000	3.750000	-719.584778	-452.817810
390	-646.725159	1026.994385	-104.141693	163.676514	0.000000	0.000000	3.750000	467.385773	-1052.505737
391	-1167.493164	-132.926697	-187.999908	0.097059	0.000000	0.000000	3.750000	1370.770386	42.306583
392	7.922011	416.747620	-22.258148	194.723755	0.000000	0.000000	3.750000	23.880465	-347.201599
393	1053.657349	658.750305	138.891006	111.323303	0.000000	0.000000	3.750000	-1252.375610	-699.711792
394	716.112366	-360.828857	200.616333	-80.052155	0.000000	0.000000	3.750000	-860.920837	229.763199
395	-751.468506	-1118.338745	-121.778534	-166.150391	0.000000	0.000000	3.750000	695.647034	1018.447205
396	-1162.906006	-418.382599	-191.122375	-71.331398	0.000000	0.000000	3.750000	1128.571899	477.984955
397	184.531021	-1116.409424	33.338882	-197.201721	0.000000	0.000000	3.750000	-144.140854	941.812134
398	-1125.788818	713.499878	-173.164398	115.229530	0.000000	0.000000	3.750000	1124.171265	-603.628784
399	-923.249268	499.133484	-156.740601	100.138443	0.000000	0.000000	3.750000	1045.364258	-482.361115
400	1121.547363	530.325500	149.584763	84.900391	0.000000	0.000000	3.750000	-1691.591309	-634.997864
401	-358.566040	-552.029602	-150.979340	-137.188568	0.000000	0.000000	3.750000	435.101654	449.844208
402	825.909424	870.102234	127.980148	143.125397	0.000000	0.000000	3.750000	-668.395325	-919.734863
403	-324.977875	510.136322	-106.487228	150.053894	0.000000	0.000000	3.750000	344.883453	-592.462463
404	1124.321777	-1025.872681	143.620514	-136.297272	0.000000	0.000000	3.750000	-1242.592651	941.263000
405	-342.460938	-907.946167	-69.233803	-176.935059	0.000000	0.000000	3.750000	265.842224	488.637390
406	1221.756836	-428.763123	184.719528	-34.963875	0.000000	0.000000	3.750000	-1474.811768	140.173538
407	665.164978	-271.715820	189.716370	-49.230213	0.000000	0.000000	3.750000	-507.918793	113.868401
408	-1055.632080	162.656586	-174.856018	50.477791	0.000000	0.000000	3.750000	1080.335083	-66.424675
409	-461.225372	638.672791	-106.241714	159.926941	0.000000	0.000000	3.750000	573.878662	-986.382507
410	-1028.152954	-4.225239	-175.354919	15.054155	0.000000	0.000000	3.750000	1270.248901	-74.003326
411	1072.756104	-914.939209	142.368195	-125.820892	0.000000	0.000000	3.750000	-1022.040588	641.031616
412	1185.266846	-161.095154	193.838150	-7.918872	0.000000	0.000000	3.750000	-1139.425415	87.782570
413	-386.930695	1149.980103	-74.422226	159.489349	0.000000	0.000000	3.750000	376.477081	-1385.935547
414	-601.532593	-332.354065	-180.440613	-45.133064	0.000000	0.000000	3.750000	827.984009	271.637024
415	595.300781	-750.990601	114.915680	-153.812805	0.000000	0.000000	3.750000	-586.326599	811.928589
416	-592.984863	-1121.745117	-98.524170	-153.025742	0.000000	0.000000	3.750000	409.781189	648.057251
417	322.345856	-1280.238647	44.054428	-197.137527	0.000000	0.000000	3.750000	-299.199005	1419.375854
418	929.326111	1059.691284	126.496216	141.768982	0.000000	0.000000	3.750000	-805.682678	-1173.385742
419	615.418213	751.647278	120.191383	159.856262	0.000000	0.000000	3.750000	-696.482666	-904.256287
420	-1115.988281	-1039.828247	-159.835510	-129.955750	0.000000	0.000000	3.750000	1123.816528	1055.943604
421	-993.233032	-1089.100708	-131.163666	-131.878662	0.000000	0.000000	3.750000	787.207214	920.996216
422	288.712494	565.446106	35.337894	202.945999	0.000000	0.000000	3.750000	-96.786118	-720.403137
423	-81.639664	267.029907	-57.224106	189.540863	0.000000	0.000000	3.750000	174.369781	-337.223236
424	-313.415710	673.895447	-103.059280	157.232635	0.000000	0.000000	3.750000	376.827332	-804.258911
425	-172.537842	-552.700928	-111.113174	-171.084122	0.000000	0.000000	3.750000	290.652588	422.203064
426	-469.699646	-521.880981	-138.469803	-121.169693	0.000000	0.000000	3.750000	634.237305	524.492249
427	-19.841040	-973.095947	-12.484770	-199.609924	0.000000	0.000000	3.750000	79.431389	1067.933960
428	825.550720	574.518738	145.716934	115.596466	0.000000	0.000000	3.750000	-793.549133	-682.815979
429	-633.151917	-1138.881348	-110.921577	-146.806824	0.000000	0.000000	3.750000	921.377075	1078.794800
430	-751.118286	1025.928833	-121.343018	148.794708	0.000000	0.000000	3.750000	727.686951	-935.250427
431	-425.475006	-277.494843	-171.821442	-85.660576	0.000000	0.000000	3.750000	540.191528	429.475067
432	1131.732300	972.950928	142.719330	137.241211	0.000000	0.000000	3.750000	-926.082092	-977.530212
433	-33.597481	982.887390	-38.452282	194.228485	0.000000	0.000000	3.750000	50.148323	-856.960999
434	981.488831	-915.854980	153.424622	-134.448349	0.000000	0.000000	3.750000	-1023.222107	654.255493
435	499.365234	1008.624939	71.135574	174.022217	0.000000	0.000000	3.750000	-425.578766	-1062.479980
436	-410.193481	435.575043	-136.711487	129.015869	0.000000	0.000000	3.750000	174.598251	-237.237228
437	1008.878296	803.385315	143.878784	117.873184	0.000000	0.000000	3.750000	-549.671326	-337.628418
438	-190.861847	-429.461182	-122.395195	-123.631516	0.000000	0.000000	3.750000	168.004166	305.010406
439	-50.373306	457.318756	-37.927422	186.175537	0.000000	0.000000	3.750000	164.951141	-609.679138
440	-880.962769	818.522949	-130.747284	137.858963	0.000000	0.000000	3.750000	892.484985	-851.954102
441	-1325.514282	-43.536369	-197.261032	-17.090118	0.000000	0.000000	3.750000	1358.830078	139.919662
442	-922.350708	-40.488380	-196.756027	22.119566	0.000000	0.000000	3.750000	959.813232	76.557495
443	517.716003	-1263.187256	59.628620	-180.400421	0.000000	0.000000	3.750000	-334.179138	1346.929321
444	-548.613403	805.456360	-100.724075	161.104095	0.000000	0.000000	3.750000	510.902832	-964.019592
445	-1044.412720	-115.412155	-175.782227	-8.745560	0.000000	0.000000	3.750000	1381.581665	176.622894
446	615.379028	-116.536545	176.470276	-75.640854	0.000000	0.000000	3.750000	-901.243652	277.247803
447	1191.999512	343.610779	179.968414	66.894592	0.000000	0.000000	3.750000	-1183.885254	-280.140045
448	-672.430786	-441.856445	-140.604416	-142.233246	0.000000	0.000000	3.750000	639.495422	692.304993
449	-156.365372	-911.491943	-12.651474	-189.578323	0.000000	0.000000	3.750000	61.140697	885.768494
450	-21.769712	-1181.535522	0.188347	-203.999542	0.000000	0.000000	3.750000	66.079529	1115.265991
451	-1070.578491	671.737122	-153.144653	112.456642	0.000000	0.000000	3.750000	1162.023315	-662.776306
452	828.808960	1170.891357	103.453598	161.743698	0.000000	0.000000	3.750000	-574.963074	-1257.214355
453	257.947327	-879.055054	85.871368	-176.187286	0.000000	0.000000	3.750000	-553.719666	966.619751
454	-391.149200	-1126.842407	-58.027569	-180.920990	0.000000	0.000000	3.750000	206.392059	941.973633
455	1115.167114	-93.996521	201.670715	11.519482	0.000000	0.000000	3.750000	-1192.489746	17.712124
456	1142.245972	1100.714600	151.686066	139.381958	0.000000	0.000000	3.750000	-1109.795776	-966.539124
457	1259.429810	-831.154602	173.268051	-111.415634	0.000000	0.000000	3.750000	-1364.285889	533.284302
458	-4.223585	438.605408	-34.066483	197.070557	0.000000	0.000000	3.750000	150.531296	-404.502991
459	-815.114441	835.478027	-153.520905	140.339539	0.000000	0.000000	3.750000	787.256104	-627.081726
460	-52.363373	-464.332764	-20.345900	-184.883850	0.000000	0.000000	3.750000	67.752953	526.033875
461	-631.414978	-831.006348	-119.541595	-145.098770	0.000000	0.000000	3.750000	859.006531	1167.566284
462	685.499268	-1129.831177	102.874207	-173.841537	0.000000	0.000000	3.750000	-840.185303	1490.057373
463	775.540161	-1160.536133	110.133965	-149.888321	0.000000	0.000000	3.750000	-420.598633	714.549561
464	-147.759415	-390.342041	-49.668697	-195.798233	0.000000	0.000000	3.750000	182.501495	465.964905
465	-569.667725	1133.365479	-93.289154	153.937820	0.000000	0.000000	3.750000	531.931091	-1196.985840
466	-138.942856	-736.096069	-42.093117	-201.653091	0.000000	0.000000	3.750000	177.394394	583.416992
467	644.019287	-687.778259	145.880081	-121.730957	0.000000	0.000000	3.750000	-981.020081	635.755371
468	-677.520691	-213.300812	-182.580582	-81.635330	0.000000	0.000000	3.750000	533.082520	259.466797
469	-97.896355	545.834961	-33.100193	191.130737	0.000000	0.000000	3.750000	111.662979	-269.773010
470	264.498901	-479.088501	27.311680	-200.129852	0.000000	0.000000	3.750000	81.543457	394.124512
471	-1049.592407	-116.220314	-195.994263	-0.768246	0.000000	0.000000	3.750000	1093.062012	212.455612
472	-535.230835	-931.041626	-102.790253	-164.530029	0.000000	0.000000	3.750000	628.306946	1078.318970
473	497.637756	676.279663	105.041397	155.916931	0.000000	0.000000	3.750000	-694.460876	-862.346985
474	793.229492	977.224670	117.457321	144.220551	0.000000	0.000000	3.750000	-694.020752	-1086.888062
475	170.688431	-444.401367	41.797821	-191.490997	0.000000	0.000000	3.750000	-120.150192	738.211243
476	-846.084534	764.101318	-146.657333	144.663834	0.000000	0.000000	3.750000	837.599487	-790.069397
477	-63.542713	1227.841309	-1.028072	201.997253	0.000000	0.000000	3.750000	-48.120136	-1232.896362
478	1104.195923	-299.157227	171.520660	-66.608223	0.000000	0.000000	3.750000	-1168.334595	472.406738
479	1219.936157	-309.281708	181.808716	-47.847000	0.000000	0.000000	3.750000	-2009.858398	296.020691
480	461.674255	-913.753174	83.738892	-170.551147	0.000000	0.000000	3.750000	-507.382874	911.937927
481	-371.022919	-1206.937500	-81.437973	-187.039703	0.000000	0.000000	3.750000	492.955231	1159.967651
482	56.975552	-1200.847290	-4.379729	-191.949707	0.000000	0.000000	3.750000	92.204414	1165.776001
483	-171.773102	687.732056	-59.841999	165.512817	0.000000	0.000000	3.750000	217.703400	-907.794800
484	152.707245	980.079102	4.592014	189.936493	0.000000	0.000000	3.750000	-25.609756	-310.026306
485	-69.244865	-1307.424683	-13.594299	-197.532501	0.000000	0.000000	3.750000	99.885826	763.340027
486	-772.330444	295.384369	-152.831604	91.243462	0.000000	0.000000	3.750000	637.590881	-271.681274
487	177.470001	110.873344	143.485901	147.723648	0.000000	0.000000	3.750000	-35.862823	-52.111843
488	901.475220	-771.620789	142.465057	-116.445465	0.000000	0.000000	3.750000	-761.533691	504.632263
489	-598.820801	479.544373	-153.750214	134.058578	0.000000	0.000000	3.750000	257.587250	-213.546249
490	-1038.810303	738.373108	-132.907410	118.404282	0.000000	0.000000	3.750000	1039.850952	-807.294128
491	1278.325439	-436.954529	173.930588	-65.909805	0.000000	0.000000	3.750000	-1235.362915	398.860474
492	330.551636	-30.630133	197.358002	-32.327488	0.000000	0.000000	3.750000	-555.064575	-31.911348
493	-826.512024	97.789391	-183.478516	40.961609	0.000000	0.000000	3.750000	1026.351562	-1.990034
494	795.589966	-785.750183	135.620361	-127.290558	0.000000	0.000000	3.750000	-887.688904	692.763733
495	1266.949951	118.931976	197.348312	-16.040627	0.000000	0.000000	3.750000	-834.985962	52.946510
496	-260.340088	-648.232056	-77.159950	-162.621460	0.000000	0.000000	3.750000	439.859680	680.494751
497	109.997856	1207.765259	41.550308	197.679840	0.000000	0.000000	3.750000	-222.455093	-846.167542
498	-384.026123	1067.516357	-48.330780	167.152496	0.000000	0.000000	3.750000	222.480927	-1229.142578
499	673.687988	1023.385132	90.356323	187.347870	0.000000	0.000000	3.750000	-629.734314	-1005.951416
500	833.921631	-903.933472	133.664154	-140.605179	0.000000	0.000000	3.750000	-907.019531	839.928772
501	1058.050781	-1020.544556	131.011002	-145.780853	0.000000	0.000000	3.750000	-878.510803	1097.774048
502	948.113586	-52.780312	184.142151	-46.815228	0.000000	0.000000	3.750000	-959.469910	238.262131
503	222.743896	281.637604	97.338577	172.420441	0.000000	0.000000	3.750000	-441.884552	-606.959412
504	320.748596	1128.957886	60.689468	177.934753	0.000000	0.000000	3.750000	-348.719330	-1074.508545
505	-441.098633	660.241760	-106.694763	159.620056	0.000000	0.000000	3.750000	184.814926	-444.660004
506	756.409424	-371.896240	156.795013	-120.908043	0.000000	0.000000	3.750000	-854.762512	526.854492
507	-1069.026733	-310.003204	-175.441223	-48.416302	0.000000	0.000000	3.750000	929.684448	210.159561
508	777.805969	-604.602905	167.726593	-112.568115	0.000000	0.000000	3.750000	-961.019165	553.502075
509	1196.751221	226.642456	185.448303	41.320423	0.000000	0.000000	3.750000	-944.323914	-7.267780
510	101.833557	1091.736572	6.114596	191.902008	0.000000	0.000000	3.750000	-72.540367	-1058.997559
511	-1087.728271	956.816711	-148.419769	137.023239	0.000000	0.000000	3.750000	1146.714722	-877.959656
512	-1032.301880	262.239838	-180.047211	72.236015	0.000000	0.000000	3.750000	1113.046265	-235.458679
513	850.133118	26.749344	201.942017	4.547286	0.000000	0.000000	3.750000	-397.544281	18.947607
514	482.665344	-64.425323	190.633011	-60.405724	0.000000	0.000000	3.750000	-388.344360	24.649193
515	-392.180237	-93.033783	-164.228516	-57.487755	0.000000	0.000000	3.750000	548.661987	218.351486
516	247.711990	-714.811218	79.564743	-176.932648	0.000000	0.000000	3.750000	-411.787659	762.852539
517	59.303757	-249.469055	42.017620	-185.278198	0.000000	0.000000	3.750000	-41.948322	163.074905
518	388.732056	-987.442627	74.716194	-157.141571	0.000000	0.000000	3.750000	-483.103363	1079.433472
519	-1215.592529	-379.596008	-186.197296	-78.322906	0.000000	0.000000	3.750000	1160.684937	560.515137
520	-1267.590576	-204.947052	-183.011642	-33.201401	0.000000	0.000000	3.750000	1035.278320	103.746712
521	-1148.035767	586.675110	-169.695435	94.013412	0.000000	0.000000	3.750000	1267.104736	-409.507355
522	626.871155	-899.675293	99.301712	-166.658798	0.000000	0.000000	3.750000	-431.028046	693.347412
523	-1042.852417	229.449005	-205.963806	3.777677	0.000000	0.000000	3.750000	1357.723999	146.432968
524	-204.817169	-1146.352905	-29.539984	-201.849884	0.000000	0.000000	3.750000	269.902557	1625.311279
525	-1030.204834	1164.695190	-134.360550	153.503235	0.000000	0.000000	3.750000	934.117188	-1087.064575
526	1072.819824	-686.607056	147.628754	-109.823189	0.000000	0.000000	3.750000	-1170.242188	545.042114
527	883.892578	-928.511353	119.091911	-145.468567	0.000000	0.000000	3.750000	-799.851135	1035.445557
528	967.095947	423.113159	185.181503	75.537758	0.000000	0.000000	3.750000	-1137.351807	-195.538803
529	387.168457	-260.600616	163.565002	-121.846161	0.000000	0.000000	3.750000	-185.358505	94.090637
530	-896.129456	1087.817871	-127.445984	140.916412	0.000000	0.000000	3.750000	916.663269	-907.666016
531	1201.786987	550.370667	182.362381	91.432236	0.000000	0.000000	3.750000	-1287.905029	-547.794617
532	-780.136475	-281.218781	-185.304199	-57.429840	0.000000	0.000000	3.750000	848.660522	323.494812
533	-976.936157	877.102539	-134.423248	139.879776	0.000000	0.000000	3.750000	972.958374	-924.960510
534	-103.205505	-978.068970	12.533683	-195.598831	0.000000	0.000000	3.750000	-61.685944	1060.598145
535	-923.259583	-88.536705	-205.507370	14.123385	0.000000	0.000000	3.750000	999.010437	148.084595
536	350.570282	-725.823792	80.055939	-172.307114	0.000000	0.000000	3.750000	-427.614563	635.238708
537	-688.134216	-617.961182	-154.624725	-120.444923	0.000000	0.000000	3.750000	692.591187	481.339935
538	-131.009857	-300.486694	-109.885117	-162.299133	0.000000	0.000000	3.750000	238.198471	370.306702
539	854.125916	988.508667	131.167068	145.639603	0.000000	0.000000	3.750000	-623.430054	-874.740845
540	-27.308311	1153.661743	-23.676105	182.470383	0.000000	0.000000	3.750000	112.841820	-1071.370728
541	858.841614	-430.073883	174.203415	-70.690506	0.000000	0.000000	3.750000	-900.650085	333.711182
542	-1073.066284	265.490204	-169.748474	65.644058	0.000000	0.000000	3.750000	1271.155396	-330.646484
543	-90.844757	1170.181030	-20.068554	180.888809	0.000000	0.000000	3.750000	-17.719061	-1319.041870
544	-587.568848	-1272.478516	-80.654892	-178.635635	0.000000	0.000000	3.750000	458.253265	1202.803711
545	-513.624146	-335.492310	-147.612701	-134.943802	0.000000	0.000000	3.750000	379.494843	459.368713
546	1332.067383	-671.985779	184.925964	-90.763336	0.000000	0.000000	3.750000	-1353.023560	472.605408
547	-1077.499878	-897.471985	-160.713181	-115.650360	0.000000	0.000000	3.750000	1009.572754	560.367065
548	436.310486	-675.999451	90.604553	-157.843735	0.000000	0.000000	3.750000	-617.766602	893.254700
549	-1072.388184	-713.120117	-149.945618	-113.403076	0.000000	0.000000	3.750000	1049.125610	704.784729
550	-358.123901	-458.773682	-112.543381	-165.329529	0.000000	0.000000	3.750000	488.983368	672.308289
551	441.084076	1102.509521	75.189384	165.741959	0.000000	0.000000	3.750000	-449.800110	-1328.166504
552	200.664795	1234.219482	43.529076	182.891235	0.000000	0.000000	3.750000	-270.803558	-1295.572021
553	-587.549194	-1279.296631	-79.535034	-176.946564	0.000000	0.000000	3.750000	579.649780	1548.787354
554	-325.563354	-1039.009399	-59.527023	-169.871368	0.000000	0.000000	3.750000	385.345978	846.082031
555	1044.233887	810.890259	157.532074	123.220840	0.000000	0.000000	3.750000	-1174.814819	-720.743042
556	-1118.608521	313.468628	-155.896515	67.794434	0.000000	0.000000	3.750000	1189.147095	-376.324371
557	-793.183655	-834.779785	-123.844009	-136.083267	0.000000	0.000000	3.750000	859.813354	975.313232
558	-508.829468	342.308441	-144.801239	132.090576	0.000000	0.000000	3.750000	412.037964	-292.708221
559	-1326.846069	215.464813	-193.917572	63.333717	0.000000	0.000000	3.750000	1247.455444	-207.382538
560	706.091187	-136.604172	198.048492	-56.678970	0.000000	0.000000	3.750000	-1701.545166	614.590271
561	-1347.991943	265.906189	-191.612396	57.309563	0.000000	0.000000	3.750000	1441.860352	-268.457245
562	607.931946	-1082.395142	86.759964	-162.261108	0.000000	0.000000	3.750000	-525.489929	1100.504395
563	1035.829956	-146.154541	186.800537	-59.342461	0.000000	0.000000	3.750000	-1059.762695	331.905579
564	-602.069946	1199.795898	-88.492378	188.232697	0.000000	0.000000	3.750000	313.743774	-1188.746704
565	351.939209	415.712433	79.834976	156.851288	0.000000	0.000000	3.750000	-244.493851	-443.920654
566	-632.802307	-573.069214	-138.677002	-114.754906	0.000000	0.000000	3.750000	597.860840	487.800476
567	338.434570	1116.692749	64.866867	167.905579	0.000000	0.000000	3.750000	-394.969147	-971.214783
568	-591.761108	1105.291382	-84.710541	172.302368	0.000000	0.000000	3.750000	389.029907	-974.162659
569	1062.577881	377.396698	176.822052	63.856224	0.000000	0.000000	3.750000	-1682.527588	-413.283997
570	-1134.929199	764.910034	-162.026672	110.284134	0.000000	0.000000	3.750000	1238.929810	-543.966125
571	-129.463974	-1150.220947	-18.153065	-187.121521	0.000000	0.000000	3.750000	113.215691	1194.903198
572	2.784841	393.501709	5.026301	173.904327	0.000000	0.000000	3.750000	21.783535	-163.106293
573	-662.453735	1153.619507	-118.001404	171.288147	0.000000	0.000000	3.750000	810.268005	-1145.116943
574	-502.544586	-529.313354	-134.707535	-100.388306	0.000000	0.000000	3.750000	635.229858	416.662567
575	114.702469	1288.016602	-2.708791	207.981369	0.000000	0.000000	3.750000	28.883207	-903.104431
576	806.291199	97.989891	189.779892	9.141678	0.000000	0.000000	3.750000	-1003.023865	-42.254230
577	187.229126	-27.048826	213.223969	18.116341	0.000000	0.000000	3.750000	-341.398834	-61.154701
578	360.689423	-392.327087	175.353333	-104.172775	0.000000	0.000000	3.750000	-297.068878	321.025757
579	950.596802	1078.021729	129.444702	130.766876	0.000000	0.000000	3.750000	-561.924316	-622.792847
580	-251.191620	84.541794	-172.921982	-19.317921	0.000000	0.000000	3.750000	468.608490	17.258600
581	262.503296	583.105713	94.026993	181.036926	0.000000	0.000000	3.750000	-228.524536	-396.645294
582	747.641357	-619.667969	123.657379	-119.549667	0.000000	0.000000	3.750000	-756.571899	473.905884
583	108.259865	-1176.950073	7.231832	-187.860687	0.000000	0.000000	3.750000	13.260083	1084.005981
584	-859.619019	-92.530899	-180.412323	-36.156425	0.000000	0.000000	3.750000	999.685303	267.075836
585	679.473633	-815.218384	119.688293	-157.728210	0.000000	0.000000	3.750000	-653.370056	1080.799072
586	-657.026062	-803.826965	-127.586746	-154.018127	0.000000	0.000000	3.750000	595.350098	747.559448
587	-610.507812	807.374573	-116.032852	145.369690	0.000000	0.000000	3.750000	509.273712	-590.821106
588	896.164124	293.567993	177.484833	29.977608	0.000000	0.000000	3.750000	-1087.876831	-54.366226
589	277.673035	-1144.538574	57.220993	-210.356232	0.000000	0.000000	3.750000	-270.777588	1117.024292
590	1214.740479	-1087.384521	157.753418	-159.027710	0.000000	0.000000	3.750000	-734.006775	648.160095
591	-1077.269531	696.122559	-180.000076	77.560440	0.000000	0.000000	3.750000	1202.139526	-357.815094
592	343.760986	684.958801	111.562981	153.746475	0.000000	0.000000	3.750000	-324.045532	-245.666534
593	-743.108276	-619.812012	-136.895859	-122.944443	0.000000	0.000000	3.750000	1080.125732	808.427979
594	-960.139648	-906.280273	-131.847595	-134.015717	0.000000	0.000000	3.750000	1053.120972	1056.886597
595	-955.855408	169.943939	-185.602753	-12.137909	0.000000	0.000000	3.750000	1163.703735	192.043365
596	173.859207	833.131104	74.404907	179.147125	0.000000	0.000000	3.750000	-355.048645	-487.721313
597	-1027.706421	-254.070480	-175.481262	-61.643524	0.000000	0.000000	3.750000	577.955811	330.012390
598	1041.054321	470.036530	171.632355	54.239792	0.000000	0.000000	3.750000	-1222.512329	-219.282394
599	-129.873810	-992.623535	-23.908854	-180.422745	0.000000	0.000000	3.750000	155.231461	1169.721191
600	-1227.903442	-830.834473	-168.717941	-128.367661	0.000000	0.000000	3.750000	1087.421143	829.867615
601	-594.461670	-423.314575	-155.052414	-135.626053	0.000000	0.000000	3.750000	679.622498	649.057556
602	-531.598633	336.126556	-161.898193	87.435272	0.000000	0.000000	3.750000	383.866852	-218.979477
603	-1205.736206	-733.538025	-171.401306	-117.834839	0.000000	0.000000	3.750000	1163.737183	556.870544
604	-872.971924	561.070618	-167.752716	70.588882	0.000000	0.000000	3.750000	956.713318	-307.592133
605	-396.727173	-1249.561157	-75.290543	-183.125732	0.000000	0.000000	3.750000	379.411102	1290.004150
606	516.819824	-96.715164	143.658112	-70.440216	0.000000	0.000000	3.750000	-686.686584	243.389557
607	643.158142	-213.333801	163.004333	-97.618713	0.000000	0.000000	3.750000	-843.335999	427.428772
608	-1057.817627	1053.630005	-143.018997	128.099731	0.000000	0.000000	3.750000	1198.796753	-973.169189
609	217.982803	-934.257324	45.916500	-180.243347	0.000000	0.000000	3.750000	-303.921448	1168.760010
610	-1275.400879	679.528076	-181.159760	79.904160	0.000000	0.000000	3.750000	1330.424805	-371.409943
611	355.805420	410.427368	161.592255	121.189423	0.000000	0.000000	3.750000	-392.026245	-143.504623
612	-190.388687	829.761536	-62.397713	173.096741	0.000000	0.000000	3.750000	200.207718	-655.328918
613	1148.131714	-367.508423	165.183777	-60.747986	0.000000	0.000000	3.750000	-1120.010986	394.029205
614	-361.551788	-228.848557	-153.026581	-112.618118	0.000000	0.000000	3.750000	379.560791	281.834198
615	-193.625198	-50.106441	-150.607697	-112.516235	0.000000	0.000000	3.750000	409.109283	405.287109
616	284.152008	654.165100	72.762657	186.292740	0.000000	0.000000	3.750000	-195.135422	-452.399628
617	664.985596	1261.707031	97.775772	179.041595	0.000000	0.000000	3.750000	-503.873810	-986.959656
618	-608.513123	890.805786	-124.930321	140.477859	0.000000	0.000000	3.750000	367.688538	-360.156158
619	-1036.612671	-147.283752	-190.686417	-53.312519	0.000000	0.000000	3.750000	1104.123047	200.552322
620	-57.085175	-113.157867	-101.990036	-133.491730	0.000000	0.000000	3.750000	174.872604	307.551575
621	-256.685211	-830.888916	-47.406334	-186.054626	0.000000	0.000000	3.750000	327.820648	930.674377
622	724.245056	-874.254028	118.718872	-145.773102	0.000000	0.000000	3.750000	-814.531006	920.547913
623	96.653450	1038.849976	30.797659	177.345612	0.000000	0.000000	3.750000	-145.121246	-1094.099609
624	-1043.850220	-784.083801	-145.851410	-115.426704	0.000000	0.000000	3.750000	1091.984253	962.797791
625	1224.750488	-947.909302	144.997192	-134.832382	0.000000	0.000000	3.750000	-1077.021240	894.685303
626	1061.369873	349.436646	189.747879	40.374886	0.000000	0.000000	3.750000	-1026.406128	-10.164632
627	306.472168	-457.460968	99.773048	-140.104645	0.000000	0.000000	3.750000	-533.640869	781.239258
628	-521.246094	440.685089	-161.020813	93.102921	0.000000	0.000000	3.750000	806.907043	-393.511963
629	419.595184	654.186646	107.155060	156.895325	0.000000	0.000000	3.750000	-350.394409	-394.153503
630	-1140.763062	-1065.523438	-141.565857	-138.430649	0.000000	0.000000	3.750000	1132.399536	1012.102417
631	-1056.436279	247.497101	-184.692108	35.106926	0.000000	0.000000	3.750000	1177.229248	-104.006668
632	514.149109	1002.958740	91.939865	157.070206	0.000000	0.000000	3.750000	-572.832092	-923.249207
633	80.356064	1324.583618	0.699479	191.996857	0.000000	0.000000	3.750000	-73.701912	-940.885010
634	422.644531	483.677704	142.198730	134.870361	0.000000	0.000000	3.750000	-467.143738	-255.506744
635	-330.925262	-1238.974731	-66.031715	-184.542053	0.000000	0.000000	3.750000	374.562622	1204.610474
636	-1106.829468	780.333923	-165.016922	90.070930	0.000000	0.000000	3.750000	1256.854614	-413.875092
637	-681.565002	920.699341	-115.356094	140.772400	0.000000	0.000000	3.750000	673.138428	-720.153625
638	1116.614380	863.418396	156.632050	114.461685	0.000000	0.000000	3.750000	-1231.931274	-555.911194
639	395.134399	1232.509888	56.163013	173.117310	0.000000	0.000000	3.750000	-344.497070	-1001.879822
640	1230.585571	414.435059	189.977081	48.213463	0.000000	0.000000	3.750000	-1263.969727	-217.191925
641	-1134.452759	919.107239	-160.531982	105.321671	0.000000	0.000000	3.750000	1464.438721	-580.826416
642	-884.244263	736.124268	-178.019928	103.657578	0.000000	0.000000	3.750000	581.088135	-332.230469
643	-1118.936890	230.889221	-195.979935	2.754942	0.000000	0.000000	3.750000	1243.446411	88.521950
644	-548.256531	683.384705	-127.092056	130.275085	0.000000	0.000000	3.750000	657.368713	-708.359924
645	-840.338440	-471.577057	-159.964920	-102.524223	0.000000	0.000000	3.750000	905.762573	606.565857
646	705.742737	-354.774261	128.547760	-117.266113	0.000000	0.000000	3.750000	-737.091125	594.115479
647	1121.857544	-3.797442	192.842896	-35.035805	0.000000	0.000000	3.750000	-1207.329712	156.825378
648	-1070.476929	-444.365295	-191.974823	-62.841156	0.000000	0.000000	3.750000	789.588684	230.124039
649	-378.801758	422.399780	-81.610764	158.186417	0.000000	0.000000	3.750000	252.521149	-741.962219
650	1299.657593	681.218567	180.726181	80.879333	0.000000	0.000000	3.750000	-1431.673218	-369.732483
651	670.998657	-1259.255981	93.651093	-165.314880	0.000000	0.000000	3.750000	-504.138763	1364.797729
652	-96.166519	-1252.270142	-8.661243	-195.808533	0.000000	0.000000	3.750000	56.533680	1202.948730
653	953.515686	-248.576889	176.785202	-63.960724	0.000000	0.000000	3.750000	-929.768677	370.509949
654	958.697998	-224.692062	209.453201	-15.130108	0.000000	0.000000	3.750000	-1099.398438	170.214935
655	-454.427155	620.100647	-103.085602	171.379669	0.000000	0.000000	3.750000	228.125977	-759.050110
656	-1095.624146	-495.096619	-168.754593	-56.620529	0.000000	0.000000	3.750000	1194.072021	411.501221
657	132.001251	-686.007812	64.967102	-174.282623	0.000000	0.000000	3.750000	-358.038757	677.655029
658	-1254.675415	357.973633	-173.578705	66.828033	0.000000	0.000000	3.750000	1298.432007	-306.623505
659	925.479248	-517.223328	158.913055	-92.749802	0.000000	0.000000	3.750000	-897.420105	450.031525
660	-133.939713	1397.699097	-42.646786	201.535187	0.000000	0.000000	3.750000	97.786171	-1920.892944
661	431.666473	-1024.768433	67.890564	-200.835266	0.000000	0.000000	3.750000	-404.532318	1089.777710
662	-614.017334	-34.531857	-195.950882	-4.277557	0.000000	0.000000	3.750000	298.905090	72.310188
663	104.444885	-470.079041	93.102295	-177.007904	0.000000	0.000000	3.750000	-255.606186	420.626282
664	1025.173828	1133.981201	130.767334	159.171646	0.000000	0.000000	3.750000	-799.133057	-1246.808105
665	-1003.159668	883.294067	-142.330215	125.865036	0.000000	0.000000	3.750000	877.826355	-669.934143
666	490.731384	987.527771	74.372635	172.663452	0.000000	0.000000	3.750000	-456.066681	-962.976929
667	864.359497	-1073.142578	138.732101	-135.606293	0.000000	0.000000	3.750000	-1026.013428	755.019226
668	1068.145508	584.374268	167.984421	79.853271	0.000000	0.000000	3.750000	-1027.364990	-301.636230
669	-35.383541	679.132141	19.903404	196.988266	0.000000	0.000000	3.750000	70.778587	-661.041443
670	-837.073853	886.738342	-131.594177	145.254730	0.000000	0.000000	3.750000	828.032104	-853.461853
671	-144.566849	-814.441406	-18.940079	-199.094574	0.000000	0.000000	3.750000	176.960052	663.174194
672	-668.524475	-1185.818604	-103.372505	-168.871704	0.000000	0.000000	3.750000	560.341309	1235.302124
673	303.065857	-643.577515	38.928513	-173.690948	0.000000	0.000000	3.750000	-142.469482	590.421204
674	932.256104	-518.228149	176.293167	-114.107681	0.000000	0.000000	3.750000	-937.594238	542.681702
675	130.536606	-1124.296509	51.258446	-197.455093	0.000000	0.000000	3.750000	-222.958145	769.258972
676	-521.344360	-806.134766	-109.737991	-174.337524	0.000000	0.000000	3.750000	539.074036	877.425049
677	-702.876587	278.047791	-188.881332	65.755913	0.000000	0.000000	3.750000	311.859589	-51.227554
678	598.647766	1060.978638	115.774261	179.978470	0.000000	0.000000	3.750000	-655.581055	-914.351929
679	1301.027832	220.817169	200.917023	35.318924	0.000000	0.000000	3.750000	-1368.133545	-4.579129
680	578.431946	-995.202332	87.422577	-138.755753	0.000000	0.000000	3.750000	-555.853882	1116.281128
681	-261.007782	-380.426025	-151.489044	-127.492920	0.000000	0.000000	3.750000	250.500290	205.315750
682	1169.922974	-604.218689	176.279388	-81.003479	0.000000	0.000000	3.750000	-1166.061768	491.436737
683	304.648560	900.608093	45.713310	178.230316	0.000000	0.000000	3.750000	-345.043976	-1026.993164
684	1261.400146	-936.931030	155.574310	-122.474243	0.000000	0.000000	3.750000	-1341.030884	669.524963
685	108.810509	-1055.784424	36.437447	-200.718781	0.000000	0.000000	3.750000	-306.899384	1202.535156
686	1093.009644	-1109.560791	140.836731	-136.312134	0.000000	0.000000	3.750000	-1036.683472	942.681152
687	-148.346527	-930.943542	-50.030327	-195.704529	0.000000	0.000000	3.750000	358.424622	868.185730
688	-979.853943	1054.152832	-117.197937	139.242859	0.000000	0.000000	3.750000	788.141479	-1098.533691
689	-39.314590	906.106934	-16.446064	185.269775	0.000000	0.000000	3.750000	-50.902264	-941.558533
690	-418.759949	-1062.207397	-66.005020	-163.154343	0.000000	0.000000	3.750000	430.096405	1088.265869
691	1295.919189	447.154480	192.961014	59.747860	0.000000	0.000000	3.750000	-1321.464600	-270.750397
692	-704.377747	-759.126404	-115.876556	-140.344025	0.000000	0.000000	3.750000	765.054321	773.451111
693	-705.285706	1185.890137	-88.260117	161.448593	0.000000	0.000000	3.750000	456.479980	-1339.567993
694	-1074.199829	-761.535278	-145.129883	-106.476509	0.000000	0.000000	3.750000	1586.910400	1007.399963
695	285.851166	1050.466797	43.877983	197.176727	0.000000	0.000000	3.750000	-204.206314	-1028.062622
696	-506.766174	-1245.346313	-84.188324	-159.098267	0.000000	0.000000	3.750000	578.964233	1299.623779
697	-494.320679	-731.493164	-92.684540	-140.119476	0.000000	0.000000	3.750000	578.883362	757.203186
698	-396.658783	994.690186	-84.099854	168.136505	0.000000	0.000000	3.750000	198.817993	-664.890686
699	-1175.865356	-507.199188	-174.855927	-74.332771	0.000000	0.000000	3.750000	1348.023193	494.423645
700	1300.186401	84.537613	191.116669	33.319748	0.000000	0.000000	3.750000	-1425.774536	-119.961235
701	-129.190247	998.213562	-15.266017	175.336456	0.000000	0.000000	3.750000	32.845543	-1271.357544
702	286.836365	1074.130371	60.528053	184.315811	0.000000	0.000000	3.750000	-336.390472	-1135.363281
703	-929.293457	566.878479	-163.024780	108.806702	0.000000	0.000000	3.750000	876.043030	-540.197510
704	1040.356445	356.360718	191.488007	70.340683	0.000000	0.000000	3.750000	-1168.846191	-265.549805
705	138.801331	-897.908508	33.446762	-178.898041	0.000000	0.000000	3.750000	-237.565063	806.598145
706	758.149109	57.003716	188.613358	22.912495	0.000000	0.000000	3.750000	-691.923706	-59.306568
707	824.860901	1129.258911	107.471725	156.683472	0.000000	0.000000	3.750000	-694.096191	-1228.415649
708	572.990967	-1250.420166	97.059692	-167.972839	0.000000	0.000000	3.750000	-524.018860	1357.597290
709	1049.446899	623.218567	145.477783	99.054230	0.000000	0.000000	3.750000	-1242.496216	-536.054810
710	-840.345764	166.968246	-186.768066	34.801788	0.000000	0.000000	3.750000	600.064087	76.497520
711	654.053894	-55.444050	168.933533	-18.948610	0.000000	0.000000	3.750000	-482.673340	-40.080200
712	88.574783	1082.453125	25.099600	182.280029	0.000000	0.000000	3.750000	-171.066391	-1249.737793
713	447.878387	936.815796	76.713768	176.008224	0.000000	0.000000	3.750000	-516.851868	-1008.799561
714	819.391907	568.442932	166.593079	91.360527	0.000000	0.000000	3.750000	-871.025574	-493.490967
715	-1004.480225	763.997437	-137.154083	134.344543	0.000000	0.000000	3.750000	395.877136	-286.763519
716	-497.259399	302.388672	-168.527710	96.095474	0.000000	0.000000	3.750000	497.189819	-265.303345
717	697.474182	980.981079	108.626556	148.512939	0.000000	0.000000	3.750000	-654.968872	-1138.158569
718	-68.517769	1220.323730	6.114265	207.909698	0.000000	0.000000	3.750000	-143.775772	-1385.406006
719	354.768616	-409.609650	122.237663	-123.828720	0.000000	0.000000	3.750000	-494.764069	416.935394
720	400.067963	-1013.112183	55.343246	-188.023987	0.000000	0.000000	3.750000	-324.089996	949.765564
721	137.313736	-719.582947	49.410530	-175.160980	0.000000	0.000000	3.750000	-397.380890	847.131775
722	591.317139	-282.668335	174.148865	-94.209976	0.000000	0.000000	3.750000	-779.065125	317.449585
723	-551.996033	-254.980865	-181.628632	-29.427370	0.000000	0.000000	3.750000	816.951904	264.253265
724	-244.518173	-821.285950	-43.348824	-191.139511	0.000000	0.000000	3.750000	308.691772	685.838257
725	-468.826355	426.170166	-143.246246	124.821899	0.000000	0.000000	3.750000	574.920715	-507.065582
726	786.506226	1191.094971	113.838409	178.840973	0.000000	0.000000	3.750000	-597.039673	-1456.349121
727	-997.353149	-504.153503	-183.058868	-75.454422	0.000000	0.000000	3.750000	1039.983154	505.784912
728	1133.290649	687.138794	148.791931	111.607315	0.000000	0.000000	3.750000	-1278.803101	-601.506836
729	-712.945618	614.526062	-131.424423	131.618866	0.000000	0.000000	3.750000	809.712402	-727.405457
730	-52.194588	-475.942657	16.049015	-205.290466	0.000000	0.000000	3.750000	69.927345	231.125748
731	165.455658	519.889038	60.428463	171.673798	0.000000	0.000000	3.750000	-317.973907	-646.235962
732	-1347.453735	-380.568207	-198.878296	-45.424866	0.000000	0.000000	3.750000	1364.515015	305.945496
733	624.405273	120.866142	177.129974	41.817169	0.000000	0.000000	3.750000	-692.517029	-106.601082
734	-469.351685	-526.148071	-103.742111	-134.675674	0.000000	0.000000	3.750000	417.302002	558.333069
735	1031.452881	1082.352661	133.852448	143.176254	0.000000	0.000000	3.750000	-857.987000	-1061.676758
736	-44.183254	-81.151855	-75.381851	-160.996277	0.000000	0.000000	3.750000	10.470200	-43.889584
737	-784.782593	-805.337830	-131.703140	-150.510559	0.000000	0.000000	3.750000	794.139954	717.890625
738	1007.171692	-101.217743	199.976990	3.004714	0.000000	0.000000	3.750000	-1096.152710	46.392807
739	425.402893	-624.636902	133.274887	-159.690231	0.000000	0.000000	3.750000	-611.229553	623.699768
740	692.605835	1053.311401	91.339272	164.319794	0.000000	0.000000	3.750000	-531.584534	-1206.812012
741	1467.558472	125.373528	211.023987	20.311977	0.000000	0.000000	3.750000	-1372.053223	-5.149496
742	1086.798462	-781.654053	154.858536	-129.700378	0.000000	0.000000	3.750000	-1095.826660	611.181213
743	1102.796387	927.087708	157.809082	129.271255	0.000000	0.000000	3.750000	-597.692444	-349.600922
744	1274.743164	-837.918518	163.429810	-122.090820	0.000000	0.000000	3.750000	-1424.527954	702.196045
745	239.685333	-153.181610	188.434937	-24.272963	0.000000	0.000000	3.750000	-445.397522	-30.263664
746	247.769287	-803.860474	29.549229	-189.712463	0.000000	0.000000	3.750000	-142.636841	836.130249
747	-763.756897	12.046707	-202.219391	63.539497	0.000000	0.000000	3.750000	354.669189	-20.520874
748	290.126648	1067.144897	39.593071	181.737122	0.000000	0.000000	3.750000	-248.727982	-1227.131470
749	-812.833618	1131.514526	-119.309982	142.691772	0.000000	0.000000	3.750000	818.404175	-1209.839600
750	-599.843384	-1230.017334	-87.158417	-168.829529	0.000000	0.000000	3.750000	603.812805	1224.632812
751	1130.682861	581.293579	160.788025	101.225960	0.000000	0.000000	3.750000	-1255.664551	-545.716125
752	152.475021	-1083.679321	7.145229	-189.865570	0.000000	0.000000	3.750000	-56.966194	951.291992
753	1248.883545	-416.921417	192.845428	-53.014484	0.000000	0.000000	3.750000	-1216.757446	270.211212
754	418.468506	301.220886	140.412109	106.102432	0.000000	0.000000	3.750000	-518.387756	-244.562225
755	594.022827	-408.492310	162.578064	-98.327217	0.000000	0.000000	3.750000	-547.118347	374.229919
756	147.860840	453.770203	55.557899	173.310959	0.000000	0.000000	3.750000	-120.001579	-537.647644
757	1196.131836	-74.235962	189.590118	-12.433760	0.000000	0.000000	3.750000	-683.141357	-6.982132
758	836.996826	869.777527	131.119507	140.255722	0.000000	0.000000	3.750000	-850.663208	-918.574158
759	-536.773010	912.569702	-110.273529	173.996735	0.000000	0.000000	3.750000	369.656097	-820.080444
760	1199.640625	891.345459	143.620972	121.313202	0.000000	0.000000	3.750000	-1171.973145	-812.521545
761	-472.706451	5.458790	-183.727951	28.940899	0.000000	0.000000	3.750000	908.310852	81.371094
762	-1006.868286	145.478424	-190.162048	26.496292	0.000000	0.000000	3.750000	1103.571777	-37.323254
763	-999.362549	612.952148	-160.039032	90.792679	0.000000	0.000000	3.750000	985.556824	-439.735504
764	89.441780	-775.328979	5.673951	-179.908920	0.000000	0.000000	3.750000	-90.445435	691.602905
765	541.669678	693.934937	101.330154	158.354660	0.000000	0.000000	3.750000	-522.381836	-787.519348
766	-557.028687	219.844177	-171.312180	48.244343	0.000000	0.000000	3.750000	504.429108	101.774338
767	254.473267	865.145752	13.177710	189.542023	0.000000	0.000000	3.750000	-6.896706	-795.090210
768	599.034180	-138.763763	163.260681	-29.841648	0.000000	0.000000	3.750000	-227.603363	33.248150
769	-828.224609	-548.594666	-167.653381	-80.548920	0.000000	0.000000	3.750000	971.980286	585.330139
770	-1062.932983	955.391785	-156.806396	127.341095	0.000000	0.000000	3.750000	998.560242	-764.148438
771	769.984192	358.351349	163.338776	93.082634	0.000000	0.000000	3.750000	-771.893311	-377.058350
772	39.065804	448.500122	19.094162	172.948242	0.000000	0.000000	3.750000	-19.916504	-395.457245
773	-1018.881409	-505.005859	-176.745056	-69.718918	0.000000	0.000000	3.750000	1021.826294	560.503967
774	93.969627	-292.130463	29.160872	-197.860443	0.000000	0.000000	3.750000	-5.547503	496.660004
775	-794.850891	52.821121	-169.992889	1.425238	0.000000	0.000000	3.750000	948.287170	111.397881
776	-389.056458	-240.946548	-180.781921	-75.702866	0.000000	0.000000	3.750000	349.952820	207.898376
777	-1218.439697	-212.526733	-182.722198	-21.647169	0.000000	0.000000	3.750000	1356.370483	163.513153
778	1173.683716	-826.870117	156.349182	-111.435928	0.000000	0.000000	3.750000	-1273.807861	497.809509
779	-986.983887	-157.032166	-203.849716	-7.758013	0.000000	0.000000	3.750000	1069.231934	216.460266
780	-175.037201	1007.548584	-55.333351	167.074585	0.000000	0.000000	3.750000	464.737427	-2205.994629
781	-661.148560	595.362976	-175.299423	115.629028	0.000000	0.000000	3.750000	815.463379	-579.083435
782	-281.615784	938.323853	-64.003326	193.696762	0.000000	0.000000	3.750000	122.994240	-836.566650
783	-3.590494	-1269.477173	-28.586754	-206.026215	0.000000	0.000000	3.750000	213.760010	1522.360229
784	-609.942139	352.622467	-164.298981	68.472473	0.000000	0.000000	3.750000	684.902649	-157.273972
785	20.666166	-690.584778	-56.895576	-179.166214	0.000000	0.000000	3.750000	238.120834	359.362030
786	-123.452934	-949.716675	-28.144732	-191.945969	0.000000	0.000000	3.750000	269.813477	960.065613
787	1202.924072	1075.878784	143.418213	150.649109	0.000000	0.000000	3.750000	-960.037415	-1144.836304
788	816.010864	-1013.521729	109.756226	-145.181061	0.000000	0.000000	3.750000	-1005.493774	1495.150024
789	-550.485352	-499.035980	-145.838531	-115.443169	0.000000	0.000000	3.750000	560.019653	416.119415
790	96.472893	-157.402893	-128.587646	-117.076523	0.000000	0.000000	3.750000	40.399418	49.539196
791	1031.370972	698.385254	151.092819	118.469131	0.000000	0.000000	3.750000	-956.905701	-699.110046
792	916.924011	969.321838	129.265320	133.739655	0.000000	0.000000	3.750000	-910.530273	-1204.163452
793	-652.824158	972.228760	-108.409485	146.189285	0.000000	0.000000	3.750000	668.180176	-798.685791
794	-1173.646606	-318.826843	-179.052811	-42.379967	0.000000	0.000000	3.750000	1326.396973	258.047424
795	-361.286072	-134.280548	-166.676865	-73.089523	0.000000	0.000000	3.750000	388.634247	226.829254
796	-768.168030	226.395660	-176.999664	74.370979	0.000000	0.000000	3.750000	509.206604	-88.343025
797	-1193.420532	282.376801	-183.752380	62.212650	0.000000	0.000000	3.750000	1379.876099	-246.062637
798	-449.020935	74.072464	-184.425873	71.967262	0.000000	0.000000	3.750000	536.111206	3.370433
799	746.803589	175.711472	170.283249	97.052231	0.000000	0.000000	3.750000	-906.063416	-417.705994
800	-1016.522888	-922.937744	-145.864685	-130.913269	0.000000	0.000000	3.750000	467.565186	467.307953
801	1276.138916	184.167587	183.470215	41.016098	0.000000	0.000000	3.750000	-1298.972290	-133.101364
802	-328.922699	1114.679932	-59.865257	184.530258	0.000000	0.000000	3.750000	193.806503	-1192.039062
803	152.433655	-962.463501	47.916382	-181.790619	0.000000	0.000000	3.750000	-295.645996	868.616028
804	1151.775513	807.545166	144.964172	122.822105	0.000000	0.000000	3.750000	-1085.967773	-755.191406
805	184.340134	-415.732819	115.817696	-158.109192	0.000000	0.000000	3.750000	-156.045761	273.477295
806	-398.693054	-384.846527	-167.093048	-94.560715	0.000000	0.000000	3.750000	348.908936	280.739929
807	-844.361511	-813.520996	-140.410828	-121.985512	0.000000	0.000000	3.750000	934.106140	633.343994
808	-663.690430	-209.979889	-181.409973	-68.743340	0.000000	0.000000	3.750000	383.916931	132.559998
809	-1081.208862	-363.470581	-180.061569	-60.644905	0.000000	0.000000	3.750000	674.557007	253.057495
810	976.555542	-191.147980	202.831055	-21.779345	0.000000	0.000000	3.750000	-895.175293	213.522507
811	708.604736	-1238.965210	112.092949	-163.214478	0.000000	0.000000	3.750000	-804.867676	1459.843750
812	-1107.844604	874.714478	-139.283691	135.040741	0.000000	0.000000	3.750000	1082.227417	-937.154785
813	619.604736	20.040169	196.939728	-20.321276	0.000000	0.000000	3.750000	-308.511993	-28.364021
814	-202.293854	-345.768860	-124.547333	-156.443100	0.000000	0.000000	3.750000	101.642204	224.582214
815	-1079.771851	153.533752	-195.654938	50.225456	0.000000	0.000000	3.750000	1158.419922	-147.908951
816	300.682037	-1363.584473	62.655014	-206.713104	0.000000	0.000000	3.750000	-655.737183	2572.102051
817	-644.052246	1163.570557	-92.337830	154.510529	0.000000	0.000000	3.750000	569.007141	-1275.855957
818	1143.065063	515.265137	151.087158	86.305603	0.000000	0.000000	3.750000	-1074.146484	-479.102417
819	-714.289734	1214.001099	-112.983841	169.854401	0.000000	0.000000	3.750000	659.723755	-1191.389160
820	387.232269	540.802429	108.398956	158.472046	0.000000	0.000000	3.750000	-759.504700	-880.167175
821	-398.024292	-1306.381836	-50.472168	-187.318176	0.000000	0.000000	3.750000	200.720535	636.670471
822	-982.882324	56.047985	-192.934326	44.489475	0.000000	0.000000	3.750000	866.681213	-74.936073
823	-662.045715	10.274479	-179.752014	-9.107235	0.000000	0.000000	3.750000	643.949707	351.748932
824	-1307.588379	-301.487701	-184.290222	-46.228775	0.000000	0.000000	3.750000	1348.392090	307.192963
825	1067.246826	742.192505	153.727539	140.113007	0.000000	0.000000	3.750000	-854.708313	-680.762817
826	853.056152	519.078308	163.758026	79.417252	0.000000	0.000000	3.750000	-953.209839	-359.979828
827	904.532227	954.156860	121.572533	135.439667	0.000000	0.000000	3.750000	-755.625610	-1070.799194
828	48.391441	287.805542	134.188293	140.092010	0.000000	0.000000	3.750000	-352.668579	-244.762802
829	-262.850555	-1214.261963	-36.318817	-182.419464	0.000000	0.000000	3.750000	195.202713	1452.388672
830	-1360.292969	-96.645882	-199.797653	8.992718	0.000000	0.000000	3.750000	1414.288696	-32.853096
831	379.745941	483.334656	128.757446	147.741089	0.000000	0.000000	3.750000	-552.150452	-302.975525
832	240.641571	977.295166	61.360504	194.552582	0.000000	0.000000	3.750000	-561.399963	-1405.455688
833	505.864990	227.099411	154.888962	102.941566	0.000000	0.000000	3.750000	-526.355530	-146.292145
834	262.908356	828.558167	63.051155	196.112457	0.000000	0.000000	3.750000	-411.735260	-936.586304
835	124.062469	-757.801575	39.372612	-192.001343	0.000000	0.000000	3.750000	-58.512543	1227.519287
836	212.994507	1068.869629	40.200249	191.833038	0.000000	0.000000	3.750000	-233.214310	-1292.837646
837	-452.203003	646.332153	-109.928772	150.038788	0.000000	0.000000	3.750000	443.728088	-622.428955
838	44.292351	297.823151	-12.814113	187.442719	0.000000	0.000000	3.750000	27.841879	-16.000496
839	-812.885620	-14.136585	-209.967377	3.696431	0.000000	0.000000	3.750000	529.598083	18.644320
840	1214.083496	-860.451477	151.933685	-130.062103	0.000000	0.000000	3.750000	-675.174866	465.293243
841	-445.336365	823.493164	-87.994247	157.022003	0.000000	0.000000	3.750000	297.374542	-893.275452
842	767.275024	-717.753357	148.998749	-147.982986	0.000000	0.000000	3.750000	-985.054810	806.963074
843	712.481689	-473.173553	174.705139	-116.524689	0.000000	0.000000	3.750000	-775.666687	577.887695
844	822.442749	-939.334351	122.022911	-155.930771	0.000000	0.000000	3.750000	-772.128601	1006.775940
845	-195.813385	848.697510	-68.588669	181.428802	0.000000	0.000000	3.750000	65.020561	-271.347443
846	430.863739	1171.050171	49.747456	170.906891	0.000000	0.000000	3.750000	-326.453918	-1324.543213
847	-76.111443	-756.460266	-34.802071	-186.785370	0.000000	0.000000	3.750000	216.635254	877.724121
848	719.260925	-952.425720	112.948746	-145.253510	0.000000	0.000000	3.750000	-764.240723	993.435913
849	995.829224	-163.301498	181.728302	-39.633629	0.000000	0.000000	3.750000	-1221.376831	260.715332
850	1178.798340	-191.462997	183.513153	-49.218735	0.000000	0.000000	3.750000	-1044.518677	144.424240
851	613.383789	17.072416	181.843109	7.552662	0.000000	0.000000	3.750000	-681.298340	-9.207609
852	-484.347931	-1096.832153	-61.639435	-156.283127	0.000000	0.000000	3.750000	356.377411	1276.368774
853	-587.586304	795.903564	-109.134468	145.649063	0.000000	0.000000	3.750000	611.334290	-847.737793
854	430.110931	150.625107	199.202759	59.849167	0.000000	0.000000	3.750000	-341.285217	-88.022293
855	-547.754883	58.663139	-192.833618	35.057312	0.000000	0.000000	3.750000	620.860046	11.729517
856	474.282501	390.959015	132.640900	130.373383	0.000000	0.000000	3.750000	-773.986572	-405.109406
857	-504.262604	-305.602051	-178.783142	-84.996613	0.000000	0.000000	3.750000	301.110138	260.883453
858	833.811035	-1104.856567	118.357956	-148.631744	0.000000	0.000000	3.750000	-928.732422	1200.028809
859	786.811768	362.689575	171.394653	95.074181	0.000000	0.000000	3.750000	-789.056519	-306.817017
860	-871.443481	-856.823730	-128.118286	-134.839539	0.000000	0.000000	3.750000	931.856262	966.435791
861	-10.880369	926.571655	-18.868851	181.017792	0.000000	0.000000	3.750000	-37.725880	-820.746948
862	-884.517639	1087.121460	-128.380142	153.357513	0.000000	0.000000	3.750000	799.159729	-1001.490479
863	-1056.515747	1111.605347	-135.395813	144.470901	0.000000	0.000000	3.750000	540.411987	-525.906250
864	-1223.285278	809.906433	-147.521698	119.738487	0.000000	0.000000	3.750000	1160.147217	-839.490540
865	-235.774963	1021.825745	-42.394318	174.935715	0.000000	0.000000	3.750000	185.800995	-1215.108276
866	-483.490692	-1117.239014	-88.723534	-165.747192	0.000000	0.000000	3.750000	677.440918	1196.719727
867	-202.156433	325.032227	-104.790314	158.456909	0.000000	0.000000	3.750000	89.847198	-206.108017
868	-1045.856689	467.597412	-164.072662	87.611221	0.000000	0.000000	3.750000	1126.618774	-420.021545
869	-221.961945	620.852966	-83.242447	164.092407	0.000000	0.000000	3.750000	256.875641	-684.549072
870	-796.877747	520.712952	-147.124939	113.799164	0.000000	0.000000	3.750000	651.454651	-513.001160
871	-548.947693	930.297974	-104.273987	149.167282	0.000000	0.000000	3.750000	598.282715	-963.869568
872	-598.074524	121.537743	-184.221558	77.840134	0.000000	0.000000	3.750000	406.381470	-73.336555
873	-604.403503	-815.474365	-110.456085	-159.484787	0.000000	0.000000	3.750000	639.214844	853.554504
874	309.317139	-1102.329834	48.296555	-181.689972	0.000000	0.000000	3.750000	-212.387344	1177.742676
875	962.567749	596.000854	153.020325	119.250076	0.000000	0.000000	3.750000	-636.395813	-399.104004
876	-704.459106	-373.451080	-149.069839	-93.563393	0.000000	0.000000	3.750000	728.036499	423.261566
877	114.075859	-296.442291	123.932938	-151.843719	0.000000	0.000000	3.750000	-330.803375	345.350708
878	-848.757629	395.153564	-178.743912	113.993240	0.000000	0.000000	3.750000	693.612244	-382.716156
879	-361.349609	-795.413513	-98.798340	-157.590729	0.000000	0.000000	3.750000	505.551453	729.832886
880	144.568924	547.621582	47.238770	186.096619	0.000000	0.000000	3.750000	-142.418625	-957.334229
881	-811.948486	765.915405	-122.601646	134.509552	0.000000	0.000000	3.750000	808.192810	-852.624023
882	967.383789	156.520645	178.025345	60.417469	0.000000	0.000000	3.750000	-938.644592	-151.955627
883	-157.554947	1277.086304	-25.284271	202.426941	0.000000	0.000000	3.750000	132.445740	-1444.009888
884	-405.548767	686.921936	-80.176331	158.917206	0.000000	0.000000	3.750000	233.856812	-903.035522
885	389.479645	-73.974800	181.622742	68.178024	0.000000	0.000000	3.750000	-538.094299	-130.633469
886	155.558899	1042.846436	21.118341	182.784012	0.000000	0.000000	3.750000	-153.191391	-1096.797119
887	-144.649414	1066.401489	-29.321419	185.695160	0.000000	0.000000	3.750000	-2.990030	-537.066956
888	-170.969421	717.511658	-32.145462	197.398621	0.000000	0.000000	3.750000	51.125122	-731.026855
889	-1001.127441	-1029.397339	-131.377045	-140.014374	0.000000	0.000000	3.750000	938.136536	1120.565308
890	711.545288	1058.604248	104.761841	158.507034	0.000000	0.000000	3.750000	-543.183289	-1083.931519
891	839.263367	-1213.352905	121.176315	-156.589127	0.000000	0.000000	3.750000	-705.042236	1087.206665
892	-717.150940	-175.031006	-192.147995	-38.659256	0.000000	0.000000	3.750000	625.167175	187.589371
893	-348.082611	59.992668	-165.929993	74.676834	0.000000	0.000000	3.750000	328.429474	61.089252
894	-1112.522949	714.810608	-164.804718	113.310837	0.000000	0.000000	3.750000	1103.539185	-672.008362
895	835.673157	482.079071	158.232178	97.767776	0.000000	0.000000	3.750000	-684.846924	-441.205994
896	-35.621132	1220.150391	1.850363	199.991211	0.000000	0.000000	3.750000	-80.851250	-1321.392578
897	-24.143875	-457.609741	31.800318	-166.967758	0.000000	0.000000	3.750000	-12.352339	182.359940
898	216.820465	1237.575195	40.106422	200.018463	0.000000	0.000000	3.750000	-200.168365	-1391.030151
899	-593.413940	1070.253296	-82.531387	179.977356	0.000000	0.000000	3.750000	325.410309	-1186.731567
900	695.117676	1126.053467	102.392906	150.464905	0.000000	0.000000	3.750000	-498.381866	-785.290405
901	-147.999969	-602.779114	-26.091988	-192.230316	0.000000	0.000000	3.750000	139.476791	473.037140
902	956.183472	861.906982	123.210815	144.633545	0.000000	0.000000	3.750000	-724.645874	-1092.947754
903	-604.024658	-565.059998	-137.483536	-99.989548	0.000000	0.000000	3.750000	662.933716	386.844788
904	462.548157	-558.902161	143.285110	-139.532608	0.000000	0.000000	3.750000	-561.538635	520.656128
905	-303.135590	-230.198212	-177.438171	-67.937943	0.000000	0.000000	3.750000	454.970978	208.421692
906	-629.714905	-704.141235	-104.208862	-141.829071	0.000000	0.000000	3.750000	290.997833	430.150818
907	-74.943649	188.430527	-6.104237	181.895355	0.000000	0.000000	3.750000	53.700432	-337.490936
908	527.506409	966.353027	84.177757	163.615601	0.000000	0.000000	3.750000	-491.983551	-1039.861328
909	-898.056641	880.530884	-133.806976	126.298538	0.000000	0.000000	3.750000	983.275024	-717.853271
910	477.540405	1262.914062	73.179993	188.278198	0.000000	0.000000	3.750000	-432.505493	-1210.370361
911	54.450371	-1014.807251	9.295894	-197.781158	0.000000	0.000000	3.750000	10.343277	1029.194824
912	916.409302	-993.349365	117.338074	-125.760590	0.000000	0.000000	3.750000	-843.586853	1034.799561
913	-16.639420	90.221626	148.029068	97.905334	0.000000	0.000000	3.750000	-7.306061	16.939846
914	-1335.782715	766.283142	-170.064941	116.247917	0.000000	0.000000	3.750000	1230.400269	-631.090515
915	-184.502563	957.932861	-32.304352	193.311523	0.000000	0.000000	3.750000	-59.538410	-793.489258
916	681.730225	1125.242676	108.351608	158.504501	0.000000	0.000000	3.750000	-617.205566	-1179.782959
917	-895.414795	300.382690	-167.835648	80.152946	0.000000	0.000000	3.750000	845.976929	-137.632736
918	920.015991	-283.272156	191.882141	-28.587494	0.000000	0.000000	3.750000	-1332.351929	213.296051
919	1183.839844	-109.601067	177.965271	-3.515275	0.000000	0.000000	3.750000	-1325.609741	39.512264
920	769.026245	-461.974854	167.038605	-77.162811	0.000000	0.000000	3.750000	-866.503662	424.946625
921	1194.017334	-977.878723	156.613434	-130.714844	0.000000	0.000000	3.750000	-857.487366	427.039062
922	294.827972	-73.173492	188.299500	-88.351067	0.000000	0.000000	3.750000	-449.132172	285.821869
923	742.808472	-509.733490	154.362106	-117.508766	0.000000	0.000000	3.750000	-682.482910	482.948212
924	-368.515503	1021.281189	-65.934021	182.440659	0.000000	0.000000	3.750000	90.270668	-606.016907
925	-939.465149	-1202.285400	-117.664871	-161.724884	0.000000	0.000000	3.750000	821.590027	1236.487427
926	857.543762	476.903717	158.264435	85.745911	0.000000	0.000000	3.750000	-975.242493	-505.401672
927	-903.460571	656.387817	-151.642365	127.311943	0.000000	0.000000	3.750000	814.384949	-564.005859
928	627.182800	640.292847	128.477570	134.497192	0.000000	0.000000	3.750000	-636.256653	-710.735657
929	-697.356750	526.990417	-126.363457	130.981293	0.000000	0.000000	3.750000	687.757874	-607.866394
930	106.313568	640.258850	58.479065	195.438354	0.000000	0.000000	3.750000	-155.441284	-513.015198
931	183.193085	-506.017731	95.563934	-164.188828	0.000000	0.000000	3.750000	-262.242279	266.425995
932	294.850708	648.396362	74.298080	161.750885	0.000000	0.000000	3.750000	-441.250580	-714.140381
933	-1311.618042	-96.597168	-187.607773	-12.137314	0.000000	0.000000	3.750000	1253.234619	61.049019
934	-637.674622	1160.306885	-91.629295	159.560120	0.000000	0.000000	3.750000	433.932068	-1226.771362
935	988.540039	-1054.845215	128.541809	-131.654709	0.000000	0.000000	3.750000	-917.674500	1049.088623
936	-426.661591	1096.112183	-73.409424	177.406876	0.000000	0.000000	3.750000	150.740250	-1083.717285
937	-905.221741	1007.530396	-111.634064	141.201263	0.000000	0.000000	3.750000	683.237427	-969.960938
938	-375.322327	964.147827	-66.281555	173.789215	0.000000	0.000000	3.750000	129.069458	-503.028931
939	-710.389282	516.250610	-145.433655	134.361526	0.000000	0.000000	3.750000	525.150391	-482.601410
940	667.913574	-251.092651	167.316650	-47.760109	0.000000	0.000000	3.750000	-845.424011	195.157867
941	741.706055	198.940262	189.239624	58.219925	0.000000	0.000000	3.750000	-821.239502	-69.819221
942	-1069.383057	1069.444702	-129.967346	149.373474	0.000000	0.000000	3.750000	757.710815	-995.374634
943	-441.331085	886.864136	-91.652206	170.982040	0.000000	0.000000	3.750000	301.603851	-925.117981
944	485.924957	261.776825	178.049805	81.940231	0.000000	0.000000	3.750000	-632.550415	-270.057434
945	126.252106	-867.463257	55.087967	-192.262634	0.000000	0.000000	3.750000	-305.093170	804.275696
946	-691.193970	-991.203552	-101.878761	-169.778351	0.000000	0.000000	3.750000	598.471924	932.338745
947	311.899963	1017.893372	43.822456	176.645294	0.000000	0.000000	3.750000	-325.710205	-1147.976074
948	1130.702515	175.991638	175.157532	41.467964	0.000000	0.000000	3.750000	-1586.451782	-147.039658
949	-448.978668	-945.322327	-61.255676	-181.965942	0.000000	0.000000	3.750000	319.095551	800.813477
950	31.156576	-457.405487	82.777054	-182.065399	0.000000	0.000000	3.750000	-207.101196	413.217194
951	-753.505859	934.660645	-112.023460	145.968124	0.000000	0.000000	3.750000	645.603027	-953.005737
952	-784.995483	-463.904846	-155.625671	-98.165253	0.000000	0.000000	3.750000	683.203125	374.892761
953	905.952881	330.217194	173.481232	55.009617	0.000000	0.000000	3.750000	-1218.461304	-36.457893
954	-833.057922	-1068.294556	-112.916565	-160.205627	0.000000	0.000000	3.750000	719.017761	1079.529419
955	-499.399811	1239.098022	-64.339005	178.773773	0.000000	0.000000	3.750000	275.357361	-1331.095337
956	-17.515942	-1270.652588	16.405499	-189.282288	0.000000	0.000000	3.750000	-62.338825	517.753174
957	158.517273	365.269440	69.734970	168.105774	0.000000	0.000000	3.750000	-109.404541	-426.016663
958	-1114.328735	679.207520	-139.998566	113.138412	0.000000	0.000000	3.750000	1295.695068	-867.510376
959	-144.844711	578.822388	-30.272247	163.216370	0.000000	0.000000	3.750000	125.071732	-766.811584
960	-83.380600	-1304.428955	-13.052023	-191.555710	0.000000	0.000000	3.750000	86.603638	880.441284
961	1179.971802	649.424683	166.735275	91.096878	0.000000	0.000000	3.750000	-1449.895874	-444.798035
962	-887.951050	72.076111	-177.190491	41.553345	0.000000	0.000000	3.750000	1302.636963	-81.632240
963	513.606018	-1088.906006	83.098274	-177.512360	0.000000	0.000000	3.750000	-442.395538	1049.627930
964	-823.749939	-1183.727417	-119.940735	-162.536606	0.000000	0.000000	3.750000	619.095886	889.065552
965	-635.401855	694.257202	-136.644958	154.156281	0.000000	0.000000	3.750000	705.160645	-832.004395
966	-452.212433	-306.093109	-174.764297	-57.561485	0.000000	0.000000	3.750000	326.726166	110.944519
967	392.852539	191.233551	124.930023	140.486603	0.000000	0.000000	3.750000	-560.572998	-551.407104
968	924.625854	-134.399490	213.860687	-7.700741	0.000000	0.000000	3.750000	-1108.972778	-21.175737
969	-453.110046	-1075.869141	-72.026917	-149.559753	0.000000	0.000000	3.750000	461.808716	949.444824
970	280.978943	176.331589	128.200867	137.488022	0.000000	0.000000	3.750000	-362.241547	-213.456985
971	-1151.517700	-947.045715	-155.503845	-119.308006	0.000000	0.000000	3.750000	752.915100	498.193939
972	545.405334	92.220840	174.013214	71.155579	0.000000	0.000000	3.750000	-666.351807	-225.509460
973	788.475891	434.940460	160.724701	128.852264	0.000000	0.000000	3.750000	-780.064514	-774.991455
974	-210.754120	-744.706726	-28.946510	-171.574341	0.000000	0.000000	3.750000	233.632538	878.466980
975	-189.949173	1036.649414	-33.069977	197.246964	0.000000	0.000000	3.750000	204.804642	-1336.056763
976	-663.618774	-356.052765	-164.137451	-63.512096	0.000000	0.000000	3.750000	432.819824	184.542114
977	441.343689	-349.321838	168.390259	-63.581783	0.000000	0.000000	3.750000	-436.475342	265.155487
978	1305.840820	-442.507355	198.189392	-56.185726	0.000000	0.000000	3.750000	-1476.681885	310.015717
979	145.593597	-915.250916	22.752995	-166.451050	0.000000	0.000000	3.750000	-38.352772	893.732239
980	-234.689407	708.979614	-34.156826	164.490021	0.000000	0.000000	3.750000	52.684727	-1237.391113
981	964.744629	765.784790	141.695770	120.489250	0.000000	0.000000	3.750000	-454.154327	-394.881714
982	-509.555054	39.058563	-163.946289	44.952377	0.000000	0.000000	3.750000	465.622803	-50.430004
983	-84.314049	-1087.346069	5.600166	-185.915573	0.000000	0.000000	3.750000	-80.393623	1236.946045
984	-1271.921021	729.965942	-172.755539	108.492081	0.000000	0.000000	3.750000	1355.506470	-507.340240
985	-1162.268311	229.600159	-186.265854	72.824966	0.000000	0.000000	3.750000	1266.445068	-197.229507
986	-282.641144	-1087.908447	-58.573036	-182.847275	0.000000	0.000000	3.750000	359.426605	1236.645264
987	605.835388	-1171.984619	100.902863	-163.347809	0.000000	0.000000	3.750000	-580.318420	1122.595703
988	656.517212	33.650864	216.575745	24.873730	0.000000	0.000000	3.750000	-914.365601	-44.813244
989	643.866089	-858.241821	125.398117	-137.372803	0.000000	0.000000	3.750000	-828.422913	834.358704
990	569.419312	-860.324646	121.739906	-143.259796	0.000000	0.000000	3.750000	-498.299591	640.625671
991	-908.831482	1202.056152	-117.873398	154.083344	0.000000	0.000000	3.750000	740.474548	-1213.735840
992	322.586670	875.269714	70.385712	191.471710	0.000000	0.000000	3.750000	-445.627625	-919.344849
993	-171.589737	164.261490	-115.709290	143.049500	0.000000	0.000000	3.750000	189.316376	-206.024765
994	-788.115601	1116.364746	-105.336098	150.864532	0.000000	0.000000	3.750000	657.479980	-1233.979370
995	692.470154	241.238739	182.772308	70.783371	0.000000	0.000000	3.750000	-810.439209	-292.143555
996	720.181641	414.472717	170.288651	84.268066	0.000000	0.000000	3.750000	-634.646851	-217.466980
997	-296.761108	-1140.258301	-29.756226	-189.679413	0.000000	0.000000	3.750000	238.677170	985.008911
998	-743.381653	1118.147705	-101.626305	158.164230	0.000000	0.000000	3.750000	646.411743	-1232.585083
999	-957.536316	-790.623535	-151.739243	-130.287628	0.000000	0.000000	3.750000	856.803589	593.949158
