node	a_force.x	a_force.y	g_force.x	g_force.y	r_force.x	r_force.y	global_speed	move_node.x	move_node.y
0	270.730133	605.955078	46.497009	101.892151	0.000000	0.000000	3.750000	-318.265533	-797.510925
1	24.205967	563.690063	23.678894	148.116928	0.000000	0.000000	3.750000	-124.085724	-465.174438
2	-649.488403	-290.373047	-125.900352	-56.504189	0.000000	0.000000	3.750000	838.719910	186.826782
3	-161.286987	-273.246094	-47.477234	-108.027206	0.000000	0.000000	3.750000	50.911236	248.700394
4	-287.809021	664.422485	-48.846474	94.074524	0.000000	0.000000	3.750000	412.907379	-894.950928
5	-630.500488	461.491943	-101.745354	63.622814	0.000000	0.000000	3.750000	907.910828	-465.077026
6	-384.453552	732.712769	-74.906708	120.635704	0.000000	0.000000	3.750000	436.416473	-787.365906
7	291.781006	436.059113	77.399918	99.424606	0.000000	0.000000	3.750000	-436.941650	-563.777527
8	-324.988464	-709.492981	-78.657394	-120.619049	0.000000	0.000000	3.750000	446.908539	642.906006
9	744.056763	-95.135292	144.837967	-18.383411	0.000000	0.000000	3.750000	-669.221069	62.485840
10	28.335667	-686.220459	-1.571947	-107.988556	0.000000	0.000000	3.750000	37.579834	1030.667236
11	307.439697	47.336975	105.329834	69.148300	0.000000	0.000000	3.750000	-366.089935	-218.943939
12	-553.643799	-903.081299	-84.534515	-119.037239	0.000000	0.000000	3.750000	616.636353	1087.646240
13	-156.823120	-742.609619	-50.653969	-132.658051	0.000000	0.000000	3.750000	178.441986	499.094971
14	267.631775	165.717255	71.151459	101.555107	0.000000	0.000000	3.750000	-177.710800	-324.203491
15	-841.597290	-476.432495	-122.964981	-66.927902	0.000000	0.000000	3.750000	918.110901	305.595123
16	-144.686920	111.755173	-46.979050	119.061508	0.000000	0.000000	3.750000	167.270416	-289.677612
17	872.451538	193.562225	129.911896	40.234589	0.000000	0.000000	3.750000	-933.970032	-198.276505
18	923.090332	-265.130188	144.400543	-32.437691	0.000000	0.000000	3.750000	-533.167175	79.085663
19	-858.753662	-519.826721	-121.022942	-78.034393	0.000000	0.000000	3.750000	1077.272827	510.900909
20	-201.655396	-781.135742	-33.696922	-117.253990	0.000000	0.000000	3.750000	210.074493	956.434998
21	764.728271	207.663025	117.897392	38.421413	0.000000	0.000000	3.750000	-1051.178589	-315.769073
22	743.484009	274.731842	129.205872	42.447838	0.000000	0.000000	3.750000	-975.548340	-252.410217
23	-216.030518	-522.024414	-52.875347	-120.946182	0.000000	0.000000	3.750000	150.527664	563.256470
24	608.946411	-503.459320	100.155846	-82.878235	0.000000	0.000000	3.750000	-783.966064	617.244141
25	440.194580	-465.592285	104.837738	-89.738754	0.000000	0.000000	3.750000	-391.750397	284.414215
26	-373.743225	-388.867676	-107.797615	-76.180664	0.000000	0.000000	3.750000	387.998749	341.268799
27	907.161499	-240.386078	146.506287	-20.971266	0.000000	0.000000	3.750000	-1180.389038	29.384274
28	-170.277252	-328.362793	-76.993835	-109.668533	0.000000	0.000000	3.750000	157.038223	401.425598
29	324.201355	817.296570	39.430847	130.158356	0.000000	0.000000	3.750000	-300.004944	-1209.410767
30	885.684875	130.170074	126.286095	50.475853	0.000000	0.000000	3.750000	-1058.174316	-376.331604
31	-530.987793	-168.091034	-133.281174	-35.778679	0.000000	0.000000	3.750000	846.085266	191.268250
32	-346.643677	-729.876587	-78.461617	-103.652069	0.000000	0.000000	3.750000	647.003357	966.687195
33	-696.351196	-593.561584	-105.992584	-78.673721	0.000000	0.000000	3.750000	967.789856	632.872803
34	92.800262	-824.535278	24.046795	-131.824707	0.000000	0.000000	3.750000	-189.384094	1063.049683
35	-229.067261	680.119568	-34.065331	108.791084	0.000000	0.000000	3.750000	163.617126	-908.900757
36	-683.916626	-462.974976	-128.874176	-64.244087	0.000000	0.000000	3.750000	957.340149	334.829712
37	289.300293	-831.100647	29.144409	-128.742386	0.000000	0.000000	3.750000	-234.533890	1049.455200
38	732.739929	793.366333	96.064613	101.840981	0.000000	0.000000	3.750000	-821.284302	-950.483948
39	-301.570221	525.054016	-60.612701	84.510849	0.000000	0.000000	3.750000	415.898743	-532.008301
40	-566.875061	858.779236	-79.893936	124.582962	0.000000	0.000000	3.750000	495.828247	-963.268372
41	-812.756042	10.811460	-155.148239	-16.267651	0.000000	0.000000	3.750000	915.028442	-66.301262
42	-198.160919	-824.014282	-53.451218	-118.502945	0.000000	0.000000	3.750000	585.047424	1570.979126
43	655.557129	190.407410	105.503952	48.217194	0.000000	0.000000	3.750000	-774.533752	-294.830048
44	-174.687012	55.195587	-118.402328	43.071404	0.000000	0.000000	3.750000	147.943436	-62.779270
45	205.584167	-332.670227	71.748421	-75.285828	0.000000	0.000000	3.750000	-197.671783	284.001892
46	-538.068787	704.579590	-93.150040	117.571541	0.000000	0.000000	3.750000	679.838135	-873.157227
47	513.857788	78.321533	133.322205	-13.452116	0.000000	0.000000	3.750000	-494.099426	2.826999
48	-666.111816	546.202393	-97.074951	70.541801	0.000000	0.000000	3.750000	297.569885	-266.865509
49	464.223999	285.249695	111.678009	81.067924	0.000000	0.000000	3.750000	-438.057037	-297.070038
50	691.609497	-809.911011	88.171585	-106.159081	0.000000	0.000000	3.750000	-703.622437	999.773132
51	179.875107	-955.827881	19.200682	-146.749146	0.000000	0.000000	3.750000	-91.072762	1171.777588
52	-212.711456	-787.119995	-63.535660	-122.503738	0.000000	0.000000	3.750000	345.335754	838.658875
53	-848.900146	-544.828979	-138.490356	-76.054642	0.000000	0.000000	3.750000	966.595398	388.605865
54	-690.191040	-126.142799	-156.072128	-50.371780	0.000000	0.000000	3.750000	976.932373	194.789749
55	-845.799438	-248.870270	-142.078354	-54.014305	0.000000	0.000000	3.750000	1147.218262	255.046143
56	-171.586853	-591.242432	-58.031479	-114.089218	0.000000	0.000000	3.750000	221.344238	457.259125
57	582.423218	285.391968	106.850113	58.881680	0.000000	0.000000	3.750000	-632.087158	-365.327667
58	-445.066528	415.632355	-94.031906	89.766335	0.000000	0.000000	3.750000	482.616333	-479.169678
59	-324.262787	418.138519	-79.445816	100.360832	0.000000	0.000000	3.750000	335.939453	-492.718933
60	-343.590515	742.462402	-53.988403	100.405334	0.000000	0.000000	3.750000	432.317627	-996.834656
61	-628.295410	-23.548092	-109.430862	-11.175055	0.000000	0.000000	3.750000	989.657104	58.894447
62	722.709839	594.892456	113.072144	101.580902	0.000000	0.000000	3.750000	-802.744812	-762.122253
63	629.937988	531.735840	86.554459	77.229050	0.000000	0.000000	3.750000	-663.433777	-588.872437
64	407.165009	213.345642	114.667847	56.879280	0.000000	0.000000	3.750000	-343.040375	-183.020523
65	41.893501	197.492859	-31.890076	146.563004	0.000000	0.000000	3.750000	96.032784	-302.847748
66	196.204010	-918.616516	23.682346	-131.890656	0.000000	0.000000	3.750000	-168.537216	1077.013062
67	225.859131	761.880737	32.136101	123.899933	0.000000	0.000000	3.750000	-342.913788	-929.783691
68	-424.000488	414.187592	-96.770653	67.523354	0.000000	0.000000	3.750000	612.608032	-516.354980
69	-681.149658	-446.473114	-137.843124	-64.054222	0.000000	0.000000	3.750000	891.857483	243.468124
70	-711.425537	-540.455933	-116.199707	-66.735458	0.000000	0.000000	3.750000	946.351196	491.464111
71	403.316467	-94.821747	116.911522	-34.866173	0.000000	0.000000	3.750000	-615.191101	123.056396
72	18.736624	-99.285362	-106.137573	-63.980415	0.000000	0.000000	3.750000	70.068726	84.462540
73	-548.729004	479.387878	-99.942657	69.967583	0.000000	0.000000	3.750000	752.545227	-557.435181
74	-542.338257	2.240977	-104.982697	-14.641251	0.000000	0.000000	3.750000	651.534302	-46.156994
75	22.248779	-157.081345	-45.550873	-113.172897	0.000000	0.000000	3.750000	49.027481	242.280029
76	-53.220974	204.534210	-122.617668	18.419630	0.000000	0.000000	3.750000	163.552414	6.554905
77	795.348999	-333.588013	124.553162	-68.194000	0.000000	0.000000	3.750000	-944.500916	399.617432
78	-145.583664	564.421509	-62.772789	104.611389	0.000000	0.000000	3.750000	361.456207	-724.109924
79	-482.949646	946.563110	-81.940872	118.413162	0.000000	0.000000	3.750000	583.109985	-953.285034
80	-75.959816	340.598633	-78.504684	98.554626	0.000000	0.000000	3.750000	408.736938	-519.167542
81	2.638188	776.623962	9.438438	139.681442	0.000000	0.000000	3.750000	-30.722376	-1207.143066
82	389.159637	-643.027405	63.291348	-111.256973	0.000000	0.000000	3.750000	-331.910767	796.117493
83	591.793213	720.664429	92.202606	107.993515	0.000000	0.000000	3.750000	-641.560730	-979.178650
84	603.002197	-963.973999	90.997009	-124.239471	0.000000	0.000000	3.750000	-491.901825	887.167664
85	-260.514160	690.347961	-56.445560	103.623802	0.000000	0.000000	3.750000	418.599365	-860.436462
86	-224.778519	683.468872	-44.860363	104.802322	0.000000	0.000000	3.750000	307.390076	-884.037964
87	-197.405823	652.778076	-58.743397	124.872719	0.000000	0.000000	3.750000	350.466522	-682.220459
88	12.155150	-39.874741	-120.370377	-58.875298	0.000000	0.000000	3.750000	133.663193	88.469299
89	109.841309	283.174713	41.913853	97.360741	0.000000	0.000000	3.750000	-82.936241	-290.260223
90	791.652832	-836.763184	100.349205	-111.489700	0.000000	0.000000	3.750000	-551.562195	720.208130
91	-737.862488	-160.865662	-119.576736	-32.822266	0.000000	0.000000	3.750000	977.861816	114.126945
92	153.756485	842.268677	10.231709	131.602814	0.000000	0.000000	3.750000	-46.511608	-1128.446167
93	291.634888	583.273010	54.662491	113.525345	0.000000	0.000000	3.750000	-357.438446	-816.670349
94	362.008636	439.717346	56.585651	87.258591	0.000000	0.000000	3.750000	-440.055359	-720.065125
95	543.248657	-658.474731	78.834427	-98.291031	0.000000	0.000000	3.750000	-847.705322	1156.590942
96	85.836845	-357.999023	5.092236	-131.901733	0.000000	0.000000	3.750000	-5.884053	403.199127
97	-868.934875	-505.466583	-121.842575	-76.748459	0.000000	0.000000	3.750000	955.545959	474.729248
98	85.129646	654.071411	-2.568734	119.972473	0.000000	0.000000	3.750000	-13.194748	-1211.077393
99	-645.533264	-294.790955	-123.550629	-56.841034	0.000000	0.000000	3.750000	701.801392	159.345840
100	849.011719	-402.935974	140.563904	-31.269600	0.000000	0.000000	3.750000	-1069.400024	222.619202
101	-415.653748	-515.575378	-100.989075	-102.649902	0.000000	0.000000	3.750000	469.810364	660.368103
102	-283.600739	292.174255	-95.910995	81.712921	0.000000	0.000000	3.750000	393.284576	-391.723785
103	-759.775879	473.879028	-108.682487	71.330994	0.000000	0.000000	3.750000	1386.278564	-825.575562
104	-642.096802	249.091629	-126.844017	28.470793	0.000000	0.000000	3.750000	1007.492798	-171.357208
105	-152.354919	-936.552368	-18.402983	-146.851227	0.000000	0.000000	3.750000	53.355183	1132.472900
106	197.766510	39.588673	151.765106	-8.383617	0.000000	0.000000	3.750000	-395.785828	-57.202179
107	-99.671638	-840.547302	-38.735943	-136.614136	0.000000	0.000000	3.750000	163.541428	906.317200
108	12.571716	-896.128540	-26.065479	-139.586884	0.000000	0.000000	3.750000	90.555481	1118.956421
109	-843.849487	-661.592896	-112.255997	-80.264168	0.000000	0.000000	3.750000	608.812073	311.023682
110	784.542114	507.930481	111.482971	87.951431	0.000000	0.000000	3.750000	-958.266052	-568.717041
111	-423.130096	-244.908554	-136.046494	-40.684090	0.000000	0.000000	3.750000	665.419373	116.022003
112	-501.939911	-530.537231	-113.411522	-78.613243	0.000000	0.000000	3.750000	178.978531	121.694725
113	316.019653	517.401001	95.453636	125.903343	0.000000	0.000000	3.750000	-338.738556	-675.917542
114	-485.009430	565.652771	-96.762558	83.791397	0.000000	0.000000	3.750000	556.335999	-454.385651
115	-726.793213	-677.335571	-106.608902	-77.836479	0.000000	0.000000	3.750000	487.094604	341.605225
116	-362.252625	-270.520233	-87.206833	-63.709995	0.000000	0.000000	3.750000	649.300964	511.695282
117	-203.234863	-86.351425	-134.295334	31.760399	0.000000	0.000000	3.750000	388.614807	-85.929787
118	648.521606	-369.344391	119.546875	-24.342117	0.000000	0.000000	3.750000	-877.227112	155.930878
119	-257.376617	800.750488	-41.834007	118.852127	0.000000	0.000000	3.750000	223.372391	-1119.047241
120	-850.368896	457.486420	-125.740166	70.180511	0.000000	0.000000	3.750000	2234.385742	-861.999023
121	962.126465	152.320908	135.394989	35.611538	0.000000	0.000000	3.750000	-1176.657959	-248.556686
122	-556.147339	-263.621765	-133.401367	-59.329117	0.000000	0.000000	3.750000	657.025024	205.697784
123	610.838562	325.498413	110.254791	72.580032	0.000000	0.000000	3.750000	-701.694763	-511.375610
124	-118.350235	542.136475	-15.137989	127.101463	0.000000	0.000000	3.750000	41.969921	-797.576721
125	635.051270	-172.831207	110.904678	-40.300461	0.000000	0.000000	3.750000	-745.517029	212.320145
126	351.859528	-782.810669	30.803062	-118.047302	0.000000	0.000000	3.750000	-280.210083	967.390686
127	528.590820	523.258301	89.304688	88.884903	0.000000	0.000000	3.750000	-319.296906	-412.751221
128	-254.732407	-269.466736	-110.385284	-47.063728	0.000000	0.000000	3.750000	260.598419	128.110596
129	27.456915	-6.936033	-70.950783	116.014816	0.000000	0.000000	3.750000	125.646957	-171.639236
130	-613.712402	-16.660965	-155.651016	-10.414967	0.000000	0.000000	3.750000	794.445679	-48.671841
131	450.506897	-356.889648	113.130875	-79.023773	0.000000	0.000000	3.750000	-645.911499	260.423157
132	463.178772	-627.791199	61.632771	-112.184349	0.000000	0.000000	3.750000	-370.875885	943.959412
133	668.036316	224.690979	121.156189	34.600235	0.000000	0.000000	3.750000	-922.151367	-259.166016
134	-74.526978	-687.858337	-2.685596	-143.974884	0.000000	0.000000	3.750000	-19.279057	867.075012
135	293.979248	-140.043152	133.103577	15.434111	0.000000	0.000000	3.750000	-300.858582	-94.929092
136	-1028.473877	157.889801	-152.040314	24.489532	0.000000	0.000000	3.750000	1220.668701	-220.175262
137	-483.292175	-449.994934	-99.270935	-63.790787	0.000000	0.000000	3.750000	732.846558	416.979126
138	795.928772	440.791840	91.426117	80.779053	0.000000	0.000000	3.750000	-934.970825	-727.430359
139	945.897827	-142.925964	144.779297	-18.838512	0.000000	0.000000	3.750000	-1137.389893	58.796986
140	437.829651	460.093658	71.031616	96.718704	0.000000	0.000000	3.750000	-489.788757	-624.079590
141	534.212036	-428.407349	106.335785	-59.803947	0.000000	0.000000	3.750000	-856.383301	301.177582
142	709.907288	284.128326	129.953247	46.434380	0.000000	0.000000	3.750000	-871.589478	-295.837341
143	-682.535034	-600.207886	-106.286530	-84.847908	0.000000	0.000000	3.750000	914.140564	778.403870
144	-778.727295	291.557709	-127.371597	26.008383	0.000000	0.000000	3.750000	971.460876	-113.340263
145	496.316528	-395.986786	83.737915	-83.137482	0.000000	0.000000	3.750000	-618.888000	472.109100
146	-969.364441	-259.717896	-155.232941	-29.438900	0.000000	0.000000	3.750000	549.718567	75.582314
147	240.273041	553.074768	57.050549	130.035507	0.000000	0.000000	3.750000	-385.177826	-879.428894
148	-17.450609	-176.718353	-37.844692	134.786438	0.000000	0.000000	3.750000	13.854085	-41.789158
149	-140.777298	911.733643	-22.039238	132.174988	0.000000	0.000000	3.750000	102.168121	-623.998657
150	450.021606	-909.847534	67.098534	-127.411560	0.000000	0.000000	3.750000	-444.145416	1185.644043
151	135.668335	522.279114	-1.995252	115.982422	0.000000	0.000000	3.750000	-54.334442	-694.001709
152	26.510715	204.220840	77.965149	128.127869	0.000000	0.000000	3.750000	-101.024780	-333.271149
153	-855.799622	18.305387	-138.886307	17.623621	0.000000	0.000000	3.750000	1163.649780	-133.235046
154	120.785110	932.442810	15.784731	141.119888	0.000000	0.000000	3.750000	-55.008278	-811.682678
155	1013.267517	-387.693390	131.608887	-63.206573	0.000000	0.000000	3.750000	-1137.186401	442.917908
156	420.026184	475.681152	72.231125	88.196541	0.000000	0.000000	3.750000	-483.473114	-720.184326
157	229.246628	177.745422	73.320915	102.468842	0.000000	0.000000	3.750000	-226.259842	-398.710602
158	59.676441	224.427765	-35.881378	120.780998	0.000000	0.000000	3.750000	77.347603	-286.075867
159	529.924683	-41.389660	117.990585	1.478275	0.000000	0.000000	3.750000	-770.255249	-70.877686
160	-521.006836	149.624130	-139.772583	25.049210	0.000000	0.000000	3.750000	498.988739	-157.960312
161	535.738220	-181.573059	100.095993	-54.559280	0.000000	0.000000	3.750000	-633.233521	254.826294
162	810.618469	-188.937210	121.221977	-26.100090	0.000000	0.000000	3.750000	-1141.301514	174.502060
163	-702.053589	-70.941856	-144.394501	-21.588192	0.000000	0.000000	3.750000	590.329041	7.366823
164	747.133911	105.039154	114.089752	20.964718	0.000000	0.000000	3.750000	-854.290527	-114.959602
165	78.301407	362.305908	-42.206421	122.956985	0.000000	0.000000	3.750000	236.956711	-558.721863
166	194.027557	910.983826	27.769100	141.297089	0.000000	0.000000	3.750000	-184.013626	-1004.777344
167	-17.252956	-776.173218	-18.437044	-154.906342	0.000000	0.000000	3.750000	38.259369	970.967529
168	506.776001	-81.712433	160.957230	-18.350758	0.000000	0.000000	3.750000	-296.408508	23.271322
169	410.814056	-715.347595	65.435303	-110.009735	0.000000	0.000000	3.750000	-391.397522	884.467224
170	-48.241928	418.119751	-13.926699	143.324936	0.000000	0.000000	3.750000	73.902946	-817.234375
171	-98.074188	-489.070465	-51.348869	-108.458572	0.000000	0.000000	3.750000	331.567291	868.096924
172	90.055847	910.622375	14.820177	137.201904	0.000000	0.000000	3.750000	-109.591011	-1142.433716
173	508.267365	844.139160	77.063202	109.622711	0.000000	0.000000	3.750000	-525.247314	-1122.771851
174	241.891479	262.636047	82.991791	83.882919	0.000000	0.000000	3.750000	-339.516998	-320.383118
175	0.441668	739.679382	-1.046020	115.995285	0.000000	0.000000	3.750000	15.073350	-1069.657593
176	-484.815033	-559.098145	-113.015228	-85.974098	0.000000	0.000000	3.750000	411.423401	380.009338
177	-237.698517	-818.560181	-70.273605	-116.437180	0.000000	0.000000	3.750000	468.880981	820.696655
178	435.887726	-266.353607	130.880737	-43.751232	0.000000	0.000000	3.750000	-393.139862	151.589294
179	287.575714	150.602692	104.807236	107.304276	0.000000	0.000000	3.750000	-405.078552	-255.192642
180	-518.864868	-594.687622	-72.200455	-72.049240	0.000000	0.000000	3.750000	695.251709	740.119995
181	-346.038177	253.925140	-125.275078	66.856812	0.000000	0.000000	3.750000	548.891907	-405.912231
182	755.826294	292.736542	101.600021	55.976868	0.000000	0.000000	3.750000	-1159.260742	-507.970123
183	657.714966	17.365526	135.688232	9.200124	0.000000	0.000000	3.750000	-774.203369	-110.852287
184	-547.214478	78.280327	-133.908691	4.871037	0.000000	0.000000	3.750000	492.488464	-119.310547
185	260.617371	420.253143	67.836304	110.897293	0.000000	0.000000	3.750000	-327.183838	-594.425049
186	-417.179932	-887.365356	-61.805435	-114.367981	0.000000	0.000000	3.750000	445.944519	1105.794556
187	792.910767	479.387695	112.473892	69.091400	0.000000	0.000000	3.750000	-1070.934570	-608.734009
188	672.760010	421.942932	91.565224	60.957352	0.000000	0.000000	3.750000	-970.645508	-553.594177
189	401.948181	321.670898	116.470093	48.069546	0.000000	0.000000	3.750000	-820.901428	-276.618835
190	-15.376791	-687.266296	-28.980198	-169.540985	0.000000	0.000000	3.750000	104.831131	620.852173
191	57.846336	308.294373	44.519257	143.240585	0.000000	0.000000	3.750000	-92.122406	-408.655762
192	69.799660	621.717773	14.185081	129.223740	0.000000	0.000000	3.750000	-72.548729	-885.619324
193	643.225525	-636.779846	103.789703	-105.506653	0.000000	0.000000	3.750000	-686.836365	623.111511
194	-361.070251	-289.184723	-122.998657	-62.572601	0.000000	0.000000	3.750000	605.442688	311.159515
195	598.055786	-464.933960	123.492668	-81.569229	0.000000	0.000000	3.750000	-753.753235	445.178192
196	-64.422485	-853.761780	-26.554607	-127.258911	0.000000	0.000000	3.750000	156.153534	1005.821594
197	787.649109	-280.516937	125.866158	-39.770596	0.000000	0.000000	3.750000	-985.727966	268.126709
198	554.028015	239.961395	97.479881	55.151344	0.000000	0.000000	3.750000	-691.620911	-411.122314
199	777.330078	-700.032349	94.309975	-100.745239	0.000000	0.000000	3.750000	-808.799072	735.441528
200	-501.901917	180.841080	-117.612167	9.556215	0.000000	0.000000	3.750000	788.945068	-135.134399
201	664.656616	-18.231796	121.379189	-25.359123	0.000000	0.000000	3.750000	-727.499451	171.383133
202	84.087646	411.746765	17.154692	122.807198	0.000000	0.000000	3.750000	-177.540222	-690.998779
203	-468.882568	-46.031044	-141.971420	2.811224	0.000000	0.000000	3.750000	657.637024	-87.452576
204	121.316788	886.905273	20.861294	126.288574	0.000000	0.000000	3.750000	-171.501968	-1158.363403
205	-489.376007	-627.064941	-67.850571	-81.438934	0.000000	0.000000	3.750000	509.502441	676.708313
206	-280.908020	278.809235	-106.315948	78.235901	0.000000	0.000000	3.750000	582.477661	-502.495026
207	375.469910	481.686829	67.933472	108.484879	0.000000	0.000000	3.750000	-541.473267	-693.025574
208	150.310272	7.419055	-11.015759	-129.519836	0.000000	0.000000	3.750000	-15.856358	152.205536
209	-895.993896	565.021545	-123.781487	69.585159	0.000000	0.000000	3.750000	854.970581	-371.208801
210	663.603210	499.729309	95.853279	78.664703	0.000000	0.000000	3.750000	-806.418579	-585.856506
211	-746.641479	-345.026367	-123.356476	-61.862289	0.000000	0.000000	3.750000	975.535461	273.366272
212	577.891357	822.411560	80.070274	99.863586	0.000000	0.000000	3.750000	-734.980225	-1069.235596
213	324.230072	397.282928	55.111092	83.443199	0.000000	0.000000	3.750000	-352.744293	-545.157715
214	414.775330	32.854534	140.215424	32.794159	0.000000	0.000000	3.750000	-553.619751	-74.570938
215	480.039307	600.950378	68.860443	83.198952	0.000000	0.000000	3.750000	-335.557373	-735.465881
216	-639.449951	213.057571	-107.292801	32.128529	0.000000	0.000000	3.750000	735.819336	-256.369415
217	-294.622955	155.887955	-128.556702	77.273216	0.000000	0.000000	3.750000	332.918610	-327.630432
218	-170.458633	106.506210	-122.083572	55.171722	0.000000	0.000000	3.750000	139.708771	-126.081947
219	-658.917542	840.382446	-90.494919	112.011765	0.000000	0.000000	3.750000	698.682861	-1056.009399
220	57.337833	-543.889160	22.743347	-146.241943	0.000000	0.000000	3.750000	-232.569534	988.253296
221	-874.003784	642.978394	-123.385254	81.731590	0.000000	0.000000	3.750000	1429.177246	-816.504822
222	649.460876	397.046967	106.777832	59.012592	0.000000	0.000000	3.750000	-685.356506	-351.664337
223	191.049957	-52.773869	111.528214	-94.218811	0.000000	0.000000	3.750000	-383.742371	268.769745
224	-485.122131	190.914993	-107.383652	48.915726	0.000000	0.000000	3.750000	682.536011	-296.164307
225	-569.244202	-885.236328	-95.954895	-122.998337	0.000000	0.000000	3.750000	634.186340	1003.167114
226	-126.867737	-463.256683	-24.380344	-105.211609	0.000000	0.000000	3.750000	49.698875	473.803772
227	-119.638939	-380.793915	-78.290070	-96.158791	0.000000	0.000000	3.750000	647.718445	1075.487915
228	-502.017151	-821.757690	-64.190140	-119.898117	0.000000	0.000000	3.750000	420.864136	1091.637817
229	-617.733398	732.616211	-94.397224	95.106064	0.000000	0.000000	3.750000	825.222046	-793.963440
230	11.708389	529.180298	16.589081	98.614273	0.000000	0.000000	3.750000	-74.434998	-880.424988
231	556.609192	161.708466	110.313736	47.232140	0.000000	0.000000	3.750000	-727.187866	-289.900391
232	170.619720	-786.830627	9.795116	-137.651581	0.000000	0.000000	3.750000	-96.199745	548.966370
233	-420.322327	853.548950	-76.201195	124.536621	0.000000	0.000000	3.750000	549.228638	-969.873169
234	261.426239	-425.541595	96.940063	-83.568436	0.000000	0.000000	3.750000	-140.705887	139.005020
235	670.399048	-476.632782	104.078751	-71.018112	0.000000	0.000000	3.750000	-1019.740784	566.921631
236	188.863632	803.403320	23.836590	133.894196	0.000000	0.000000	3.750000	-35.992184	-811.076538
237	-684.458740	37.597927	-101.842316	-5.669419	0.000000	0.000000	3.750000	924.828064	37.024982
238	309.689758	224.369827	86.850983	91.284615	0.000000	0.000000	3.750000	-592.274902	-560.558472
239	597.963501	621.417969	88.850006	86.496574	0.000000	0.000000	3.750000	-536.326660	-584.401733
240	-312.688629	-654.359863	-41.450863	-93.197693	0.000000	0.000000	3.750000	402.526306	1113.151123
241	908.409851	456.663269	137.482727	73.718262	0.000000	0.000000	3.750000	-1485.426758	-559.774658
242	-373.468658	-456.896332	-95.364563	-88.348572	0.000000	0.000000	3.750000	433.195404	341.593323
243	-743.748230	86.907532	-129.592468	10.284312	0.000000	0.000000	3.750000	964.306458	-135.497391
244	-372.835876	-755.019897	-66.475212	-136.692719	0.000000	0.000000	3.750000	323.134460	914.693115
245	-45.822300	784.814331	-11.905961	127.444954	0.000000	0.000000	3.750000	17.739346	-877.781616
246	-866.925598	-574.771362	-140.430847	-67.933586	0.000000	0.000000	3.750000	1473.491699	449.865173
247	170.225052	101.889374	52.509190	118.921005	0.000000	0.000000	3.750000	-146.209549	-243.847977
248	-96.006248	499.338837	-39.998199	125.794052	0.000000	0.000000	3.750000	206.245544	-649.392151
249	-4.986792	-844.887451	-2.597041	-139.975708	0.000000	0.000000	3.750000	106.764755	1126.755859
250	-717.996338	-157.702209	-135.488739	-35.252342	0.000000	0.000000	3.750000	1029.104858	157.177734
251	-296.479797	389.572510	-92.790131	99.428200	0.000000	0.000000	3.750000	552.209656	-658.531006
252	-257.900391	-283.367432	-104.932449	-92.676666	0.000000	0.000000	3.750000	536.350098	368.660461
253	-477.342896	722.675659	-66.022110	97.801025	0.000000	0.000000	3.750000	505.183258	-982.416260
254	-703.036987	-733.916992	-97.550102	-91.869331	0.000000	0.000000	3.750000	956.979919	851.176880
255	882.437317	-657.732056	148.194092	-83.296555	0.000000	0.000000	3.750000	-919.172729	388.184784
256	-686.282593	544.369202	-116.652496	77.408997	0.000000	0.000000	3.750000	1153.722168	-624.463379
257	-686.758850	-314.934479	-100.033638	-28.447071	0.000000	0.000000	3.750000	1678.059082	272.251831
258	-755.825134	-922.061707	-120.222885	-111.545654	0.000000	0.000000	3.750000	904.975830	936.042236
259	764.626343	-67.113632	125.050842	-27.318089	0.000000	0.000000	3.750000	-1041.654907	183.467300
260	-431.823944	-336.030365	-111.385628	-63.064491	0.000000	0.000000	3.750000	738.027405	314.045105
261	-228.731903	-321.248199	-74.772125	-75.133987	0.000000	0.000000	3.750000	386.132507	427.449921
262	188.344650	808.968262	54.405148	128.996353	0.000000	0.000000	3.750000	-319.714844	-871.441406
263	710.458618	-875.091431	99.189880	-117.801964	0.000000	0.000000	3.750000	-674.696777	990.485596
264	192.386871	-193.473602	83.815758	-104.551033	0.000000	0.000000	3.750000	-204.687988	253.230286
265	-726.483276	603.039429	-119.386978	76.881378	0.000000	0.000000	3.750000	733.713379	-491.078461
266	471.410706	86.542259	148.727066	-19.489681	0.000000	0.000000	3.750000	-611.615356	140.577881
267	-129.158600	-672.633179	-26.906269	-139.427307	0.000000	0.000000	3.750000	97.230850	1039.558960
268	607.628052	196.200562	130.517639	38.224411	0.000000	0.000000	3.750000	-707.946838	-166.153137
269	-714.631958	542.015076	-101.707611	80.966385	0.000000	0.000000	3.750000	807.430298	-692.409241
270	275.332642	692.722717	35.635094	114.586823	0.000000	0.000000	3.750000	-320.092621	-1009.874695
271	-580.486877	496.774567	-110.635941	64.371460	0.000000	0.000000	3.750000	736.236633	-409.415436
272	464.538818	-482.209015	63.041996	-97.374054	0.000000	0.000000	3.750000	-430.391388	670.595703
273	-789.343506	537.811890	-114.588593	80.432770	0.000000	0.000000	3.750000	1257.328247	-1034.279541
274	-347.443054	849.273315	-53.534630	125.020065	0.000000	0.000000	3.750000	394.100037	-1161.976807
275	-408.414764	90.376831	-119.850098	22.797758	0.000000	0.000000	3.750000	824.386536	-301.551025
276	-113.740494	38.784882	-129.479065	11.528225	0.000000	0.000000	3.750000	329.761261	-150.370682
277	667.921143	791.170349	82.830841	112.867203	0.000000	0.000000	3.750000	-500.702118	-834.362122
278	-216.973740	390.993896	-62.796089	97.532799	0.000000	0.000000	3.750000	370.473480	-622.187195
279	-680.083618	764.828003	-96.074539	96.258423	0.000000	0.000000	3.750000	847.273926	-836.204895
280	-873.986877	-617.045288	-121.000656	-91.993469	0.000000	0.000000	3.750000	856.174072	550.508606
281	319.598877	796.531616	63.326714	131.551208	0.000000	0.000000	3.750000	-405.379028	-903.846008
282	240.818420	-772.111816	50.702160	-124.037346	0.000000	0.000000	3.750000	-322.319489	987.418152
283	741.503052	-13.940020	113.919327	-4.280894	0.000000	0.000000	3.750000	-994.138306	-82.074982
284	305.648682	-826.669678	51.429581	-117.213417	0.000000	0.000000	3.750000	-402.559265	1073.808716
285	-257.660889	-283.311707	-87.583710	-79.075592	0.000000	0.000000	3.750000	402.211365	249.480133
286	1071.628174	-120.200577	155.059113	-17.107258	0.000000	0.000000	3.750000	-674.161011	68.239426
287	-755.740967	297.725098	-115.987671	49.222534	0.000000	0.000000	3.750000	966.733215	-374.765656
288	280.209656	-771.208801	40.889664	-125.507111	0.000000	0.000000	3.750000	-279.780945	822.119324
289	4.629320	1060.494141	-4.239696	155.942383	0.000000	0.000000	3.750000	38.959797	-958.524048
290	-688.089355	232.347931	-111.263016	54.740490	0.000000	0.000000	3.750000	754.879211	-433.343842
291	52.625099	-2.558130	-61.009140	-100.990448	0.000000	0.000000	3.750000	58.904148	208.237717
292	-533.328003	-323.092194	-116.752899	-65.756180	0.000000	0.000000	3.750000	513.643860	128.327591
293	-38.694759	108.154694	-94.863029	91.774414	0.000000	0.000000	3.750000	162.045959	-272.159149
294	-789.602844	48.439301	-121.968430	-2.775157	0.000000	0.000000	3.750000	997.323547	1.834424
295	-47.114906	-613.547668	3.360220	-133.957764	0.000000	0.000000	3.750000	-63.912964	822.215576
296	397.112183	-763.242126	75.960190	-127.019836	0.000000	0.000000	3.750000	-469.196869	852.252380
297	-955.610474	-194.371033	-138.930115	-44.882004	0.000000	0.000000	3.750000	1252.712769	307.456055
298	-405.109070	-817.384033	-53.320068	-122.934570	0.000000	0.000000	3.750000	352.607880	1169.920288
299	384.131775	768.798767	68.947845	100.648254	0.000000	0.000000	3.750000	-408.038971	-988.422729
300	-864.192017	-689.411987	-113.567413	-94.901817	0.000000	0.000000	3.750000	612.277649	609.820129
301	-363.244843	-736.516113	-52.250832	-123.391541	0.000000	0.000000	3.750000	75.333412	317.733765
302	116.182465	-269.360596	73.363525	-123.909973	0.000000	0.000000	3.750000	-196.176041	410.332764
303	468.240753	-524.128479	93.856186	-106.559845	0.000000	0.000000	3.750000	-589.851318	610.373413
304	-91.075020	-505.193970	-15.270893	-141.176392	0.000000	0.000000	3.750000	40.435379	635.469543
305	-789.759460	166.458038	-146.927917	30.202412	0.000000	0.000000	3.750000	973.417419	-206.951385
306	958.372437	303.253265	150.220825	33.907295	0.000000	0.000000	3.750000	-1157.234985	-255.921936
307	-789.536865	-647.545837	-108.242264	-82.338341	0.000000	0.000000	3.750000	977.676025	674.318054
308	683.776978	13.124923	119.766327	-7.480656	0.000000	0.000000	3.750000	-942.551331	-50.753666
309	312.758392	925.366699	49.556053	126.649811	0.000000	0.000000	3.750000	-355.964447	-1144.794189
310	857.227661	-407.891052	114.544052	-73.318497	0.000000	0.000000	3.750000	-1012.751892	505.033478
311	-632.692627	408.099060	-133.131470	59.933357	0.000000	0.000000	3.750000	860.826233	-363.062622
312	-327.340637	-631.070129	-48.355339	-129.249634	0.000000	0.000000	3.750000	109.628265	593.792664
313	-964.472168	353.600342	-139.472015	49.512997	0.000000	0.000000	3.750000	1145.130493	-339.675934
314	-547.981750	595.055420	-81.773727	98.473511	0.000000	0.000000	3.750000	519.745483	-741.216553
315	262.260284	-458.251221	82.484055	-105.603409	0.000000	0.000000	3.750000	-562.659302	541.802795
316	713.624207	737.135864	92.595322	91.247452	0.000000	0.000000	3.750000	-873.931885	-776.161194
317	-282.799194	206.128143	-126.133301	55.984570	0.000000	0.000000	3.750000	596.975769	-341.678009
318	-269.202026	-593.778809	-46.848938	-103.928566	0.000000	0.000000	3.750000	311.535217	888.520691
319	565.384277	557.416626	91.990997	97.434418	0.000000	0.000000	3.750000	-640.217041	-962.931885
320	-304.209473	707.531860	-41.843380	110.331871	0.000000	0.000000	3.750000	289.536346	-897.474854
321	-163.869965	-452.885986	-63.501911	-106.505508	0.000000	0.000000	3.750000	239.417053	530.143921
322	-109.566437	-54.103416	6.287001	-143.862244	0.000000	0.000000	3.750000	-18.758869	246.189911
323	-193.587555	-19.207760	-113.279404	-98.315910	0.000000	0.000000	3.750000	242.801163	336.576141
324	478.948608	-459.512207	76.663322	-78.884109	0.000000	0.000000	3.750000	-692.626282	567.705933
325	-206.811890	626.481873	-24.308159	117.512161	0.000000	0.000000	3.750000	123.493874	-678.754028
326	-335.600372	238.990662	-115.788597	63.379730	0.000000	0.000000	3.750000	410.595459	-253.359009
327	-0.105400	559.967529	-12.479078	151.486755	0.000000	0.000000	3.750000	25.456232	-553.684509
328	814.631775	-9.003165	141.805389	-7.429820	0.000000	0.000000	3.750000	-841.372131	-12.605881
329	-273.625183	-871.579956	-31.768444	-134.293503	0.000000	0.000000	3.750000	188.413483	1135.562378
330	-236.830750	-650.203857	-40.180687	-100.246613	0.000000	0.000000	3.750000	156.765945	839.432312
331	-407.509338	-507.253784	-98.597908	-115.680786	0.000000	0.000000	3.750000	349.945923	569.451538
332	-835.089478	293.805908	-124.194260	44.718895	0.000000	0.000000	3.750000	1112.799438	-353.658081
333	478.473938	-102.489296	109.635681	-48.784897	0.000000	0.000000	3.750000	-674.003540	217.702621
334	457.488770	263.269135	111.206863	54.854332	0.000000	0.000000	3.750000	-790.187805	-331.786133
335	-539.776428	-666.348877	-93.514214	-95.974152	0.000000	0.000000	3.750000	615.508728	779.851196
336	134.283234	57.608768	127.982468	-0.181035	0.000000	0.000000	3.750000	-99.971100	16.353924
337	-295.435089	-879.016541	-29.766445	-142.933029	0.000000	0.000000	3.750000	88.814903	1089.290894
338	786.895264	653.736938	112.941582	92.521194	0.000000	0.000000	3.750000	-970.084412	-686.530518
339	-44.123940	500.148499	-8.100923	119.726227	0.000000	0.000000	3.750000	29.347721	-638.653564
340	773.115723	693.867065	98.330460	91.033585	0.000000	0.000000	3.750000	-942.627380	-798.669434
341	133.446564	-431.885376	44.295418	-102.867981	0.000000	0.000000	3.750000	-151.594864	508.467438
342	14.619719	-766.999878	3.105568	-129.962524	0.000000	0.000000	3.750000	23.646217	551.677856
343	801.590454	-283.288513	113.828651	-43.896156	0.000000	0.000000	3.750000	-411.687958	171.575317
344	66.323669	-275.381775	60.386940	-124.079834	0.000000	0.000000	3.750000	-79.886208	300.414642
345	-345.578186	766.171631	-52.425526	131.968002	0.000000	0.000000	3.750000	357.322937	-822.847412
346	-262.548218	421.133118	-60.857262	119.382950	0.000000	0.000000	3.750000	236.138824	-564.889526
347	-765.232422	-5.451143	-138.807022	-29.942728	0.000000	0.000000	3.750000	630.471130	178.062485
348	-126.226746	-948.864502	-45.115799	-134.641983	0.000000	0.000000	3.750000	253.329437	1221.876343
349	324.054230	-654.486755	74.312622	-104.219078	0.000000	0.000000	3.750000	-490.289795	785.578613
350	316.501221	763.854248	51.918152	119.182610	0.000000	0.000000	3.750000	-378.690735	-980.949524
351	-413.913208	-482.337372	-74.892090	-83.276459	0.000000	0.000000	3.750000	342.646851	585.043945
352	-201.955872	381.329041	-79.064018	120.350662	0.000000	0.000000	3.750000	303.391022	-365.983765
353	-552.408325	-275.937408	-105.078293	-89.456924	0.000000	0.000000	3.750000	589.569275	536.261536
354	-20.287006	568.126465	-10.625521	139.579163	0.000000	0.000000	3.750000	-3.294459	-225.567474
355	-852.264648	-179.505600	-137.920532	-24.023842	0.000000	0.000000	3.750000	512.484741	9.630679
356	446.085022	554.539307	98.553352	104.990921	0.000000	0.000000	3.750000	-395.057007	-377.499725
357	441.884705	-727.188110	69.328011	-121.628555	0.000000	0.000000	3.750000	-419.680054	1022.271179
358	399.424316	383.176331	95.707092	61.935852	0.000000	0.000000	3.750000	-387.575012	-333.468689
359	-69.223534	-355.449341	-8.023536	-139.769836	0.000000	0.000000	3.750000	13.685927	446.815887
360	-628.360229	418.910339	-89.579224	63.839600	0.000000	0.000000	3.750000	294.073669	-218.121841
361	-639.127808	-279.689941	-141.320786	-27.643665	0.000000	0.000000	3.750000	743.280884	32.054485
362	43.599960	-185.995453	8.108108	-115.715553	0.000000	0.000000	3.750000	-60.111698	339.404572
363	683.776489	787.381470	110.856567	103.993698	0.000000	0.000000	3.750000	-964.083740	-702.451355
364	-145.908722	458.228271	-69.652603	135.096176	0.000000	0.000000	3.750000	128.026657	-372.037567
365	594.775757	-506.202759	82.551537	-69.636475	0.000000	0.000000	3.750000	-853.002258	630.776672
366	-5.958717	-566.615479	21.685135	-134.260010	0.000000	0.000000	3.750000	-155.099258	893.781189
367	-340.790680	986.788696	-55.984238	139.160782	0.000000	0.000000	3.750000	333.719910	-1068.254517
368	742.638916	176.769104	122.476387	29.568283	0.000000	0.000000	3.750000	-245.304565	-64.737053
369	-377.707520	-363.532806	-105.538734	-65.096664	0.000000	0.000000	3.750000	477.197662	252.089020
370	-264.602753	-349.394348	-100.272690	-108.854431	0.000000	0.000000	3.750000	276.462921	362.846375
371	372.688171	843.135071	57.893955	107.388138	0.000000	0.000000	3.750000	-386.553223	-1097.175415
372	863.198181	28.405952	129.507324	-11.304680	0.000000	0.000000	3.750000	-869.461975	-9.733337
373	-654.810913	422.205139	-113.906586	84.789444	0.000000	0.000000	3.750000	693.450562	-598.477844
374	-900.504272	438.515228	-142.343414	58.772461	0.000000	0.000000	3.750000	705.971924	-344.070435
375	-834.999023	-579.660889	-106.865051	-87.314713	0.000000	0.000000	3.750000	1112.642212	936.585510
376	10.318298	-426.564728	-4.854073	-125.904633	0.000000	0.000000	3.750000	25.298195	247.695374
377	159.368362	-844.807251	21.964931	-120.006409	0.000000	0.000000	3.750000	-171.295151	1132.762573
378	279.332275	-48.147495	139.012146	-28.972048	0.000000	0.000000	3.750000	-480.312134	38.256165
379	673.156006	-711.054565	90.010712	-104.604355	0.000000	0.000000	3.750000	-754.550964	870.119324
380	-530.685913	494.277252	-86.164581	71.551804	0.000000	0.000000	3.750000	726.896667	-650.363953
381	-774.042969	517.183716	-144.932129	72.377808	0.000000	0.000000	3.750000	672.081482	-417.447632
382	-897.920532	161.168579	-143.958282	3.455634	0.000000	0.000000	3.750000	800.197021	-76.878845
383	193.560638	765.102783	29.797161	120.366577	0.000000	0.000000	3.750000	-252.237930	-847.134888
384	-753.155029	604.466187	-102.627914	89.238434	0.000000	0.000000	3.750000	788.192017	-760.862000
385	-600.613708	-263.536652	-146.096832	-41.943005	0.000000	0.000000	3.750000	702.338501	70.490150
386	-485.172180	-957.835144	-80.605865	-116.904205	0.000000	0.000000	3.750000	551.464172	1113.217896
387	-173.523010	-767.073242	-28.029325	-124.892670	0.000000	0.000000	3.750000	66.840271	861.492676
388	-4.594551	212.016510	-29.989288	134.693283	0.000000	0.000000	3.750000	105.544815	-305.073639
389	762.140137	285.055634	124.259537	30.717325	0.000000	0.000000	3.750000	-902.803406	-182.308212
390	-356.461670	852.324585	-60.681454	114.968399	0.000000	0.000000	3.750000	393.610382	-937.909058
391	429.148712	470.618530	91.561462	86.558777	0.000000	0.000000	3.750000	-510.669769	-599.370422
392	-589.088135	-187.406738	-118.712097	-77.919296	0.000000	0.000000	3.750000	586.109619	374.290955
393	371.848907	697.077881	61.855217	112.062073	0.000000	0.000000	3.750000	-422.638306	-930.579102
394	678.354675	55.294281	144.267731	41.066269	0.000000	0.000000	3.750000	-904.719849	-104.868423
395	-749.741943	745.015442	-102.777420	89.066277	0.000000	0.000000	3.750000	927.153442	-775.910156
396	-314.580444	-603.298218	-35.362518	-120.935043	0.000000	0.000000	3.750000	73.824356	590.972961
397	269.864685	64.376022	118.030701	-71.503143	0.000000	0.000000	3.750000	-147.938812	96.415047
398	423.162292	-708.640564	79.320038	-117.780807	0.000000	0.000000	3.750000	-508.091187	703.890869
399	-251.666794	706.592773	-51.117760	123.866730	0.000000	0.000000	3.750000	378.523987	-843.171448
400	-625.893433	283.728027	-98.601349	26.110714	0.000000	0.000000	3.750000	863.068848	-183.316681
401	-556.318115	-490.190674	-87.943771	-106.347763	0.000000	0.000000	3.750000	627.261536	884.709839
402	264.506592	287.516113	78.620590	87.992157	0.000000	0.000000	3.750000	-319.678314	-463.780365
403	-164.823578	-639.475220	-41.651619	-108.262085	0.000000	0.000000	3.750000	62.657333	321.192657
404	-401.434143	-535.876282	-102.266968	-98.516006	0.000000	0.000000	3.750000	504.973999	574.782837
405	264.379272	-105.154373	119.991043	1.435596	0.000000	0.000000	3.750000	-544.741394	-67.418312
406	-601.815796	59.972759	-141.790619	-7.697859	0.000000	0.000000	3.750000	712.751953	103.253914
407	-332.474030	-10.838169	-113.814835	6.429132	0.000000	0.000000	3.750000	614.752441	-249.819885
408	574.204590	898.467407	82.968903	120.133438	0.000000	0.000000	3.750000	-582.396240	-1208.017822
409	-28.407393	310.434753	-51.357121	123.765732	0.000000	0.000000	3.750000	108.079933	-443.570374
410	50.511887	33.493729	98.441254	-57.488377	0.000000	0.000000	3.750000	-90.647942	51.659950
411	172.110474	772.509460	12.491791	107.275139	0.000000	0.000000	3.750000	-104.526970	-897.973816
412	385.823669	-743.818909	60.001961	-130.903625	0.000000	0.000000	3.750000	-375.635406	911.976624
413	-133.820999	-212.559860	-66.457047	-118.642441	0.000000	0.000000	3.750000	34.370392	383.293457
414	-313.928711	548.616150	-67.982185	103.702820	0.000000	0.000000	3.750000	318.354889	-692.574707
415	-591.815491	-421.447632	-113.776840	-70.787201	0.000000	0.000000	3.750000	473.313660	284.461456
416	-146.339478	-129.694519	-116.351746	-81.393707	0.000000	0.000000	3.750000	177.658691	182.451202
417	24.788698	-643.656250	3.658553	-111.939995	0.000000	0.000000	3.750000	-33.449844	544.915344
418	-643.216187	800.781982	-104.223450	102.242226	0.000000	0.000000	3.750000	744.006653	-733.689880
419	-366.308411	-208.196594	-127.285286	-53.313171	0.000000	0.000000	3.750000	812.466309	230.014175
420	-596.501465	911.243103	-92.265686	115.719589	0.000000	0.000000	3.750000	715.843140	-1029.261108
421	918.032410	-87.984535	145.803833	-42.956238	0.000000	0.000000	3.750000	-1133.765747	327.495697
422	-77.201859	-767.260742	-19.546921	-128.521851	0.000000	0.000000	3.750000	67.993530	943.960449
423	734.548340	-380.502930	109.637711	-62.092873	0.000000	0.000000	3.750000	-893.252197	393.515472
424	-616.125793	-187.028198	-117.216652	-46.217896	0.000000	0.000000	3.750000	927.027649	184.317459
425	739.031189	289.583862	124.375519	49.866898	0.000000	0.000000	3.750000	-920.895386	-304.006989
426	551.002319	-25.339281	123.296295	-13.191442	0.000000	0.000000	3.750000	-715.617310	88.423248
427	265.788483	28.318199	139.759140	-25.127111	0.000000	0.000000	3.750000	-488.216400	62.408306
428	191.555481	-746.367554	28.619572	-126.810532	0.000000	0.000000	3.750000	-249.012283	971.628418
429	601.386047	827.762024	98.436951	105.100670	0.000000	0.000000	3.750000	-701.316284	-830.620911
430	626.356689	-657.598999	81.452827	-88.121689	0.000000	0.000000	3.750000	-690.279236	697.144775
431	-541.797729	-350.472504	-109.967316	-65.506241	0.000000	0.000000	3.750000	980.631165	423.975922
432	28.937286	471.405396	17.614185	128.801056	0.000000	0.000000	3.750000	-41.204109	-447.331360
433	-214.220795	561.543457	-67.570282	120.324814	0.000000	0.000000	3.750000	204.313812	-433.869598
434	155.434540	390.755005	75.307159	108.410355	0.000000	0.000000	3.750000	-200.056534	-278.189056
435	-965.186035	407.563904	-129.225159	63.536247	0.000000	0.000000	3.750000	735.504333	-329.945892
436	121.538040	823.526794	26.279259	127.316086	0.000000	0.000000	3.750000	-199.276459	-1277.467163
437	-716.217041	-680.505859	-84.588524	-103.926407	0.000000	0.000000	3.750000	543.879395	901.364380
438	-827.671997	-814.406250	-101.288261	-107.910416	0.000000	0.000000	3.750000	810.367981	1019.112671
439	-352.090027	-764.775513	-64.820816	-117.278366	0.000000	0.000000	3.750000	402.269775	891.728577
440	-326.911835	-523.759094	-63.079842	-124.983566	0.000000	0.000000	3.750000	191.079346	444.490112
441	485.071045	-646.463501	89.810257	-99.448914	0.000000	0.000000	3.750000	-775.698792	747.776855
442	469.894867	-53.940735	137.965347	-33.604385	0.000000	0.000000	3.750000	-545.796143	50.223022
443	266.587128	-363.581726	67.110390	-115.982910	0.000000	0.000000	3.750000	-388.714752	899.198303
444	242.910553	118.548141	125.644493	-21.305298	0.000000	0.000000	3.750000	-44.592445	72.099884
445	-575.640625	-87.777428	-115.497879	-24.170826	0.000000	0.000000	3.750000	568.679199	135.137894
446	127.423431	-233.470276	63.972321	-108.551987	0.000000	0.000000	3.750000	-205.719772	311.953857
447	416.154449	-641.055664	59.607521	-92.449478	0.000000	0.000000	3.750000	-406.559601	793.148743
448	-761.159912	-537.146912	-103.309647	-85.341087	0.000000	0.000000	3.750000	760.511963	709.389954
449	554.400146	365.433838	93.305878	68.920242	0.000000	0.000000	3.750000	-729.249207	-605.196350
450	595.150513	644.727722	98.902664	96.240326	0.000000	0.000000	3.750000	-551.637207	-479.010742
451	-214.730698	1.481209	-73.442169	-102.376923	0.000000	0.000000	3.750000	115.493500	327.344208
452	434.348816	-66.678009	138.333130	21.539146	0.000000	0.000000	3.750000	-590.688965	-66.453407
453	-346.831604	638.192322	-43.304405	135.235825	0.000000	0.000000	3.750000	219.376938	-666.641479
454	177.783279	565.568176	29.704117	132.714722	0.000000	0.000000	3.750000	-223.584305	-585.348755
455	807.472168	718.649048	102.939621	103.534698	0.000000	0.000000	3.750000	-874.449951	-838.758484
456	811.747253	435.570435	120.750603	58.096817	0.000000	0.000000	3.750000	-979.832520	-356.074402
457	-1018.282654	279.397980	-162.554596	42.424450	0.000000	0.000000	3.750000	1388.912964	-231.713547
458	-431.260010	375.182434	-95.586792	54.434948	0.000000	0.000000	3.750000	682.130310	-410.773682
459	810.486694	363.114014	133.215240	68.946777	0.000000	0.000000	3.750000	-965.796875	-414.353577
460	-535.948059	-858.026672	-79.329010	-112.919586	0.000000	0.000000	3.750000	503.041595	934.983582
461	-597.044983	512.252380	-97.688835	69.691376	0.000000	0.000000	3.750000	753.214661	-570.724670
462	-93.907082	790.992798	-22.360868	132.121124	0.000000	0.000000	3.750000	146.842697	-839.081055
463	640.034485	-12.986235	123.495346	11.175228	0.000000	0.000000	3.750000	-809.036438	-104.310867
464	-770.507080	244.772415	-117.502304	32.820770	0.000000	0.000000	3.750000	625.474731	-197.123184
465	-492.274048	609.198364	-75.251915	98.554718	0.000000	0.000000	3.750000	339.001617	-585.762878
466	-111.469383	358.313477	-73.817902	123.635605	0.000000	0.000000	3.750000	230.034225	-266.599548
467	-479.570007	-698.880432	-79.736877	-117.498993	0.000000	0.000000	3.750000	555.396484	921.665894
468	-496.859436	404.093781	-96.009369	49.458874	0.000000	0.000000	3.750000	913.049561	-568.378784
469	741.642334	455.404846	116.124176	66.866295	0.000000	0.000000	3.750000	-781.214722	-556.424133
470	-253.623016	625.210632	-44.432758	113.620956	0.000000	0.000000	3.750000	244.747055	-691.778381
471	244.376877	-344.576782	80.312073	-114.673248	0.000000	0.000000	3.750000	-345.305328	538.588806
472	29.878380	381.195648	-0.052932	141.999054	0.000000	0.000000	3.750000	-64.498932	-563.655151
473	896.525879	304.367279	127.380196	47.647243	0.000000	0.000000	3.750000	-966.746521	-294.308594
474	-153.186417	863.963440	-50.309875	134.925476	0.000000	0.000000	3.750000	220.449600	-688.999756
475	-407.907104	112.519562	-117.948074	59.254028	0.000000	0.000000	3.750000	486.109283	-445.322662
476	867.497803	53.086185	153.999496	-0.014279	0.000000	0.000000	3.750000	-664.876831	38.463451
477	-239.195831	-278.801147	-103.022743	-106.254608	0.000000	0.000000	3.750000	291.707458	261.182678
478	-258.202393	-570.513733	-38.843987	-111.422874	0.000000	0.000000	3.750000	130.857620	577.535583
479	775.676392	-41.004509	144.617798	-20.041821	0.000000	0.000000	3.750000	-810.820862	83.504745
480	611.012146	-706.002869	81.578384	-111.304848	0.000000	0.000000	3.750000	-488.072754	1043.544434
481	-363.498535	-655.825134	-96.254204	-137.692154	0.000000	0.000000	3.750000	511.132233	736.855469
482	440.551147	209.039307	152.141907	42.623367	0.000000	0.000000	3.750000	-732.143433	-151.035385
483	-165.353592	721.933472	-44.303680	126.463806	0.000000	0.000000	3.750000	198.191116	-871.136292
484	-500.236847	-542.246521	-104.451065	-96.196808	0.000000	0.000000	3.750000	409.363434	557.699585
485	377.680359	201.541962	109.045822	108.742256	0.000000	0.000000	3.750000	-396.095917	-349.207458
486	-971.536743	-442.120850	-134.154266	-75.621475	0.000000	0.000000	3.750000	898.037170	408.751617
487	876.885986	146.175980	135.442413	12.302404	0.000000	0.000000	3.750000	-985.985718	-69.653427
488	749.936035	619.178345	99.789032	86.406525	0.000000	0.000000	3.750000	-1058.494751	-726.916809
489	-627.259705	-292.784851	-131.913330	-86.964638	0.000000	0.000000	3.750000	670.381042	409.221771
490	421.561310	254.669388	128.235931	45.293350	0.000000	0.000000	3.750000	-534.527283	-153.443710
491	761.315430	307.955536	138.661865	30.591784	0.000000	0.000000	3.750000	-283.788239	-46.330070
492	-844.248413	-578.255798	-125.699295	-88.969856	0.000000	0.000000	3.750000	1055.691162	612.625366
493	709.187439	97.545929	133.458328	-12.034215	0.000000	0.000000	3.750000	-912.168396	10.143704
494	-297.434570	304.482635	-46.205841	104.216209	0.000000	0.000000	3.750000	290.435852	-631.552185
495	673.521484	-470.019653	96.889290	-70.797211	0.000000	0.000000	3.750000	-302.882355	230.144318
496	655.698486	-501.188782	110.939201	-91.806763	0.000000	0.000000	3.750000	-758.967957	572.301758
497	-369.745453	126.466667	-119.991150	83.172852	0.000000	0.000000	3.750000	201.124222	-181.785553
498	586.704407	528.625488	89.472900	91.534622	0.000000	0.000000	3.750000	-525.901794	-605.989502
499	-62.954681	-908.787598	-16.063288	-129.003662	0.000000	0.000000	3.750000	71.872086	1198.608521
500	-756.864197	-852.849121	-102.874237	-100.761536	0.000000	0.000000	3.750000	755.342407	786.958008
501	380.225830	-1018.445251	52.204460	-168.079422	0.000000	0.000000	3.750000	-435.640869	1321.567017
502	-613.374634	325.450714	-146.697876	46.836563	0.000000	0.000000	3.750000	509.277679	-351.004395
503	191.807037	-594.430298	53.450756	-120.693855	0.000000	0.000000	3.750000	-428.389191	898.937622
504	-119.203369	647.222534	-25.120262	127.549423	0.000000	0.000000	3.750000	89.168449	-1240.814209
505	-76.319466	-676.021973	8.354550	-125.722717	0.000000	0.000000	3.750000	-28.815916	467.562775
506	-261.117279	-299.260071	-112.312744	-116.746750	0.000000	0.000000	3.750000	277.106140	308.447052
507	362.291443	-26.851295	118.829834	-16.716999	0.000000	0.000000	3.750000	-601.158264	62.816883
508	260.790253	194.616653	79.223877	105.576752	0.000000	0.000000	3.750000	-260.526520	-231.272949
509	586.767273	648.516602	75.175446	83.021927	0.000000	0.000000	3.750000	-689.058167	-890.243774
510	-291.010895	768.616638	-49.405483	139.510208	0.000000	0.000000	3.750000	325.507690	-955.348145
511	-562.973328	-382.736328	-87.515762	-79.151215	0.000000	0.000000	3.750000	562.565979	658.249878
512	-844.517273	397.907013	-143.636093	35.673927	0.000000	0.000000	3.750000	1172.326538	-205.319214
513	422.749512	707.096191	79.011780	110.693718	0.000000	0.000000	3.750000	-513.316162	-865.842896
514	-243.922546	-677.567993	-45.365868	-140.872375	0.000000	0.000000	3.750000	47.857258	750.226807
515	600.636475	-0.728331	110.736206	-16.777245	0.000000	0.000000	3.750000	-896.952759	89.254547
516	-507.431152	80.506042	-111.996429	0.875342	0.000000	0.000000	3.750000	1318.584229	-121.146942
517	38.007034	172.663849	73.575394	99.480247	0.000000	0.000000	3.750000	-56.197609	-30.743116
518	-661.468933	-540.854004	-103.064346	-82.472168	0.000000	0.000000	3.750000	653.142822	424.925018
519	512.584839	175.209488	139.999725	0.203377	0.000000	0.000000	3.750000	-716.119751	-41.516354
520	785.268982	-205.707794	115.119942	-51.218933	0.000000	0.000000	3.750000	-1008.702759	367.394470
521	204.856354	-184.599655	97.694374	-91.715378	0.000000	0.000000	3.750000	-299.130127	307.117432
522	346.133057	-319.679291	104.656654	-83.659409	0.000000	0.000000	3.750000	-181.116257	109.219963
523	637.388306	-374.509521	96.587540	-64.240448	0.000000	0.000000	3.750000	-769.880554	474.551331
524	726.003662	361.921356	103.647827	60.473915	0.000000	0.000000	3.750000	-1021.323730	-467.363403
525	-406.311157	-164.727234	-96.762009	-56.396439	0.000000	0.000000	3.750000	378.951294	111.174858
526	135.448959	-73.818893	96.737076	-60.314034	0.000000	0.000000	3.750000	-283.971191	137.639343
527	137.226257	485.665741	41.458549	135.812805	0.000000	0.000000	3.750000	-206.415222	-568.516174
528	-749.448914	-322.256744	-113.641548	-44.378983	0.000000	0.000000	3.750000	990.106995	219.343262
529	51.254654	23.509188	75.237961	-103.548950	0.000000	0.000000	3.750000	-169.696289	315.780853
530	-80.354813	-68.129707	16.847866	-112.739098	0.000000	0.000000	3.750000	-97.934654	197.788635
531	744.312561	499.379639	118.273499	82.142410	0.000000	0.000000	3.750000	-841.863098	-604.842468
532	774.880310	-20.972065	130.342148	-31.091942	0.000000	0.000000	3.750000	-427.996552	135.490845
533	-395.790588	965.396912	-53.731537	133.599274	0.000000	0.000000	3.750000	217.035522	-979.757324
534	100.537086	-612.440247	11.699133	-101.326843	0.000000	0.000000	3.750000	-90.307793	938.520203
535	-11.678190	118.875977	-46.945465	123.085464	0.000000	0.000000	3.750000	19.224730	7.543018
536	-125.927841	-669.261108	-48.017841	-120.806656	0.000000	0.000000	3.750000	300.553925	942.665833
537	655.960327	-820.392029	88.624496	-103.158562	0.000000	0.000000	3.750000	-762.830688	994.407715
538	-82.043411	435.389954	-13.871191	123.209290	0.000000	0.000000	3.750000	40.803780	-198.889069
539	-509.485321	-69.372421	-133.834351	-33.626385	0.000000	0.000000	3.750000	318.935913	-5.400279
540	39.306778	148.348938	52.838470	109.897629	0.000000	0.000000	3.750000	-33.726372	-68.881508
541	505.608124	-670.259521	91.564125	-108.535637	0.000000	0.000000	3.750000	-581.080872	787.660095
542	944.774109	-171.062775	145.501617	-43.968536	0.000000	0.000000	3.750000	-1217.406372	264.101532
543	486.808533	-752.615234	73.149048	-107.466904	0.000000	0.000000	3.750000	-492.984802	1040.280151
544	369.679382	-180.689911	127.802780	-78.522240	0.000000	0.000000	3.750000	-560.897095	199.130600
545	-198.163727	-504.633972	-28.403122	-132.999969	0.000000	0.000000	3.750000	37.335613	792.008728
546	616.665222	-370.220184	125.955215	-77.712692	0.000000	0.000000	3.750000	-1010.348022	550.524109
547	875.547119	556.988159	129.687836	71.309532	0.000000	0.000000	3.750000	-884.501221	-429.261322
548	399.504364	-434.533691	72.219345	-90.775696	0.000000	0.000000	3.750000	-281.227509	312.934296
549	420.641541	-467.687683	82.864418	-86.795662	0.000000	0.000000	3.750000	-485.386200	488.772827
550	-326.745544	-469.618591	-70.742126	-99.395683	0.000000	0.000000	3.750000	512.985901	602.449829
551	475.197876	275.678741	101.660904	55.866447	0.000000	0.000000	3.750000	-639.567444	-339.902039
552	-250.685699	242.454437	-78.889053	98.247192	0.000000	0.000000	3.750000	627.737122	-829.365540
553	369.348755	610.210938	67.468430	118.084732	0.000000	0.000000	3.750000	-332.442688	-545.741455
554	-135.236664	909.906555	-17.188381	130.875702	0.000000	0.000000	3.750000	1.663694	-1205.047485
555	-506.500488	851.714111	-59.900379	122.097961	0.000000	0.000000	3.750000	371.599182	-949.658020
556	119.623596	-739.521484	10.469966	-127.571037	0.000000	0.000000	3.750000	-38.577274	1092.847656
557	-842.568115	67.317635	-139.977463	2.501790	0.000000	0.000000	3.750000	934.367981	-91.644600
558	-175.663239	878.162476	-22.769535	144.213501	0.000000	0.000000	3.750000	116.082954	-982.990662
559	-39.207069	-737.425659	2.100769	-115.980957	0.000000	0.000000	3.750000	14.309319	895.667969
560	-380.579010	1004.293579	-54.928619	152.403320	0.000000	0.000000	3.750000	304.942139	-1181.910034
561	-500.796692	-552.296692	-61.113010	-96.235123	0.000000	0.000000	3.750000	467.799988	719.586243
562	-477.484192	-485.535034	-84.611176	-90.647270	0.000000	0.000000	3.750000	655.559265	839.432678
563	643.076538	806.579712	93.600670	104.110069	0.000000	0.000000	3.750000	-722.758972	-878.245544
564	-80.387527	357.221069	-34.170227	141.942993	0.000000	0.000000	3.750000	43.424969	-534.763794
565	-507.570923	610.801453	-112.331001	102.399498	0.000000	0.000000	3.750000	717.976562	-789.689575
566	431.629639	613.762146	61.069237	81.697906	0.000000	0.000000	3.750000	-553.533691	-794.438538
567	-43.841412	-572.091797	-33.875145	-137.898056	0.000000	0.000000	3.750000	11.483509	760.128235
568	209.305634	-792.683472	55.421867	-126.381973	0.000000	0.000000	3.750000	-356.918762	937.897766
569	-870.778870	-730.212219	-114.060600	-97.417542	0.000000	0.000000	3.750000	958.498962	808.119995
570	-840.240234	-359.912048	-139.317719	-65.622849	0.000000	0.000000	3.750000	956.948792	284.729401
571	-654.322327	213.687241	-114.427185	36.143753	0.000000	0.000000	3.750000	753.676514	-311.695557
572	-433.199585	-544.978516	-43.389832	-122.544807	0.000000	0.000000	3.750000	183.909409	761.182556
573	-529.486694	508.000610	-88.861023	77.638367	0.000000	0.000000	3.750000	717.487427	-652.999573
574	-618.424683	274.561676	-115.483429	45.158813	0.000000	0.000000	3.750000	499.450439	-121.768982
575	710.008484	-124.370987	123.450302	-11.661777	0.000000	0.000000	3.750000	-902.878906	31.183514
576	31.911661	-547.219482	29.273939	-99.794945	0.000000	0.000000	3.750000	-255.719284	751.615356
577	132.431107	597.520325	42.343437	118.671677	0.000000	0.000000	3.750000	-197.991547	-769.541260
578	-134.975281	41.914192	-129.844635	33.110924	0.000000	0.000000	3.750000	214.794647	-51.795788
579	442.197815	750.218689	76.703651	107.426651	0.000000	0.000000	3.750000	-486.037109	-890.264282
580	-518.263550	809.410645	-73.511162	102.333282	0.000000	0.000000	3.750000	616.976074	-927.251221
581	421.245880	-797.536987	40.659378	-123.477982	0.000000	0.000000	3.750000	-361.019867	1051.213989
582	487.931549	-484.130920	65.497375	-58.771545	0.000000	0.000000	3.750000	-1177.796509	1019.478516
583	-678.723816	217.755646	-149.337738	72.485245	0.000000	0.000000	3.750000	641.657043	-383.619507
584	-776.733215	-579.583862	-124.787384	-93.569214	0.000000	0.000000	3.750000	128.863831	111.338814
585	630.720215	-495.933838	116.684601	-97.406143	0.000000	0.000000	3.750000	-377.946655	240.259384
586	41.998497	518.449097	25.777493	100.754761	0.000000	0.000000	3.750000	-175.042969	-655.270691
587	686.622559	757.078003	91.107910	95.516220	0.000000	0.000000	3.750000	-868.378784	-897.241760
588	717.613831	-679.380859	98.647560	-87.707787	0.000000	0.000000	3.750000	-813.774170	685.999817
589	295.180847	-692.809753	67.030022	-101.935829	0.000000	0.000000	3.750000	-396.356415	807.138428
590	347.246368	351.762970	90.872559	72.098083	0.000000	0.000000	3.750000	-959.680786	-895.525269
591	120.091454	-302.472534	34.530807	-127.396530	0.000000	0.000000	3.750000	-16.369339	284.554169
592	655.935486	-573.795654	102.532471	-89.348145	0.000000	0.000000	3.750000	-849.104614	702.840271
593	-699.836914	-325.631073	-116.288055	-66.579895	0.000000	0.000000	3.750000	837.430847	306.985779
594	333.711975	846.495117	60.477219	137.267853	0.000000	0.000000	3.750000	-399.511414	-1121.193481
595	-642.804688	842.802795	-99.373856	109.676018	0.000000	0.000000	3.750000	652.520996	-774.183411
596	790.666565	704.896423	111.488411	94.267319	0.000000	0.000000	3.750000	-838.276001	-661.082642
597	639.488525	838.658569	99.585739	101.225586	0.000000	0.000000	3.750000	-618.852478	-763.472473
598	722.163696	-665.324951	95.965393	-90.634621	0.000000	0.000000	3.750000	-801.099426	694.501709
599	27.498211	-770.600220	-0.318179	-127.999596	0.000000	0.000000	3.750000	19.827202	903.983643
600	-270.899841	-409.337769	-57.523666	-107.587265	0.000000	0.000000	3.750000	368.469849	629.133362
601	-0.407151	716.097778	-16.906687	108.692940	0.000000	0.000000	3.750000	113.380310	-1025.235718
602	-839.374634	-223.058533	-127.242050	-35.118637	0.000000	0.000000	3.750000	897.513733	106.032478
603	584.163330	-742.264954	77.059761	-97.148041	0.000000	0.000000	3.750000	-488.839752	839.571716
604	-105.461807	365.201111	-36.863266	126.746971	0.000000	0.000000	3.750000	72.230400	-485.502136
605	-680.544128	-464.883362	-102.437653	-80.040779	0.000000	0.000000	3.750000	994.857117	748.906555
606	-367.794250	257.717621	-88.081467	84.413589	0.000000	0.000000	3.750000	422.707672	-412.124451
607	49.851166	-422.767883	2.308688	-121.977066	0.000000	0.000000	3.750000	-96.134399	541.863647
608	549.374146	217.059814	98.544128	48.877960	0.000000	0.000000	3.750000	-666.246277	-318.785126
609	14.792732	-30.892040	144.978516	12.332961	0.000000	0.000000	3.750000	-2.336522	71.730392
610	250.585464	553.938965	53.979462	133.499603	0.000000	0.000000	3.750000	-302.652100	-651.525024
611	-358.527740	-31.079466	-115.904449	-4.609468	0.000000	0.000000	3.750000	394.439972	-84.728401
612	118.412903	-685.270874	27.860218	-137.199707	0.000000	0.000000	3.750000	-183.048569	644.803467
613	-230.854401	27.177755	-123.615715	-9.736670	0.000000	0.000000	3.750000	332.782898	-29.510366
614	-332.724792	676.281982	-58.451561	109.359039	0.000000	0.000000	3.750000	482.541504	-1059.765015
615	247.089218	488.862701	83.703148	117.172485	0.000000	0.000000	3.750000	-318.108704	-607.699890
616	-614.920410	-696.232422	-83.046036	-92.083420	0.000000	0.000000	3.750000	730.154358	833.724182
617	329.718506	-748.919006	37.111855	-137.064606	0.000000	0.000000	3.750000	-259.149353	908.783752
618	-195.701782	161.008392	-139.585693	-10.711229	0.000000	0.000000	3.750000	257.231476	61.658310
619	-620.616455	856.510864	-102.165863	104.297989	0.000000	0.000000	3.750000	723.855164	-898.730957
620	-673.703735	-523.061096	-104.676804	-83.658440	0.000000	0.000000	3.750000	687.535583	614.276245
621	-830.988281	67.568085	-123.976913	2.389727	0.000000	0.000000	3.750000	2728.483643	-227.519821
622	684.653931	82.919968	124.453720	19.678919	0.000000	0.000000	3.750000	-908.122253	-105.920609
623	409.776337	374.589508	90.293106	72.821510	0.000000	0.000000	3.750000	-445.066254	-504.351196
624	-569.274231	-427.644958	-99.584259	-83.563766	0.000000	0.000000	3.750000	284.592468	176.307816
625	-526.507385	664.228394	-99.976631	98.003410	0.000000	0.000000	3.750000	808.190186	-750.221008
626	885.425537	39.406387	139.451691	12.369221	0.000000	0.000000	3.750000	-880.429321	35.984196
627	-583.885071	119.366798	-148.109833	23.736237	0.000000	0.000000	3.750000	451.112122	-105.759903
628	416.057190	518.916687	118.260696	71.122482	0.000000	0.000000	3.750000	-402.293549	-228.685226
629	-750.393982	-733.619751	-100.726425	-91.379333	0.000000	0.000000	3.750000	921.069824	762.121765
630	37.728817	411.356995	14.826284	135.189178	0.000000	0.000000	3.750000	-19.892374	-504.194672
631	525.695862	192.750900	124.332642	59.878120	0.000000	0.000000	3.750000	-653.570129	-328.611694
632	487.759125	-210.801147	112.175949	-99.581825	0.000000	0.000000	3.750000	-442.116791	393.843628
633	491.826599	-866.054810	82.941605	-134.479080	0.000000	0.000000	3.750000	-398.968842	824.921204
634	649.496948	768.814270	101.052673	116.208237	0.000000	0.000000	3.750000	-938.807617	-1084.372192
635	714.962219	809.367615	96.179108	96.153938	0.000000	0.000000	3.750000	-843.799744	-828.067566
636	-639.344604	-695.880981	-78.372528	-90.872070	0.000000	0.000000	3.750000	634.619019	847.658386
637	-192.368927	915.578491	-2.073157	137.984436	0.000000	0.000000	3.750000	13.830581	-1196.585571
638	105.436951	-449.178314	46.595779	-127.768433	0.000000	0.000000	3.750000	-260.738708	983.181396
639	352.579651	689.632080	64.009514	122.257019	0.000000	0.000000	3.750000	-386.739532	-766.585876
640	-79.270844	676.652344	-1.523034	125.978813	0.000000	0.000000	3.750000	-4.546480	-206.968658
641	167.477768	44.364681	124.358780	-37.857555	0.000000	0.000000	3.750000	-212.324066	105.623657
642	-221.143280	551.223022	-20.361565	85.611923	0.000000	0.000000	3.750000	182.330154	-805.325500
643	1000.377686	-640.371338	127.415001	-86.494675	0.000000	0.000000	3.750000	-1091.187378	549.088074
644	240.730682	-1002.060974	19.766975	-146.673813	0.000000	0.000000	3.750000	-68.744644	1220.519531
645	-409.268250	-812.098450	-73.354927	-112.138367	0.000000	0.000000	3.750000	531.017883	1006.600037
646	285.336792	708.286377	41.035633	117.013145	0.000000	0.000000	3.750000	-349.411407	-1030.411621
647	271.724792	-392.841431	96.873413	-74.154404	0.000000	0.000000	3.750000	-499.599670	242.106827
648	-345.322083	-188.562607	-120.131424	-38.005302	0.000000	0.000000	3.750000	610.600647	145.724014
649	-65.216110	-806.711731	-13.486937	-145.375641	0.000000	0.000000	3.750000	50.951550	1062.567017
650	-461.141479	-85.321976	-143.252563	-37.170288	0.000000	0.000000	3.750000	215.694580	9.031793
651	-731.482300	-212.901657	-134.640869	-30.262196	0.000000	0.000000	3.750000	1009.502563	152.829620
652	-24.227917	202.288437	-15.486015	129.064911	0.000000	0.000000	3.750000	-19.953299	-420.521942
653	-193.034317	-782.702698	-36.362545	-131.048615	0.000000	0.000000	3.750000	223.775192	1047.457031
654	491.877167	-651.352539	69.970871	-99.939774	0.000000	0.000000	3.750000	-419.984894	950.580261
655	657.134827	-293.163116	117.359314	-55.917572	0.000000	0.000000	3.750000	-931.514221	380.932892
656	466.529663	151.281311	95.888809	4.618912	0.000000	0.000000	3.750000	-801.455383	-66.797867
657	560.434998	-298.746094	125.124802	-86.300064	0.000000	0.000000	3.750000	-781.219788	448.020508
658	-93.669380	496.565979	-28.760719	112.377785	0.000000	0.000000	3.750000	101.014198	-571.451172
659	-93.990463	780.252686	-6.389214	109.814270	0.000000	0.000000	3.750000	30.105227	-1047.920166
660	523.129761	311.280579	97.827904	65.982468	0.000000	0.000000	3.750000	-924.750671	-702.571350
661	-775.835449	31.377102	-125.197571	-14.194891	0.000000	0.000000	3.750000	1060.233643	2.820419
662	294.840576	560.696594	67.919991	120.128464	0.000000	0.000000	3.750000	-414.368896	-656.166443
663	425.944305	627.864685	60.090454	87.321793	0.000000	0.000000	3.750000	-430.149872	-866.600159
664	-702.806824	-384.538879	-115.665710	-95.427940	0.000000	0.000000	3.750000	99.465881	110.876541
665	-861.348572	31.365965	-135.988800	1.740138	0.000000	0.000000	3.750000	1288.408813	33.313965
666	293.148926	-596.775146	65.835419	-109.771118	0.000000	0.000000	3.750000	-480.060120	813.685059
667	752.178528	-495.807434	109.240005	-77.602325	0.000000	0.000000	3.750000	-372.318390	213.198563
668	375.715210	-320.196075	82.991402	-72.195724	0.000000	0.000000	3.750000	-243.691269	218.327820
669	-615.041260	100.896088	-165.261810	39.827003	0.000000	0.000000	3.750000	613.384460	-328.500916
670	-333.693390	-775.087769	-71.513580	-147.585968	0.000000	0.000000	3.750000	279.877136	787.806030
671	905.338867	-468.707855	142.289001	-96.632187	0.000000	0.000000	3.750000	-954.366943	708.733276
672	483.614990	191.164062	100.722733	61.472763	0.000000	0.000000	3.750000	-534.114807	-375.300171
673	173.883148	-665.033081	26.131107	-133.465912	0.000000	0.000000	3.750000	-207.453522	865.052002
674	-112.403732	-781.836975	-25.108465	-117.343697	0.000000	0.000000	3.750000	155.885513	974.605225
675	-795.898071	-666.958557	-111.068703	-94.760963	0.000000	0.000000	3.750000	693.696960	739.944275
676	575.260620	-598.536743	94.407974	-113.978630	0.000000	0.000000	3.750000	-660.497131	822.425354
677	375.198120	-221.947006	117.300064	-90.242584	0.000000	0.000000	3.750000	-370.399384	183.891327
678	994.803894	-59.310547	149.049011	-16.863733	0.000000	0.000000	3.750000	-661.606140	83.820793
679	-489.930511	-706.179871	-68.385544	-124.448166	0.000000	0.000000	3.750000	316.580139	726.164551
680	591.019165	-211.005753	134.154114	-79.612564	0.000000	0.000000	3.750000	-655.294312	274.881195
681	352.687317	-267.617889	134.012512	-52.692940	0.000000	0.000000	3.750000	-700.967407	212.855270
682	41.477291	199.733154	23.436983	144.106567	0.000000	0.000000	3.750000	-64.777473	-391.126923
683	146.240158	-472.105621	65.906364	-130.277969	0.000000	0.000000	3.750000	-126.688110	237.104401
684	601.537170	663.977905	89.103851	91.893974	0.000000	0.000000	3.750000	-818.051453	-880.185669
685	576.426697	-414.404022	105.013580	-86.418335	0.000000	0.000000	3.750000	-734.098999	543.191284
686	-777.991089	288.477509	-126.608673	49.661015	0.000000	0.000000	3.750000	664.255554	-223.893616
687	78.137558	796.454224	6.024632	143.873901	0.000000	0.000000	3.750000	-15.169662	-979.976440
688	-381.497559	-718.292114	-56.375954	-108.193130	0.000000	0.000000	3.750000	472.446930	940.142700
689	858.569275	470.525879	132.108246	52.070972	0.000000	0.000000	3.750000	-1032.563110	-330.918701
690	-643.288330	-681.058411	-86.462563	-91.652390	0.000000	0.000000	3.750000	612.345825	843.546814
691	564.231201	507.121735	76.575966	73.294746	0.000000	0.000000	3.750000	-442.014709	-404.725861
692	-430.381866	132.112030	-115.293930	12.777731	0.000000	0.000000	3.750000	480.611664	-72.199661
693	-466.631439	-407.786926	-101.866058	-80.766960	0.000000	0.000000	3.750000	708.449646	535.637878
694	901.683655	64.000671	132.335876	21.052742	0.000000	0.000000	3.750000	-1265.114990	-213.893692
695	117.913033	367.405914	-13.628052	153.395660	0.000000	0.000000	3.750000	4.354373	-605.000244
696	830.913940	-587.620300	113.176842	-82.407486	0.000000	0.000000	3.750000	-961.693787	638.049316
697	-713.846802	-85.699448	-131.505066	-11.413688	0.000000	0.000000	3.750000	987.652588	-60.736042
698	545.537781	361.883636	94.199387	77.527176	0.000000	0.000000	3.750000	-623.012268	-565.262817
699	323.708038	427.422058	81.786781	70.532486	0.000000	0.000000	3.750000	-453.036194	-512.087708
700	340.836853	105.097427	159.554306	11.929663	0.000000	0.000000	3.750000	-456.000061	-73.343567
701	666.356995	477.063232	98.396912	57.567719	0.000000	0.000000	3.750000	-686.814514	-437.490662
702	-688.993042	-20.348181	-124.810822	-17.246809	0.000000	0.000000	3.750000	698.943604	-109.075119
703	260.028839	54.260857	120.477585	-82.466858	0.000000	0.000000	3.750000	-276.759827	228.567963
704	-8.222315	-0.714092	86.152901	99.874634	0.000000	0.000000	3.750000	-117.560982	-94.353706
705	-777.427124	341.977905	-123.020142	53.122185	0.000000	0.000000	3.750000	841.401062	-461.872223
706	288.743378	-965.792297	42.564606	-143.834045	0.000000	0.000000	3.750000	-291.241211	1194.050537
707	112.288086	874.017822	5.433292	135.891327	0.000000	0.000000	3.750000	24.875275	-1172.736328
708	3.955707	564.335815	13.068142	129.341476	0.000000	0.000000	3.750000	-75.741020	-804.963196
709	-475.651367	70.140762	-111.939178	-3.682924	0.000000	0.000000	3.750000	421.259064	43.486370
710	-220.499878	682.550537	-70.877441	111.357010	0.000000	0.000000	3.750000	384.294037	-644.390930
711	-597.437561	-241.919250	-87.880173	-55.613922	0.000000	0.000000	3.750000	638.136047	216.804688
712	816.151123	-372.456757	123.208702	-66.479660	0.000000	0.000000	3.750000	-1029.629272	416.790436
713	341.999054	481.754150	90.688614	72.328461	0.000000	0.000000	3.750000	-502.948761	-550.595398
714	795.548706	-53.328423	119.745071	-7.814080	0.000000	0.000000	3.750000	-999.724060	-53.776260
715	-341.621735	392.330322	-81.634834	101.171509	0.000000	0.000000	3.750000	314.696808	-332.315430
716	885.168274	-195.046646	127.375870	-47.658688	0.000000	0.000000	3.750000	-1460.941406	403.776886
717	-255.647110	-655.892456	-33.690849	-123.485886	0.000000	0.000000	3.750000	104.678253	861.941711
718	401.374146	742.004517	58.058197	102.728760	0.000000	0.000000	3.750000	-449.438782	-1105.398438
719	248.723434	-359.131195	51.147331	-112.959808	0.000000	0.000000	3.750000	-255.704773	654.446167
720	28.407028	488.133850	11.780540	121.428230	0.000000	0.000000	3.750000	11.017925	-454.435883
721	929.996887	-506.993469	125.543076	-89.190147	0.000000	0.000000	3.750000	-992.252075	576.379456
722	513.890869	-27.157194	137.675629	-9.450706	0.000000	0.000000	3.750000	-538.307617	-6.568247
723	-615.394653	-423.419556	-92.991898	-62.422012	0.000000	0.000000	3.750000	862.703308	581.603088
724	-455.860229	-208.557404	-116.515358	-47.958450	0.000000	0.000000	3.750000	693.803345	175.633179
725	352.484222	25.683039	108.486740	41.068470	0.000000	0.000000	3.750000	-682.780334	-228.694107
726	-543.700012	854.719849	-96.002380	112.638947	0.000000	0.000000	3.750000	659.563538	-841.066162
727	536.446289	-803.885376	87.397636	-98.922447	0.000000	0.000000	3.750000	-743.102600	901.651672
728	-669.472900	255.784515	-128.536804	55.482086	0.000000	0.000000	3.750000	813.520813	-301.484375
729	459.877045	-485.994537	77.889893	-91.286087	0.000000	0.000000	3.750000	-527.159241	697.543457
730	-604.603210	-594.285400	-87.121666	-76.588364	0.000000	0.000000	3.750000	672.352722	733.849731
731	583.470154	-758.396240	85.178665	-108.574867	0.000000	0.000000	3.750000	-954.702087	1661.627441
732	-113.460724	-500.176910	-13.204557	-129.327332	0.000000	0.000000	3.750000	26.808027	609.772522
733	-722.377686	-453.288544	-120.730194	-110.995605	0.000000	0.000000	3.750000	871.281677	966.899048
734	-541.923584	552.221985	-94.178528	100.868134	0.000000	0.000000	3.750000	528.055908	-656.985474
735	-49.831299	472.562073	25.599163	117.237267	0.000000	0.000000	3.750000	-188.451523	-622.961365
736	75.142731	54.366516	105.595436	64.866158	0.000000	0.000000	3.750000	-38.760395	-30.887508
737	699.041504	-358.080322	114.323654	-69.900490	0.000000	0.000000	3.750000	-946.089966	488.573181
738	1005.656128	-853.951050	120.092216	-111.686409	0.000000	0.000000	3.750000	-954.965088	826.013916
739	23.997093	-586.947449	3.930511	-127.938263	0.000000	0.000000	3.750000	-118.846748	552.319885
740	-190.663620	-347.277802	-27.023937	-98.354996	0.000000	0.000000	3.750000	127.750671	432.427704
741	515.693481	68.410324	107.346054	24.016815	0.000000	0.000000	3.750000	-1006.207642	-153.603439
742	-560.412781	431.121399	-89.067787	61.081100	0.000000	0.000000	3.750000	581.186951	-498.771454
743	237.290802	-240.524384	87.706589	-87.655876	0.000000	0.000000	3.750000	-510.249542	470.560883
744	-295.696442	-89.489655	-118.178299	-75.058609	0.000000	0.000000	3.750000	366.465424	264.434418
745	-86.252747	-132.367950	88.302597	-78.248299	0.000000	0.000000	3.750000	-131.198715	235.528168
746	241.180908	-159.006088	57.212112	-116.719009	0.000000	0.000000	3.750000	-19.767746	228.239929
747	57.345661	-1012.968262	13.532860	-147.379700	0.000000	0.000000	3.750000	7.390092	1216.561279
748	257.878815	551.996460	49.129154	122.516602	0.000000	0.000000	3.750000	-250.576508	-660.749023
749	-427.386871	694.781555	-84.062561	121.809189	0.000000	0.000000	3.750000	424.664307	-665.817322
750	49.006550	741.351807	31.199013	144.674164	0.000000	0.000000	3.750000	-174.518951	-975.874756
751	34.204033	-705.240845	14.971927	-115.029617	0.000000	0.000000	3.750000	-174.095169	784.598572
752	-279.313202	-75.171791	-132.284958	-39.302490	0.000000	0.000000	3.750000	615.417297	191.911804
753	-307.749329	-212.432648	-80.324547	-83.689697	0.000000	0.000000	3.750000	401.424377	439.258026
754	-62.939732	730.171875	-5.470356	127.870438	0.000000	0.000000	3.750000	13.338233	-205.964767
755	108.883530	743.396912	27.357933	118.892891	0.000000	0.000000	3.750000	-230.864548	-854.135437
756	-795.037720	-3.614719	-144.406616	-21.506634	0.000000	0.000000	3.750000	1015.632812	3.506278
757	-78.915924	-275.034943	1.179852	-135.985489	0.000000	0.000000	3.750000	-86.305977	268.168823
758	-517.042419	-571.024841	-81.707062	-87.885483	0.000000	0.000000	3.750000	538.726135	800.012878
759	211.098694	75.390015	130.753906	29.315704	0.000000	0.000000	3.750000	-386.832672	-94.180923
760	171.283722	-759.615906	26.141113	-147.704575	0.000000	0.000000	3.750000	-180.821808	950.779236
761	894.264465	-615.372742	112.942917	-86.068726	0.000000	0.000000	3.750000	-1177.955078	681.078735
762	130.427917	108.930641	94.371071	70.807274	0.000000	0.000000	3.750000	-285.001862	-130.106369
763	-520.283325	-652.974731	-82.874687	-83.998566	0.000000	0.000000	3.750000	624.518005	759.218689
764	-515.091736	-83.232361	-143.170166	-44.743393	0.000000	0.000000	3.750000	306.210236	115.731361
765	780.994324	623.047180	103.689964	81.684464	0.000000	0.000000	3.750000	-1028.857544	-649.780090
766	-381.523560	85.871628	-111.355438	11.989544	0.000000	0.000000	3.750000	539.168091	-146.641602
767	904.145203	176.072449	132.092407	32.366291	0.000000	0.000000	3.750000	-1163.564697	-221.457672
768	880.646606	-406.253723	126.002174	-45.592407	0.000000	0.000000	3.750000	-457.020569	70.792442
769	851.990479	-15.995570	123.715530	-8.392187	0.000000	0.000000	3.750000	-1246.289185	-33.892792
770	-733.900024	10.015625	-159.268402	29.619123	0.000000	0.000000	3.750000	888.077759	-274.204773
771	-120.978355	-528.217041	-71.482407	-136.402466	0.000000	0.000000	3.750000	145.798187	533.518921
772	798.107849	608.071899	102.618729	79.808289	0.000000	0.000000	3.750000	-1054.703735	-664.324646
773	255.712006	-575.337158	24.467194	-113.390137	0.000000	0.000000	3.750000	-239.955582	763.019409
774	-781.665588	-428.677124	-108.342339	-68.160797	0.000000	0.000000	3.750000	945.639893	460.748260
775	382.249390	196.109390	123.267113	57.454346	0.000000	0.000000	3.750000	-515.423767	-316.382904
776	-120.187347	356.868500	-58.073395	93.420853	0.000000	0.000000	3.750000	301.263397	-552.926880
777	470.162476	952.401917	69.894951	141.699203	0.000000	0.000000	3.750000	-453.076019	-1086.509033
778	-276.244965	710.085571	-68.234406	93.808228	0.000000	0.000000	3.750000	392.006439	-762.577148
779	-735.623291	99.673889	-133.634216	9.893579	0.000000	0.000000	3.750000	972.161560	-120.076599
780	-270.232605	-841.636902	-54.317883	-126.860359	0.000000	0.000000	3.750000	116.417984	342.038208
781	-56.449825	302.567078	-101.062157	84.902847	0.000000	0.000000	3.750000	234.495255	-347.116272
782	214.595596	-195.799789	91.305305	-138.621109	0.000000	0.000000	3.750000	-170.591827	180.896820
783	-624.065430	174.757080	-139.344116	27.329185	0.000000	0.000000	3.750000	725.342529	-265.139069
784	424.205658	-533.059448	60.940517	-105.689194	0.000000	0.000000	3.750000	-380.413513	841.870422
785	-800.608337	776.354004	-113.865356	91.382057	0.000000	0.000000	3.750000	1001.732056	-796.322937
786	643.829468	-135.576538	145.740677	-55.629089	0.000000	0.000000	3.750000	-546.915710	109.861755
787	-688.150146	460.034851	-122.126556	80.006821	0.000000	0.000000	3.750000	760.824585	-542.628601
788	-389.706726	699.117737	-104.697601	131.386459	0.000000	0.000000	3.750000	539.957336	-718.910034
789	553.481079	-217.841644	101.362610	-42.726921	0.000000	0.000000	3.750000	-802.307678	254.446991
790	967.894287	126.452080	157.698669	27.039257	0.000000	0.000000	3.750000	-1058.971191	-165.156876
791	829.008179	-260.402679	128.430008	-50.494305	0.000000	0.000000	3.750000	-975.401306	279.680908
792	-354.200439	288.038483	-100.485992	61.858864	0.000000	0.000000	3.750000	582.726501	-429.319336
793	-489.475677	72.096169	-115.995560	-0.873291	0.000000	0.000000	3.750000	372.626678	-55.259087
794	110.447906	-130.598495	9.783840	-115.586411	0.000000	0.000000	3.750000	-62.090103	424.272980
795	-722.466492	581.670227	-104.022095	71.101303	0.000000	0.000000	3.750000	673.772644	-500.591339
796	-274.067413	-83.648087	-108.382294	-75.347473	0.000000	0.000000	3.750000	279.963898	206.186508
797	-68.968620	856.713501	-25.191772	123.455963	0.000000	0.000000	3.750000	187.631378	-1015.666992
798	466.383606	224.288635	121.912766	39.002480	0.000000	0.000000	3.750000	-586.138611	-222.621796
799	1.247870	-1.251143	147.715637	25.090160	0.000000	0.000000	3.750000	-110.275826	-26.211655
800	570.790710	172.919083	125.922104	32.304840	0.000000	0.000000	3.750000	-775.325562	-158.685638
801	-207.116455	-159.348343	-142.900238	-38.512306	0.000000	0.000000	3.750000	435.129639	173.081406
802	734.337524	96.346939	119.132141	14.404362	0.000000	0.000000	3.750000	-602.570618	-113.323166
803	-717.751038	-377.607361	-120.223694	-79.249146	0.000000	0.000000	3.750000	227.480988	91.511559
804	-366.635162	-913.391968	-61.499573	-134.617218	0.000000	0.000000	3.750000	443.551788	963.984680
805	360.342377	-548.461609	66.359352	-132.288635	0.000000	0.000000	3.750000	-89.098518	220.892075
806	357.073792	33.447392	120.833420	47.948349	0.000000	0.000000	3.750000	-328.830933	-163.091339
807	178.140320	784.335022	24.893591	127.594040	0.000000	0.000000	3.750000	-126.142052	-1461.662842
808	-381.574463	610.604126	-76.922272	86.827148	0.000000	0.000000	3.750000	614.907776	-771.282043
809	-179.964462	322.422913	-46.872684	106.108185	0.000000	0.000000	3.750000	244.221207	-579.137817
810	-572.666931	-146.948792	-125.344978	-25.934780	0.000000	0.000000	3.750000	918.448486	110.293816
811	-87.283272	206.828415	45.949272	117.321709	0.000000	0.000000	3.750000	-171.431137	-351.681122
812	453.583221	516.805359	64.258095	76.621704	0.000000	0.000000	3.750000	-643.804138	-939.596130
813	223.403564	478.115448	47.458733	123.173233	0.000000	0.000000	3.750000	-182.159744	-441.190674
814	180.698441	-865.263184	11.542935	-143.536621	0.000000	0.000000	3.750000	-37.821888	635.753845
815	-676.153687	-403.186005	-110.328232	-72.467651	0.000000	0.000000	3.750000	476.703552	290.192291
816	370.572083	67.132660	141.181229	50.674065	0.000000	0.000000	3.750000	-539.228455	-191.044571
817	328.904694	303.133118	82.605087	48.911415	0.000000	0.000000	3.750000	-254.913925	-129.086288
818	-520.407227	634.992737	-72.094437	83.080635	0.000000	0.000000	3.750000	655.976624	-794.987244
819	662.887817	-124.426537	104.296280	-18.928141	0.000000	0.000000	3.750000	-856.680664	117.306870
820	-1057.976807	86.359291	-152.697296	19.987904	0.000000	0.000000	3.750000	1270.489380	-111.935387
821	465.998932	244.202988	96.091164	81.501099	0.000000	0.000000	3.750000	-463.320984	-351.307312
822	-909.511292	-478.019379	-132.172791	-86.569786	0.000000	0.000000	3.750000	835.109863	487.486298
823	308.904266	-449.661438	42.773827	-139.592621	0.000000	0.000000	3.750000	-91.074486	290.376526
824	-609.189636	785.754883	-88.687500	100.451584	0.000000	0.000000	3.750000	736.778442	-918.886902
825	-824.768494	-359.620514	-119.163483	-56.780415	0.000000	0.000000	3.750000	315.139526	100.966972
826	-82.753242	196.547943	-109.248169	66.689026	0.000000	0.000000	3.750000	273.281006	-281.348663
827	694.937683	-561.591980	122.163818	-79.948509	0.000000	0.000000	3.750000	-579.740601	271.475616
828	-16.714489	-110.437340	-5.629764	-129.878052	0.000000	0.000000	3.750000	0.209739	239.923950
829	846.342285	-733.704163	96.237045	-104.414505	0.000000	0.000000	3.750000	-579.492798	583.421753
830	17.368053	-963.499329	12.830278	-149.449982	0.000000	0.000000	3.750000	-140.148010	812.707947
831	-246.838165	-424.814850	-56.863876	-91.817146	0.000000	0.000000	3.750000	234.048523	501.725983
832	279.565948	-662.225464	39.820663	-100.390793	0.000000	0.000000	3.750000	-323.688934	922.581299
833	625.409546	470.305176	96.237068	78.194794	0.000000	0.000000	3.750000	-760.760986	-587.174255
834	-941.953247	468.580627	-132.043060	79.250122	0.000000	0.000000	3.750000	1139.721802	-545.727051
835	-438.510162	-731.262390	-57.329720	-96.214714	0.000000	0.000000	3.750000	437.188019	965.257751
836	-317.395569	788.196838	-49.501450	135.224152	0.000000	0.000000	3.750000	297.168365	-986.131287
837	365.147766	13.421413	147.132507	-15.957850	0.000000	0.000000	3.750000	-470.008972	-58.136051
838	-759.329773	-660.823669	-120.085037	-93.185745	0.000000	0.000000	3.750000	798.907959	605.665466
839	698.100586	-378.887054	101.417679	-93.586533	0.000000	0.000000	3.750000	-723.353455	593.869995
840	-536.068481	533.780884	-84.320724	85.381569	0.000000	0.000000	3.750000	641.019897	-629.124634
841	72.225143	236.190460	-1.064591	125.994125	0.000000	0.000000	3.750000	-22.638981	-266.377167
842	-180.856171	-102.630272	-78.328232	-101.234436	0.000000	0.000000	3.750000	217.691772	402.720734
843	625.305847	704.062134	90.903633	106.472931	0.000000	0.000000	3.750000	-486.776489	-701.858521
844	729.939697	510.079071	113.321541	104.279572	0.000000	0.000000	3.750000	-736.967407	-667.601685
845	813.118530	-278.412140	125.066971	-53.425079	0.000000	0.000000	3.750000	-952.885132	351.242218
846	783.629883	-491.506897	120.509094	-85.915886	0.000000	0.000000	3.750000	-915.631470	589.987549
847	19.836676	122.173637	50.273262	97.811356	0.000000	0.000000	3.750000	-8.549166	-48.370342
848	-348.001007	-185.356674	-116.261047	-70.564621	0.000000	0.000000	3.750000	570.680481	364.374481
849	-323.557922	-425.736633	-92.967316	-107.329445	0.000000	0.000000	3.750000	156.620697	346.865021
850	-794.243347	192.798431	-150.621796	20.422272	0.000000	0.000000	3.750000	829.087646	-128.182434
851	-380.514832	81.829170	-125.391296	25.708736	0.000000	0.000000	3.750000	196.810150	-77.800270
852	-54.628353	797.564514	-18.702225	120.557358	0.000000	0.000000	3.750000	40.334213	-609.783569
853	-1054.245117	104.455467	-151.081238	16.686234	0.000000	0.000000	3.750000	1209.970947	-57.053375
854	-414.758759	588.945007	-74.392014	78.293213	0.000000	0.000000	3.750000	555.975952	-622.664856
855	506.128479	-250.950104	120.090454	-54.791496	0.000000	0.000000	3.750000	-747.173523	224.145782
856	208.901459	-248.477661	56.090561	-85.192673	0.000000	0.000000	3.750000	-319.306580	403.484070
857	694.429688	-748.144714	91.622086	-95.023033	0.000000	0.000000	3.750000	-922.781372	821.425781
858	296.345642	566.350891	57.368904	116.656746	0.000000	0.000000	3.750000	-272.273865	-592.335388
859	765.373901	-308.079895	130.032959	-22.702427	0.000000	0.000000	3.750000	-922.920593	88.103432
860	22.200291	518.750000	13.531174	111.179581	0.000000	0.000000	3.750000	-81.190704	-912.113831
861	514.301147	-34.923145	113.809174	-38.045120	0.000000	0.000000	3.750000	-849.277466	219.933243
862	-939.368530	-385.430664	-135.695541	-72.818542	0.000000	0.000000	3.750000	1004.807434	366.141632
863	874.673950	-111.042152	131.596680	-34.326370	0.000000	0.000000	3.750000	-1078.749023	229.735626
864	345.958801	-402.709839	73.358223	-97.480637	0.000000	0.000000	3.750000	-572.083069	596.127686
865	317.291565	685.745972	75.251442	127.439957	0.000000	0.000000	3.750000	-364.821869	-494.920563
866	480.837616	-714.781555	68.012177	-96.427689	0.000000	0.000000	3.750000	-536.572632	1039.597900
867	-272.446899	-380.908722	-69.256851	-119.362602	0.000000	0.000000	3.750000	295.421234	613.179504
868	-806.986572	-218.458084	-120.651031	-28.622486	0.000000	0.000000	3.750000	1127.078735	105.595757
869	683.460205	-578.043091	107.786179	-101.420593	0.000000	0.000000	3.750000	-765.498962	687.629150
870	-597.091614	83.033882	-104.861969	33.225594	0.000000	0.000000	3.750000	698.450500	-281.162231
871	212.945801	828.327942	29.757374	142.934937	0.000000	0.000000	3.750000	-108.888695	-786.903748
872	710.012512	177.781357	143.849365	6.584075	0.000000	0.000000	3.750000	-876.015076	-64.118729
873	761.818542	19.164333	143.969025	2.955133	0.000000	0.000000	3.750000	-705.428162	-70.767052
874	-370.568085	529.678345	-68.485725	103.371490	0.000000	0.000000	3.750000	305.452759	-552.513611
875	864.649536	505.587952	109.130951	84.465210	0.000000	0.000000	3.750000	-1003.835571	-603.531128
876	262.003448	266.714447	74.421547	86.354202	0.000000	0.000000	3.750000	-243.790176	-394.975342
877	-559.536926	467.741547	-100.735329	94.320587	0.000000	0.000000	3.750000	587.801392	-608.766479
878	706.700256	-452.367859	108.228073	-68.342072	0.000000	0.000000	3.750000	-984.895081	491.736572
879	-841.471741	39.907944	-141.361740	36.508186	0.000000	0.000000	3.750000	962.972473	-287.207642
880	102.598991	587.059753	6.288516	143.862610	0.000000	0.000000	3.750000	-44.426334	-904.479309
881	-180.198090	-272.791229	-58.677013	-118.240662	0.000000	0.000000	3.750000	121.747650	337.236694
882	578.822449	700.166077	99.204453	90.080246	0.000000	0.000000	3.750000	-722.722046	-577.829224
883	140.207672	451.889008	41.062141	110.624969	0.000000	0.000000	3.750000	-253.941483	-817.421692
884	-773.759033	-161.535507	-153.420929	-28.244350	0.000000	0.000000	3.750000	937.208435	39.656769
885	-839.493042	-127.511925	-123.574371	-33.365967	0.000000	0.000000	3.750000	1072.421509	147.024384
886	-752.685730	187.491196	-113.743462	22.768848	0.000000	0.000000	3.750000	1016.223450	-164.724243
887	-531.538818	621.898376	-69.114876	98.097519	0.000000	0.000000	3.750000	526.701904	-839.657959
888	-536.057983	-601.153381	-82.153442	-84.704163	0.000000	0.000000	3.750000	619.910767	725.862488
889	-257.946014	-121.337296	-85.419998	-92.624084	0.000000	0.000000	3.750000	228.707367	334.678070
890	742.076660	-245.898422	123.258247	-47.237392	0.000000	0.000000	3.750000	-944.327942	282.514893
891	-500.988983	206.842972	-118.210648	30.164703	0.000000	0.000000	3.750000	597.459045	-278.267517
892	-914.628601	-23.617197	-141.978973	-2.443310	0.000000	0.000000	3.750000	1167.519897	0.507613
893	-491.462280	935.903870	-58.683945	135.868088	0.000000	0.000000	3.750000	331.660980	-1027.648926
894	577.023865	-120.036476	121.961929	-55.507751	0.000000	0.000000	3.750000	-444.801514	228.782516
895	44.666687	-437.635315	28.294502	-112.495811	0.000000	0.000000	3.750000	-216.429855	571.345825
896	-482.990234	835.830811	-66.676865	113.921707	0.000000	0.000000	3.750000	476.543335	-1043.822510
897	50.613567	-894.466248	20.648365	-130.375015	0.000000	0.000000	3.750000	-176.349899	1127.469238
898	484.990265	-592.539001	94.366570	-100.692116	0.000000	0.000000	3.750000	-533.953308	643.084656
899	551.341553	906.394165	89.410698	117.939377	0.000000	0.000000	3.750000	-741.567383	-1184.285278
900	198.690109	752.953918	44.500641	124.272568	0.000000	0.000000	3.750000	-282.139557	-942.157715
901	-413.057129	315.015533	-95.044769	91.599632	0.000000	0.000000	3.750000	446.075409	-424.205811
902	-34.449512	182.055237	-74.731216	83.397324	0.000000	0.000000	3.750000	139.309387	-85.310799
903	84.769272	145.830765	94.352295	97.943481	0.000000	0.000000	3.750000	-266.584839	-223.456955
904	152.021713	1039.953613	43.602783	147.698318	0.000000	0.000000	3.750000	-378.644989	-1390.291992
905	872.863464	162.842850	133.183807	14.766204	0.000000	0.000000	3.750000	-303.889984	-31.402872
906	-252.223328	-507.744751	-71.896942	-115.441635	0.000000	0.000000	3.750000	326.422821	617.946228
907	-616.789185	-155.857498	-103.716110	-42.270706	0.000000	0.000000	3.750000	770.334106	140.518494
908	550.561035	-142.778625	125.848694	-51.554161	0.000000	0.000000	3.750000	-954.987732	261.509857
909	-348.985016	-98.684692	-105.543701	-48.129669	0.000000	0.000000	3.750000	328.480530	171.156662
910	610.982788	728.792297	91.054741	108.962524	0.000000	0.000000	3.750000	-376.303680	-642.151550
911	203.120880	-788.848145	34.079292	-119.225006	0.000000	0.000000	3.750000	-306.205933	1050.443237
912	718.557739	-442.825775	107.856613	-82.842926	0.000000	0.000000	3.750000	-841.899963	644.477295
913	-924.319946	472.016235	-136.815186	50.966724	0.000000	0.000000	3.750000	988.238342	-368.037811
914	-247.219238	903.118042	-34.019753	144.036865	0.000000	0.000000	3.750000	85.380348	-621.224854
915	247.873810	-885.586121	37.077301	-139.144775	0.000000	0.000000	3.750000	-254.737320	1092.892212
916	457.891815	769.102295	65.072830	107.895599	0.000000	0.000000	3.750000	-459.563690	-1068.536743
917	392.153839	-551.896118	105.636490	-138.262665	0.000000	0.000000	3.750000	-316.933441	510.302521
918	34.429825	-531.401855	-3.647643	-153.956696	0.000000	0.000000	3.750000	-21.491119	338.359467
919	536.490417	-612.772339	85.639107	-100.448715	0.000000	0.000000	3.750000	-683.480103	789.302673
920	-560.800903	605.276367	-89.979584	104.631088	0.000000	0.000000	3.750000	542.860657	-673.414978
921	344.722656	243.430725	137.269623	55.324718	0.000000	0.000000	3.750000	-638.890137	-337.417755
922	-866.472229	534.873840	-114.156555	70.173111	0.000000	0.000000	3.750000	1124.660889	-610.677673
923	765.716919	443.821228	123.304001	61.968506	0.000000	0.000000	3.750000	-944.770264	-398.723450
924	-552.073730	-427.254120	-90.332642	-87.840012	0.000000	0.000000	3.750000	580.490967	736.877808
925	-553.653564	-659.781433	-76.861145	-94.743019	0.000000	0.000000	3.750000	476.441925	865.663513
926	-746.217285	469.949768	-111.508217	74.309509	0.000000	0.000000	3.750000	854.559509	-500.968689
927	-817.306519	920.942932	-101.682968	115.657059	0.000000	0.000000	3.750000	776.798279	-1003.049927
928	812.670532	-624.199219	109.546410	-87.175423	0.000000	0.000000	3.750000	-932.017029	614.156555
929	213.333252	-151.522079	96.039932	-78.436081	0.000000	0.000000	3.750000	-678.487061	454.663147
930	-1017.438416	-463.659821	-136.201965	-62.826160	0.000000	0.000000	3.750000	387.954803	78.123566
931	-123.448944	679.608582	-37.302513	126.619400	0.000000	0.000000	3.750000	178.116791	-799.778076
932	-580.296692	-700.020264	-75.515854	-108.265121	0.000000	0.000000	3.750000	580.189819	951.181091
933	-780.120605	329.432037	-109.803413	53.171188	0.000000	0.000000	3.750000	1078.797241	-421.475067
934	-89.842117	693.168579	-41.862869	129.395691	0.000000	0.000000	3.750000	116.125053	-743.455444
935	680.516418	203.827499	112.030960	43.000740	0.000000	0.000000	3.750000	-1000.605286	-379.697601
936	371.482697	294.009155	116.908615	41.331753	0.000000	0.000000	3.750000	-449.304413	-147.671768
937	-474.741089	348.469360	-100.503700	49.425720	0.000000	0.000000	3.750000	969.491943	-658.081604
938	-319.500275	-821.984863	-54.851967	-139.611053	0.000000	0.000000	3.750000	97.448524	372.516052
939	-444.263367	202.080246	-108.482178	55.803280	0.000000	0.000000	3.750000	306.916473	-309.658722
940	-155.451111	34.929581	-123.940674	-22.666946	0.000000	0.000000	3.750000	266.171173	91.987167
941	282.372711	-117.876160	105.169907	-24.532906	0.000000	0.000000	3.750000	-197.598846	13.801141
942	-532.001648	396.417511	-101.448036	71.303970	0.000000	0.000000	3.750000	589.643799	-483.941925
943	-228.635529	-692.419861	-17.975237	-136.823792	0.000000	0.000000	3.750000	14.407600	790.856445
944	514.641602	-758.774170	96.692032	-119.860962	0.000000	0.000000	3.750000	-912.925842	1093.747925
945	157.833817	465.647034	23.076534	99.355133	0.000000	0.000000	3.750000	-241.458969	-774.773315
946	-174.796448	783.533752	-23.227625	105.472641	0.000000	0.000000	3.750000	215.088760	-976.693176
947	171.096863	231.909683	91.511856	77.624527	0.000000	0.000000	3.750000	-313.063782	-290.814240
948	-702.894714	210.393692	-119.922119	55.160477	0.000000	0.000000	3.750000	941.962036	-406.837585
949	-396.440308	-33.606270	-127.481537	-11.494319	0.000000	0.000000	3.750000	312.671082	44.569237
950	154.327805	-408.265472	12.372116	-109.302002	0.000000	0.000000	3.750000	-49.829720	708.879822
951	-626.870117	-494.876556	-86.960739	-76.770920	0.000000	0.000000	3.750000	648.727539	745.032593
952	421.250397	-315.050690	109.885300	-69.463287	0.000000	0.000000	3.750000	-670.860291	345.502014
953	556.048706	-735.573730	81.740852	-103.645081	0.000000	0.000000	3.750000	-317.617401	577.507324
954	-16.504995	-753.489441	-11.060146	-129.528137	0.000000	0.000000	3.750000	-39.815369	819.249451
955	205.855103	532.076843	45.415920	82.300163	0.000000	0.000000	3.750000	-172.019669	-430.271362
956	287.898407	-219.911942	69.674088	-102.574440	0.000000	0.000000	3.750000	-383.178650	592.054688
957	-463.126617	910.056580	-72.948227	137.893127	0.000000	0.000000	3.750000	405.950012	-904.951782
958	860.647705	577.408081	119.678589	64.598358	0.000000	0.000000	3.750000	-1216.446899	-457.847534
959	-677.554565	437.173981	-95.085953	66.442917	0.000000	0.000000	3.750000	679.923523	-470.703857
960	553.599243	225.005569	103.589333	42.582275	0.000000	0.000000	3.750000	-837.809387	-327.429382
961	209.521515	-272.445984	62.004501	-105.068695	0.000000	0.000000	3.750000	-302.024200	520.410583
962	161.911057	-341.943756	49.388084	-75.238152	0.000000	0.000000	3.750000	-365.011719	473.914978
963	747.141357	471.067200	110.149635	69.043861	0.000000	0.000000	3.750000	-838.836304	-551.801941
964	850.164490	-509.911652	123.648705	-69.820625	0.000000	0.000000	3.750000	-1148.401367	481.046295
965	-505.687164	60.952431	-121.991814	-1.413118	0.000000	0.000000	3.750000	693.644409	3.942232
966	-225.730911	-56.753071	-43.504467	-113.960266	0.000000	0.000000	3.750000	-20.732632	256.829742
967	361.603088	-637.469055	61.611221	-112.196320	0.000000	0.000000	3.750000	-394.058105	868.320862
968	456.044830	84.074707	143.115295	-15.923871	0.000000	0.000000	3.750000	-485.065430	-29.291109
969	-427.772430	-597.014343	-63.308956	-108.940239	0.000000	0.000000	3.750000	387.706116	691.345337
970	257.199188	1016.851013	39.860447	142.530945	0.000000	0.000000	3.750000	-194.812164	-1108.194946
971	649.764404	-370.515625	102.037567	-46.176765	0.000000	0.000000	3.750000	-1061.711914	339.036377
972	-510.860565	-267.814453	-92.308777	-88.672264	0.000000	0.000000	3.750000	255.820160	334.029968
973	-665.547363	-338.190125	-102.970184	-65.430084	0.000000	0.000000	3.750000	908.013794	452.911499
974	-760.855164	-594.362610	-108.238022	-68.326370	0.000000	0.000000	3.750000	950.013489	482.491730
975	-561.404236	685.474365	-79.675842	81.533791	0.000000	0.000000	3.750000	744.948364	-808.005920
976	669.729126	408.877625	110.653061	60.265205	0.000000	0.000000	3.750000	-957.938599	-554.251038
977	-598.137268	156.375534	-131.585236	10.447338	0.000000	0.000000	3.750000	647.156799	-156.594101
978	731.078186	-492.316589	91.331573	-74.716278	0.000000	0.000000	3.750000	-921.887634	620.701477
979	-332.617920	847.841064	-60.734001	117.198044	0.000000	0.000000	3.750000	467.624207	-923.783569
980	-283.155060	16.341593	-129.998077	0.207959	0.000000	0.000000	3.750000	460.728912	-63.190861
981	-211.708801	630.062622	-25.857063	135.555664	0.000000	0.000000	3.750000	95.137642	-764.502747
982	575.685791	-725.202454	98.985077	-107.321686	0.000000	0.000000	3.750000	-880.576477	877.313354
983	825.662537	123.094208	127.269043	13.658018	0.000000	0.000000	3.750000	-342.473877	-11.950203
984	153.198654	-451.198792	49.807613	-120.079575	0.000000	0.000000	3.750000	-236.501709	790.453674
985	348.010864	-463.692993	83.788048	-104.573242	0.000000	0.000000	3.750000	-480.790039	591.626587
986	-467.059418	415.039276	-89.924423	85.379089	0.000000	0.000000	3.750000	499.621399	-514.973267
987	-63.056850	185.723053	4.845471	93.863022	0.000000	0.000000	3.750000	-77.676956	-219.483856
988	-832.346985	305.757141	-118.642563	36.054508	0.000000	0.000000	3.750000	1058.777344	-252.792526
989	527.719788	-803.688599	85.876556	-108.024124	0.000000	0.000000	3.750000	-485.688446	676.576477
990	535.062378	497.436615	70.025146	76.892609	0.000000	0.000000	3.750000	-660.291748	-823.913147
991	-686.301575	269.205780	-92.515579	47.506203	0.000000	0.000000	3.750000	935.696716	-359.976990
992	287.835663	-488.047516	47.878689	-116.548813	0.000000	0.000000	3.750000	-359.719940	939.580078
993	-567.619751	131.917816	-106.474777	46.032280	0.000000	0.000000	3.750000	574.221680	-346.216553
994	-302.310486	64.345779	-122.340401	30.050264	0.000000	0.000000	3.750000	174.157578	-120.196571
995	6.396362	266.528564	32.629280	117.555405	0.000000	0.000000	3.750000	-91.266556	-501.625244
996	-614.848083	693.742310	-80.701874	86.088371	0.000000	0.000000	3.750000	786.426697	-862.029724
997	-133.439011	803.348328	-18.186348	140.830582	0.000000	0.000000	3.750000	100.606285	-1025.623047
998	-696.203125	-189.599335	-118.041489	-21.590790	0.000000	0.000000	3.750000	795.353149	71.247429
999	-255.151947	442.886749	-35.728905	137.422379	0.000000	0.000000	3.750000	26.027014	-302.732788
