node	a_force.x	a_force.y	g_force.x	g_force.y	r_force.x	r_force.y	global_speed	move_node.x	move_node.y
0	596.789612	676.420532	79.627640	95.054886	0.000000	0.000000	3.750000	-415.357483	-467.842468
1	-193.766968	872.515381	-48.590050	135.554367	0.000000	0.000000	3.750000	293.558197	-975.776550
2	678.322144	642.657593	87.712097	81.893661	0.000000	0.000000	3.750000	-876.147095	-687.003723
3	-5.537190	-346.177490	-11.158876	-109.432426	0.000000	0.000000	3.750000	20.102070	447.076996
4	595.942505	-141.171661	112.032898	-30.077030	0.000000	0.000000	3.750000	-656.732849	164.610291
5	178.469086	461.623413	49.194801	124.642761	0.000000	0.000000	3.750000	-203.602737	-624.972717
6	-132.463837	394.056366	-31.083984	142.652557	0.000000	0.000000	3.750000	141.071945	-535.461975
7	-86.707184	492.354797	-14.588522	133.202484	0.000000	0.000000	3.750000	120.844788	-541.600830
8	-746.629639	-409.996277	-120.296173	-71.615829	0.000000	0.000000	3.750000	628.883301	324.181946
9	651.577271	-966.657837	82.592361	-132.342010	0.000000	0.000000	3.750000	-526.090027	1111.897339
10	-669.135925	807.029785	-94.951294	97.366592	0.000000	0.000000	3.750000	880.496094	-908.385376
11	-301.586609	446.012085	-77.825478	88.697205	0.000000	0.000000	3.750000	511.284454	-564.381104
12	837.019043	-445.828064	122.889000	-67.069168	0.000000	0.000000	3.750000	-315.672791	162.886429
13	992.525330	420.886658	140.165756	63.792740	0.000000	0.000000	3.750000	-1000.981628	-369.748199
14	-204.467041	-301.609009	-69.366356	-130.731766	0.000000	0.000000	3.750000	95.439758	230.205872
15	34.357044	-465.614410	-39.692371	-134.254669	0.000000	0.000000	3.750000	101.550400	633.903137
16	-350.844604	561.260254	-73.685242	94.712631	0.000000	0.000000	3.750000	682.960754	-833.101685
17	-563.067017	-306.027618	-110.172852	-79.736633	0.000000	0.000000	3.750000	1111.627197	736.798889
18	707.353516	317.633118	129.548645	83.265472	0.000000	0.000000	3.750000	-574.431641	-376.374603
19	151.616745	115.893692	92.167114	94.484489	0.000000	0.000000	3.750000	-130.302780	-60.650658
20	-680.445557	-516.764038	-104.763718	-83.548851	0.000000	0.000000	3.750000	844.038696	452.199615
21	-274.789307	194.282013	-110.536377	18.047348	0.000000	0.000000	3.750000	602.212280	-94.261589
22	742.866577	521.161804	101.711563	80.961456	0.000000	0.000000	3.750000	-758.120667	-613.628479
23	-415.110107	911.852173	-64.121750	128.935242	0.000000	0.000000	3.750000	409.595551	-1140.197998
24	-887.753662	-852.597900	-124.921295	-112.332748	0.000000	0.000000	3.750000	933.802368	735.892761
25	796.012695	-647.864258	101.083694	-90.983803	0.000000	0.000000	3.750000	-830.899231	621.071594
26	-780.967041	-406.713501	-108.638046	-59.780190	0.000000	0.000000	3.750000	860.793884	308.860779
27	588.093262	858.716248	85.760300	118.156662	0.000000	0.000000	3.750000	-526.916504	-1060.388672
28	159.209991	682.507812	19.647125	154.757507	0.000000	0.000000	3.750000	-29.632816	-547.255066
29	262.000305	943.343445	45.487083	147.128738	0.000000	0.000000	3.750000	-270.976807	-1202.543701
30	-636.544373	-892.105957	-107.099724	-116.161865	0.000000	0.000000	3.750000	700.192261	922.871521
31	-645.098328	-257.865601	-150.699280	-64.694565	0.000000	0.000000	3.750000	756.602417	198.940002
32	864.388550	-201.066742	147.276840	-37.596878	0.000000	0.000000	3.750000	-906.295654	197.751831
33	342.453613	229.106598	122.340607	86.782074	0.000000	0.000000	3.750000	-577.929565	-163.847153
34	-837.507690	-452.997192	-119.958191	-79.661644	0.000000	0.000000	3.750000	964.721497	505.691895
35	-376.815796	-697.103394	-95.880249	-104.742058	0.000000	0.000000	3.750000	792.777954	702.891724
36	-271.198975	-61.732124	-152.374237	-22.313023	0.000000	0.000000	3.750000	433.538147	96.309326
37	406.066223	-607.741821	75.268890	-120.410088	0.000000	0.000000	3.750000	-414.208282	706.340149
38	-249.597900	840.897095	-60.535187	115.045609	0.000000	0.000000	3.750000	454.489502	-904.110962
39	-672.024658	-142.662552	-127.316833	-75.459068	0.000000	0.000000	3.750000	897.806091	322.896515
40	-884.129517	-651.384583	-115.974892	-91.942986	0.000000	0.000000	3.750000	803.544250	406.507477
41	-127.282028	-854.745911	-34.913757	-141.763855	0.000000	0.000000	3.750000	198.059341	1167.308838
42	-262.128784	-467.532867	-56.896584	-130.102753	0.000000	0.000000	3.750000	217.827866	567.033630
43	-734.641479	621.458801	-94.173691	80.667549	0.000000	0.000000	3.750000	822.974365	-532.787048
44	1001.056885	254.842590	139.976227	48.068970	0.000000	0.000000	3.750000	-997.350647	-269.004700
45	691.735474	-795.288452	95.015732	-110.850746	0.000000	0.000000	3.750000	-468.542755	691.242981
46	650.807495	-881.986572	81.532753	-142.296295	0.000000	0.000000	3.750000	-445.631134	1111.635620
47	6.458509	259.730347	-48.548500	124.894806	0.000000	0.000000	3.750000	221.919861	-410.626648
48	18.279785	-711.346008	-1.251186	-123.993683	0.000000	0.000000	3.750000	17.375517	878.931885
49	-538.370056	258.973907	-131.082687	27.808090	0.000000	0.000000	3.750000	736.586243	-101.940880
50	-342.937195	-137.673294	-119.327293	-80.594788	0.000000	0.000000	3.750000	545.454041	161.980911
51	477.721558	440.561890	101.689728	96.224487	0.000000	0.000000	3.750000	-498.871216	-412.562408
52	798.062744	-191.887314	134.282578	-46.174606	0.000000	0.000000	3.750000	-1618.403564	362.438995
53	639.721191	-576.669922	87.957809	-78.659836	0.000000	0.000000	3.750000	-747.465820	519.860901
54	-420.042297	-773.530518	-55.315063	-128.607605	0.000000	0.000000	3.750000	217.464188	1116.196533
55	-177.786316	-364.401154	-62.892326	-131.750519	0.000000	0.000000	3.750000	58.315849	204.771179
56	-562.657776	672.729736	-87.403839	101.570511	0.000000	0.000000	3.750000	657.683594	-742.788208
57	-72.860512	379.118774	-91.720474	135.922089	0.000000	0.000000	3.750000	334.426727	-194.045593
58	-787.550659	-90.266556	-119.575760	-10.078995	0.000000	0.000000	3.750000	1052.005737	-22.806835
59	-81.294373	-955.107300	1.708410	-129.988770	0.000000	0.000000	3.750000	-1.029709	1156.419067
60	-696.907776	-208.810730	-128.357925	-44.946102	0.000000	0.000000	3.750000	845.625305	199.442505
61	-745.703003	647.507812	-104.700348	95.923615	0.000000	0.000000	3.750000	255.550156	-240.531601
62	-95.383507	157.995346	-75.026474	106.155624	0.000000	0.000000	3.750000	173.050064	-172.972412
63	35.750393	931.731934	-11.970316	133.464233	0.000000	0.000000	3.750000	130.650986	-1185.734985
64	413.255402	385.831604	99.232170	92.998505	0.000000	0.000000	3.750000	-413.945770	-290.208466
65	65.849556	877.821655	3.799794	127.943573	0.000000	0.000000	3.750000	-4.940389	-1121.208374
66	-749.772949	-403.175354	-112.475227	-69.088013	0.000000	0.000000	3.750000	971.006348	363.489624
67	507.955811	873.885925	63.174812	133.838425	0.000000	0.000000	3.750000	-279.881317	-965.481812
68	305.724609	168.292938	93.226105	109.748718	0.000000	0.000000	3.750000	-270.649780	-246.350662
69	-769.281250	864.517578	-113.851532	100.706650	0.000000	0.000000	3.750000	897.134583	-743.880493
70	462.270599	-94.541519	145.188950	-28.700418	0.000000	0.000000	3.750000	-557.894836	16.792595
71	-423.779968	776.353760	-65.907753	123.515488	0.000000	0.000000	3.750000	360.300964	-905.158325
72	-554.677246	387.105469	-93.350769	90.473503	0.000000	0.000000	3.750000	585.219055	-410.975494
73	79.781250	-355.340881	18.504082	-142.795609	0.000000	0.000000	3.750000	-11.331494	119.045601
74	-496.081177	-895.505737	-78.473740	-113.515488	0.000000	0.000000	3.750000	531.127197	1069.394653
75	-81.793541	-286.412292	-68.505844	-93.610519	0.000000	0.000000	3.750000	284.724640	451.562561
76	-297.359528	-57.906864	-123.791588	-56.313286	0.000000	0.000000	3.750000	345.692505	96.551857
77	-596.828430	716.655640	-97.951134	100.027832	0.000000	0.000000	3.750000	745.931946	-713.432129
78	-894.288025	247.330261	-136.118256	32.738312	0.000000	0.000000	3.750000	1224.418335	-216.999359
79	805.539551	396.789490	117.874557	75.527893	0.000000	0.000000	3.750000	-194.224243	-90.682098
80	-454.035706	-239.879532	-118.100723	-98.833092	0.000000	0.000000	3.750000	590.369751	380.707275
81	585.275574	-456.758728	123.377205	-111.058533	0.000000	0.000000	3.750000	-433.378784	353.154388
82	163.947571	-163.468430	43.392967	-137.301880	0.000000	0.000000	3.750000	-156.978851	280.632538
83	-322.946533	-552.380310	-63.106133	-87.644791	0.000000	0.000000	3.750000	475.891113	727.393860
84	895.796021	-383.041077	122.690186	-58.677074	0.000000	0.000000	3.750000	-1106.817627	344.875610
85	-769.574219	253.129974	-113.878670	49.066040	0.000000	0.000000	3.750000	1069.031372	-250.072815
86	527.574524	-479.163757	108.740547	-88.177124	0.000000	0.000000	3.750000	-892.166626	497.450012
87	200.182526	-832.820923	28.663780	-118.584648	0.000000	0.000000	3.750000	-118.398476	1097.652344
88	-827.212524	-601.470154	-108.391846	-82.139763	0.000000	0.000000	3.750000	1019.857971	429.420502
89	-188.879105	-642.821350	-65.524399	-119.174469	0.000000	0.000000	3.750000	396.005829	720.041931
90	-693.901489	390.228149	-131.204849	72.699402	0.000000	0.000000	3.750000	943.434692	-426.087433
91	106.145546	161.750763	-12.294436	145.450668	0.000000	0.000000	3.750000	91.369377	-174.719757
92	-723.902588	229.850555	-123.541267	51.898750	0.000000	0.000000	3.750000	1094.346802	-321.241669
93	-73.939468	-633.031189	-28.664104	-114.464752	0.000000	0.000000	3.750000	61.852924	713.485168
94	-281.524536	-478.816406	-75.085754	-93.606186	0.000000	0.000000	3.750000	522.010681	581.767578
95	833.094238	238.618607	148.152115	23.472301	0.000000	0.000000	3.750000	-884.219177	-124.965210
96	42.307922	117.358711	108.972244	105.904434	0.000000	0.000000	3.750000	-82.117165	-29.448092
97	519.242920	-758.501343	84.804337	-95.876091	0.000000	0.000000	3.750000	-871.691467	1012.374695
98	743.143066	-731.073975	104.212753	-96.455673	0.000000	0.000000	3.750000	-875.814453	734.984558
99	-599.190002	713.392212	-86.635857	117.516403	0.000000	0.000000	3.750000	686.095276	-1195.212769
100	-119.042946	-428.576202	-62.322533	-129.814117	0.000000	0.000000	3.750000	393.472107	593.764221
101	190.780426	-731.339478	37.367462	-143.204346	0.000000	0.000000	3.750000	-116.722107	1042.802490
102	144.236496	-517.643005	29.860935	-132.679779	0.000000	0.000000	3.750000	-22.512651	638.029236
103	-714.611877	143.941467	-126.671997	29.224573	0.000000	0.000000	3.750000	934.554993	-94.727707
104	-206.201324	-232.605774	-122.360321	-54.621758	0.000000	0.000000	3.750000	477.832550	128.427444
105	606.557678	9.100204	137.081329	15.896601	0.000000	0.000000	3.750000	-588.049255	-52.531853
106	-700.099854	-291.755371	-125.614914	-70.404556	0.000000	0.000000	3.750000	1012.162659	425.795868
107	-653.414246	-283.588226	-98.449249	-57.476845	0.000000	0.000000	3.750000	540.898621	199.554733
108	843.849731	-76.403770	141.965881	2.978835	0.000000	0.000000	3.750000	-333.506775	-19.098925
109	-44.340363	-488.449585	-37.241909	-122.462395	0.000000	0.000000	3.750000	233.329636	711.650391
110	507.493683	-481.393127	93.373276	-104.313858	0.000000	0.000000	3.750000	-457.221771	608.689453
111	676.555542	-470.596954	98.249611	-91.120865	0.000000	0.000000	3.750000	-784.699890	713.270935
112	555.449341	381.662109	117.839905	63.768883	0.000000	0.000000	3.750000	-162.023346	-83.587372
113	-422.631317	434.286194	-93.520912	104.181763	0.000000	0.000000	3.750000	372.817902	-402.667633
114	644.164673	-80.173988	143.720383	8.968033	0.000000	0.000000	3.750000	-583.742065	-66.685104
115	352.909332	-695.989624	38.341194	-124.217346	0.000000	0.000000	3.750000	-259.949524	891.040649
116	474.545563	-405.581512	82.035583	-90.299271	0.000000	0.000000	3.750000	-390.358032	658.659485
117	-447.537567	-247.070282	-108.860809	-74.654297	0.000000	0.000000	3.750000	682.372314	382.121277
118	-19.238853	-348.575043	-43.475021	-118.258301	0.000000	0.000000	3.750000	44.040524	359.829712
119	740.098633	593.275635	104.261642	77.649872	0.000000	0.000000	3.750000	-910.204102	-617.536621
120	435.072205	386.424347	103.643906	75.112839	0.000000	0.000000	3.750000	-543.538025	-425.105865
121	-430.327637	705.533386	-45.250778	119.734528	0.000000	0.000000	3.750000	303.667114	-911.255798
122	796.064819	-162.299835	131.011292	-16.125683	0.000000	0.000000	3.750000	-1087.825195	140.560562
123	-573.369446	787.765991	-79.763969	107.674072	0.000000	0.000000	3.750000	646.264526	-932.208679
124	879.462463	291.253876	137.421738	26.744162	0.000000	0.000000	3.750000	-1086.332275	-155.695663
125	-703.990723	268.194519	-130.066910	61.794361	0.000000	0.000000	3.750000	985.885132	-386.820343
126	479.302948	762.633118	83.150246	102.518341	0.000000	0.000000	3.750000	-330.570343	-489.622437
127	976.105103	357.792053	149.156372	45.698250	0.000000	0.000000	3.750000	-1181.896484	-272.410828
128	192.899857	-533.240295	34.998322	-131.419525	0.000000	0.000000	3.750000	-162.433136	761.265686
129	-226.040649	-218.851379	-100.027290	-95.066757	0.000000	0.000000	3.750000	571.703125	312.004547
130	489.910889	987.225769	74.497093	130.192719	0.000000	0.000000	3.750000	-501.208435	-1064.938110
131	-59.125648	51.821838	-120.455063	71.255356	0.000000	0.000000	3.750000	95.595230	-35.819080
132	-613.037598	606.207275	-132.767517	85.654587	0.000000	0.000000	3.750000	901.333801	-488.760895
133	726.740662	271.991272	126.714012	36.978836	0.000000	0.000000	3.750000	-807.434692	-123.167091
134	-603.443054	514.060852	-103.700531	60.383785	0.000000	0.000000	3.750000	814.788086	-430.536316
135	-55.620323	693.513672	-32.653507	127.897354	0.000000	0.000000	3.750000	212.929764	-1094.845215
136	-6.854331	620.226562	-23.663532	142.042084	0.000000	0.000000	3.750000	166.169098	-701.895874
137	461.548584	-61.483112	146.038605	-24.014526	0.000000	0.000000	3.750000	-705.439575	83.681488
138	-544.281128	830.914246	-83.207275	119.968704	0.000000	0.000000	3.750000	581.983215	-1051.990234
139	-195.347046	-742.577209	-41.147026	-144.244827	0.000000	0.000000	3.750000	104.482460	757.396729
140	98.308258	171.806213	59.562756	94.836838	0.000000	0.000000	3.750000	-14.753444	-123.378647
141	703.955566	-255.828094	141.836044	-59.987564	0.000000	0.000000	3.750000	-607.627075	278.347656
142	-255.165359	513.758545	-21.262619	144.443344	0.000000	0.000000	3.750000	78.463135	-491.700928
143	-938.684998	-851.412109	-116.087090	-107.180984	0.000000	0.000000	3.750000	940.355103	763.533386
144	850.751892	-200.631332	116.414207	-42.703499	0.000000	0.000000	3.750000	-1046.267334	192.082733
145	-170.997742	481.708282	-69.387756	114.634506	0.000000	0.000000	3.750000	351.185547	-429.195038
146	-278.111877	721.077148	-71.521149	110.944687	0.000000	0.000000	3.750000	529.984619	-814.754456
147	-541.572754	0.091415	-137.539520	-35.309479	0.000000	0.000000	3.750000	717.233032	110.909721
148	129.049042	-753.316772	20.968231	-120.184586	0.000000	0.000000	3.750000	-155.341125	932.082947
149	-950.318115	177.727783	-131.845108	40.753067	0.000000	0.000000	3.750000	1196.302490	-253.191650
150	450.366760	-124.932343	125.266670	-26.310265	0.000000	0.000000	3.750000	-751.918457	105.756386
151	64.299232	-517.870911	2.340329	-135.979797	0.000000	0.000000	3.750000	17.572018	540.081482
152	-571.114502	-574.747925	-116.771469	-84.263802	0.000000	0.000000	3.750000	924.291138	595.966797
153	343.556335	-137.647644	129.691040	-71.303833	0.000000	0.000000	3.750000	-566.479919	308.520264
154	-682.980713	-704.731812	-90.022018	-122.474617	0.000000	0.000000	3.750000	522.428894	754.261292
155	13.026257	609.077271	7.920806	143.779663	0.000000	0.000000	3.750000	114.682899	-721.433716
156	464.057709	-403.037170	109.133148	-122.416855	0.000000	0.000000	3.750000	-398.121033	516.242493
157	-754.243103	-731.725281	-114.864647	-111.382561	0.000000	0.000000	3.750000	800.476379	660.674194
158	-875.494446	-536.827026	-103.848648	-84.684395	0.000000	0.000000	3.750000	735.885620	493.477386
159	-584.819824	787.425293	-73.343147	109.748611	0.000000	0.000000	3.750000	561.458191	-997.657227
160	-207.455002	259.010590	-100.678787	91.389488	0.000000	0.000000	3.750000	246.945389	-108.311890
161	247.340790	457.212189	101.492645	113.151306	0.000000	0.000000	3.750000	-484.752411	-592.968567
162	-92.421974	613.953491	-26.465542	110.885406	0.000000	0.000000	3.750000	194.040710	-701.370056
163	-573.242554	875.972168	-82.448433	113.146980	0.000000	0.000000	3.750000	617.550659	-962.707153
164	949.200317	-508.832031	119.695358	-80.056221	0.000000	0.000000	3.750000	-1043.398682	591.126587
165	197.102753	675.925720	56.790634	132.328003	0.000000	0.000000	3.750000	-237.486130	-756.076599
166	368.150574	-767.695679	44.740967	-147.357330	0.000000	0.000000	3.750000	-203.100388	918.892456
167	-951.695984	573.244812	-129.674133	86.720810	0.000000	0.000000	3.750000	1140.106079	-572.392212
168	-395.350769	456.652466	-53.381454	148.709167	0.000000	0.000000	3.750000	275.754913	-821.436890
169	-676.282593	203.534943	-129.332245	48.136978	0.000000	0.000000	3.750000	634.285034	-222.634171
170	682.119019	376.643005	119.824844	59.983311	0.000000	0.000000	3.750000	-899.744690	-493.254456
171	-370.706573	107.851433	-137.603851	54.490093	0.000000	0.000000	3.750000	523.886963	-226.847595
172	-861.511230	-27.867369	-127.965469	-2.966924	0.000000	0.000000	3.750000	1125.125732	-67.792366
173	236.543243	-774.003174	48.548737	-120.593384	0.000000	0.000000	3.750000	-196.941330	1155.193237
174	282.148315	780.588501	43.673016	141.409393	0.000000	0.000000	3.750000	-207.825500	-878.986816
175	-713.849304	-762.082947	-99.842438	-95.265343	0.000000	0.000000	3.750000	809.734253	762.919312
176	-310.304199	467.615112	-55.879215	132.715729	0.000000	0.000000	3.750000	243.588242	-510.268433
177	613.039001	622.822998	104.194313	107.905243	0.000000	0.000000	3.750000	-765.611816	-788.814331
178	298.159943	837.153076	48.634651	129.145676	0.000000	0.000000	3.750000	-279.220978	-1045.364624
179	598.158752	185.890900	130.823242	69.203735	0.000000	0.000000	3.750000	-528.480896	-218.638321
180	-708.630127	-224.248657	-131.487549	-34.739761	0.000000	0.000000	3.750000	917.144897	98.620209
181	-303.303284	436.739014	-41.960918	144.011230	0.000000	0.000000	3.750000	178.546509	-692.932434
182	-160.116089	-84.123413	120.961548	-74.362701	0.000000	0.000000	3.750000	-73.835800	59.829502
183	-100.125847	749.844666	10.573263	143.611176	0.000000	0.000000	3.750000	-7.775217	-1122.832642
184	-519.833313	369.287720	-105.659409	91.847778	0.000000	0.000000	3.750000	588.543152	-443.644287
185	8.377469	-663.303101	16.148890	-124.960205	0.000000	0.000000	3.750000	20.698019	837.618774
186	-196.279404	761.521057	-33.525307	146.205292	0.000000	0.000000	3.750000	104.010590	-449.351410
187	483.992889	-155.561218	138.968292	-56.453476	0.000000	0.000000	3.750000	-298.652100	80.756134
188	-193.559875	-147.038391	-93.525665	-106.803650	0.000000	0.000000	3.750000	257.955658	42.532581
189	-108.198013	-866.382446	-9.533792	-137.670273	0.000000	0.000000	3.750000	64.229881	813.015747
190	-648.561157	152.464813	-135.931366	4.318640	0.000000	0.000000	3.750000	690.584900	-40.211819
191	-772.730835	315.859619	-127.807632	40.264114	0.000000	0.000000	3.750000	992.326172	-274.201019
192	-540.166199	874.004272	-92.969818	135.102203	0.000000	0.000000	3.750000	623.983215	-879.911194
193	-153.032700	915.363647	-24.239286	152.079086	0.000000	0.000000	3.750000	3.725527	-926.728271
194	590.764526	-716.612671	101.094017	-99.718674	0.000000	0.000000	3.750000	-516.592041	664.158630
195	202.451172	811.205566	21.168831	142.434769	0.000000	0.000000	3.750000	11.713276	-993.536194
196	70.410355	1075.632446	32.007874	156.764557	0.000000	0.000000	3.750000	-40.420864	-1313.321655
197	125.561951	-762.760620	47.605766	-118.817841	0.000000	0.000000	3.750000	-269.798462	762.236328
198	-85.461456	-492.010254	-8.599995	-131.718674	0.000000	0.000000	3.750000	78.507233	482.873444
199	-892.638550	497.422272	-135.893112	72.448883	0.000000	0.000000	3.750000	637.341431	-191.371475
200	753.416382	161.900146	135.449188	35.404045	0.000000	0.000000	3.750000	-1033.485962	-169.700043
201	829.346069	-355.686676	131.203613	-68.480377	0.000000	0.000000	3.750000	-727.072266	294.655396
202	76.262558	180.889267	19.063955	100.189842	0.000000	0.000000	3.750000	61.686062	-172.518951
203	311.086853	792.030151	60.170601	117.487991	0.000000	0.000000	3.750000	-387.592194	-991.373596
204	963.737305	-599.157104	129.052521	-87.643829	0.000000	0.000000	3.750000	-1031.596436	660.272705
205	818.692993	-490.007904	118.700424	-81.524292	0.000000	0.000000	3.750000	-887.811523	605.730835
206	320.119629	-1013.648499	53.549549	-140.115219	0.000000	0.000000	3.750000	-282.969940	1294.714844
207	764.132690	875.045532	98.148697	128.882507	0.000000	0.000000	3.750000	-716.683716	-1229.786743
208	835.549316	-508.562195	138.873047	-87.236771	0.000000	0.000000	3.750000	-1047.142822	732.784912
209	687.034851	374.361267	141.148285	66.428467	0.000000	0.000000	3.750000	-436.998932	-249.229919
210	68.728165	-225.622726	-41.857582	-127.291718	0.000000	0.000000	3.750000	164.469299	259.200043
211	58.804909	-780.188721	27.207157	-135.291275	0.000000	0.000000	3.750000	-118.208893	952.881165
212	-283.661560	-596.368042	-46.401138	-153.123718	0.000000	0.000000	3.750000	149.707123	568.921997
213	-692.309692	724.371643	-81.353668	111.469864	0.000000	0.000000	3.750000	552.930786	-931.504089
214	-254.326691	-389.469177	-46.836006	-129.808609	0.000000	0.000000	3.750000	378.322418	805.793457
215	154.585892	-297.875793	79.133331	-113.046997	0.000000	0.000000	3.750000	-94.516731	358.076447
216	501.610321	-43.413391	115.782013	7.107997	0.000000	0.000000	3.750000	-813.666565	-45.370350
217	138.970795	-214.903931	104.720169	-112.913834	0.000000	0.000000	3.750000	-280.499054	266.808380
218	-934.995850	-404.281372	-155.133484	-69.521301	0.000000	0.000000	3.750000	990.057434	244.625320
219	-447.540283	-824.867188	-58.835339	-129.236740	0.000000	0.000000	3.750000	243.832153	1011.337280
220	9.965233	-560.269775	2.293819	-135.980652	0.000000	0.000000	3.750000	-3.227909	627.402832
221	-553.868225	-595.718140	-76.505363	-105.104355	0.000000	0.000000	3.750000	507.042053	663.627258
222	-478.987549	-785.800049	-80.314407	-119.522156	0.000000	0.000000	3.750000	527.581848	940.333374
223	-700.764404	-829.510254	-107.374718	-115.907990	0.000000	0.000000	3.750000	765.053589	877.490845
224	-237.839264	1013.203918	-33.439983	146.225037	0.000000	0.000000	3.750000	244.052704	-1190.920410
225	573.376099	673.920288	87.313606	114.509079	0.000000	0.000000	3.750000	-659.962219	-938.424072
226	-309.343079	-23.356855	-78.180359	-132.672226	0.000000	0.000000	3.750000	146.854660	172.813568
227	737.690186	607.061768	104.611313	80.501343	0.000000	0.000000	3.750000	-952.336670	-672.519714
228	169.298767	-584.354980	34.909782	-129.372498	0.000000	0.000000	3.750000	-160.337738	884.831299
229	287.770447	-841.217651	55.768475	-115.211548	0.000000	0.000000	3.750000	-268.480652	1032.296387
230	-221.551514	-153.816010	-85.871124	-118.069145	0.000000	0.000000	3.750000	592.003967	365.317352
231	-535.730835	-532.472595	-101.485443	-123.695709	0.000000	0.000000	3.750000	448.280914	476.580994
232	750.202271	827.102051	102.603355	109.419128	0.000000	0.000000	3.750000	-780.117432	-800.489075
233	225.018799	-832.020142	40.614769	-123.492279	0.000000	0.000000	3.750000	-219.526520	1193.230225
234	-376.407715	977.938965	-69.170044	128.574860	0.000000	0.000000	3.750000	503.454712	-1021.620911
235	-664.193237	499.038879	-109.726570	65.909622	0.000000	0.000000	3.750000	1018.183167	-615.080505
236	-483.983093	-258.362976	-110.254288	-52.227604	0.000000	0.000000	3.750000	600.377991	155.868683
237	805.514648	-82.064552	136.991638	-16.651489	0.000000	0.000000	3.750000	-1113.007935	78.960144
238	-40.637177	-691.346313	-7.682683	-129.772522	0.000000	0.000000	3.750000	-14.586539	903.291687
239	-40.310085	883.982910	21.041084	144.475220	0.000000	0.000000	3.750000	-28.220388	-881.604004
240	-871.646912	-179.358124	-129.852264	-52.327995	0.000000	0.000000	3.750000	1089.835083	248.534485
241	327.053131	-111.037994	143.997833	0.719274	0.000000	0.000000	3.750000	-584.018982	-56.195107
242	291.372894	296.939697	102.581741	86.211845	0.000000	0.000000	3.750000	-468.401642	-247.682343
243	-200.041595	-485.282166	-87.609131	-116.793045	0.000000	0.000000	3.750000	326.921814	473.813385
244	603.740967	-785.999207	81.635223	-111.264061	0.000000	0.000000	3.750000	-640.261902	908.187195
245	-372.084290	-466.456879	-77.427826	-106.906174	0.000000	0.000000	3.750000	431.942474	595.870178
246	-211.176941	478.103699	-56.705521	145.328873	0.000000	0.000000	3.750000	168.635849	-451.483063
247	-3.356728	-273.605865	-0.607463	-149.995575	0.000000	0.000000	3.750000	79.873337	325.059784
248	-6.602844	-743.804688	16.965788	-134.937195	0.000000	0.000000	3.750000	-1.467244	755.859253
249	-169.531891	629.628479	-60.157082	124.197731	0.000000	0.000000	3.750000	294.774658	-743.945190
250	-920.045837	-182.560852	-148.046783	-24.120018	0.000000	0.000000	3.750000	946.785217	-2.210631
251	105.765633	-511.016571	37.347847	-141.141937	0.000000	0.000000	3.750000	-119.266647	399.201599
252	455.868866	167.461792	141.925110	-4.607823	0.000000	0.000000	3.750000	-786.511169	-15.039186
253	584.315125	-495.111755	115.066223	-93.078812	0.000000	0.000000	3.750000	-688.793213	456.780945
254	295.469025	-489.803833	65.974594	-145.763718	0.000000	0.000000	3.750000	-244.920090	427.193176
255	-814.392578	275.493195	-123.677719	51.572319	0.000000	0.000000	3.750000	670.467590	-196.730820
256	358.039001	700.498047	62.000656	134.386398	0.000000	0.000000	3.750000	-265.518097	-902.664734
257	-877.900696	-302.812805	-149.530884	-62.325378	0.000000	0.000000	3.750000	910.067200	307.287109
258	9.425524	68.216019	139.659485	-33.742970	0.000000	0.000000	3.750000	-40.063240	-36.416153
259	362.980286	-441.041046	109.472549	-132.662521	0.000000	0.000000	3.750000	-107.320061	132.461136
260	138.467422	884.968994	22.483002	136.156189	0.000000	0.000000	3.750000	-145.645447	-1335.680786
261	21.334156	-950.177917	14.255629	-143.292587	0.000000	0.000000	3.750000	-69.499977	1103.441040
262	130.554520	-805.080322	16.888580	-130.915115	0.000000	0.000000	3.750000	-175.453232	1161.377197
263	-99.282486	-600.550537	-37.101707	-122.504623	0.000000	0.000000	3.750000	116.200790	425.069885
264	-583.277039	456.484039	-103.239243	85.426254	0.000000	0.000000	3.750000	727.090820	-555.742065
265	868.189209	-268.405334	150.667633	-59.524857	0.000000	0.000000	3.750000	-1546.663208	457.146698
266	-615.251465	-116.340134	-149.071411	-29.690920	0.000000	0.000000	3.750000	873.976013	82.708992
267	235.869370	974.586914	51.746929	136.521622	0.000000	0.000000	3.750000	-286.050262	-1157.370361
268	757.255981	-105.666542	139.461639	-12.265810	0.000000	0.000000	3.750000	-901.629578	49.732391
269	-687.682007	-59.088600	-155.996765	-0.978665	0.000000	0.000000	3.750000	988.790283	67.887421
270	590.429932	-145.761444	125.790909	-51.697430	0.000000	0.000000	3.750000	-650.001709	250.026077
271	-707.553711	-139.225067	-139.225281	-14.701675	0.000000	0.000000	3.750000	965.563171	-26.474108
272	-666.328186	-435.146851	-123.832130	-88.145264	0.000000	0.000000	3.750000	639.558533	428.645874
273	709.000854	312.334778	104.206909	81.024086	0.000000	0.000000	3.750000	-983.605286	-685.404175
274	569.925598	84.657959	156.726242	-20.017855	0.000000	0.000000	3.750000	-830.413452	9.699008
275	-999.635376	-224.791992	-147.997864	-42.573761	0.000000	0.000000	3.750000	1105.313354	189.462326
276	-267.283936	326.464905	-98.779999	118.132233	0.000000	0.000000	3.750000	353.443573	-202.865524
277	-186.143173	1021.265137	-32.393112	154.643738	0.000000	0.000000	3.750000	229.534073	-1139.525757
278	244.629456	710.387024	72.375252	122.170883	0.000000	0.000000	3.750000	-347.506500	-726.664978
279	-876.805115	711.481506	-113.409302	98.174995	0.000000	0.000000	3.750000	918.192322	-754.115723
280	137.303589	1038.696045	7.743673	157.810059	0.000000	0.000000	3.750000	-3.822462	-1121.844849
281	-507.350647	391.579346	-108.500938	78.634850	0.000000	0.000000	3.750000	788.915527	-453.062164
282	-196.577911	768.517090	-34.858040	125.239441	0.000000	0.000000	3.750000	252.495590	-868.076355
283	299.000763	-300.689087	97.521545	-105.950272	0.000000	0.000000	3.750000	-419.847778	538.306885
284	-402.395599	882.222778	-44.615536	143.211136	0.000000	0.000000	3.750000	292.709961	-1143.461548
285	585.557617	-736.328552	99.624298	-106.728439	0.000000	0.000000	3.750000	-810.435669	780.171875
286	-391.682312	791.284180	-55.155785	126.498093	0.000000	0.000000	3.750000	363.315399	-1140.430542
287	177.100250	115.085930	129.355225	26.214239	0.000000	0.000000	3.750000	-197.327087	57.034416
288	-646.663757	-137.534317	-144.204834	-33.298759	0.000000	0.000000	3.750000	705.053650	93.091263
289	-526.571289	-695.830444	-66.011192	-125.723511	0.000000	0.000000	3.750000	373.167877	1022.568787
290	823.884399	-433.177856	135.314423	-49.250771	0.000000	0.000000	3.750000	-865.196655	121.656616
291	-110.534966	-273.755615	-30.500595	-122.252647	0.000000	0.000000	3.750000	78.639687	321.679932
292	886.206177	597.276611	119.612808	90.513901	0.000000	0.000000	3.750000	-705.459900	-552.483643
293	-720.257690	217.780701	-144.494812	85.697250	0.000000	0.000000	3.750000	744.958069	-200.636688
294	362.127289	-358.173767	92.652908	-117.941544	0.000000	0.000000	3.750000	-50.134033	109.412918
295	6.455459	-658.226074	8.319940	-137.748642	0.000000	0.000000	3.750000	37.353989	890.211304
296	-351.671082	464.410492	-89.366608	99.847885	0.000000	0.000000	3.750000	620.386108	-637.497070
297	635.867065	413.022675	118.372452	53.736542	0.000000	0.000000	3.750000	-336.931183	-108.936935
298	285.463745	13.651377	138.228638	32.507771	0.000000	0.000000	3.750000	-408.480621	-61.823994
299	710.344971	-798.309692	97.512642	-97.648697	0.000000	0.000000	3.750000	-762.122986	872.433899
300	13.692115	589.936890	-20.629074	132.402191	0.000000	0.000000	3.750000	189.232559	-789.541321
301	-589.995483	472.818024	-107.346237	86.722244	0.000000	0.000000	3.750000	948.935852	-669.703918
302	684.131104	665.690857	100.785431	126.831673	0.000000	0.000000	3.750000	-585.950317	-811.263367
303	-323.227539	-957.369751	-59.093410	-129.118988	0.000000	0.000000	3.750000	260.844421	1153.525024
304	-519.276672	138.444534	-124.511795	29.678164	0.000000	0.000000	3.750000	1187.044434	-236.946884
305	-621.230408	-539.543884	-94.348892	-77.344772	0.000000	0.000000	3.750000	695.829895	427.703186
306	842.675598	310.927460	152.736389	19.685808	0.000000	0.000000	3.750000	-1057.547974	-65.199867
307	-6.151908	760.915161	-7.632661	141.794708	0.000000	0.000000	3.750000	34.095528	-1045.439697
308	-148.702728	725.130920	-60.485226	165.279694	0.000000	0.000000	3.750000	225.511581	-767.927734
309	144.959839	-813.957031	5.117426	-135.903595	0.000000	0.000000	3.750000	16.655947	909.816711
310	-814.991821	-870.575867	-107.024429	-116.231430	0.000000	0.000000	3.750000	762.066772	943.711670
311	-630.249390	-251.487534	-119.596931	-60.436447	0.000000	0.000000	3.750000	901.171326	408.157379
312	458.678467	-717.157043	70.918846	-106.557083	0.000000	0.000000	3.750000	-382.617584	833.339478
313	-908.862732	-117.959343	-125.036865	-15.541355	0.000000	0.000000	3.750000	746.705444	-23.493380
314	157.862411	767.187988	25.337399	115.247589	0.000000	0.000000	3.750000	-126.825478	-774.457947
315	-135.692902	-740.017456	-11.918825	-129.452408	0.000000	0.000000	3.750000	136.176056	1039.194824
316	438.097748	311.614563	134.282318	66.798607	0.000000	0.000000	3.750000	-180.443573	-65.889397
317	487.021515	23.848808	131.011734	16.119396	0.000000	0.000000	3.750000	-369.676300	-18.564682
318	-34.218449	-729.644958	-11.381927	-133.515671	0.000000	0.000000	3.750000	112.485474	923.685242
319	2.365747	591.809570	36.838760	130.915634	0.000000	0.000000	3.750000	-178.510162	-635.142212
320	339.513489	236.879135	90.644501	95.954514	0.000000	0.000000	3.750000	-272.752075	-213.662964
321	699.281006	61.023827	124.527405	19.207029	0.000000	0.000000	3.750000	-821.737854	-146.010345
322	-506.035645	-283.858276	-119.979462	-50.044983	0.000000	0.000000	3.750000	757.179565	127.106689
323	-90.606064	510.090332	-74.374298	152.863007	0.000000	0.000000	3.750000	256.581970	-353.270844
324	-506.170654	825.742859	-79.526016	97.732254	0.000000	0.000000	3.750000	632.053162	-896.936951
325	386.338745	-657.127686	82.671295	-139.317810	0.000000	0.000000	3.750000	-476.195007	803.696106
326	811.115479	613.184021	102.406281	80.080811	0.000000	0.000000	3.750000	-1031.152710	-690.677002
327	73.186272	496.283997	26.110573	131.431458	0.000000	0.000000	3.750000	-121.779846	-723.259460
328	979.166748	233.247131	163.811279	26.866802	0.000000	0.000000	3.750000	-1283.213623	-138.899292
329	-607.099792	92.925201	-133.718552	34.107895	0.000000	0.000000	3.750000	917.053589	-250.761642
330	128.246399	271.531494	46.182751	110.757172	0.000000	0.000000	3.750000	-189.585495	-429.818695
331	214.184326	-152.072601	99.021805	-98.967651	0.000000	0.000000	3.750000	-485.431549	391.849792
332	-402.505432	-40.177383	-129.641296	-33.897346	0.000000	0.000000	3.750000	589.153931	199.354111
333	691.989746	539.559570	108.187347	79.066315	0.000000	0.000000	3.750000	-858.674927	-556.764709
334	-3.784090	-52.168839	129.840393	-79.027679	0.000000	0.000000	3.750000	-248.233932	135.850952
335	-39.635780	-670.511475	11.494873	-137.520370	0.000000	0.000000	3.750000	-32.681156	822.017761
336	-786.234741	41.888184	-133.364441	-26.643772	0.000000	0.000000	3.750000	835.904907	118.916092
337	300.545959	-390.998383	119.106697	-65.647125	0.000000	0.000000	3.750000	-685.185547	438.779755
338	657.032593	-632.687317	110.538254	-104.332565	0.000000	0.000000	3.750000	-603.827515	570.380066
339	788.555847	666.632568	99.318657	89.954315	0.000000	0.000000	3.750000	-947.793152	-716.112915
340	-743.866089	475.515137	-127.039993	58.827660	0.000000	0.000000	3.750000	1030.690918	-320.646393
341	-743.346924	-674.573120	-109.837166	-102.155457	0.000000	0.000000	3.750000	831.977905	632.508789
342	-172.159912	353.149170	30.298717	144.845642	0.000000	0.000000	3.750000	80.345039	-200.688004
343	790.546875	-39.303131	135.994904	0.596668	0.000000	0.000000	3.750000	-321.702240	-1.841876
344	-449.559631	-754.912903	-85.427475	-125.722504	0.000000	0.000000	3.750000	438.229279	654.884460
345	-722.444458	636.878052	-99.440643	80.594788	0.000000	0.000000	3.750000	986.156677	-648.018494
346	646.673096	408.080109	113.423561	71.351730	0.000000	0.000000	3.750000	-732.317566	-399.102448
347	-620.989502	-658.873413	-107.464882	-121.224060	0.000000	0.000000	3.750000	691.202332	708.073792
348	-801.558960	-758.793152	-100.445068	-119.359856	0.000000	0.000000	3.750000	698.102234	900.155212
349	841.808289	342.792572	135.046844	65.286507	0.000000	0.000000	3.750000	-1116.299805	-465.387939
350	58.031921	130.246368	131.847137	-23.916695	0.000000	0.000000	3.750000	-239.552704	62.716461
351	794.967285	325.081818	129.808868	62.334831	0.000000	0.000000	3.750000	-866.409180	-451.982819
352	760.818420	293.897491	130.806000	64.851913	0.000000	0.000000	3.750000	-1044.041992	-565.864929
353	-874.239929	470.014740	-129.083405	63.822247	0.000000	0.000000	3.750000	1290.119263	-395.455414
354	630.830017	-836.931641	95.927193	-107.396133	0.000000	0.000000	3.750000	-755.993286	1021.357666
355	260.014252	-875.233887	54.379967	-148.346649	0.000000	0.000000	3.750000	-289.211914	1090.408936
356	362.251862	618.380920	82.362793	120.533249	0.000000	0.000000	3.750000	-98.926178	-172.239639
357	-469.085968	-648.698853	-101.017746	-102.622627	0.000000	0.000000	3.750000	599.351807	547.955627
358	-148.812256	-686.884644	-6.595159	-147.851868	0.000000	0.000000	3.750000	-19.526281	594.141663
359	558.223083	582.354858	102.342041	106.911484	0.000000	0.000000	3.750000	-641.428284	-626.568359
360	-372.322937	720.444458	-64.975525	132.974274	0.000000	0.000000	3.750000	349.193146	-808.899109
361	64.482666	-584.947998	41.383934	-133.743668	0.000000	0.000000	3.750000	-303.589294	883.395325
362	-176.082367	586.339844	16.478157	149.092133	0.000000	0.000000	3.750000	-94.529022	-743.434387
363	-274.325775	374.123108	-76.061279	102.948601	0.000000	0.000000	3.750000	516.425903	-437.776764
364	698.624084	-275.379639	103.978645	-46.736778	0.000000	0.000000	3.750000	-910.753967	239.464935
365	28.233734	-97.743904	-161.633057	-27.749336	0.000000	0.000000	3.750000	328.826630	23.187901
366	604.141907	-54.334301	126.742981	-59.464088	0.000000	0.000000	3.750000	-568.388367	372.437012
367	-594.985718	361.006042	-106.796539	74.124466	0.000000	0.000000	3.750000	848.686584	-481.356018
368	-927.650391	-343.701843	-127.234909	-71.603737	0.000000	0.000000	3.750000	984.969788	358.988037
369	-252.574677	924.663452	-19.486074	140.656342	0.000000	0.000000	3.750000	42.547707	-1212.304565
370	-444.727997	-884.729126	-70.078705	-139.372894	0.000000	0.000000	3.750000	334.158539	979.458923
371	-648.414917	777.040649	-88.775894	97.687439	0.000000	0.000000	3.750000	858.971924	-1024.894897
372	690.257629	-502.566315	138.138611	-72.482483	0.000000	0.000000	3.750000	-1971.093262	930.987488
373	-586.674194	-334.000061	-124.008560	-60.546303	0.000000	0.000000	3.750000	639.350159	258.199188
374	-48.506599	949.254028	-5.108819	151.914032	0.000000	0.000000	3.750000	-16.849342	-1207.426514
375	-767.377808	658.126587	-121.725830	103.839912	0.000000	0.000000	3.750000	1399.650269	-962.728638
376	434.701233	422.097748	109.498108	83.987213	0.000000	0.000000	3.750000	-452.703094	-461.765717
377	-878.377563	-234.881729	-129.386658	-47.988190	0.000000	0.000000	3.750000	1180.366699	187.557999
378	66.979118	-342.387299	20.011229	-144.621811	0.000000	0.000000	3.750000	-41.916077	347.705414
379	-1044.154297	-164.017685	-154.382172	-22.405479	0.000000	0.000000	3.750000	819.843445	158.858597
380	406.148926	-156.424423	124.612106	-37.032906	0.000000	0.000000	3.750000	-358.960663	44.364765
381	758.327881	30.288776	131.791168	-7.412747	0.000000	0.000000	3.750000	-927.148254	-69.960571
382	654.605713	-814.520752	95.817551	-120.561172	0.000000	0.000000	3.750000	-664.574585	851.590515
383	-537.893311	710.013428	-90.102341	107.151794	0.000000	0.000000	3.750000	844.104065	-833.027771
384	-280.431305	235.709518	-113.648048	100.926147	0.000000	0.000000	3.750000	507.260468	-236.405319
385	789.027710	315.382996	142.412781	63.675072	0.000000	0.000000	3.750000	-1624.185791	-551.757568
386	386.592224	829.403381	67.541367	133.932953	0.000000	0.000000	3.750000	-333.554016	-943.039490
387	360.134552	358.204956	137.317780	82.102921	0.000000	0.000000	3.750000	-442.120148	-80.622444
388	-570.939697	770.540222	-90.772446	114.351936	0.000000	0.000000	3.750000	631.487244	-811.995117
389	899.342529	480.484589	141.458679	60.871960	0.000000	0.000000	3.750000	-1084.269409	-376.609344
390	700.935547	-841.851196	95.588036	-125.805099	0.000000	0.000000	3.750000	-718.738342	992.821472
391	-96.921204	135.823410	24.195881	129.750732	0.000000	0.000000	3.750000	89.756294	-288.994415
392	389.931519	28.395742	131.109802	15.304187	0.000000	0.000000	3.750000	-840.044434	-107.442169
393	881.408264	-278.535767	132.834259	-60.587708	0.000000	0.000000	3.750000	-1033.356934	287.869812
394	788.189514	803.308960	99.095856	112.605377	0.000000	0.000000	3.750000	-749.862915	-1001.658020
395	466.348907	55.851646	116.885971	34.952354	0.000000	0.000000	3.750000	-591.578979	-160.682983
396	-201.191513	336.624542	-78.435104	113.541824	0.000000	0.000000	3.750000	299.407715	-342.746307
397	-842.697205	-501.559021	-115.602249	-75.365936	0.000000	0.000000	3.750000	994.475769	465.096405
398	601.010925	-446.208984	100.177727	-100.639313	0.000000	0.000000	3.750000	-376.583923	480.032837
399	-891.332520	-606.812500	-113.948044	-97.547745	0.000000	0.000000	3.750000	868.328247	487.488342
400	434.214691	798.829285	84.340942	101.541046	0.000000	0.000000	3.750000	-530.997498	-712.063416
401	529.898438	23.076645	125.108116	27.054165	0.000000	0.000000	3.750000	-748.979187	-213.850555
402	627.243469	-212.606247	137.385162	-26.929802	0.000000	0.000000	3.750000	-776.365967	70.187714
403	-692.918396	-800.079590	-87.892685	-114.065018	0.000000	0.000000	3.750000	610.262573	977.744934
404	-569.424438	-821.315063	-68.405563	-135.736938	0.000000	0.000000	3.750000	319.935181	945.544434
405	346.127808	-830.939087	79.961014	-124.539604	0.000000	0.000000	3.750000	-389.143280	860.864502
406	-692.734314	-366.374054	-125.455750	-89.313156	0.000000	0.000000	3.750000	618.032898	378.289825
407	515.835815	932.873657	68.111626	131.394714	0.000000	0.000000	3.750000	-342.358154	-1146.708862
408	676.179749	276.065186	127.753098	70.676285	0.000000	0.000000	3.750000	-509.841949	-240.499435
409	-477.924988	547.775452	-117.873489	92.767426	0.000000	0.000000	3.750000	724.667908	-479.867432
410	193.561798	966.405396	29.913202	130.618530	0.000000	0.000000	3.750000	-262.113922	-1198.341919
411	-354.114807	-932.503174	-61.994946	-129.970490	0.000000	0.000000	3.750000	267.885864	1157.545654
412	220.130066	-150.372833	85.150490	-113.636475	0.000000	0.000000	3.750000	-208.358505	384.665985
413	-483.393188	-191.913712	-105.256073	-31.954708	0.000000	0.000000	3.750000	651.807434	130.227188
414	66.174538	-504.828461	27.324387	-143.419556	0.000000	0.000000	3.750000	-39.516712	646.656006
415	-114.462639	-188.209869	60.929558	-137.049683	0.000000	0.000000	3.750000	-273.718140	249.954681
416	-671.871826	-468.803253	-134.071014	-75.768623	0.000000	0.000000	3.750000	850.697754	386.314636
417	824.064270	-799.962708	105.057999	-104.243927	0.000000	0.000000	3.750000	-789.616028	887.710571
418	512.046387	-763.990845	83.531967	-122.173477	0.000000	0.000000	3.750000	-461.467010	831.681519
419	-770.798157	-800.045532	-103.954437	-110.893929	0.000000	0.000000	3.750000	760.246887	894.372681
420	-572.632751	619.474060	-89.364868	102.517853	0.000000	0.000000	3.750000	684.319519	-718.610962
421	-637.390503	-288.189148	-124.843964	-48.679485	0.000000	0.000000	3.750000	782.742920	152.122406
422	-848.995850	887.456787	-112.171310	119.639435	0.000000	0.000000	3.750000	825.269836	-897.425720
423	-461.242981	791.806763	-61.122231	143.527237	0.000000	0.000000	3.750000	426.798828	-1068.865234
424	8.653892	220.330246	106.961853	99.366867	0.000000	0.000000	3.750000	-163.464767	-94.266342
425	11.625555	-648.027039	41.131157	-138.000824	0.000000	0.000000	3.750000	-196.073975	636.197876
426	189.500458	705.662048	31.382177	140.538589	0.000000	0.000000	3.750000	-146.161453	-981.071045
427	-615.864441	-466.120605	-99.511215	-95.611237	0.000000	0.000000	3.750000	725.734924	649.286682
428	-576.161255	-133.025009	-122.880211	-27.864044	0.000000	0.000000	3.750000	865.295288	139.444763
429	149.886078	277.291077	73.408844	109.704643	0.000000	0.000000	3.750000	-354.885498	-576.740845
430	222.407349	-715.672119	71.121124	-111.201424	0.000000	0.000000	3.750000	-420.889252	754.317749
431	-612.084717	764.690063	-97.585770	100.384247	0.000000	0.000000	3.750000	940.619812	-869.559448
432	62.567310	-847.541748	3.866273	-131.942993	0.000000	0.000000	3.750000	92.697273	1101.300171
433	962.826660	-448.527283	137.687729	-64.388786	0.000000	0.000000	3.750000	-1143.366821	334.839478
434	-623.194702	-791.441833	-81.641785	-108.768326	0.000000	0.000000	3.750000	582.924133	1013.356384
435	-527.128113	-228.167328	-110.826416	-91.938904	0.000000	0.000000	3.750000	516.538879	277.604431
436	721.613281	-4.383655	139.267670	14.300323	0.000000	0.000000	3.750000	-842.488098	-54.376816
437	257.096527	851.373108	60.074677	117.536102	0.000000	0.000000	3.750000	-259.886414	-1095.927368
438	-123.347122	-786.989502	-10.371987	-133.597687	0.000000	0.000000	3.750000	103.962563	736.725647
439	685.315247	-816.004944	98.245781	-113.347412	0.000000	0.000000	3.750000	-495.259003	751.714539
440	147.669281	-118.344879	153.742615	-26.431099	0.000000	0.000000	3.750000	-509.381439	1.011194
441	-493.727783	-629.645508	-98.318634	-105.210907	0.000000	0.000000	3.750000	471.964325	415.249237
442	-489.208130	77.505478	-145.081757	-16.343718	0.000000	0.000000	3.750000	753.435242	17.053999
443	-273.337067	-28.065079	-120.485443	-85.751038	0.000000	0.000000	3.750000	169.657288	31.155159
444	764.785095	-615.639160	95.651199	-93.844704	0.000000	0.000000	3.750000	-694.200378	781.777771
445	-875.339111	214.137436	-140.469299	46.607597	0.000000	0.000000	3.750000	783.524658	-168.970337
446	-567.342529	-471.969849	-112.176102	-116.877640	0.000000	0.000000	3.750000	555.763062	468.504974
447	-124.971359	519.514099	11.448878	157.583557	0.000000	0.000000	3.750000	33.445419	-805.690247
448	-289.798279	-52.204460	-135.437897	-12.349997	0.000000	0.000000	3.750000	593.894226	19.316389
449	-829.381531	0.793530	-139.991409	-1.549444	0.000000	0.000000	3.750000	1022.524475	-0.928203
450	119.283516	-120.826324	64.992477	-123.943794	0.000000	0.000000	3.750000	-9.441710	55.246769
451	813.103394	-107.983002	141.226105	-28.128052	0.000000	0.000000	3.750000	-862.469727	149.946579
452	737.301880	224.504211	108.596802	27.399343	0.000000	0.000000	3.750000	-964.440247	-191.815613
453	-180.092834	-187.471481	-119.024826	-81.046570	0.000000	0.000000	3.750000	231.616898	102.851952
454	265.339844	-356.617432	88.256378	-89.926254	0.000000	0.000000	3.750000	-773.229858	969.996460
455	27.828314	-176.478806	0.794162	-125.995438	0.000000	0.000000	3.750000	41.654675	269.721100
456	444.552765	541.169617	85.672935	86.857018	0.000000	0.000000	3.750000	-733.667908	-771.614075
457	420.163330	-933.551270	44.117966	-151.715210	0.000000	0.000000	3.750000	-191.760437	1040.486206
458	-431.435669	-799.726562	-72.683777	-117.307297	0.000000	0.000000	3.750000	451.613342	923.174927
459	101.445068	-601.785034	22.325527	-124.006012	0.000000	0.000000	3.750000	-69.685059	913.849182
460	-633.887878	595.774292	-110.189728	89.566681	0.000000	0.000000	3.750000	729.571594	-526.786743
461	478.509705	-58.380589	135.849472	-6.389925	0.000000	0.000000	3.750000	-430.388275	-11.021697
462	-957.785767	-314.356842	-143.682236	-65.721329	0.000000	0.000000	3.750000	1231.923340	384.437988
463	-417.441711	-263.309204	-116.601852	-81.040375	0.000000	0.000000	3.750000	583.572571	254.295135
464	568.732666	-236.622528	123.758820	-61.055328	0.000000	0.000000	3.750000	-660.682617	343.703461
465	600.110352	-264.725037	124.893433	-71.677261	0.000000	0.000000	3.750000	-806.027527	468.723206
466	547.508301	479.880066	128.738586	91.598877	0.000000	0.000000	3.750000	-660.952393	-499.917084
467	484.712769	459.308716	87.564697	104.057861	0.000000	0.000000	3.750000	-184.452499	-249.050858
468	-242.950134	-731.001953	-57.897736	-125.267044	0.000000	0.000000	3.750000	317.160889	774.954224
469	-416.783997	-892.033447	-73.186218	-119.346741	0.000000	0.000000	3.750000	459.331818	1104.479248
470	-103.865921	403.566132	-39.209347	132.312592	0.000000	0.000000	3.750000	178.892380	-605.411987
471	-255.491516	-575.329468	-39.476604	-128.053101	0.000000	0.000000	3.750000	239.415375	721.153076
472	2.839786	-749.099487	-4.218366	-121.927025	0.000000	0.000000	3.750000	13.036846	1045.000977
473	-634.135315	542.765015	-94.051826	100.985466	0.000000	0.000000	3.750000	529.380432	-420.641266
474	-700.450195	588.792480	-105.472046	98.038925	0.000000	0.000000	3.750000	796.621826	-673.979309
475	756.218689	-292.650208	141.812469	-65.001038	0.000000	0.000000	3.750000	-985.902222	338.111694
476	164.267456	426.066101	76.799698	109.805527	0.000000	0.000000	3.750000	-232.675797	-237.527695
477	599.223694	214.469727	127.992126	45.977371	0.000000	0.000000	3.750000	-883.942505	-198.757675
478	640.085510	-627.668030	97.814758	-94.489517	0.000000	0.000000	3.750000	-778.220520	798.107666
479	856.119019	280.980225	128.925629	49.215439	0.000000	0.000000	3.750000	-1006.861450	-310.881500
480	-160.148254	739.445068	-14.294201	149.317352	0.000000	0.000000	3.750000	119.595703	-1211.944946
481	902.175903	-510.238556	133.939178	-62.959003	0.000000	0.000000	3.750000	-1012.422852	225.680939
482	135.977890	479.377747	14.660089	141.229446	0.000000	0.000000	3.750000	163.961197	-388.788300
483	-860.891235	623.311523	-111.756653	87.603363	0.000000	0.000000	3.750000	995.328552	-576.907104
484	705.374023	-551.437500	120.025177	-83.126099	0.000000	0.000000	3.750000	-781.949036	574.553284
485	695.543335	-468.830017	115.652649	-63.627186	0.000000	0.000000	3.750000	-285.193268	177.897675
486	985.510986	-339.290894	144.150604	-59.633980	0.000000	0.000000	3.750000	-1284.739258	235.412170
487	-72.062119	-25.847599	-43.906219	-122.351067	0.000000	0.000000	3.750000	73.700661	122.757736
488	-483.600006	617.633301	-77.663452	125.984451	0.000000	0.000000	3.750000	329.235077	-781.042542
489	-718.666870	-66.072998	-144.575836	-20.333408	0.000000	0.000000	3.750000	824.078613	-20.853428
490	326.965393	-847.809814	38.326809	-136.729523	0.000000	0.000000	3.750000	-191.219849	1198.713135
491	491.611450	-456.378540	106.452446	-108.497864	0.000000	0.000000	3.750000	-588.930603	732.640320
492	398.474854	247.620529	120.383682	54.144009	0.000000	0.000000	3.750000	-555.251892	-169.313812
493	644.197754	298.901733	126.163879	45.151123	0.000000	0.000000	3.750000	-946.372864	-251.757278
494	357.946106	689.429199	83.770660	131.579193	0.000000	0.000000	3.750000	-95.450592	-207.704727
495	-480.850769	-742.028259	-72.304810	-119.883141	0.000000	0.000000	3.750000	369.391479	739.634827
496	236.741104	-512.236084	57.313454	-125.535522	0.000000	0.000000	3.750000	-240.494919	564.399963
497	-146.351547	-758.892395	-25.571064	-147.804230	0.000000	0.000000	3.750000	126.541031	1047.666626
498	937.525696	37.910561	145.891876	-5.610761	0.000000	0.000000	3.750000	-1318.789429	-74.962402
499	723.073059	490.860474	102.636139	69.582565	0.000000	0.000000	3.750000	-1258.941040	-581.619812
500	407.840271	681.678528	73.763687	116.631485	0.000000	0.000000	3.750000	-432.547760	-743.271423
501	-894.263245	387.141235	-147.027603	81.282135	0.000000	0.000000	3.750000	626.563477	-302.589294
502	-611.198669	216.965759	-124.315964	38.012032	0.000000	0.000000	3.750000	528.874512	-42.060184
503	-569.540833	-106.377533	-137.928574	4.436388	0.000000	0.000000	3.750000	800.857239	26.812937
504	-243.036713	-181.645279	-86.925232	-93.956306	0.000000	0.000000	3.750000	410.880432	347.656647
505	584.964905	655.602478	76.824028	81.498878	0.000000	0.000000	3.750000	-741.695374	-821.659302
506	-357.459991	509.853943	-43.143608	149.914932	0.000000	0.000000	3.750000	164.192657	-759.358154
507	-473.012238	-706.779602	-85.736603	-108.135078	0.000000	0.000000	3.750000	556.928833	612.899414
508	-374.587799	-985.795410	-52.415009	-151.170151	0.000000	0.000000	3.750000	212.088043	1190.918701
509	284.734406	-1035.859375	77.203018	-144.691666	0.000000	0.000000	3.750000	-275.344482	683.176270
510	689.523804	-979.328369	97.767487	-134.154694	0.000000	0.000000	3.750000	-707.359802	1116.700806
511	-626.034668	51.467590	-119.277008	-25.631351	0.000000	0.000000	3.750000	820.501038	128.169250
512	-395.086609	173.498199	-110.624290	79.106445	0.000000	0.000000	3.750000	507.114624	-237.264572
513	61.605705	-430.041901	35.615364	-114.592804	0.000000	0.000000	3.750000	-160.420547	429.224396
514	-763.097412	32.835144	-151.015717	17.268353	0.000000	0.000000	3.750000	1115.241821	-50.561550
515	-762.500732	632.713989	-102.722000	98.041779	0.000000	0.000000	3.750000	873.597717	-835.707642
516	-308.035522	-599.645020	-41.964249	-141.920959	0.000000	0.000000	3.750000	27.376326	407.826630
517	229.883972	166.360107	62.936268	104.511635	0.000000	0.000000	3.750000	-88.535431	-277.667206
518	629.979248	306.376801	102.987930	69.061310	0.000000	0.000000	3.750000	-755.387207	-443.210846
519	-875.718872	-524.469116	-124.846519	-90.162689	0.000000	0.000000	3.750000	833.288635	507.188202
520	-832.366333	-763.747131	-102.853722	-106.419418	0.000000	0.000000	3.750000	851.367188	776.658264
521	-509.243530	72.377083	-129.564453	10.632299	0.000000	0.000000	3.750000	738.480530	-30.503284
522	578.690063	-170.748489	128.564072	-29.921177	0.000000	0.000000	3.750000	-801.438171	165.375961
523	261.865417	-653.691040	65.826248	-141.431610	0.000000	0.000000	3.750000	-455.731842	968.282104
524	-41.838413	-232.627136	-59.328255	-142.102829	0.000000	0.000000	3.750000	199.758575	198.674606
525	-697.254822	-207.805939	-124.302109	-83.957962	0.000000	0.000000	3.750000	687.639465	403.916351
526	-175.003052	-159.535522	-54.213516	-126.899155	0.000000	0.000000	3.750000	157.460709	202.825623
527	381.611023	377.912476	71.856636	88.498047	0.000000	0.000000	3.750000	-130.099579	-215.450424
528	-902.078125	-321.763092	-128.377106	-55.847786	0.000000	0.000000	3.750000	1090.911133	217.273727
529	-746.791809	-621.398438	-103.307617	-91.495972	0.000000	0.000000	3.750000	745.710083	545.667053
530	692.656494	-588.306641	121.298706	-104.338959	0.000000	0.000000	3.750000	-789.450378	722.239319
531	870.457886	-285.876862	117.546761	-60.056236	0.000000	0.000000	3.750000	-966.683105	438.373169
532	13.341593	129.899185	-117.453674	117.250763	0.000000	0.000000	3.750000	155.580017	-78.238297
533	578.239258	-429.595093	125.948166	-65.582169	0.000000	0.000000	3.750000	-803.247925	340.539032
534	-513.354980	1116.736084	-76.448486	160.746719	0.000000	0.000000	3.750000	426.637482	-1200.193726
535	155.747894	-318.412811	35.636368	-139.517395	0.000000	0.000000	3.750000	-142.687729	331.662231
536	-813.656616	451.549316	-116.888733	65.518524	0.000000	0.000000	3.750000	300.153198	-162.449417
537	659.305603	716.050537	100.537453	97.427963	0.000000	0.000000	3.750000	-794.450989	-700.259705
538	-548.458618	261.528931	-120.824188	16.881531	0.000000	0.000000	3.750000	433.278259	19.993393
539	-857.833252	15.931028	-138.238541	40.324478	0.000000	0.000000	3.750000	1131.360962	-241.165268
540	944.365234	-383.136536	137.211899	-78.338120	0.000000	0.000000	3.750000	-1056.718750	515.755188
541	780.330811	-246.950073	138.893829	-29.537350	0.000000	0.000000	3.750000	-1022.520569	141.946350
542	267.718475	540.505615	103.100174	124.954697	0.000000	0.000000	3.750000	-130.723541	-111.603516
543	-588.485413	315.262634	-118.130333	54.269165	0.000000	0.000000	3.750000	594.861755	-199.937561
544	880.042603	-505.982056	130.562988	-69.694199	0.000000	0.000000	3.750000	-961.186340	445.403503
545	528.111023	463.215820	92.947166	93.727371	0.000000	0.000000	3.750000	-601.401794	-638.414001
546	-16.839756	551.785034	-10.533739	119.536392	0.000000	0.000000	3.750000	8.430460	-369.699768
547	-825.072815	782.162964	-106.424530	99.949074	0.000000	0.000000	3.750000	972.257019	-876.812378
548	-408.864960	805.434448	-69.508591	128.391907	0.000000	0.000000	3.750000	375.798767	-894.023804
549	-633.102295	49.605579	-165.166306	40.250256	0.000000	0.000000	3.750000	674.978882	-149.898361
550	579.509644	459.955933	93.122330	72.472214	0.000000	0.000000	3.750000	-740.308838	-511.643402
551	753.590027	650.165405	98.711441	96.436615	0.000000	0.000000	3.750000	-864.984985	-704.280945
552	-52.288773	666.491943	13.992669	141.308746	0.000000	0.000000	3.750000	-25.451860	-722.441895
553	591.224121	415.484009	115.951370	78.455536	0.000000	0.000000	3.750000	-904.055969	-608.024475
554	-325.290283	752.106079	-54.775246	143.929382	0.000000	0.000000	3.750000	298.359406	-847.531616
555	-325.812805	-329.479828	-85.742508	-92.325943	0.000000	0.000000	3.750000	436.037079	364.638947
556	-807.702332	-525.654968	-120.288742	-67.633286	0.000000	0.000000	3.750000	820.702271	240.322754
557	413.916931	232.724152	103.185570	94.618896	0.000000	0.000000	3.750000	-495.049622	-440.293152
558	745.141113	645.678711	95.074554	94.428879	0.000000	0.000000	3.750000	-780.221558	-681.664978
559	-433.252045	776.884277	-56.201954	143.378296	0.000000	0.000000	3.750000	345.913391	-918.171631
560	-655.687256	-667.616516	-94.492149	-108.661095	0.000000	0.000000	3.750000	715.531799	836.101257
561	389.001343	360.595703	96.699524	122.257751	0.000000	0.000000	3.750000	-40.142262	-47.132645
562	742.988892	224.110733	132.063232	57.404278	0.000000	0.000000	3.750000	-927.628967	-319.118347
563	249.019470	-661.950867	42.677692	-145.885620	0.000000	0.000000	3.750000	-270.185181	911.576294
564	191.187531	583.336060	20.401133	126.363419	0.000000	0.000000	3.750000	-58.068043	-927.821472
565	363.125000	-55.117592	125.155640	-41.950962	0.000000	0.000000	3.750000	-462.595642	96.769051
566	249.949554	331.183228	104.060112	107.683151	0.000000	0.000000	3.750000	-37.899174	-27.138023
567	-236.411423	-605.250244	-57.984482	-123.019485	0.000000	0.000000	3.750000	379.248077	820.471191
568	-50.780891	-753.489990	-9.221049	-143.704453	0.000000	0.000000	3.750000	77.690598	893.823425
569	634.897522	742.395569	102.396042	95.472717	0.000000	0.000000	3.750000	-792.501953	-672.394836
570	885.378540	-483.276184	125.402039	-74.767303	0.000000	0.000000	3.750000	-1093.293091	427.709442
571	-451.153137	-845.697693	-85.417549	-110.922348	0.000000	0.000000	3.750000	553.438843	927.284729
572	-163.009445	1050.443848	-11.969664	169.577972	0.000000	0.000000	3.750000	20.881639	-1184.372314
573	410.882172	-317.568085	139.948059	-53.985104	0.000000	0.000000	3.750000	-748.730286	188.777679
574	599.692139	-572.439758	91.808914	-103.029694	0.000000	0.000000	3.750000	-727.181030	771.204224
575	-447.986694	764.581299	-57.574924	114.320145	0.000000	0.000000	3.750000	456.589447	-1152.245483
576	-526.433411	740.721924	-68.710754	117.366241	0.000000	0.000000	3.750000	478.379791	-817.627014
577	165.030273	-743.910461	63.232887	-142.609680	0.000000	0.000000	3.750000	-252.250290	726.339600
578	-39.970066	-446.161011	23.368776	-119.740128	0.000000	0.000000	3.750000	-28.513283	667.037476
579	-232.190781	-810.237915	-57.872009	-129.671143	0.000000	0.000000	3.750000	275.079987	1062.869995
580	-807.365112	-928.162109	-107.384499	-121.294815	0.000000	0.000000	3.750000	891.481934	1335.427979
581	140.024734	423.610809	15.369265	129.085159	0.000000	0.000000	3.750000	76.398117	-503.106628
582	337.419312	796.466736	74.511047	134.773438	0.000000	0.000000	3.750000	-323.640686	-890.316895
583	837.902893	-678.215454	122.702194	-96.333618	0.000000	0.000000	3.750000	-822.570862	668.190552
584	-1001.729492	500.431366	-136.144867	76.160973	0.000000	0.000000	3.750000	1107.931885	-477.481567
585	-709.679199	-721.278320	-87.860100	-93.083801	0.000000	0.000000	3.750000	832.552368	980.343384
586	892.605713	-501.184265	125.539291	-78.382629	0.000000	0.000000	3.750000	-1113.609741	554.923584
587	-906.621460	5.506634	-141.097961	-15.975900	0.000000	0.000000	3.750000	949.430054	-15.706290
588	-876.086182	582.396851	-112.083984	99.679749	0.000000	0.000000	3.750000	301.083862	-224.605377
589	712.883606	736.883667	92.081734	113.300232	0.000000	0.000000	3.750000	-361.919250	-501.335327
590	-917.532837	-648.215210	-109.515495	-90.389618	0.000000	0.000000	3.750000	1015.015930	630.483826
591	769.762573	-319.991638	118.301193	-62.935108	0.000000	0.000000	3.750000	-1039.102539	527.321045
592	1011.901428	101.085709	148.527557	20.963505	0.000000	0.000000	3.750000	-1174.341553	-45.081184
593	-217.969635	135.980972	-129.096069	42.755657	0.000000	0.000000	3.750000	317.944031	-46.699650
594	703.144104	677.209290	111.789719	90.769135	0.000000	0.000000	3.750000	-691.273132	-614.032166
595	201.633972	860.640930	42.270752	137.655945	0.000000	0.000000	3.750000	-245.108490	-956.546143
596	674.155212	-700.251099	97.818115	-108.386230	0.000000	0.000000	3.750000	-452.090607	575.737488
597	348.285950	57.896255	145.290939	14.341639	0.000000	0.000000	3.750000	-378.200806	39.420654
598	-935.547607	74.303848	-142.999054	16.948368	0.000000	0.000000	3.750000	1225.658447	-81.005081
599	380.023712	-846.711975	55.590416	-126.307602	0.000000	0.000000	3.750000	-272.824127	934.089844
600	-339.461700	516.945984	-95.568871	128.322021	0.000000	0.000000	3.750000	297.485809	-379.837524
601	-816.873474	-423.639404	-132.640823	-56.055153	0.000000	0.000000	3.750000	1043.019775	229.797638
602	604.973938	-558.815063	93.695633	-81.222237	0.000000	0.000000	3.750000	-849.565857	548.583984
603	362.856293	-943.195923	70.616745	-127.786034	0.000000	0.000000	3.750000	-387.146118	701.703247
604	1021.576660	207.812424	150.937027	30.561295	0.000000	0.000000	3.750000	-1103.222900	-178.451721
605	831.001953	928.390076	108.062790	117.993195	0.000000	0.000000	3.750000	-816.069580	-1062.366211
606	256.306091	685.776794	61.138569	119.238831	0.000000	0.000000	3.750000	-277.816132	-847.377014
607	-422.806732	190.846527	-98.889351	67.975327	0.000000	0.000000	3.750000	619.984985	-276.008820
608	-109.792244	413.985962	-43.580807	126.713348	0.000000	0.000000	3.750000	534.359131	-858.637695
609	-567.639465	-485.401733	-103.592308	-81.808510	0.000000	0.000000	3.750000	633.440430	501.862701
610	-47.590813	662.443970	-16.412743	130.975113	0.000000	0.000000	3.750000	192.268936	-700.009399
611	-627.330078	-400.519501	-110.617096	-75.626068	0.000000	0.000000	3.750000	646.288696	248.491501
612	887.172424	576.364258	122.264702	83.397995	0.000000	0.000000	3.750000	-1038.314453	-508.393066
613	517.329712	-1001.298584	75.504486	-131.920166	0.000000	0.000000	3.750000	-467.499725	1186.569336
614	-223.317856	140.117889	-135.372833	-13.023655	0.000000	0.000000	3.750000	388.313812	-23.848442
615	-795.059692	364.558136	-125.610634	57.147537	0.000000	0.000000	3.750000	1242.452881	-358.350342
616	-424.959747	-702.137268	-69.787979	-100.068054	0.000000	0.000000	3.750000	495.599854	840.762512
617	-910.778137	-539.816406	-112.173172	-80.379745	0.000000	0.000000	3.750000	1121.319824	439.571869
618	-599.571716	716.292236	-114.002762	112.264648	0.000000	0.000000	3.750000	755.043274	-685.592834
619	-705.532288	-546.057556	-109.448212	-99.623711	0.000000	0.000000	3.750000	754.832825	511.531708
620	-85.934311	-787.419312	-46.959633	-136.127838	0.000000	0.000000	3.750000	292.932220	916.238464
621	-500.508575	-838.392029	-81.479774	-118.730774	0.000000	0.000000	3.750000	541.412537	983.643188
622	892.085388	51.887863	131.699966	-8.890855	0.000000	0.000000	3.750000	-1070.055664	-29.703287
623	431.208923	-31.119171	130.724335	-44.213867	0.000000	0.000000	3.750000	-824.102966	128.789062
624	-557.742920	552.192261	-78.683594	95.837814	0.000000	0.000000	3.750000	663.909485	-743.951355
625	309.017151	392.098938	117.183243	87.080368	0.000000	0.000000	3.750000	-505.855408	-209.918839
626	314.386292	758.708984	84.420784	135.913940	0.000000	0.000000	3.750000	-301.065887	-754.580200
627	641.530090	322.045929	116.275177	53.516964	0.000000	0.000000	3.750000	-948.160034	-374.587311
628	378.836609	439.518311	106.979660	121.651825	0.000000	0.000000	3.750000	-444.245514	-418.137360
629	325.386627	-823.419617	54.230255	-133.397369	0.000000	0.000000	3.750000	-181.199081	888.960876
630	-577.077332	398.023560	-101.996231	73.977921	0.000000	0.000000	3.750000	743.875854	-451.848267
631	535.933533	-171.319550	136.674469	-56.780289	0.000000	0.000000	3.750000	-637.600525	199.422348
632	667.739868	621.474609	129.829208	103.442627	0.000000	0.000000	3.750000	-738.839050	-576.625488
633	19.701118	-823.723022	13.106726	-133.357010	0.000000	0.000000	3.750000	3.341114	719.794128
634	-56.865643	700.961975	23.857578	144.033447	0.000000	0.000000	3.750000	7.804152	-298.553101
635	-437.256256	790.104248	-72.733292	126.593307	0.000000	0.000000	3.750000	552.242493	-943.015564
636	936.397034	-44.709583	173.032074	-18.313179	0.000000	0.000000	3.750000	-1104.752075	-79.552864
637	915.875732	600.952148	122.282349	90.282608	0.000000	0.000000	3.750000	-1161.395752	-699.903809
638	765.542786	363.478424	120.507568	53.868752	0.000000	0.000000	3.750000	-1365.001099	-432.900665
639	-475.295654	-802.427612	-72.112785	-129.242828	0.000000	0.000000	3.750000	411.988556	896.361267
640	35.783272	686.386047	23.086895	109.594604	0.000000	0.000000	3.750000	-127.331589	-929.396545
641	475.143188	-441.473083	107.793137	-89.332039	0.000000	0.000000	3.750000	-505.525085	303.666168
642	609.079956	255.543884	131.831635	57.930977	0.000000	0.000000	3.750000	-585.595032	-109.195610
643	952.934448	-122.905090	137.449890	-12.309527	0.000000	0.000000	3.750000	-1087.282104	83.450302
644	-398.545319	296.499847	-89.499870	88.685806	0.000000	0.000000	3.750000	339.386078	-182.046524
645	48.287464	-90.356148	-45.129471	-100.762466	0.000000	0.000000	3.750000	58.681156	-15.340991
646	-127.133125	-503.035828	-44.119503	-132.865448	0.000000	0.000000	3.750000	169.031815	429.450287
647	608.343018	-575.050842	117.945786	-75.423996	0.000000	0.000000	3.750000	-865.862488	603.476807
648	-997.618896	-202.807419	-146.696899	-19.594841	0.000000	0.000000	3.750000	685.078613	34.637199
649	-271.535217	168.111542	-123.119339	35.008980	0.000000	0.000000	3.750000	647.906311	-192.276825
650	-716.581543	275.180267	-131.170349	27.392368	0.000000	0.000000	3.750000	931.698059	-178.005127
651	83.344597	-911.934998	-10.409369	-145.628265	0.000000	0.000000	3.750000	297.738525	1823.468262
652	-860.114319	-52.571396	-128.880096	-17.026211	0.000000	0.000000	3.750000	2335.164551	148.613724
653	746.716309	805.729187	88.315369	111.194946	0.000000	0.000000	3.750000	-658.813416	-1077.675781
654	-673.192688	-589.497314	-91.848885	-89.150223	0.000000	0.000000	3.750000	1514.110840	1254.265625
655	-853.350708	367.010132	-125.196014	62.656738	0.000000	0.000000	3.750000	886.117065	-303.712280
656	-675.068054	438.518646	-109.091629	74.316925	0.000000	0.000000	3.750000	937.420105	-573.869324
657	-831.693848	610.176636	-111.987808	90.524460	0.000000	0.000000	3.750000	1022.255005	-661.760498
658	-218.192886	-890.710449	-25.582333	-135.608002	0.000000	0.000000	3.750000	167.839828	1138.951538
659	-277.055115	535.719788	-76.150314	105.361053	0.000000	0.000000	3.750000	245.804657	-427.096863
660	503.139923	678.901611	76.065857	119.907921	0.000000	0.000000	3.750000	-851.052917	-1708.004395
661	-524.691772	-490.052490	-74.327713	-99.254158	0.000000	0.000000	3.750000	532.457947	685.992126
662	-681.869873	-609.552917	-95.380424	-88.332054	0.000000	0.000000	3.750000	781.972107	620.298950
663	-434.478180	-790.511414	-39.668312	-136.345276	0.000000	0.000000	3.750000	71.200577	445.131439
664	113.761383	204.067673	36.038216	145.605515	0.000000	0.000000	3.750000	12.446644	-215.000565
665	325.670319	401.501892	92.255890	123.304779	0.000000	0.000000	3.750000	-278.768311	-317.983643
666	-384.531616	-695.518982	-74.591583	-118.473747	0.000000	0.000000	3.750000	442.798065	877.544128
667	514.375977	-328.222504	102.224564	-95.655914	0.000000	0.000000	3.750000	-410.377747	455.191345
668	20.161417	204.881638	74.945374	118.248535	0.000000	0.000000	3.750000	-59.140881	-175.868118
669	-679.464294	256.360077	-117.568863	86.560684	0.000000	0.000000	3.750000	585.732300	-248.280685
670	581.666321	-288.302185	116.970367	-100.169510	0.000000	0.000000	3.750000	-396.201141	327.542297
671	-274.076263	381.061523	-30.912567	109.728806	0.000000	0.000000	3.750000	207.649078	-768.207336
672	-801.225098	-77.959412	-140.796967	-18.442944	0.000000	0.000000	3.750000	1004.478027	36.314819
673	284.270142	58.153099	129.984863	-1.962597	0.000000	0.000000	3.750000	-532.940308	-34.490128
674	-132.935272	-921.921936	-7.717597	-139.787048	0.000000	0.000000	3.750000	116.680183	1127.929199
675	-428.730225	-553.098999	-88.316162	-100.778244	0.000000	0.000000	3.750000	632.555847	693.613708
676	694.037231	-169.457672	136.675110	-19.072819	0.000000	0.000000	3.750000	-765.584106	9.956046
677	-275.502686	894.550171	-58.659103	142.390488	0.000000	0.000000	3.750000	279.116608	-881.096741
678	186.921509	366.178925	45.036652	145.174622	0.000000	0.000000	3.750000	-83.732994	-320.362030
679	-908.534790	-853.388306	-124.821327	-106.374893	0.000000	0.000000	3.750000	1121.076172	835.717407
680	-399.410248	381.746033	-76.009033	129.313873	0.000000	0.000000	3.750000	356.444275	-400.213684
681	560.658203	167.697739	114.509262	52.569855	0.000000	0.000000	3.750000	-786.987183	-286.848450
682	587.222961	-11.704086	122.962852	16.002714	0.000000	0.000000	3.750000	-339.785156	-56.504749
683	895.705444	-232.833466	136.400497	-39.481873	0.000000	0.000000	3.750000	-1206.851562	210.251236
684	-817.248840	-552.966309	-113.225433	-95.309662	0.000000	0.000000	3.750000	831.562439	558.024170
685	-795.244019	490.272675	-100.951920	81.906586	0.000000	0.000000	3.750000	1017.411804	-711.375244
686	-95.003441	27.246485	-36.927856	-126.726913	0.000000	0.000000	3.750000	28.792498	83.633652
687	304.397034	149.334702	152.326965	65.962097	0.000000	0.000000	3.750000	-526.804260	-98.988380
688	923.478088	-282.121643	152.720825	-47.707394	0.000000	0.000000	3.750000	-1109.773193	141.808884
689	-864.709351	-340.727997	-139.502579	-35.703362	0.000000	0.000000	3.750000	1093.296509	73.830765
690	-95.386421	-434.762543	-65.758438	-125.854996	0.000000	0.000000	3.750000	342.292908	468.630798
691	151.072586	-403.277527	34.388714	-110.785446	0.000000	0.000000	3.750000	-129.023788	450.128723
692	570.393311	735.540588	75.697983	120.140610	0.000000	0.000000	3.750000	-492.811066	-947.179749
693	-684.070374	-469.166229	-142.165710	-89.513245	0.000000	0.000000	3.750000	875.600403	388.734619
694	206.418091	-586.710388	45.583626	-130.254044	0.000000	0.000000	3.750000	-258.153503	649.232117
695	-266.637909	899.410400	-24.782768	145.910233	0.000000	0.000000	3.750000	140.359741	-1191.800293
696	849.371887	-427.501190	123.189384	-74.567902	0.000000	0.000000	3.750000	-893.295654	525.472229
697	95.594193	429.232117	60.921021	126.049911	0.000000	0.000000	3.750000	-266.537476	-645.330933
698	530.966553	3.486793	146.525085	32.098797	0.000000	0.000000	3.750000	-653.689148	-198.465088
699	-682.435547	528.218384	-81.496933	88.080933	0.000000	0.000000	3.750000	809.002747	-887.580933
700	304.912750	-681.971008	89.670410	-115.217751	0.000000	0.000000	3.750000	-502.801575	806.859314
701	435.895996	-498.597717	97.912422	-97.247681	0.000000	0.000000	3.750000	-654.134216	790.617432
702	161.143158	-188.850525	135.446457	-54.497551	0.000000	0.000000	3.750000	-464.892761	285.126740
703	462.361816	54.666458	123.124855	26.763107	0.000000	0.000000	3.750000	-711.459351	-165.240891
704	678.846008	749.798706	101.463303	128.845474	0.000000	0.000000	3.750000	-566.188354	-833.522522
705	635.513977	-580.624023	104.154358	-67.289345	0.000000	0.000000	3.750000	-940.930298	527.584290
706	-608.308899	75.065170	-129.288147	13.583555	0.000000	0.000000	3.750000	831.345825	-7.648932
707	-263.774445	802.746643	-12.353630	137.445862	0.000000	0.000000	3.750000	34.812565	-1051.290039
708	-365.138123	265.240631	-67.823059	144.913483	0.000000	0.000000	3.750000	317.785095	-597.916931
709	-555.972900	-871.231384	-65.617371	-125.929718	0.000000	0.000000	3.750000	457.404175	1192.225952
710	691.159851	265.814941	112.919067	46.187065	0.000000	0.000000	3.750000	-966.869324	-295.754791
711	840.639404	551.164734	115.434189	79.214134	0.000000	0.000000	3.750000	-948.857239	-489.350128
712	731.602356	79.577942	130.791199	37.277931	0.000000	0.000000	3.750000	-972.468994	-226.607742
713	69.399849	308.153900	67.739410	127.062683	0.000000	0.000000	3.750000	-219.350418	-223.449036
714	-508.862030	253.171829	-90.084686	59.570999	0.000000	0.000000	3.750000	799.823364	-402.435760
715	74.175041	909.589783	27.987244	147.365021	0.000000	0.000000	3.750000	-37.083458	-915.086182
716	900.703430	-425.020416	155.017929	-59.374050	0.000000	0.000000	3.750000	-1156.748779	306.093140
717	-778.437500	10.733446	-134.363098	21.036366	0.000000	0.000000	3.750000	798.871948	-77.873604
718	316.159027	815.715149	64.568520	108.198410	0.000000	0.000000	3.750000	-520.507935	-980.914734
719	-867.415955	122.445793	-132.193924	31.948568	0.000000	0.000000	3.750000	949.728455	-146.063721
720	479.209015	-715.416870	89.276443	-102.594894	0.000000	0.000000	3.750000	-409.144653	454.591858
721	332.819061	-817.180237	73.909622	-111.773537	0.000000	0.000000	3.750000	-524.658081	978.513977
722	214.142441	-515.437805	64.682198	-139.757690	0.000000	0.000000	3.750000	-319.569336	697.554810
723	984.519836	-947.785706	126.792793	-119.162033	0.000000	0.000000	3.750000	-920.937744	846.938782
724	689.411560	-468.356201	114.997986	-72.604797	0.000000	0.000000	3.750000	-926.515442	618.665588
725	-995.171814	503.175842	-125.532684	89.204773	0.000000	0.000000	3.750000	1024.680420	-603.970398
726	647.753296	-885.720215	98.027695	-110.880600	0.000000	0.000000	3.750000	-718.281250	1020.846619
727	216.710114	629.142761	54.879059	106.715355	0.000000	0.000000	3.750000	-243.830261	-729.541260
728	222.305038	-366.450439	66.528091	-104.642044	0.000000	0.000000	3.750000	-344.720093	679.721741
729	-88.190315	707.189209	-8.141558	129.744781	0.000000	0.000000	3.750000	63.786049	-884.549500
730	721.059509	-860.173584	110.520996	-104.350845	0.000000	0.000000	3.750000	-867.768860	756.108948
731	247.687180	442.477631	55.197090	78.544746	0.000000	0.000000	3.750000	-355.967346	-569.182373
732	-220.973618	842.829590	-32.432888	146.450989	0.000000	0.000000	3.750000	54.635704	-491.155853
733	-170.623825	-568.370300	-31.493176	-119.933884	0.000000	0.000000	3.750000	126.664986	686.460693
734	709.834351	56.099236	133.318573	13.495174	0.000000	0.000000	3.750000	-649.682617	-16.774084
735	475.916779	328.387085	94.663666	86.155563	0.000000	0.000000	3.750000	-788.191956	-665.282776
736	151.879044	217.546844	118.187210	75.016029	0.000000	0.000000	3.750000	-139.038910	-21.220425
737	504.023315	-621.545593	107.917305	-92.292221	0.000000	0.000000	3.750000	-651.480713	537.965210
738	578.231018	687.180542	105.219559	95.356400	0.000000	0.000000	3.750000	-728.600891	-680.717529
739	-617.170044	423.375458	-98.625023	107.652161	0.000000	0.000000	3.750000	538.750916	-483.637512
740	-905.635620	-352.030090	-136.668213	-51.356091	0.000000	0.000000	3.750000	1147.362305	172.727188
741	76.995056	891.559570	19.366596	128.548126	0.000000	0.000000	3.750000	23.823034	-731.020996
742	-293.898193	-660.345764	-63.344109	-133.758041	0.000000	0.000000	3.750000	390.641388	607.244080
743	479.342010	-992.922485	70.193130	-134.819931	0.000000	0.000000	3.750000	-205.438370	665.626221
744	-22.578619	-647.387085	-13.262213	-141.379303	0.000000	0.000000	3.750000	54.180729	696.528137
745	705.821960	-195.172058	140.115570	-23.054638	0.000000	0.000000	3.750000	-880.179199	49.873398
746	-615.279480	449.512543	-130.575165	73.809090	0.000000	0.000000	3.750000	607.966309	-80.780998
747	-270.299835	396.799347	-93.342430	90.480530	0.000000	0.000000	3.750000	506.270447	-303.322021
748	-46.469284	692.800476	28.432619	157.453217	0.000000	0.000000	3.750000	-27.552158	-384.432709
749	684.318359	63.990192	134.003571	-23.216137	0.000000	0.000000	3.750000	-882.331421	84.588272
750	-420.373230	221.189499	-108.519440	75.147919	0.000000	0.000000	3.750000	597.002930	-266.005829
751	-547.369019	665.738953	-88.086182	108.815552	0.000000	0.000000	3.750000	607.390015	-758.509338
752	-576.314270	-1004.610535	-73.570282	-144.330353	0.000000	0.000000	3.750000	381.258362	1096.037231
753	-735.364075	-920.848755	-111.931488	-122.585602	0.000000	0.000000	3.750000	957.088501	1322.283203
754	530.913696	-60.907524	105.089752	-38.729855	0.000000	0.000000	3.750000	-597.282104	110.895020
755	709.094116	674.874023	99.373611	104.215561	0.000000	0.000000	3.750000	-658.413086	-682.871216
756	318.387634	-257.005066	122.713211	-58.629673	0.000000	0.000000	3.750000	-479.563538	254.921005
757	634.843262	-863.383423	85.524902	-123.229355	0.000000	0.000000	3.750000	-751.101135	1199.433838
758	219.456604	-40.187092	134.285339	39.590199	0.000000	0.000000	3.750000	-219.755844	-48.586525
759	-665.575073	-607.437134	-84.528481	-87.971222	0.000000	0.000000	3.750000	774.404358	826.746765
760	422.616516	981.725342	68.452103	126.689064	0.000000	0.000000	3.750000	-458.580811	-1340.258789
761	32.306919	-775.848022	10.406176	-127.575958	0.000000	0.000000	3.750000	23.367054	998.249146
762	209.708252	711.200989	37.089848	120.417297	0.000000	0.000000	3.750000	-223.664261	-874.340393
763	536.606262	-743.794189	90.944626	-134.063385	0.000000	0.000000	3.750000	-458.489288	832.440979
764	-28.834026	314.510742	66.960266	136.446609	0.000000	0.000000	3.750000	-29.166014	-496.893921
765	67.598129	722.796997	33.835186	139.968445	0.000000	0.000000	3.750000	-190.710663	-912.534485
766	-629.104004	637.664734	-91.873276	118.571915	0.000000	0.000000	3.750000	492.702942	-637.118042
767	509.879822	79.365082	135.942673	23.740011	0.000000	0.000000	3.750000	-582.884827	-102.648636
768	474.157349	529.487183	81.515884	96.078903	0.000000	0.000000	3.750000	-615.780212	-708.100586
769	191.317505	60.492603	107.394363	73.254868	0.000000	0.000000	3.750000	-82.437538	-28.292061
770	-746.909485	26.717285	-151.595932	-27.097635	0.000000	0.000000	3.750000	842.061218	15.811332
771	-71.520844	805.297607	-23.516525	131.920319	0.000000	0.000000	3.750000	97.018211	-733.183716
772	846.322754	-524.749878	115.869308	-95.259117	0.000000	0.000000	3.750000	-750.721497	582.198120
773	-865.035034	-33.604073	-131.783813	-7.550097	0.000000	0.000000	3.750000	1237.821777	-5.806467
774	375.903534	-678.412476	64.605774	-98.742378	0.000000	0.000000	3.750000	-498.519867	944.120239
775	79.402344	-99.858589	151.142731	29.505188	0.000000	0.000000	3.750000	-209.600952	-16.023830
776	-702.350891	-746.508789	-103.180145	-100.448227	0.000000	0.000000	3.750000	840.522949	730.272278
777	146.458832	585.877319	43.515060	143.547668	0.000000	0.000000	3.750000	-59.404881	-340.792908
778	1014.717651	-399.137604	154.195343	-66.689171	0.000000	0.000000	3.750000	-1170.089355	273.296082
779	630.501160	207.849213	147.914185	5.039398	0.000000	0.000000	3.750000	-806.352905	-23.004019
780	827.576172	-16.535971	149.939926	-24.939465	0.000000	0.000000	3.750000	-1130.503662	114.944466
781	-421.613892	-362.524689	-61.459423	-105.388466	0.000000	0.000000	3.750000	384.197449	588.482910
782	-499.903320	-772.738708	-73.744102	-111.882683	0.000000	0.000000	3.750000	491.666412	998.469177
783	513.286560	796.996582	64.724747	119.610367	0.000000	0.000000	3.750000	-456.017670	-1151.207153
784	681.039795	-220.374619	120.743896	-42.484226	0.000000	0.000000	3.750000	-657.378784	221.063431
785	10.253935	-830.948303	14.564560	-129.181503	0.000000	0.000000	3.750000	-58.050182	1005.765564
786	328.083099	841.686584	65.579300	98.098511	0.000000	0.000000	3.750000	-517.346863	-995.765076
787	863.324036	291.989197	125.282852	41.571243	0.000000	0.000000	3.750000	-1114.235352	-258.898315
788	-594.034546	966.550415	-85.136673	135.468277	0.000000	0.000000	3.750000	577.441528	-1207.342896
789	-586.135254	693.489441	-82.829468	100.196144	0.000000	0.000000	3.750000	692.053589	-921.742188
790	-749.487061	471.907288	-129.642334	67.145569	0.000000	0.000000	3.750000	872.714783	-274.327209
791	-156.791946	-586.011169	-20.188261	-134.493088	0.000000	0.000000	3.750000	66.062508	718.083740
792	670.220703	-1025.809448	91.287369	-141.033936	0.000000	0.000000	3.750000	-641.037415	1149.516235
793	842.110718	313.551392	119.745026	76.322388	0.000000	0.000000	3.750000	-943.192017	-524.117371
794	-395.812500	414.163666	-69.893692	102.424393	0.000000	0.000000	3.750000	350.285614	-686.309326
795	-451.349365	-458.565735	-80.531670	-88.964272	0.000000	0.000000	3.750000	570.782593	653.588806
796	-654.715942	301.022156	-122.543419	43.394775	0.000000	0.000000	3.750000	747.089966	-251.342407
797	-299.926727	-270.180359	-40.439735	-158.933411	0.000000	0.000000	3.750000	37.850101	305.834961
798	96.088516	-551.130798	71.047180	-127.546394	0.000000	0.000000	3.750000	-298.534637	772.588196
799	-465.203278	111.620476	-160.617828	21.114010	0.000000	0.000000	3.750000	505.354095	-93.316589
800	109.225540	1003.143799	35.865700	149.765259	0.000000	0.000000	3.750000	-190.668884	-1000.154053
801	112.960098	-164.496918	98.196136	-91.177399	0.000000	0.000000	3.750000	-258.373444	200.747513
802	768.220459	117.470901	140.762848	30.361172	0.000000	0.000000	3.750000	-1001.947693	-167.024445
803	-688.183594	-640.075439	-86.507904	-88.839050	0.000000	0.000000	3.750000	750.652100	720.672424
804	13.532228	-585.340637	34.802559	-135.604874	0.000000	0.000000	3.750000	-102.441879	673.885071
805	-865.367310	271.869324	-123.807114	45.779358	0.000000	0.000000	3.750000	1134.198730	-302.277313
806	849.508423	-93.891678	147.452118	-12.722651	0.000000	0.000000	3.750000	-1326.216431	66.412888
807	667.724915	338.946106	106.689819	63.192402	0.000000	0.000000	3.750000	-826.814819	-458.494202
808	24.750904	565.857178	-7.673039	123.762207	0.000000	0.000000	3.750000	95.563393	-770.411987
809	-102.633469	633.344116	-3.416218	145.959991	0.000000	0.000000	3.750000	7.223957	-1249.150513
810	198.231812	519.882080	28.750097	130.879425	0.000000	0.000000	3.750000	-183.130112	-721.635803
811	-817.832153	475.714844	-121.254944	65.882133	0.000000	0.000000	3.750000	333.784790	-181.213028
812	-280.154053	109.048195	-127.379723	25.966164	0.000000	0.000000	3.750000	635.103882	-184.934662
813	-626.419800	-822.386047	-86.394287	-110.163315	0.000000	0.000000	3.750000	630.080811	1046.086060
814	399.113495	-76.732727	107.829254	-6.070361	0.000000	0.000000	3.750000	-439.705475	23.321663
815	-12.607101	-249.837433	40.171097	-119.419174	0.000000	0.000000	3.750000	-192.570099	284.376068
816	-376.087494	-747.122070	-43.630836	-141.422394	0.000000	0.000000	3.750000	232.654419	710.550171
817	424.496826	-417.173828	101.852982	-90.121933	0.000000	0.000000	3.750000	-676.949890	556.889038
818	396.364136	740.815186	82.016174	125.591965	0.000000	0.000000	3.750000	-368.048035	-558.548706
819	-343.109680	-453.522247	-84.988503	-103.598969	0.000000	0.000000	3.750000	394.413971	382.680389
820	-924.895203	-376.319946	-147.297928	-51.370537	0.000000	0.000000	3.750000	1195.828613	161.172333
821	836.519653	724.320618	98.301865	96.854233	0.000000	0.000000	3.750000	-938.239075	-884.614380
822	543.603271	636.755249	91.994537	110.783592	0.000000	0.000000	3.750000	-648.224854	-796.085571
823	298.679474	-388.842499	82.753441	-86.899551	0.000000	0.000000	3.750000	-273.947784	449.168365
824	401.350037	-423.937317	63.495316	-115.724472	0.000000	0.000000	3.750000	-235.173126	631.645691
825	-753.215332	-584.162231	-119.673431	-80.088913	0.000000	0.000000	3.750000	1026.194214	580.398926
826	838.587830	-634.762512	120.937042	-92.077148	0.000000	0.000000	3.750000	-1084.321289	714.925415
827	819.256409	-232.391541	128.934448	-43.262913	0.000000	0.000000	3.750000	-1161.438477	161.144806
828	316.633331	-782.432678	54.559944	-126.756378	0.000000	0.000000	3.750000	-312.206238	868.036682
829	-374.262573	-122.011772	-111.555351	-66.746216	0.000000	0.000000	3.750000	409.486176	171.077744
830	118.561150	941.542297	27.691713	131.107483	0.000000	0.000000	3.750000	-136.305664	-784.338989
831	402.311096	886.176025	62.680756	111.602478	0.000000	0.000000	3.750000	-392.734039	-833.743286
832	-797.194824	165.351852	-125.671646	9.090540	0.000000	0.000000	3.750000	1065.418335	-74.727951
833	-501.058258	462.365051	-94.859901	105.667130	0.000000	0.000000	3.750000	618.918823	-594.136230
834	-388.045471	273.166504	-105.037399	65.899872	0.000000	0.000000	3.750000	487.092987	-223.973099
835	-740.941345	-120.583122	-126.160324	-21.622791	0.000000	0.000000	3.750000	926.868652	94.323799
836	681.801270	-750.121948	92.854996	-96.612350	0.000000	0.000000	3.750000	-738.570923	823.170776
837	-296.824890	511.461639	-58.757896	135.836182	0.000000	0.000000	3.750000	230.531601	-579.191467
838	691.310486	-535.752563	91.179123	-84.037796	0.000000	0.000000	3.750000	-777.101318	616.538940
839	-932.343506	100.546700	-135.335800	26.984581	0.000000	0.000000	3.750000	1156.898315	-123.771950
840	-325.480988	-772.493958	-69.156723	-135.356110	0.000000	0.000000	3.750000	456.950348	1134.122803
841	547.203430	-484.812347	103.246185	-75.658539	0.000000	0.000000	3.750000	-728.795898	480.312042
842	-505.762817	845.059692	-96.572441	117.378693	0.000000	0.000000	3.750000	581.693909	-669.143005
843	223.789764	891.069702	35.272308	147.850800	0.000000	0.000000	3.750000	-226.519180	-1032.488525
844	748.839050	852.012756	95.107193	113.395538	0.000000	0.000000	3.750000	-652.844971	-1006.719971
845	-266.982239	-15.754740	-135.525818	-11.344160	0.000000	0.000000	3.750000	823.430847	26.373590
846	770.538574	-724.048828	109.354706	-105.572472	0.000000	0.000000	3.750000	-812.010254	785.401306
847	-33.716995	948.315857	-9.443007	129.656281	0.000000	0.000000	3.750000	-16.817158	-845.257080
848	380.539032	438.529236	88.868500	125.767685	0.000000	0.000000	3.750000	-181.908798	-341.864075
849	509.780701	-709.266541	55.223595	-111.023041	0.000000	0.000000	3.750000	-187.674377	870.645325
850	-299.770599	624.755432	-65.247864	100.710938	0.000000	0.000000	3.750000	378.475647	-689.523132
851	-129.575119	-565.843201	-23.576820	-140.029053	0.000000	0.000000	3.750000	151.351959	858.931580
852	627.869751	705.235718	95.358879	88.355255	0.000000	0.000000	3.750000	-883.343506	-685.135193
853	873.959106	498.511627	121.835716	84.023712	0.000000	0.000000	3.750000	-1057.902710	-565.158447
854	739.523010	708.369629	94.065422	95.434242	0.000000	0.000000	3.750000	-860.008301	-829.630249
855	-139.495880	-529.853333	-58.191147	-146.890213	0.000000	0.000000	3.750000	301.263733	455.519775
856	-889.507446	-387.772888	-118.285706	-74.889206	0.000000	0.000000	3.750000	1023.792786	469.995392
857	-167.569412	-246.267792	12.296691	-147.425812	0.000000	0.000000	3.750000	0.881423	111.806900
858	-742.569885	-631.814453	-101.962059	-80.644958	0.000000	0.000000	3.750000	866.093750	454.843933
859	-465.726501	901.812256	-72.236496	126.877457	0.000000	0.000000	3.750000	521.586609	-909.114502
860	-831.426086	131.725937	-137.050873	37.162453	0.000000	0.000000	3.750000	1128.852051	-267.058441
861	-205.647217	957.934021	-24.628347	133.751404	0.000000	0.000000	3.750000	181.068848	-1170.470581
862	401.140686	943.438843	84.235229	138.377045	0.000000	0.000000	3.750000	-480.533478	-1105.444824
863	894.781860	-66.333603	147.017761	-38.593651	0.000000	0.000000	3.750000	-1185.497925	110.182945
864	155.912262	419.370972	60.719547	126.147263	0.000000	0.000000	3.750000	-212.991943	-376.662567
865	-303.919403	702.648743	-28.155258	114.591797	0.000000	0.000000	3.750000	210.386032	-951.533142
866	-20.009424	650.542236	0.544858	133.998901	0.000000	0.000000	3.750000	4.309844	-907.732117
867	-702.784058	-236.987167	-124.816872	-36.339836	0.000000	0.000000	3.750000	1066.028076	130.398865
868	398.449158	-872.978943	61.642216	-134.551636	0.000000	0.000000	3.750000	-375.152313	1181.340942
869	-598.233398	338.999084	-130.357742	70.077042	0.000000	0.000000	3.750000	869.318665	-376.567963
870	-871.600220	84.204933	-123.803711	23.422001	0.000000	0.000000	3.750000	1171.791382	-98.140747
871	556.939880	-713.224976	85.077477	-84.627556	0.000000	0.000000	3.750000	-903.450867	902.433716
872	706.264343	-129.236252	141.921814	-24.369564	0.000000	0.000000	3.750000	-899.873291	-24.765604
873	-173.420105	1012.700134	-46.641853	177.990265	0.000000	0.000000	3.750000	224.119324	-818.079407
874	91.095932	417.937531	48.266273	127.145927	0.000000	0.000000	3.750000	-75.632690	-459.966461
875	488.122925	360.938293	122.127937	72.447708	0.000000	0.000000	3.750000	-587.735168	-429.618439
876	-551.506409	-585.163513	-79.587662	-115.177261	0.000000	0.000000	3.750000	453.061981	685.249207
877	300.226898	-885.542664	37.682610	-126.506462	0.000000	0.000000	3.750000	-160.569885	1211.026978
878	-789.290710	175.113251	-133.258484	27.168753	0.000000	0.000000	3.750000	1066.672485	-133.227936
879	-88.786079	355.670715	-90.030342	114.925667	0.000000	0.000000	3.750000	378.956665	-240.539291
880	-444.276733	895.364624	-99.262634	130.548401	0.000000	0.000000	3.750000	472.173157	-684.604980
881	-37.822083	535.548828	9.497704	117.616592	0.000000	0.000000	3.750000	23.080885	-618.218506
882	308.293945	294.199982	111.779617	84.289429	0.000000	0.000000	3.750000	-469.257629	-227.874298
883	-681.749573	-291.225342	-127.078812	-48.442204	0.000000	0.000000	3.750000	772.406494	146.313431
884	322.249298	-292.593536	88.120163	-84.371643	0.000000	0.000000	3.750000	-408.304077	273.567108
885	-890.814941	232.017120	-139.569748	49.236736	0.000000	0.000000	3.750000	1212.729004	-332.757629
886	698.728699	663.279297	88.552597	92.425293	0.000000	0.000000	3.750000	-828.961731	-894.555054
887	548.695923	439.288025	104.253769	113.345139	0.000000	0.000000	3.750000	-552.182251	-663.030090
888	-175.004181	-611.470398	-38.320553	-136.731598	0.000000	0.000000	3.750000	260.216156	1079.386108
889	145.772064	771.516846	27.564754	116.791092	0.000000	0.000000	3.750000	-170.966736	-1067.557739
890	653.794312	-216.563583	127.527344	-47.251762	0.000000	0.000000	3.750000	-730.164490	215.898224
891	250.337372	-736.119995	45.519695	-145.023956	0.000000	0.000000	3.750000	-327.164368	1174.766113
892	147.670059	-391.135895	33.605984	-125.581177	0.000000	0.000000	3.750000	-122.881950	543.277527
893	-873.064514	255.353271	-155.362244	45.897408	0.000000	0.000000	3.750000	1163.613281	-354.978180
894	752.470337	-104.581490	135.997650	-0.798884	0.000000	0.000000	3.750000	-910.322510	-1.668573
895	-447.289490	-507.227448	-65.457947	-98.179695	0.000000	0.000000	3.750000	489.257416	817.217896
896	-316.254822	544.449890	-71.499863	98.851753	0.000000	0.000000	3.750000	350.784607	-644.614014
897	656.794556	822.017944	97.357208	106.101700	0.000000	0.000000	3.750000	-728.752136	-835.218872
898	-237.206848	-945.053040	-36.912445	-161.843521	0.000000	0.000000	3.750000	141.223663	1054.309448
899	-356.436829	-895.640747	-59.179836	-144.337753	0.000000	0.000000	3.750000	221.029037	1139.293213
900	-146.235382	-323.355133	-69.410027	-116.939827	0.000000	0.000000	3.750000	178.761597	183.000687
901	441.856323	-289.392487	107.825150	-68.976288	0.000000	0.000000	3.750000	-517.717407	310.446442
902	-296.269043	-124.481720	-145.971588	-24.419102	0.000000	0.000000	3.750000	525.875427	69.521988
903	-624.810547	351.009705	-109.752258	61.890228	0.000000	0.000000	3.750000	429.144226	-240.677231
904	211.248444	437.350708	66.670044	127.636551	0.000000	0.000000	3.750000	-303.546936	-618.792480
905	384.324280	-44.711136	138.537781	-46.078175	0.000000	0.000000	3.750000	-307.953827	120.611603
906	-791.696655	-420.371582	-131.010651	-64.436813	0.000000	0.000000	3.750000	817.754761	285.003998
907	81.973724	304.786804	29.411072	138.905869	0.000000	0.000000	3.750000	159.854126	-328.062653
908	147.753021	261.376099	69.765793	125.970627	0.000000	0.000000	3.750000	-169.062408	-350.453247
909	-414.253387	-186.105621	-130.037888	-32.343842	0.000000	0.000000	3.750000	823.415222	174.330383
910	-617.244873	14.217272	-132.939438	16.823193	0.000000	0.000000	3.750000	947.051208	-24.348642
911	172.750381	-76.072693	112.852501	-79.418991	0.000000	0.000000	3.750000	-297.229492	131.151291
912	-315.378937	-59.623383	-131.995819	0.588232	0.000000	0.000000	3.750000	497.811157	-100.512627
913	-138.103851	412.453949	-54.387718	111.434593	0.000000	0.000000	3.750000	245.643143	-360.015442
914	147.265305	543.392334	48.178879	142.051147	0.000000	0.000000	3.750000	-154.070114	-348.424591
915	603.046082	707.498108	66.496117	111.705978	0.000000	0.000000	3.750000	-494.930298	-1058.861694
916	-898.211609	101.684357	-141.914673	4.921045	0.000000	0.000000	3.750000	1435.576904	-0.110652
917	-177.023056	-242.179871	-97.569138	-76.519043	0.000000	0.000000	3.750000	451.973175	166.439240
918	787.412292	-191.924164	117.585396	-9.882969	0.000000	0.000000	3.750000	-1357.076416	77.057434
919	-773.234619	187.716370	-118.357407	29.588371	0.000000	0.000000	3.750000	933.130554	-119.174248
920	-531.920044	586.358765	-97.058243	83.448761	0.000000	0.000000	3.750000	739.675049	-606.462952
921	-897.832581	-329.155731	-137.396545	-60.183548	0.000000	0.000000	3.750000	883.788940	261.753082
922	-878.242371	318.416199	-133.526581	25.818033	0.000000	0.000000	3.750000	1087.471924	-84.527306
923	885.874268	277.601105	123.447403	40.750744	0.000000	0.000000	3.750000	-1170.701172	-211.420242
924	-456.333191	-483.116486	-104.372437	-93.307762	0.000000	0.000000	3.750000	658.377625	491.512909
925	-703.890869	-275.555664	-112.430618	-35.823616	0.000000	0.000000	3.750000	1046.005981	238.504395
926	590.174072	369.295563	121.420654	73.605164	0.000000	0.000000	3.750000	-220.901657	-107.877007
927	605.369873	-640.076294	92.861664	-110.057747	0.000000	0.000000	3.750000	-603.198669	747.159241
928	-685.176758	-597.046814	-112.608505	-107.959824	0.000000	0.000000	3.750000	824.791138	772.158325
929	566.529724	680.204895	108.931160	78.038239	0.000000	0.000000	3.750000	-823.734863	-496.633484
930	603.668274	344.417847	103.407547	37.507980	0.000000	0.000000	3.750000	-828.261414	-211.680573
931	417.322815	895.563843	67.512650	131.703018	0.000000	0.000000	3.750000	-336.710968	-1406.209351
932	-544.388367	-720.207153	-82.736328	-102.852768	0.000000	0.000000	3.750000	720.419617	983.672607
933	-326.570892	-619.040405	-54.584232	-122.378487	0.000000	0.000000	3.750000	277.646149	825.529419
934	20.920893	-200.189560	70.372421	-111.650009	0.000000	0.000000	3.750000	-74.153427	62.556061
935	544.071472	581.947754	107.684280	98.590546	0.000000	0.000000	3.750000	-687.282837	-618.767273
936	-436.838287	586.716003	-85.756783	83.939034	0.000000	0.000000	3.750000	720.819397	-638.435242
937	-931.979797	-288.718201	-131.475189	-63.483932	0.000000	0.000000	3.750000	1188.801514	433.706360
938	-147.981369	-815.598999	-29.281870	-122.550201	0.000000	0.000000	3.750000	190.944122	1123.332764
939	753.850830	288.359283	124.087387	31.405190	0.000000	0.000000	3.750000	-1007.889404	-172.605637
940	-404.172516	-778.076782	-61.350075	-119.130463	0.000000	0.000000	3.750000	374.596069	1100.860107
941	679.006226	-630.587158	88.803802	-80.708481	0.000000	0.000000	3.750000	-963.585510	703.808960
942	400.418243	473.150787	77.938820	104.045593	0.000000	0.000000	3.750000	-412.433655	-678.562500
943	-659.534058	727.303345	-93.962692	124.527115	0.000000	0.000000	3.750000	494.319885	-644.977051
944	756.776550	-769.798218	103.868576	-93.868317	0.000000	0.000000	3.750000	-914.375793	656.861572
945	361.857910	840.622192	57.048187	138.727386	0.000000	0.000000	3.750000	-251.230682	-1004.505737
946	389.333374	-172.682983	129.342285	-58.597298	0.000000	0.000000	3.750000	-222.508011	160.754868
947	513.525574	576.914246	90.269753	87.905457	0.000000	0.000000	3.750000	-661.585327	-671.300720
948	18.681349	-558.568054	-2.564817	-139.976501	0.000000	0.000000	3.750000	12.467954	749.138184
949	-807.927124	-744.872864	-98.575737	-93.695358	0.000000	0.000000	3.750000	976.085327	968.125916
950	385.697876	499.530640	74.039932	135.033447	0.000000	0.000000	3.750000	-315.217224	-662.215027
951	715.563171	754.504456	94.928665	121.262299	0.000000	0.000000	3.750000	-574.491028	-756.792114
952	2.882967	710.100464	29.493969	140.947174	0.000000	0.000000	3.750000	-192.672913	-897.760620
953	-771.757507	813.763916	-100.922562	116.321259	0.000000	0.000000	3.750000	830.648193	-999.593933
954	588.996216	-760.424622	71.345116	-108.673004	0.000000	0.000000	3.750000	-512.722656	985.172668
955	198.039078	-1042.169678	20.236677	-170.805298	0.000000	0.000000	3.750000	-144.277328	1125.441772
956	-810.980774	132.661057	-129.584656	10.382996	0.000000	0.000000	3.750000	877.122620	-52.007668
957	-782.877930	726.014038	-113.663818	88.410912	0.000000	0.000000	3.750000	980.179260	-645.631165
958	-321.662109	-332.843323	-90.272583	-99.027176	0.000000	0.000000	3.750000	489.718781	360.853424
959	408.760956	-413.398224	109.880806	-93.070717	0.000000	0.000000	3.750000	-613.286621	457.504303
960	-345.045258	-318.089874	-96.098862	-84.547119	0.000000	0.000000	3.750000	441.785065	205.260483
961	-632.907715	-889.911865	-83.709160	-136.354767	0.000000	0.000000	3.750000	469.682068	1069.941772
962	393.405518	-724.439636	75.972946	-105.489822	0.000000	0.000000	3.750000	-550.658691	830.420959
963	801.561462	-392.662354	126.316620	-64.869568	0.000000	0.000000	3.750000	-915.419128	372.834473
964	-399.079071	887.680908	-53.808784	131.409760	0.000000	0.000000	3.750000	607.057800	-2117.558350
965	-316.841858	990.844727	-51.149940	132.467163	0.000000	0.000000	3.750000	277.151245	-1177.664429
966	431.679169	-770.542053	61.595089	-125.721741	0.000000	0.000000	3.750000	-334.083649	953.420959
967	629.776428	-485.302307	116.455719	-88.057129	0.000000	0.000000	3.750000	-688.989868	489.552216
968	484.028625	727.667542	78.090118	85.778397	0.000000	0.000000	3.750000	-747.520386	-846.761292
969	-543.871155	470.258759	-126.411011	80.746918	0.000000	0.000000	3.750000	757.365906	-349.128021
970	776.040527	527.190674	117.274948	64.826996	0.000000	0.000000	3.750000	-1085.836548	-471.016937
971	404.859314	-795.452332	65.395218	-121.521240	0.000000	0.000000	3.750000	-1048.834717	2556.262207
972	-309.556030	663.302185	-66.808746	118.459213	0.000000	0.000000	3.750000	441.523438	-841.842590
973	578.934082	328.349457	137.576828	48.872692	0.000000	0.000000	3.750000	-932.775574	-236.848160
974	-531.824768	35.030609	-130.340118	20.863869	0.000000	0.000000	3.750000	464.460510	-84.914284
975	929.097046	41.427399	143.597900	10.753828	0.000000	0.000000	3.750000	-1035.820190	-69.312927
976	747.550720	-484.477722	100.250900	-76.326645	0.000000	0.000000	3.750000	-807.787415	601.621765
977	136.758560	470.746094	51.677925	117.103905	0.000000	0.000000	3.750000	-228.441040	-430.331909
978	-341.945526	9.002544	-145.527344	11.738443	0.000000	0.000000	3.750000	707.328125	-52.436050
979	783.368164	129.465378	121.673332	23.907587	0.000000	0.000000	3.750000	-1242.861572	-138.592026
980	-279.354492	-302.853668	-25.453798	-109.067932	0.000000	0.000000	3.750000	16.971033	339.804962
981	246.034668	-692.512268	28.675755	-155.375610	0.000000	0.000000	3.750000	-77.740585	913.696838
982	-177.626831	-89.925995	-80.047348	-99.872131	0.000000	0.000000	3.750000	280.758698	174.956955
983	26.686749	-468.444611	-41.956032	-116.685928	0.000000	0.000000	3.750000	265.431427	543.818359
984	-424.764771	322.315002	-117.208298	76.563812	0.000000	0.000000	3.750000	769.340454	-337.690918
985	830.067017	-305.290070	120.444839	-58.728340	0.000000	0.000000	3.750000	-993.875244	362.281281
986	-286.407013	431.910797	-55.437363	113.147491	0.000000	0.000000	3.750000	308.036682	-417.675659
987	-385.816040	438.777466	-98.957558	99.030640	0.000000	0.000000	3.750000	382.906494	-269.642334
988	234.932358	-676.239136	31.641605	-130.210266	0.000000	0.000000	3.750000	-103.444077	725.834900
989	-329.039215	506.709808	-81.735321	111.190536	0.000000	0.000000	3.750000	415.162415	-581.684631
990	493.357178	-472.932831	84.495743	-98.793915	0.000000	0.000000	3.750000	-449.386322	778.010925
991	-450.472473	205.398285	-105.959000	68.180145	0.000000	0.000000	3.750000	452.190033	-204.683762
992	-183.537872	798.320618	-23.633656	135.961029	0.000000	0.000000	3.750000	105.955009	-1112.527100
993	-430.467987	474.891205	-73.536819	102.314888	0.000000	0.000000	3.750000	259.563904	-346.407257
994	-302.085449	-314.912750	-65.004395	-103.237900	0.000000	0.000000	3.750000	262.666351	302.081604
995	-564.446533	711.158691	-66.855499	125.276825	0.000000	0.000000	3.750000	405.454773	-963.842407
996	224.108795	561.990784	48.283363	116.381042	0.000000	0.000000	3.750000	-201.510071	-875.494934
997	-638.267395	-586.715332	-81.152649	-74.257927	0.000000	0.000000	3.750000	1291.629272	1034.733398
998	-560.403137	-186.014191	-134.448120	-31.105476	0.000000	0.000000	3.750000	718.995483	87.907349
999	-253.402863	-0.665004	-144.437592	40.469189	0.000000	0.000000	3.750000	788.483643	-249.508469
