node	a_force.x	a_force.y	g_force.x	g_force.y	r_force.x	r_force.y	global_speed	move_node.x	move_node.y
0	-554.346680	-206.131470	-71.458618	-31.267515	0.000000	0.000000	3.750000	902.011108	269.178894
1	-213.454163	-459.057068	-35.285034	-62.761162	0.000000	0.000000	3.750000	338.930817	747.945740
2	-205.754959	345.864990	-27.733883	62.087288	0.000000	0.000000	3.750000	211.354233	-488.623474
3	59.656792	-380.432465	29.257206	-87.223755	0.000000	0.000000	3.750000	-268.840546	555.632080
4	-55.093594	-311.815155	-5.522880	-77.804222	0.000000	0.000000	3.750000	54.135098	589.792603
5	477.988464	203.363922	84.737297	23.739908	0.000000	0.000000	3.750000	-607.714905	-118.917267
6	-475.100220	-3.016270	-81.737572	6.554961	0.000000	0.000000	3.750000	781.989746	-33.148907
7	476.635193	181.705505	81.305481	21.104456	0.000000	0.000000	3.750000	-678.355530	-65.316238
8	-570.648071	636.355469	-70.710541	84.260918	0.000000	0.000000	3.750000	173.603851	-284.055023
9	255.399658	328.439819	47.968136	48.198067	0.000000	0.000000	3.750000	-456.198853	-388.182281
10	403.292725	-45.471340	82.120102	-25.539791	0.000000	0.000000	3.750000	-748.044373	157.217712
11	284.937653	107.989624	72.587402	28.547619	0.000000	0.000000	3.750000	-310.566162	-238.428406
12	-274.824463	-161.264893	-60.340229	-35.482944	0.000000	0.000000	3.750000	305.281219	236.185776
13	225.490875	-87.680984	57.944195	-35.586914	0.000000	0.000000	3.750000	-319.824738	100.946266
14	207.015549	192.963898	67.020699	50.638054	0.000000	0.000000	3.750000	-374.583130	-334.058655
15	176.203659	232.393356	51.838974	63.535122	0.000000	0.000000	3.750000	-283.793121	-400.818420
16	473.141479	497.298828	69.251083	63.563225	0.000000	0.000000	3.750000	-673.284424	-560.536804
17	234.042419	-291.816772	41.314667	-48.878311	0.000000	0.000000	3.750000	-285.249878	442.851471
18	243.685791	-210.079071	51.029015	-41.857368	0.000000	0.000000	3.750000	-350.027985	288.995209
19	-155.422974	-244.739319	-6.149538	-61.694267	0.000000	0.000000	3.750000	28.161766	375.364838
20	-60.067104	-240.125031	-6.266964	-75.741005	0.000000	0.000000	3.750000	88.920280	380.413361
21	337.124268	193.578461	81.952927	32.058029	0.000000	0.000000	3.750000	-494.440308	-186.794205
22	348.461456	254.917084	68.894089	40.664436	0.000000	0.000000	3.750000	-485.004517	-353.795074
23	-335.100769	386.458069	-46.259190	70.114731	0.000000	0.000000	3.750000	447.836761	-938.234619
24	135.061279	-424.762695	24.227306	-59.237118	0.000000	0.000000	3.750000	-230.263596	698.188293
25	194.053802	94.580536	84.112350	17.919590	0.000000	0.000000	3.750000	-469.197144	-88.712952
26	-73.215660	-106.394226	-84.544968	-30.837032	0.000000	0.000000	3.750000	132.345901	-24.862837
27	-475.442078	221.236694	-85.930573	32.862366	0.000000	0.000000	3.750000	883.857300	-281.767761
28	248.812225	501.323792	46.137081	65.355675	0.000000	0.000000	3.750000	-378.710876	-675.501343
29	602.552612	-90.773399	97.903275	-4.352925	0.000000	0.000000	3.750000	-885.777161	19.861811
30	12.171668	101.637909	35.702408	62.524677	0.000000	0.000000	3.750000	-135.199020	-203.291977
31	-468.211731	-40.770782	-95.766022	-6.698278	0.000000	0.000000	3.750000	473.559814	56.289669
32	-34.995415	274.924377	-1.558113	51.976646	0.000000	0.000000	3.750000	5.822777	-566.153931
33	252.898834	-309.895142	47.971226	-56.344891	0.000000	0.000000	3.750000	-277.153229	429.795074
34	-189.648804	-274.557983	-38.647739	-34.790108	0.000000	0.000000	3.750000	434.072327	339.493774
35	23.355534	124.187263	-22.213337	66.381989	0.000000	0.000000	3.750000	124.149513	-370.051971
36	18.918264	-358.030273	2.480664	-79.961456	0.000000	0.000000	3.750000	18.932817	399.464020
37	-173.077606	-247.121948	-57.050529	-40.560894	0.000000	0.000000	3.750000	278.305908	325.116302
38	510.459290	12.777568	73.999908	-0.116804	0.000000	0.000000	3.750000	-529.790405	-17.038958
39	-239.128540	26.522533	-55.757996	35.299442	0.000000	0.000000	3.750000	32.688908	-42.708466
40	48.874252	548.874878	5.983500	79.775681	0.000000	0.000000	3.750000	3.694655	-345.897125
41	-306.619690	547.889282	-49.057205	75.454514	0.000000	0.000000	3.750000	450.644073	-850.368713
42	-122.750946	-158.637161	-12.827818	-82.995071	0.000000	0.000000	3.750000	12.755547	39.699764
43	28.167217	-231.964447	31.448631	-69.188019	0.000000	0.000000	3.750000	-208.896042	424.575073
44	-160.071777	95.706299	-67.603676	18.158819	0.000000	0.000000	3.750000	432.038422	-115.882538
45	287.636780	491.385254	57.495621	74.365677	0.000000	0.000000	3.750000	-384.319366	-529.188110
46	-404.473022	466.884521	-56.122475	70.358116	0.000000	0.000000	3.750000	483.353516	-682.235046
47	-111.290375	162.371552	-63.521324	51.855446	0.000000	0.000000	3.750000	370.749878	-455.653809
48	239.611496	-509.966614	44.421822	-73.638977	0.000000	0.000000	3.750000	-428.842072	824.698364
49	382.007568	470.149048	53.503738	62.139732	0.000000	0.000000	3.750000	-446.454254	-607.115295
50	-412.176178	-84.691925	-61.028893	-38.202152	0.000000	0.000000	3.750000	349.097290	423.867920
51	125.638138	337.628845	33.900597	79.036377	0.000000	0.000000	3.750000	-203.545532	-444.009491
52	-6.318893	437.936035	19.195389	75.601013	0.000000	0.000000	3.750000	-43.671131	-329.527557
53	-533.552368	41.967628	-85.232529	11.463476	0.000000	0.000000	3.750000	791.455505	-146.125641
54	-126.134132	-73.685440	-38.480640	-48.613052	0.000000	0.000000	3.750000	253.844772	249.267227
55	-343.246735	428.817841	-44.083908	61.908073	0.000000	0.000000	3.750000	417.128174	-603.624573
56	-163.043518	-78.223778	-61.431854	-41.256668	0.000000	0.000000	3.750000	306.120422	259.650635
57	386.669800	236.872192	55.368027	46.025871	0.000000	0.000000	3.750000	-608.395081	-527.459106
58	162.529114	-40.562798	61.909195	-3.354036	0.000000	0.000000	3.750000	-424.005585	-0.502648
59	-467.219116	-532.535767	-55.725533	-68.107742	0.000000	0.000000	3.750000	484.831543	631.674316
60	-417.170197	258.651428	-55.445633	42.729145	0.000000	0.000000	3.750000	681.871460	-443.993835
61	419.268311	-193.178375	58.038750	-49.066322	0.000000	0.000000	3.750000	-693.324036	615.000305
62	313.430603	-380.253693	51.181198	-71.585457	0.000000	0.000000	3.750000	-308.805450	514.194336
63	512.327148	67.193123	87.492264	9.437716	0.000000	0.000000	3.750000	-774.703796	61.545128
64	-354.459656	315.986694	-58.948586	47.969368	0.000000	0.000000	3.750000	454.736328	-441.961456
65	-57.813137	-163.366959	-5.870853	-77.776909	0.000000	0.000000	3.750000	-17.299147	109.126541
66	-372.044708	-328.695618	-51.882500	-52.765583	0.000000	0.000000	3.750000	531.656494	544.130615
67	-247.314636	253.787903	-48.360275	28.236217	0.000000	0.000000	3.750000	414.389404	-253.184189
68	428.110840	-194.751785	56.349289	-30.343937	0.000000	0.000000	3.750000	-716.165833	295.868256
69	-379.033752	-105.762115	-69.230270	-40.089378	0.000000	0.000000	3.750000	456.699097	333.335449
70	42.375977	-46.364075	87.796890	-38.801369	0.000000	0.000000	3.750000	-132.936554	-91.019615
71	-307.014771	513.118652	-39.458069	78.657669	0.000000	0.000000	3.750000	238.563339	-823.659241
72	258.286285	-270.617615	45.120338	-42.522408	0.000000	0.000000	3.750000	-511.898438	466.615997
73	136.660080	119.417610	67.659622	24.620636	0.000000	0.000000	3.750000	-685.745911	-252.087860
74	237.020660	348.202393	31.504513	73.535477	0.000000	0.000000	3.750000	-302.919220	-730.574402
75	66.963188	119.945145	30.566978	62.973427	0.000000	0.000000	3.750000	-130.049316	-349.131897
76	261.188354	1.144903	67.894775	-23.963964	0.000000	0.000000	3.750000	-352.358490	69.742119
77	367.313232	-50.487083	71.676910	-6.813119	0.000000	0.000000	3.750000	-592.929016	28.999388
78	113.917953	313.646942	15.677538	72.320099	0.000000	0.000000	3.750000	-43.508633	-540.989319
79	-610.964355	203.246613	-85.026321	40.080978	0.000000	0.000000	3.750000	1237.336426	-318.697632
80	75.257103	-42.291122	73.799606	-5.193875	0.000000	0.000000	3.750000	-90.054085	-99.931961
81	-332.732269	176.554352	-61.291206	29.451206	0.000000	0.000000	3.750000	418.125061	-277.349976
82	85.535324	-289.068085	31.470545	-69.178070	0.000000	0.000000	3.750000	-183.325623	408.148651
83	-143.593933	129.494095	-59.501793	32.916992	0.000000	0.000000	3.750000	242.716080	-162.785141
84	-37.588455	34.136173	20.305496	64.897491	0.000000	0.000000	3.750000	-81.474823	-220.521683
85	369.729675	-393.439178	54.582809	-46.954369	0.000000	0.000000	3.750000	-420.824371	432.013672
86	-459.673706	-314.887207	-71.953995	-50.661842	0.000000	0.000000	3.750000	670.285522	480.636292
87	-395.590820	393.483917	-50.190964	51.622330	0.000000	0.000000	3.750000	463.782776	-428.774048
88	-156.750763	358.644836	-34.132107	87.584198	0.000000	0.000000	3.750000	274.664429	-549.642151
89	143.538162	-606.375793	7.292607	-91.710495	0.000000	0.000000	3.750000	-32.677174	898.122498
90	135.019928	-418.486542	34.160900	-70.121552	0.000000	0.000000	3.750000	-294.845001	625.401428
91	125.518433	-162.327988	64.897270	-35.557312	0.000000	0.000000	3.750000	-462.273956	166.831558
92	20.465452	213.506348	35.929932	80.330521	0.000000	0.000000	3.750000	-95.144554	-303.760834
93	346.908691	-457.170990	57.863602	-63.622353	0.000000	0.000000	3.750000	-524.092590	577.196594
94	-185.056030	391.709534	-12.929254	76.920761	0.000000	0.000000	3.750000	-12.010168	-618.748169
95	319.252563	-609.357910	53.698074	-72.225418	0.000000	0.000000	3.750000	-439.248444	704.885498
96	-187.249207	-425.733582	-21.978336	-64.350044	0.000000	0.000000	3.750000	56.664494	404.394409
97	56.183834	305.870117	20.106083	47.955647	0.000000	0.000000	3.750000	-270.640778	-850.448303
98	-357.751892	-509.909607	-36.528820	-86.612045	0.000000	0.000000	3.750000	313.478363	716.187988
99	8.900976	507.803772	-1.580676	97.987213	0.000000	0.000000	3.750000	-38.983524	-745.443970
100	142.344635	-82.867004	77.446701	-32.526550	0.000000	0.000000	3.750000	-472.776428	126.245590
101	449.195740	247.338257	64.764122	35.799507	0.000000	0.000000	3.750000	-730.891785	-322.525909
102	-20.748646	-462.972839	22.166393	-74.783989	0.000000	0.000000	3.750000	-138.085114	656.165527
103	36.399673	-537.932739	30.633892	-71.732590	0.000000	0.000000	3.750000	-288.042603	760.713135
104	392.101929	-314.562988	63.160042	-42.270653	0.000000	0.000000	3.750000	-591.945435	390.127502
105	-517.124512	53.632339	-77.504623	8.776870	0.000000	0.000000	3.750000	918.796997	-123.499092
106	-171.729462	238.438843	-32.798004	72.967369	0.000000	0.000000	3.750000	65.133232	-162.776245
107	346.108612	418.948914	49.769714	52.028603	0.000000	0.000000	3.750000	-594.472778	-602.546021
108	-127.489754	346.838562	-31.748718	84.214073	0.000000	0.000000	3.750000	135.605850	-449.318695
109	-492.744171	326.247864	-69.934509	56.649338	0.000000	0.000000	3.750000	576.591797	-358.053436
110	87.607903	463.469299	16.742115	72.081192	0.000000	0.000000	3.750000	-105.341721	-710.906555
111	330.818359	381.221497	47.546219	59.290432	0.000000	0.000000	3.750000	-532.602417	-756.234314
112	413.343750	-3.604112	67.873672	4.142848	0.000000	0.000000	3.750000	-681.345276	-69.262070
113	388.899170	-219.577377	68.812096	-44.597023	0.000000	0.000000	3.750000	-523.157471	308.688568
114	110.306351	-173.914795	39.623360	-74.065613	0.000000	0.000000	3.750000	-83.684555	116.937981
115	-390.064392	-172.686859	-60.698326	-38.726120	0.000000	0.000000	3.750000	540.902161	378.858368
116	292.856964	-429.914856	48.909660	-70.737862	0.000000	0.000000	3.750000	-410.703674	551.198730
117	-437.584045	-33.130108	-66.863373	-12.381037	0.000000	0.000000	3.750000	754.692871	156.014847
118	-408.946777	159.582138	-56.746887	37.467186	0.000000	0.000000	3.750000	455.191467	-275.978271
119	-85.494492	-544.835938	-15.009964	-88.739502	0.000000	0.000000	3.750000	97.403664	848.090088
120	467.744141	-88.324699	75.597229	-7.813972	0.000000	0.000000	3.750000	-799.314148	82.457817
121	175.915939	-237.645935	47.652737	-83.336922	0.000000	0.000000	3.750000	-96.377480	107.090912
122	-383.928772	41.194214	-87.985611	1.591211	0.000000	0.000000	3.750000	472.862793	-3.953001
123	-246.588501	153.893204	-67.694878	38.747154	0.000000	0.000000	3.750000	280.980377	-254.097137
124	-212.971619	-171.834167	-59.905334	-27.701050	0.000000	0.000000	3.750000	417.603027	220.146835
125	-137.804901	418.505615	-9.753760	69.317085	0.000000	0.000000	3.750000	32.948528	-594.482300
126	-160.441849	-238.124390	-54.275566	-69.268646	0.000000	0.000000	3.750000	277.849823	427.129150
127	287.721039	-237.874573	56.918877	-37.205338	0.000000	0.000000	3.750000	-459.533844	355.649292
128	324.850220	175.341431	63.739594	33.485260	0.000000	0.000000	3.750000	-461.675476	-280.939178
129	-93.882927	-121.806488	52.077148	-80.646019	0.000000	0.000000	3.750000	-56.267181	124.640274
130	-522.347839	201.426086	-78.533997	29.806084	0.000000	0.000000	3.750000	877.672852	-224.373993
131	118.596779	531.266235	43.836346	83.152504	0.000000	0.000000	3.750000	-463.063660	-635.239258
132	228.881363	287.440430	68.850037	44.538177	0.000000	0.000000	3.750000	-341.692810	-298.734039
133	-354.351746	476.230713	-47.925339	71.408340	0.000000	0.000000	3.750000	424.481506	-823.227356
134	-70.461136	147.352295	-38.340401	58.565872	0.000000	0.000000	3.750000	110.063721	-253.772385
135	390.682007	-122.130135	68.182037	-15.849489	0.000000	0.000000	3.750000	-770.507446	112.679665
136	-368.500488	-60.126495	-61.885513	3.765560	0.000000	0.000000	3.750000	617.306580	25.565197
137	121.896004	-119.536423	37.181389	-30.356899	0.000000	0.000000	3.750000	-296.782715	300.328186
138	-425.672577	-362.343689	-56.403961	-50.937134	0.000000	0.000000	3.750000	750.476196	605.725403
139	233.913269	-124.973427	44.692741	-22.417763	0.000000	0.000000	3.750000	-499.376221	180.018936
140	-69.212654	-143.520081	-16.103954	-76.287109	0.000000	0.000000	3.750000	19.156942	31.254148
141	-292.863281	298.353333	-51.779808	50.028503	0.000000	0.000000	3.750000	504.636444	-511.561279
142	59.619228	402.569763	15.455585	55.902786	0.000000	0.000000	3.750000	-66.616585	-347.866272
143	-401.678955	-19.424500	-73.611145	-7.575871	0.000000	0.000000	3.750000	794.853333	150.737656
144	84.809921	158.165939	48.925358	52.823357	0.000000	0.000000	3.750000	-313.382385	-303.787292
145	460.464233	160.391510	85.699814	43.261314	0.000000	0.000000	3.750000	-615.283203	-340.269958
146	-152.109406	-61.352806	-81.247253	11.083563	0.000000	0.000000	3.750000	330.948608	-97.933678
147	17.285419	-378.173340	-4.013931	-87.908401	0.000000	0.000000	3.750000	44.614426	671.864441
148	-335.945496	227.604309	-71.962982	47.088417	0.000000	0.000000	3.750000	447.526093	-356.953705
149	-432.770294	164.995392	-67.789154	17.453655	0.000000	0.000000	3.750000	748.737122	-196.698349
150	-116.111282	-514.765259	-27.955578	-79.211655	0.000000	0.000000	3.750000	168.102814	506.525574
151	-462.452759	-79.100769	-76.694283	-14.212094	0.000000	0.000000	3.750000	350.640350	79.045677
152	94.008606	305.389130	10.029408	75.335083	0.000000	0.000000	3.750000	34.428932	-515.673584
153	133.750793	166.992401	81.270309	28.126949	0.000000	0.000000	3.750000	-380.066742	-176.758377
154	392.835083	127.182220	79.445663	20.306786	0.000000	0.000000	3.750000	-637.767761	-68.324554
155	295.314117	-156.753189	53.778885	-26.605028	0.000000	0.000000	3.750000	-490.168488	174.448608
156	426.114868	-570.136902	67.390732	-71.151161	0.000000	0.000000	3.750000	-603.095215	695.951660
157	-323.979279	78.042793	-67.022552	11.488151	0.000000	0.000000	3.750000	494.997223	-92.725304
158	-298.429382	-221.253906	-46.864265	-26.827991	0.000000	0.000000	3.750000	431.348602	229.257706
159	-515.006958	259.228699	-81.364349	33.523659	0.000000	0.000000	3.750000	919.514221	-290.508179
160	278.721466	308.764343	42.100670	39.894016	0.000000	0.000000	3.750000	-362.398529	-376.367615
161	-137.559830	-237.329620	-34.391552	-67.773224	0.000000	0.000000	3.750000	273.192047	423.758942
162	-88.436020	434.147827	-18.167957	69.670105	0.000000	0.000000	3.750000	114.331161	-578.366089
163	-102.526138	151.000870	-63.949707	63.327553	0.000000	0.000000	3.750000	218.544128	-181.644531
164	35.009518	-7.251207	44.787025	-33.610279	0.000000	0.000000	3.750000	-15.287478	-38.465031
165	-228.529190	317.947327	-33.027355	45.223820	0.000000	0.000000	3.750000	384.263184	-528.961121
166	-78.365288	-308.382996	-9.329793	-73.409386	0.000000	0.000000	3.750000	91.370125	358.055542
167	-203.851898	-498.981842	-27.385052	-66.588722	0.000000	0.000000	3.750000	255.285583	686.189514
168	325.869995	409.396912	48.267982	47.897827	0.000000	0.000000	3.750000	-673.873169	-652.898865
169	64.731873	293.675629	13.669445	66.611908	0.000000	0.000000	3.750000	-118.248573	-610.011719
170	108.670685	-50.191109	75.782654	-55.613869	0.000000	0.000000	3.750000	-88.016777	37.584156
171	-370.585480	38.113205	-77.977753	1.859416	0.000000	0.000000	3.750000	474.107971	42.913403
172	101.205627	-235.665833	-3.735515	-69.900131	0.000000	0.000000	3.750000	109.537903	540.302002
173	-399.301025	77.080070	-73.863579	4.490798	0.000000	0.000000	3.750000	716.954285	12.179010
174	-48.017097	-436.943115	3.758190	-77.909409	0.000000	0.000000	3.750000	-32.432339	698.154053
175	-294.303680	-129.094315	-73.490005	-19.370518	0.000000	0.000000	3.750000	467.808807	102.632042
176	460.886871	111.642097	70.443619	14.889397	0.000000	0.000000	3.750000	-763.980957	-112.622520
177	80.850098	-114.543777	60.056511	-35.961212	0.000000	0.000000	3.750000	-323.044800	165.041168
178	-111.707832	-589.481140	-8.478969	-99.639862	0.000000	0.000000	3.750000	106.489792	820.692017
179	489.434662	-498.401215	63.227661	-61.206711	0.000000	0.000000	3.750000	-806.184631	721.492249
180	33.312305	-256.376556	8.931274	-69.427887	0.000000	0.000000	3.750000	-51.537003	567.803162
181	312.262146	-534.559509	52.049255	-63.362999	0.000000	0.000000	3.750000	-435.202332	666.496094
182	-85.700058	-283.116089	-15.154446	-70.387009	0.000000	0.000000	3.750000	151.667313	441.854553
183	-520.533081	-16.343201	-79.268188	-10.795780	0.000000	0.000000	3.750000	869.625549	48.592529
184	-334.513367	171.508194	-69.853226	17.449959	0.000000	0.000000	3.750000	208.985123	-91.249290
185	-248.749756	334.595520	-50.868843	61.744198	0.000000	0.000000	3.750000	349.576477	-330.386383
186	-562.599854	3.738078	-85.125900	-12.230200	0.000000	0.000000	3.750000	958.694702	78.370743
187	-226.942459	13.127563	-81.980431	1.790826	0.000000	0.000000	3.750000	413.365906	-21.924009
188	84.881271	-17.850971	48.291817	-32.123207	0.000000	0.000000	3.750000	-333.233032	231.829056
189	-494.331421	-262.391388	-73.066620	-41.439941	0.000000	0.000000	3.750000	616.838135	328.127899
190	-152.036392	-254.895386	-14.147230	-74.671509	0.000000	0.000000	3.750000	113.036995	348.304260
191	257.917694	-27.224279	96.643448	-38.419037	0.000000	0.000000	3.750000	-234.310516	58.252937
192	668.810791	-179.192169	108.674217	-45.976849	0.000000	0.000000	3.750000	-1196.891479	331.177124
193	303.731689	-193.300964	63.051098	-34.764000	0.000000	0.000000	3.750000	-639.291016	217.294571
194	-171.710571	239.274673	-14.388741	66.459991	0.000000	0.000000	3.750000	0.549457	-305.338898
195	-166.463593	628.255005	-29.010220	87.306366	0.000000	0.000000	3.750000	229.018494	-872.188293
196	-399.345459	-216.354660	-60.344040	-31.346313	0.000000	0.000000	3.750000	1051.126953	383.191284
197	512.431274	-50.418488	81.743538	-6.480250	0.000000	0.000000	3.750000	-832.356689	54.487431
198	-0.744015	526.963135	-7.318638	81.672737	0.000000	0.000000	3.750000	37.470825	-801.760986
199	497.550415	79.698273	93.308052	35.966476	0.000000	0.000000	3.750000	-1037.970703	-267.136902
200	67.508911	-392.248657	12.757846	-81.001381	0.000000	0.000000	3.750000	-145.942001	564.006592
201	-141.624786	147.894730	-56.127048	54.162148	0.000000	0.000000	3.750000	74.088539	-122.460236
202	137.597839	234.678589	40.630028	89.180649	0.000000	0.000000	3.750000	-169.464340	-448.367767
203	-348.184570	-159.383514	-67.724014	-29.823620	0.000000	0.000000	3.750000	638.209595	367.340546
204	-494.904236	-450.323730	-67.515045	-62.495724	0.000000	0.000000	3.750000	699.023926	577.297058
205	-147.427444	53.921093	52.108780	29.736177	0.000000	0.000000	3.750000	-84.190559	-107.610352
206	-239.924026	-325.325348	-28.950520	-59.311584	0.000000	0.000000	3.750000	287.523895	476.194519
207	637.064148	-363.479675	88.411499	-54.766716	0.000000	0.000000	3.750000	-909.677185	439.035278
208	102.074066	378.733093	14.391576	74.624893	0.000000	0.000000	3.750000	-49.570934	-553.485168
209	83.397919	524.807007	5.312518	75.814072	0.000000	0.000000	3.750000	-3.440349	-958.497070
210	156.611694	449.601227	22.074665	83.118538	0.000000	0.000000	3.750000	-116.762161	-354.238281
211	498.525085	76.288727	77.068001	21.459421	0.000000	0.000000	3.750000	-221.231247	-65.588768
212	-345.983459	420.443024	-47.105160	54.452759	0.000000	0.000000	3.750000	482.219757	-619.623047
213	-456.081757	170.473526	-82.133163	17.610817	0.000000	0.000000	3.750000	494.916748	-78.121330
214	353.076355	391.240784	46.008152	55.382706	0.000000	0.000000	3.750000	-402.116638	-642.295105
215	-352.316132	-163.718323	-92.604286	-16.135023	0.000000	0.000000	3.750000	571.162964	-27.852810
216	-364.244781	203.789520	-61.011089	30.026722	0.000000	0.000000	3.750000	331.763397	-294.378082
217	-431.564880	154.936066	-55.000336	28.617523	0.000000	0.000000	3.750000	812.289673	-460.308807
218	-157.506821	-370.066803	-16.919218	-59.646797	0.000000	0.000000	3.750000	182.220856	678.515320
219	-675.773560	13.512358	-109.464142	-10.844497	0.000000	0.000000	3.750000	799.229004	59.733593
220	-292.786377	15.148624	-73.533035	26.017082	0.000000	0.000000	3.750000	553.125732	-239.845688
221	413.785095	29.818886	65.590027	7.344936	0.000000	0.000000	3.750000	-820.085266	-74.711426
222	294.194214	360.361877	38.060814	53.920040	0.000000	0.000000	3.750000	-414.736755	-752.388977
223	294.082062	-168.433167	68.316032	-33.300068	0.000000	0.000000	3.750000	-581.104675	169.598389
224	232.805023	-67.355995	57.321274	-49.902557	0.000000	0.000000	3.750000	-428.404785	444.243164
225	-224.384003	-159.070282	-51.465607	-61.247673	0.000000	0.000000	3.750000	354.804962	519.635681
226	-360.058472	-230.250778	-77.257195	-46.166233	0.000000	0.000000	3.750000	568.854736	385.204742
227	465.900940	-86.612030	62.843506	-25.974743	0.000000	0.000000	3.750000	-700.648682	195.512833
228	-323.358765	-554.022095	-43.042660	-74.453522	0.000000	0.000000	3.750000	374.834839	730.576416
229	445.059906	-384.847717	59.256691	-53.746094	0.000000	0.000000	3.750000	-522.890320	516.217041
230	-447.585785	-293.193695	-57.523895	-43.301239	0.000000	0.000000	3.750000	614.088196	367.660919
231	90.690323	-419.535553	23.321884	-82.777328	0.000000	0.000000	3.750000	-199.603622	594.474609
232	470.346222	209.664642	90.384613	32.350693	0.000000	0.000000	3.750000	-671.712708	-121.692245
233	512.126770	-385.524261	76.576263	-54.516640	0.000000	0.000000	3.750000	-724.195251	406.604187
234	180.201843	526.040161	28.845493	68.146355	0.000000	0.000000	3.750000	-210.314102	-831.995239
235	313.592194	361.069214	30.530315	80.398361	0.000000	0.000000	3.750000	-232.089676	-744.964355
236	4.969784	143.420380	39.392937	57.863480	0.000000	0.000000	3.750000	-144.898499	-255.106659
237	13.620363	-130.265717	-40.273720	-87.142166	0.000000	0.000000	3.750000	148.701660	191.496323
238	40.767014	-362.290771	24.380577	-84.555145	0.000000	0.000000	3.750000	-211.628479	537.594177
239	245.621277	-248.247330	58.936111	-41.358608	0.000000	0.000000	3.750000	-243.342880	175.490158
240	-15.453279	-384.789612	6.050995	-83.781769	0.000000	0.000000	3.750000	-60.350571	684.808655
241	150.483582	382.095642	42.619350	65.326797	0.000000	0.000000	3.750000	-289.576080	-413.949066
242	-48.210503	69.196617	-46.114868	67.804092	0.000000	0.000000	3.750000	121.123802	-224.911911
243	-483.818909	199.804306	-69.625916	25.064056	0.000000	0.000000	3.750000	637.705261	-88.821510
244	34.971115	439.623474	20.200687	64.930206	0.000000	0.000000	3.750000	-168.831390	-631.500000
245	474.639374	167.508163	73.300797	36.755707	0.000000	0.000000	3.750000	-393.309448	-243.276917
246	-561.259460	-171.586700	-89.824333	-19.889338	0.000000	0.000000	3.750000	888.035889	143.240494
247	328.806396	382.116455	53.128803	59.810783	0.000000	0.000000	3.750000	-532.967468	-584.095947
248	-424.017303	265.088745	-65.403519	34.617584	0.000000	0.000000	3.750000	608.279236	-379.013519
249	-332.301758	115.515541	-55.106945	28.411701	0.000000	0.000000	3.750000	647.869385	-332.188263
250	272.002808	328.819092	68.898041	63.945663	0.000000	0.000000	3.750000	-368.250763	-413.607330
251	127.349777	-165.681335	49.439415	-65.419571	0.000000	0.000000	3.750000	-354.377930	355.293030
252	-110.858505	-321.755920	-18.487755	-54.974560	0.000000	0.000000	3.750000	180.055725	615.034058
253	226.943817	336.183044	30.810806	56.095398	0.000000	0.000000	3.750000	-434.296997	-744.649597
254	-311.501495	-51.551907	-97.646667	8.305795	0.000000	0.000000	3.750000	320.404114	-96.601143
255	-239.459930	378.519257	-49.779362	65.161453	0.000000	0.000000	3.750000	434.168213	-593.442932
256	121.135864	385.784637	25.800217	67.218658	0.000000	0.000000	3.750000	-252.040726	-620.096497
257	82.660690	-352.892334	6.842991	-69.664703	0.000000	0.000000	3.750000	-49.326107	327.007080
258	124.509094	-28.418343	-35.024200	69.677307	0.000000	0.000000	3.750000	14.934133	-31.078447
259	310.143127	-347.012604	34.689663	-53.782955	0.000000	0.000000	3.750000	-108.165848	253.273895
260	-32.004341	22.468258	-22.272202	74.751991	0.000000	0.000000	3.750000	9.281831	-140.271103
261	257.580322	107.845322	77.086563	11.902044	0.000000	0.000000	3.750000	-629.295105	-57.430794
262	713.573242	56.533157	108.228790	19.659962	0.000000	0.000000	3.750000	-1089.148804	-100.902130
263	-64.297264	554.593262	-13.971504	78.770523	0.000000	0.000000	3.750000	98.108521	-864.579590
264	12.857019	48.613285	-61.648224	-6.594842	0.000000	0.000000	3.750000	297.104095	54.193649
265	211.182922	-396.992188	32.425407	-64.285172	0.000000	0.000000	3.750000	-212.522507	630.969421
266	-244.700470	-174.382660	-68.049576	-38.121101	0.000000	0.000000	3.750000	370.997772	145.973587
267	-83.697540	69.674690	-61.941280	50.628803	0.000000	0.000000	3.750000	169.478989	-133.416946
268	-32.140594	-333.918640	-18.104677	-73.811958	0.000000	0.000000	3.750000	228.716660	597.260254
269	-164.473297	266.237030	1.660800	79.982758	0.000000	0.000000	3.750000	-9.881169	-446.444214
270	160.196716	229.447693	45.917450	65.510208	0.000000	0.000000	3.750000	-301.274689	-426.735504
271	91.157425	-195.562805	26.378193	-83.952507	0.000000	0.000000	3.750000	-24.954062	388.672913
272	193.578400	-446.213226	24.569496	-76.133698	0.000000	0.000000	3.750000	-206.584518	675.672119
273	-40.151573	-551.226807	-19.495209	-83.761154	0.000000	0.000000	3.750000	123.689896	793.452454
274	136.546387	-374.329529	33.109268	-70.624176	0.000000	0.000000	3.750000	-255.889954	611.330627
275	-269.313599	-341.551758	-52.255638	-63.192921	0.000000	0.000000	3.750000	455.983612	632.749512
276	217.982635	400.297577	31.427923	60.301529	0.000000	0.000000	3.750000	-149.520126	-471.305023
277	191.485428	197.453949	43.406403	52.343895	0.000000	0.000000	3.750000	-360.413422	-472.228333
278	-35.162544	-417.664734	6.904364	-71.668198	0.000000	0.000000	3.750000	-41.019867	315.899536
279	188.265198	581.894287	42.682632	81.499512	0.000000	0.000000	3.750000	-521.538818	-733.244324
280	103.583191	-51.624489	48.833099	-60.818661	0.000000	0.000000	3.750000	-90.615417	47.453465
281	380.070618	341.710510	60.140240	35.821098	0.000000	0.000000	3.750000	-694.674133	-363.433105
282	324.948853	-214.180450	79.854874	-36.974617	0.000000	0.000000	3.750000	-644.395142	135.022430
283	-285.391937	-388.210449	-34.940819	-76.388023	0.000000	0.000000	3.750000	150.403931	370.895782
284	99.602661	407.476746	10.174673	79.350311	0.000000	0.000000	3.750000	-47.859070	-710.900879
285	510.261719	-332.681671	76.096840	-55.183964	0.000000	0.000000	3.750000	-664.049316	438.169525
286	93.767319	-187.801025	73.447060	-40.739086	0.000000	0.000000	3.750000	-106.588165	-22.698063
287	-30.578646	-391.295380	12.270909	-81.076660	0.000000	0.000000	3.750000	-70.454430	440.168182
288	33.380516	537.909302	7.551237	83.659897	0.000000	0.000000	3.750000	-49.277004	-702.907288
289	-207.502213	-289.479553	-29.646111	-52.164246	0.000000	0.000000	3.750000	233.560455	410.947845
290	-543.923584	46.058369	-91.800385	6.056395	0.000000	0.000000	3.750000	721.293701	17.460529
291	-165.057037	435.493652	-37.188461	77.543610	0.000000	0.000000	3.750000	317.948090	-549.914673
292	163.722046	-723.201782	-4.617107	-105.899353	0.000000	0.000000	3.750000	55.956596	624.681030
293	51.308971	-397.280334	7.516190	-59.527359	0.000000	0.000000	3.750000	-81.168144	695.239319
294	-553.901367	-202.184647	-75.709564	-44.856007	0.000000	0.000000	3.750000	622.856201	381.533142
295	534.295166	255.220001	86.797943	36.084835	0.000000	0.000000	3.750000	-554.943787	-247.649780
296	70.564041	492.542419	34.424744	74.424026	0.000000	0.000000	3.750000	-296.866699	-608.113831
297	-48.268486	-94.907669	-47.823479	-71.463783	0.000000	0.000000	3.750000	159.035507	67.068047
298	-233.487549	438.369263	-55.735020	65.495087	0.000000	0.000000	3.750000	442.280090	-471.901428
299	70.331284	261.523224	18.859982	73.622696	0.000000	0.000000	3.750000	-131.858994	-593.516418
300	183.817383	-65.005157	88.952118	-23.476639	0.000000	0.000000	3.750000	-403.823090	-53.977066
301	-510.851135	-135.116562	-68.567261	-37.182343	0.000000	0.000000	3.750000	791.293335	345.575470
302	299.632324	-42.985073	69.254059	10.191904	0.000000	0.000000	3.750000	-727.565918	-72.458839
303	-48.861969	-80.682594	-38.173813	-61.020035	0.000000	0.000000	3.750000	91.626465	-16.809927
304	2.374702	398.006958	1.969851	83.976898	0.000000	0.000000	3.750000	-7.680635	-573.015076
305	152.143036	138.199677	61.131721	51.603271	0.000000	0.000000	3.750000	-96.070084	-95.994308
306	-212.372101	510.333771	-28.059589	74.917664	0.000000	0.000000	3.750000	223.004913	-774.719849
307	-61.657990	355.231171	-7.401761	75.638641	0.000000	0.000000	3.750000	-5.253640	-520.751648
308	550.860901	-557.220337	73.181046	-71.053032	0.000000	0.000000	3.750000	-627.850403	563.988647
309	273.226959	-401.475708	44.611515	-59.040764	0.000000	0.000000	3.750000	-477.465393	697.015869
310	-227.638824	182.757538	-52.213707	55.224285	0.000000	0.000000	3.750000	295.438324	-381.291534
311	200.775970	383.677887	28.982201	54.809029	0.000000	0.000000	3.750000	-366.675049	-858.403625
312	135.175262	-289.796631	18.067005	-63.478981	0.000000	0.000000	3.750000	-186.082901	534.372803
313	-55.241150	409.788269	-27.149170	75.252335	0.000000	0.000000	3.750000	135.365799	-505.163269
314	286.063843	300.661621	39.255455	37.081116	0.000000	0.000000	3.750000	-581.852417	-503.629456
315	142.099442	149.930969	54.849457	46.641479	0.000000	0.000000	3.750000	-48.230900	-65.742424
316	-20.305870	125.099815	-38.510834	72.394165	0.000000	0.000000	3.750000	186.853378	-356.344513
317	367.562561	-124.062683	64.349594	-32.297359	0.000000	0.000000	3.750000	-480.455017	170.878357
318	-277.100464	-114.972336	-69.372910	-43.718109	0.000000	0.000000	3.750000	363.207031	437.552307
319	343.800629	354.485840	68.455994	58.427425	0.000000	0.000000	3.750000	-440.947296	-454.769806
320	-377.876160	-24.255970	-71.932480	-17.370029	0.000000	0.000000	3.750000	644.332764	149.876419
321	-141.227997	-71.233940	-84.225067	-31.719667	0.000000	0.000000	3.750000	350.510651	124.372795
322	-156.400177	339.942200	-28.303101	76.960602	0.000000	0.000000	3.750000	295.057465	-895.255432
323	-401.027893	-235.562180	-74.573181	-38.663021	0.000000	0.000000	3.750000	476.436066	189.686020
324	394.219116	-418.876465	48.425663	-61.146980	0.000000	0.000000	3.750000	-535.231201	769.929321
325	46.828365	-306.473450	-11.937401	-77.081116	0.000000	0.000000	3.750000	106.398949	693.835266
326	218.472885	-202.573105	40.242783	-44.503002	0.000000	0.000000	3.750000	-442.458618	554.309509
327	-460.658905	-247.862488	-85.589005	-27.830179	0.000000	0.000000	3.750000	788.411987	285.811798
328	-179.279297	-31.651680	-88.257828	-17.615438	0.000000	0.000000	3.750000	316.558655	168.944931
329	-426.851379	-95.864311	-66.323853	-32.819786	0.000000	0.000000	3.750000	493.548126	193.149368
330	-183.285492	490.310669	-18.283817	92.204422	0.000000	0.000000	3.750000	16.431602	-660.562439
331	523.146118	329.414551	68.064018	49.226891	0.000000	0.000000	3.750000	-770.864563	-474.017181
332	-60.162762	335.246338	2.722230	73.949905	0.000000	0.000000	3.750000	-55.439716	-653.835388
333	-358.527618	198.336823	-60.873119	42.076797	0.000000	0.000000	3.750000	541.414917	-473.593933
334	-256.994781	344.677521	-38.599609	48.518742	0.000000	0.000000	3.750000	483.016571	-714.166260
335	-77.971367	-341.967834	-16.027939	-80.415787	0.000000	0.000000	3.750000	123.615700	171.823288
336	-219.223450	401.228943	-41.301266	77.705887	0.000000	0.000000	3.750000	164.219803	-305.413208
337	270.399200	298.138306	49.122192	49.869720	0.000000	0.000000	3.750000	-274.080902	-397.860260
338	99.237625	585.610962	22.605354	87.114853	0.000000	0.000000	3.750000	-177.493530	-791.964722
339	-563.111450	-54.266830	-91.722534	-7.139169	0.000000	0.000000	3.750000	591.615356	-10.094773
340	-368.381531	24.383587	-53.874981	3.672304	0.000000	0.000000	3.750000	567.894043	-44.644772
341	115.278877	421.265839	32.224052	92.550537	0.000000	0.000000	3.750000	-249.276535	-582.937012
342	228.597229	254.742950	56.903679	53.347519	0.000000	0.000000	3.750000	-334.128937	-396.574310
343	-334.628418	-384.876404	-46.421356	-57.628609	0.000000	0.000000	3.750000	419.202881	597.001404
344	-337.033783	-92.986900	-66.075302	-23.109329	0.000000	0.000000	3.750000	609.344360	114.547836
345	-25.596519	159.784668	-29.126919	74.508499	0.000000	0.000000	3.750000	52.766891	-260.000580
346	-462.380554	-153.023514	-96.659691	-25.630121	0.000000	0.000000	3.750000	595.888855	144.220032
347	37.454464	215.709045	-13.493294	78.853767	0.000000	0.000000	3.750000	29.272369	-488.802094
348	-235.411194	170.241089	-86.970863	45.163189	0.000000	0.000000	3.750000	115.186371	-94.402878
349	73.159821	-96.974861	-13.994333	-72.663933	0.000000	0.000000	3.750000	1.703591	56.431007
350	60.555908	595.381958	10.653503	91.381058	0.000000	0.000000	3.750000	-186.002182	-1021.909607
351	214.205444	470.647217	36.348297	71.265709	0.000000	0.000000	3.750000	-248.835159	-481.328918
352	252.278946	-53.218971	49.368717	-16.331635	0.000000	0.000000	3.750000	-431.433228	73.687355
353	278.215454	-111.513626	57.874496	-68.923172	0.000000	0.000000	3.750000	-399.280060	307.359222
354	60.356537	320.195190	-41.039246	68.671524	0.000000	0.000000	3.750000	248.816803	-386.231079
355	378.402008	-107.375488	88.502060	-25.126774	0.000000	0.000000	3.750000	-719.009827	95.576393
356	-294.807007	-19.354982	-72.218643	-16.138035	0.000000	0.000000	3.750000	390.842896	22.482269
357	-345.767639	611.230713	-52.606140	82.683578	0.000000	0.000000	3.750000	381.049622	-836.958496
358	-310.866730	-35.274826	-59.081848	-18.797207	0.000000	0.000000	3.750000	601.537781	167.651169
359	-481.640472	-191.806763	-74.721985	-28.576677	0.000000	0.000000	3.750000	949.922607	365.279266
360	346.214966	18.239244	75.973473	2.007449	0.000000	0.000000	3.750000	-492.564392	3.012373
361	391.578491	-522.980225	55.201942	-60.636162	0.000000	0.000000	3.750000	-495.577789	626.724915
362	426.801819	-100.598526	60.364456	-14.146692	0.000000	0.000000	3.750000	-838.810669	110.684677
363	312.302917	-357.169800	52.335373	-57.836006	0.000000	0.000000	3.750000	-320.085236	398.396057
364	-361.237823	-202.497253	-58.853050	-29.871510	0.000000	0.000000	3.750000	744.101929	221.617630
365	147.778046	112.147514	76.670944	43.190598	0.000000	0.000000	3.750000	-189.686783	-186.159958
366	-424.916992	-174.614029	-75.895462	-44.540691	0.000000	0.000000	3.750000	491.659546	329.699127
367	-37.482746	395.182129	-6.155528	65.712326	0.000000	0.000000	3.750000	55.608063	-730.075806
368	321.066101	-470.981262	41.918739	-75.092041	0.000000	0.000000	3.750000	-312.905487	678.528381
369	-225.928284	-417.326477	-36.252327	-71.314575	0.000000	0.000000	3.750000	333.125427	613.773193
370	413.996887	-445.951172	61.393776	-81.454254	0.000000	0.000000	3.750000	-585.583191	687.386841
371	-16.255419	-527.785034	4.085244	-79.895615	0.000000	0.000000	3.750000	-25.581591	879.221558
372	30.769285	239.179672	30.009556	89.080795	0.000000	0.000000	3.750000	-100.158897	-530.138184
373	401.448120	203.851776	59.171501	29.235638	0.000000	0.000000	3.750000	-572.342163	-182.934586
374	-427.162872	-625.191528	-59.395020	-77.950066	0.000000	0.000000	3.750000	436.475830	790.093262
375	-483.785980	414.399963	-62.587440	56.025074	0.000000	0.000000	3.750000	455.907257	-358.103699
376	60.676552	580.442261	2.392447	83.965828	0.000000	0.000000	3.750000	82.144279	-796.837341
377	425.869080	-3.427714	73.533722	-8.293797	0.000000	0.000000	3.750000	-681.898682	127.590408
378	-51.250458	161.398346	-35.200703	60.505451	0.000000	0.000000	3.750000	204.968460	-379.735565
379	139.377121	-129.336716	69.391724	-39.807541	0.000000	0.000000	3.750000	-233.459091	75.059105
380	567.823181	-217.401810	82.291443	-41.135094	0.000000	0.000000	3.750000	-799.264099	256.539642
381	387.699951	-322.098206	57.332798	-43.553944	0.000000	0.000000	3.750000	-680.782776	403.021729
382	34.723301	31.124224	76.403755	-47.565315	0.000000	0.000000	3.750000	-109.868195	48.740818
383	-415.135498	-199.451935	-74.868027	-28.191677	0.000000	0.000000	3.750000	236.292694	102.879677
384	29.928175	35.797798	4.902071	-81.853065	0.000000	0.000000	3.750000	20.361931	260.276489
385	-94.932816	-200.333054	-12.608124	-74.946838	0.000000	0.000000	3.750000	45.970238	187.883118
386	2.990081	419.811127	3.273164	63.916183	0.000000	0.000000	3.750000	35.927372	-413.351593
387	-168.950317	-357.183716	-33.171097	-59.360550	0.000000	0.000000	3.750000	303.156982	462.581329
388	201.680359	-274.773987	40.023033	-47.351212	0.000000	0.000000	3.750000	-259.114258	478.766907
389	407.196198	385.147156	59.385712	62.203979	0.000000	0.000000	3.750000	-568.536682	-562.599548
390	-268.501617	419.662140	-46.357006	70.050049	0.000000	0.000000	3.750000	653.883057	-1452.801025
391	281.939911	237.658936	44.203522	46.282242	0.000000	0.000000	3.750000	-337.574799	-415.999359
392	446.107697	169.234421	82.773651	35.334427	0.000000	0.000000	3.750000	-846.822327	-368.717010
393	-390.735687	-216.764679	-59.711327	-47.016472	0.000000	0.000000	3.750000	419.252594	402.802246
394	-102.689072	448.066132	-31.256393	75.809219	0.000000	0.000000	3.750000	253.645020	-627.009338
395	244.836304	-342.262024	57.461426	-66.649551	0.000000	0.000000	3.750000	-440.955872	652.330994
396	-321.748840	240.044342	-61.804527	28.358288	0.000000	0.000000	3.750000	618.144714	-387.047089
397	27.890724	386.765015	-24.985790	82.290283	0.000000	0.000000	3.750000	89.207497	-512.681152
398	-606.815063	-21.805277	-97.999390	0.321094	0.000000	0.000000	3.750000	758.932251	76.914238
399	-480.837891	175.207001	-83.259735	21.536018	0.000000	0.000000	3.750000	702.791443	-274.049011
400	444.718170	57.502106	75.318420	10.155463	0.000000	0.000000	3.750000	-436.817963	-83.146835
401	437.058502	-137.830307	83.877075	-18.989716	0.000000	0.000000	3.750000	-708.818359	51.312382
402	156.177032	-451.738342	11.457159	-97.327965	0.000000	0.000000	3.750000	-71.207420	710.622314
403	1.302853	-263.823486	5.633249	-69.772675	0.000000	0.000000	3.750000	-87.649574	315.924194
404	36.194656	-134.474701	-40.316223	-59.653927	0.000000	0.000000	3.750000	259.122681	312.124573
405	-380.426086	111.432121	-61.962971	22.728611	0.000000	0.000000	3.750000	604.971863	-216.722748
406	-361.120087	452.486572	-53.211281	72.584839	0.000000	0.000000	3.750000	429.279297	-611.150513
407	-20.273985	-371.261932	-16.632496	-63.869865	0.000000	0.000000	3.750000	159.685898	639.287048
408	36.492943	117.379059	13.224213	66.700958	0.000000	0.000000	3.750000	-101.886833	-218.497452
409	-20.178383	453.087036	-23.445538	80.661636	0.000000	0.000000	3.750000	137.808212	-673.696960
410	-5.678145	-520.486023	-3.764802	-79.911362	0.000000	0.000000	3.750000	18.629480	732.458801
411	-272.323303	189.941360	-78.802689	29.088028	0.000000	0.000000	3.750000	241.751083	-76.200111
412	285.353851	225.856812	69.856453	24.414644	0.000000	0.000000	3.750000	-390.343750	-133.655106
413	-68.778267	264.414398	-19.607410	52.455215	0.000000	0.000000	3.750000	116.484085	-372.881744
414	-352.752563	24.480331	-69.736885	-6.063142	0.000000	0.000000	3.750000	389.958313	74.933662
415	-21.900242	615.374268	-11.284611	89.289734	0.000000	0.000000	3.750000	109.281509	-911.558960
416	-431.873779	-175.884384	-65.770584	-23.963081	0.000000	0.000000	3.750000	813.066589	242.888824
417	-322.296997	87.755554	-70.259888	33.875488	0.000000	0.000000	3.750000	252.284012	-121.627342
418	-33.927570	571.229858	-3.025669	91.950226	0.000000	0.000000	3.750000	9.628192	-830.560852
419	377.413422	494.670441	61.248909	73.922729	0.000000	0.000000	3.750000	-487.554535	-627.232300
420	-307.446533	467.910187	-39.676182	69.467896	0.000000	0.000000	3.750000	260.781494	-642.955627
421	114.984238	28.078714	64.641113	-20.867783	0.000000	0.000000	3.750000	-22.421455	-95.994095
422	293.131134	349.959473	38.052494	56.355949	0.000000	0.000000	3.750000	-282.420258	-672.259888
423	177.523254	-162.151093	36.886425	-64.151321	0.000000	0.000000	3.750000	-205.647629	351.204163
424	20.447708	545.587036	6.573146	77.722321	0.000000	0.000000	3.750000	-53.470585	-311.919464
425	-293.042480	-469.735687	-43.012333	-65.068665	0.000000	0.000000	3.750000	350.266602	702.407898
426	-490.679260	-183.176712	-80.575394	-30.059992	0.000000	0.000000	3.750000	308.502380	91.245941
427	160.471512	308.044159	27.484211	57.798038	0.000000	0.000000	3.750000	-138.721573	-246.828201
428	393.096130	-351.148743	46.431980	-52.383854	0.000000	0.000000	3.750000	-443.771454	621.655518
429	149.205856	-475.023621	21.554947	-72.879120	0.000000	0.000000	3.750000	-89.177536	676.978638
430	-47.268913	-390.700562	-2.225149	-69.964630	0.000000	0.000000	3.750000	23.965380	701.443237
431	457.058258	51.147373	71.998657	0.439961	0.000000	0.000000	3.750000	-690.875305	9.761961
432	35.031242	-82.865242	-50.918644	-76.624069	0.000000	0.000000	3.750000	259.294006	300.973022
433	-371.123444	303.291199	-49.073837	44.133408	0.000000	0.000000	3.750000	431.616516	-366.383514
434	-321.588745	300.414398	-36.656715	59.634529	0.000000	0.000000	3.750000	357.005341	-786.035034
435	360.106201	126.736687	89.790718	6.133699	0.000000	0.000000	3.750000	-597.799500	-73.878326
436	364.467438	-191.465088	58.054157	-35.407822	0.000000	0.000000	3.750000	-495.189392	324.562408
437	-415.314453	159.647263	-68.566597	14.093268	0.000000	0.000000	3.750000	889.851990	-125.157753
438	-272.484344	174.892990	-71.242538	31.756851	0.000000	0.000000	3.750000	464.475189	-181.720840
439	362.336609	357.425049	61.237167	41.545273	0.000000	0.000000	3.750000	-561.815979	-386.530640
440	151.066742	-453.207642	23.143753	-80.748741	0.000000	0.000000	3.750000	-147.351440	759.014404
441	334.961517	131.797363	70.866348	45.099136	0.000000	0.000000	3.750000	-384.715851	-350.315430
442	-87.083893	-95.277634	-66.043869	-51.890686	0.000000	0.000000	3.750000	175.619568	14.271694
443	16.769947	-286.737274	1.084366	-85.991898	0.000000	0.000000	3.750000	90.250870	306.923492
444	130.739914	-451.080322	-6.269508	-77.747620	0.000000	0.000000	3.750000	54.809784	572.797485
445	-111.741348	472.375763	-21.757748	76.984360	0.000000	0.000000	3.750000	141.612366	-858.436707
446	-216.440445	-191.148407	-71.322021	-40.461945	0.000000	0.000000	3.750000	725.126587	401.178955
447	-134.115601	121.880035	-23.261703	89.010368	0.000000	0.000000	3.750000	48.375694	-354.939545
448	175.291565	-31.908075	71.677864	6.802739	0.000000	0.000000	3.750000	-902.199341	-20.187880
449	-23.595896	558.684570	7.397260	83.673660	0.000000	0.000000	3.750000	-47.027287	-538.110657
450	-145.412079	-314.696655	-37.907990	-65.870926	0.000000	0.000000	3.750000	232.499390	353.133179
451	36.045364	-347.664124	-0.206990	-79.999710	0.000000	0.000000	3.750000	26.219648	579.564819
452	93.002983	63.639603	73.835304	4.898932	0.000000	0.000000	3.750000	-259.836090	-145.539978
453	315.253326	364.805054	47.243374	56.956673	0.000000	0.000000	3.750000	-562.132690	-757.908020
454	-433.255371	424.393188	-80.678909	48.238014	0.000000	0.000000	3.750000	696.012085	-346.147827
455	277.385834	276.096802	44.562180	68.834671	0.000000	0.000000	3.750000	-294.929871	-475.990173
456	329.495514	-57.949863	75.355499	-9.875762	0.000000	0.000000	3.750000	-591.294739	-9.893682
457	84.108345	-233.683487	-15.515848	-53.807144	0.000000	0.000000	3.750000	219.014557	317.640289
458	489.171051	478.756287	61.529922	65.681564	0.000000	0.000000	3.750000	-580.437744	-620.672546
459	134.240097	-147.095581	66.440735	-66.492523	0.000000	0.000000	3.750000	-349.698212	164.905106
460	-449.254333	535.530884	-58.505486	68.389099	0.000000	0.000000	3.750000	178.252747	-198.389694
461	-230.508484	-287.855042	-58.721565	-65.542130	0.000000	0.000000	3.750000	299.135437	383.997162
462	-6.621061	401.447357	-36.065643	66.897331	0.000000	0.000000	3.750000	189.276855	-256.358734
463	478.789886	-472.627930	62.003178	-59.595329	0.000000	0.000000	3.750000	-713.875000	607.221436
464	-144.755386	-59.940575	-83.942993	3.088544	0.000000	0.000000	3.750000	391.475922	-74.953529
465	-398.082977	206.892670	-59.771961	27.987715	0.000000	0.000000	3.750000	606.759705	-246.791168
466	374.373779	1.470113	81.583206	8.257132	0.000000	0.000000	3.750000	-551.223694	-73.648125
467	432.774719	-4.160186	69.795670	-5.344159	0.000000	0.000000	3.750000	-882.532593	-5.659915
468	-580.012634	373.956848	-90.350006	47.337875	0.000000	0.000000	3.750000	809.125427	-456.912811
469	-186.576538	-378.057373	-30.936550	-65.014587	0.000000	0.000000	3.750000	191.492035	279.994904
470	-42.550213	506.013275	-5.283957	75.816086	0.000000	0.000000	3.750000	43.480736	-856.101257
471	376.290100	-138.979492	60.243137	-31.539719	0.000000	0.000000	3.750000	-655.558655	220.038330
472	58.348072	-264.994629	-21.971725	-76.921097	0.000000	0.000000	3.750000	163.307007	219.829041
473	89.260239	-103.453941	25.999599	-79.874847	0.000000	0.000000	3.750000	-24.148209	208.838821
474	-264.997864	-461.663116	-45.107361	-66.070610	0.000000	0.000000	3.750000	396.605530	603.395020
475	274.434601	-249.264221	62.800934	-39.132454	0.000000	0.000000	3.750000	-62.826828	43.814991
476	-285.302063	-440.433411	-49.241844	-60.491661	0.000000	0.000000	3.750000	465.057617	585.835815
477	92.201462	-108.476433	75.967224	-2.231184	0.000000	0.000000	3.750000	-263.385895	9.741382
478	454.570251	219.972198	82.723190	30.014446	0.000000	0.000000	3.750000	-752.162598	-207.154510
479	67.061546	-356.452698	11.488869	-71.077271	0.000000	0.000000	3.750000	-112.526810	356.349182
480	-450.731689	25.398262	-68.191139	15.810390	0.000000	0.000000	3.750000	544.450134	-133.980606
481	464.916443	561.413208	61.695942	70.919739	0.000000	0.000000	3.750000	-661.827698	-818.966797
482	-354.349121	315.962433	-49.334248	43.842129	0.000000	0.000000	3.750000	488.025177	-424.763702
483	34.007988	-522.192017	-16.730738	-96.561287	0.000000	0.000000	3.750000	118.382202	676.317505
484	131.578064	416.914734	22.635263	78.813988	0.000000	0.000000	3.750000	-192.228455	-674.319885
485	-175.443649	-502.310974	-26.810099	-68.972565	0.000000	0.000000	3.750000	168.581024	595.068787
486	398.179108	-317.481140	66.109314	-63.980873	0.000000	0.000000	3.750000	-419.156464	477.059082
487	-211.580811	-361.475830	-42.753307	-67.617653	0.000000	0.000000	3.750000	349.761353	458.848022
488	148.694580	431.122498	13.687347	78.820099	0.000000	0.000000	3.750000	-4.258803	-344.603271
489	177.099976	395.282928	19.259480	67.298386	0.000000	0.000000	3.750000	-185.115677	-603.994446
490	-396.182098	-68.890541	-60.266266	-21.540062	0.000000	0.000000	3.750000	640.073059	165.988739
491	-200.306671	-178.357147	-38.598862	-37.764107	0.000000	0.000000	3.750000	409.796295	394.814026
492	-39.659832	349.214020	-16.043398	68.136536	0.000000	0.000000	3.750000	31.877598	-418.897400
493	251.942551	-303.184082	56.807739	-61.877945	0.000000	0.000000	3.750000	-341.454376	348.506378
494	-22.617748	-261.297485	0.547741	-73.997925	0.000000	0.000000	3.750000	-22.941608	343.968719
495	86.197609	237.438690	-9.903555	83.413673	0.000000	0.000000	3.750000	-14.530325	-319.486450
496	307.123108	17.355997	57.098351	-18.433071	0.000000	0.000000	3.750000	-468.060974	146.700653
497	150.974243	516.039795	21.713970	81.144951	0.000000	0.000000	3.750000	-211.363495	-806.512817
498	-221.342880	-547.654175	-44.177704	-73.785706	0.000000	0.000000	3.750000	444.021118	725.381775
499	-363.070312	300.027283	-54.941132	43.375832	0.000000	0.000000	3.750000	619.998230	-356.202362
500	365.199554	36.162659	74.154716	-16.645075	0.000000	0.000000	3.750000	-697.004272	44.373840
501	437.824585	217.912506	77.782578	25.958845	0.000000	0.000000	3.750000	-1098.517334	-242.341324
502	201.804581	-334.201569	33.903435	-68.018677	0.000000	0.000000	3.750000	-152.205399	418.791748
503	389.801392	-227.979538	56.552971	-44.561886	0.000000	0.000000	3.750000	-532.386841	424.219513
504	-579.219971	-94.677872	-93.439613	-10.248451	0.000000	0.000000	3.750000	766.716980	135.278748
505	-475.667236	-394.507507	-66.750488	-57.344288	0.000000	0.000000	3.750000	759.844238	536.184021
506	325.597382	-207.519653	63.592075	-54.882126	0.000000	0.000000	3.750000	-406.637695	367.436157
507	-286.465668	-386.741241	-41.950745	-68.118469	0.000000	0.000000	3.750000	402.685028	545.838562
508	-394.777039	-527.425537	-55.768394	-70.639130	0.000000	0.000000	3.750000	433.305359	567.036255
509	-25.514505	222.699921	-3.775975	59.879387	0.000000	0.000000	3.750000	-71.711723	-187.636795
510	-194.265045	421.013916	-30.214954	58.677483	0.000000	0.000000	3.750000	230.887085	-733.146912
511	-181.617981	-366.387177	-33.674488	-59.076462	0.000000	0.000000	3.750000	334.139618	650.853027
512	-69.919083	533.131287	-28.624138	83.214447	0.000000	0.000000	3.750000	163.757202	-730.706055
513	-646.124634	108.778763	-91.810150	20.171665	0.000000	0.000000	3.750000	895.829102	-185.895905
514	399.964783	-300.502197	49.941818	-43.148750	0.000000	0.000000	3.750000	-455.287933	431.014282
515	-137.559006	403.292664	-23.993793	86.742546	0.000000	0.000000	3.750000	59.958981	-485.889923
516	77.099007	-254.572128	14.287306	-68.526443	0.000000	0.000000	3.750000	-93.347069	386.113922
517	-25.390936	-380.694611	-22.327404	-68.450607	0.000000	0.000000	3.750000	210.838303	536.934204
518	26.944328	-229.298645	-5.321295	-69.797272	0.000000	0.000000	3.750000	93.222641	387.835876
519	-33.524998	14.519392	-56.765625	37.433727	0.000000	0.000000	3.750000	126.232025	-26.067310
520	186.911636	-93.885162	77.354630	-10.012358	0.000000	0.000000	3.750000	-562.941772	20.169649
521	222.054840	16.867317	63.994469	0.840956	0.000000	0.000000	3.750000	-137.594406	-26.059723
522	226.847107	526.017883	31.873945	71.190170	0.000000	0.000000	3.750000	-251.454102	-859.861816
523	238.048615	279.271332	47.015934	76.743073	0.000000	0.000000	3.750000	-412.697479	-617.902405
524	-515.755493	-368.585175	-69.965729	-42.764420	0.000000	0.000000	3.750000	643.579346	361.395691
525	-9.749109	-199.273514	-14.623531	-72.539963	0.000000	0.000000	3.750000	363.070648	650.935547
526	-369.553101	299.676208	-68.698120	44.772366	0.000000	0.000000	3.750000	505.563629	-382.409119
527	-88.216141	19.516485	-42.588203	11.055995	0.000000	0.000000	3.750000	214.972107	-101.532585
528	140.152756	-81.491859	46.399227	-67.608383	0.000000	0.000000	3.750000	-226.652863	167.814072
529	-409.052612	71.791245	-75.722618	6.487295	0.000000	0.000000	3.750000	1166.811523	-96.728569
530	-96.240204	-78.894798	-14.293671	76.653740	0.000000	0.000000	3.750000	-59.587471	-77.135208
531	-187.432968	-506.555664	-28.514503	-70.448013	0.000000	0.000000	3.750000	290.219879	725.265686
532	453.604889	326.570862	77.220802	46.226959	0.000000	0.000000	3.750000	-544.131897	-419.090393
533	-290.600494	-70.251549	-61.650246	-37.191807	0.000000	0.000000	3.750000	639.214111	547.761536
534	446.458618	113.026108	67.007050	20.249798	0.000000	0.000000	3.750000	-711.759155	-208.304672
535	339.774078	190.644897	65.335869	30.252575	0.000000	0.000000	3.750000	-599.659241	-344.023560
536	-400.160217	36.991554	-68.911392	12.297001	0.000000	0.000000	3.750000	552.944763	-146.806671
537	-321.638916	393.446899	-57.405518	61.323292	0.000000	0.000000	3.750000	168.775589	-240.755173
538	108.095535	447.416321	11.541079	73.094406	0.000000	0.000000	3.750000	-24.319408	-622.554993
539	158.988098	120.062988	68.829498	27.175016	0.000000	0.000000	3.750000	-270.852264	-147.500549
540	-381.099548	-383.884399	-53.417747	-48.275406	0.000000	0.000000	3.750000	366.957184	190.675232
541	259.890778	-317.773621	61.231300	-45.019154	0.000000	0.000000	3.750000	-389.004791	307.062897
542	452.161194	-403.144226	64.387794	-62.882523	0.000000	0.000000	3.750000	-509.817017	524.120850
543	402.459290	-120.956680	81.904465	-18.645016	0.000000	0.000000	3.750000	-616.943420	54.066334
544	-74.377831	474.924927	5.051557	69.817398	0.000000	0.000000	3.750000	36.830860	-541.328552
545	452.172668	-436.061676	55.341873	-57.769161	0.000000	0.000000	3.750000	-508.617126	577.749023
546	8.822042	-178.346680	3.753792	-61.886257	0.000000	0.000000	3.750000	-26.019583	341.157471
547	-458.209442	-49.057327	-65.251457	-19.137568	0.000000	0.000000	3.750000	728.269897	188.166412
548	558.879761	-229.261581	76.194412	-35.360950	0.000000	0.000000	3.750000	-840.373169	250.755554
549	120.679878	452.895386	29.469490	65.692795	0.000000	0.000000	3.750000	-291.594177	-912.216553
550	465.864746	93.253937	81.886520	18.723877	0.000000	0.000000	3.750000	-805.300842	-78.620438
551	171.750671	-517.055481	19.583412	-69.285522	0.000000	0.000000	3.750000	-131.634979	764.073853
552	-365.437134	351.567993	-62.518356	59.054680	0.000000	0.000000	3.750000	567.735107	-565.642944
553	365.783508	237.865173	62.936119	38.923523	0.000000	0.000000	3.750000	-638.289795	-478.991974
554	88.674469	189.313431	82.696373	14.698675	0.000000	0.000000	3.750000	-78.215988	-9.278486
555	-194.907349	528.154602	-58.519268	83.543365	0.000000	0.000000	3.750000	422.202728	-623.547058
556	177.292007	-499.088135	32.755718	-75.173546	0.000000	0.000000	3.750000	-252.316971	655.881226
557	-519.216980	132.002014	-81.998032	0.565446	0.000000	0.000000	3.750000	814.627197	47.984905
558	-248.696701	538.638245	-45.687233	77.541412	0.000000	0.000000	3.750000	344.571899	-708.753906
559	561.615173	340.241821	70.513351	52.648502	0.000000	0.000000	3.750000	-629.782654	-420.740051
560	219.983398	450.494019	48.070541	63.946999	0.000000	0.000000	3.750000	-492.749512	-779.195007
561	399.682281	-174.632446	64.967255	-35.429398	0.000000	0.000000	3.750000	-450.627747	179.314072
562	-359.679199	418.191223	-49.158188	57.960960	0.000000	0.000000	3.750000	486.360107	-603.218872
563	211.931274	-455.621277	35.594963	-69.404594	0.000000	0.000000	3.750000	-328.134186	615.692322
564	-311.162964	-109.330078	-67.927582	-23.871330	0.000000	0.000000	3.750000	513.172729	144.309753
565	-453.220490	-480.209198	-60.895813	-63.527153	0.000000	0.000000	3.750000	510.034058	549.288757
566	562.698608	212.990707	75.477486	36.866531	0.000000	0.000000	3.750000	-807.657471	-295.421356
567	-444.850159	-390.738251	-64.530632	-59.831383	0.000000	0.000000	3.750000	703.167480	570.693726
568	2.527075	453.924164	7.699079	71.587097	0.000000	0.000000	3.750000	-171.404755	-688.524658
569	377.675079	-285.695679	70.277977	-46.010902	0.000000	0.000000	3.750000	-600.326416	343.588776
570	-87.120544	-360.653687	5.899865	-89.806381	0.000000	0.000000	3.750000	-0.180073	633.156860
571	-413.601624	-222.431824	-55.792656	-38.873886	0.000000	0.000000	3.750000	695.263550	458.987427
572	-179.305923	-406.206787	-33.126900	-61.665253	0.000000	0.000000	3.750000	261.329773	600.925110
573	191.440155	66.996681	70.132034	29.280880	0.000000	0.000000	3.750000	-341.979065	-283.253784
574	533.670044	211.415421	77.200958	20.975615	0.000000	0.000000	3.750000	-248.377029	-30.902161
575	-95.488632	221.538437	-26.210114	69.202789	0.000000	0.000000	3.750000	176.748001	-600.635925
576	124.025787	-227.788742	5.230796	-61.778923	0.000000	0.000000	3.750000	-55.554108	379.876221
577	-689.761475	178.671570	-95.363586	41.494400	0.000000	0.000000	3.750000	810.599060	-336.188965
578	-365.232880	242.140320	-66.099297	45.065292	0.000000	0.000000	3.750000	559.270935	-412.710266
579	411.946594	-180.622559	72.831650	-41.851479	0.000000	0.000000	3.750000	-439.210052	266.373627
580	-354.188599	403.914307	-48.952183	58.135002	0.000000	0.000000	3.750000	460.429749	-673.334656
581	-36.887127	-526.740784	-22.656273	-80.886902	0.000000	0.000000	3.750000	187.214462	607.225098
582	298.159424	19.076553	71.922195	3.250655	0.000000	0.000000	3.750000	-106.188728	-67.855515
583	-236.333054	-271.043579	-53.764862	-59.239685	0.000000	0.000000	3.750000	401.649750	447.534698
584	-39.871696	-410.916077	-2.186772	-73.967682	0.000000	0.000000	3.750000	21.156607	686.059692
585	28.323654	-470.809906	-2.469412	-73.958740	0.000000	0.000000	3.750000	-12.304086	490.033722
586	-318.198761	59.010262	-88.850555	14.336884	0.000000	0.000000	3.750000	485.826569	-139.359497
587	-366.926697	76.993713	-91.518570	21.454603	0.000000	0.000000	3.750000	258.422668	-19.424452
588	161.786972	354.319946	20.687336	58.446823	0.000000	0.000000	3.750000	-136.832596	-517.558105
589	-406.666626	194.566254	-79.170593	21.354496	0.000000	0.000000	3.750000	646.736816	-199.748749
590	21.266258	85.494713	19.575411	73.434250	0.000000	0.000000	3.750000	-62.599155	-135.131638
591	-79.454544	-480.911377	-22.267689	-68.470062	0.000000	0.000000	3.750000	140.119385	495.527161
592	348.166870	-67.975731	75.079666	-21.143385	0.000000	0.000000	3.750000	-496.222137	119.584824
593	185.351562	385.247375	25.409050	49.903687	0.000000	0.000000	3.750000	-309.707550	-773.408691
594	-374.507141	-56.474957	-90.461441	16.754463	0.000000	0.000000	3.750000	364.390594	-85.167831
595	-278.780151	-279.155670	-55.590530	-45.756706	0.000000	0.000000	3.750000	361.947845	409.356812
596	-17.513487	251.928818	1.930558	85.976479	0.000000	0.000000	3.750000	-110.976448	-328.807251
597	-99.892593	-404.280914	-27.705713	-87.729073	0.000000	0.000000	3.750000	231.607895	615.397949
598	-259.898376	113.537773	-44.345650	18.370167	0.000000	0.000000	3.750000	296.871979	-122.585419
599	-212.884735	171.557495	-51.868538	68.597778	0.000000	0.000000	3.750000	244.013824	-331.854401
600	252.213196	389.132385	41.257294	59.007065	0.000000	0.000000	3.750000	-364.864380	-598.509338
601	217.458618	-460.190857	24.737503	-78.179626	0.000000	0.000000	3.750000	-273.109985	763.751648
602	-99.883247	445.356201	-21.627499	91.478104	0.000000	0.000000	3.750000	124.506294	-827.118042
603	63.916130	-555.134888	23.460968	-82.737946	0.000000	0.000000	3.750000	-141.804657	953.550293
604	354.352905	344.750916	50.837280	61.770264	0.000000	0.000000	3.750000	-344.971497	-485.732727
605	195.651672	-276.796936	39.457867	-67.283539	0.000000	0.000000	3.750000	-279.364380	530.311157
606	-186.193420	-554.240540	-28.318710	-83.318878	0.000000	0.000000	3.750000	140.494492	671.683716
607	-271.352966	-482.171234	-48.568672	-80.480316	0.000000	0.000000	3.750000	445.724731	659.652039
608	-35.779560	-396.646484	-10.927635	-65.089058	0.000000	0.000000	3.750000	87.227692	771.044678
609	-371.390228	137.511246	-72.846191	13.016606	0.000000	0.000000	3.750000	768.846802	-105.599556
610	21.532730	-255.235977	24.603352	-74.017960	0.000000	0.000000	3.750000	-85.931709	320.120209
611	391.112976	-563.282104	60.667015	-71.801903	0.000000	0.000000	3.750000	-620.065369	756.361694
612	496.098083	-307.031738	85.100090	-44.429325	0.000000	0.000000	3.750000	-735.789368	298.042877
613	-330.539612	-512.337097	-46.816936	-74.512909	0.000000	0.000000	3.750000	503.729492	736.706360
614	423.945312	154.067581	71.783463	24.962261	0.000000	0.000000	3.750000	-233.868515	-62.656372
615	195.740265	262.024994	54.855709	46.635296	0.000000	0.000000	3.750000	-402.502594	-365.363556
616	60.547573	-288.583923	16.779743	-86.382812	0.000000	0.000000	3.750000	43.013000	182.770370
617	160.271881	465.514709	33.919792	63.509426	0.000000	0.000000	3.750000	-488.533173	-902.677490
618	-433.949951	-176.776962	-80.478012	-35.598816	0.000000	0.000000	3.750000	499.555847	168.402054
619	-527.652832	461.971008	-69.804581	59.927612	0.000000	0.000000	3.750000	735.714661	-568.436646
620	-235.836792	254.400818	-62.259003	27.346228	0.000000	0.000000	3.750000	527.201233	-236.549438
621	-349.561829	-86.296150	-61.761124	-5.436579	0.000000	0.000000	3.750000	478.018402	93.140945
622	201.670670	-98.082779	81.146606	-28.470688	0.000000	0.000000	3.750000	-205.172653	-24.455765
623	105.364952	-375.839447	15.127291	-64.243011	0.000000	0.000000	3.750000	-128.414978	641.039368
624	-35.858765	132.405060	-26.675362	79.651840	0.000000	0.000000	3.750000	94.347298	-360.821320
625	174.491745	-602.450439	25.752712	-84.147476	0.000000	0.000000	3.750000	-159.533295	594.542297
626	516.608704	39.235207	75.939270	3.037781	0.000000	0.000000	3.750000	-680.677368	-35.669586
627	-349.149078	465.023773	-56.650005	56.486950	0.000000	0.000000	3.750000	663.305359	-597.377319
628	318.091797	-69.815628	71.815704	-47.312836	0.000000	0.000000	3.750000	-412.498291	259.358948
629	-572.332886	253.242538	-85.064072	35.044159	0.000000	0.000000	3.750000	760.228943	-222.852478
630	517.497925	385.854614	81.868073	41.971619	0.000000	0.000000	3.750000	-689.437805	-324.861969
631	-140.755508	99.467667	-81.327667	-10.459028	0.000000	0.000000	3.750000	143.858841	-42.555080
632	-531.950073	-357.543091	-64.812828	-59.525459	0.000000	0.000000	3.750000	265.233765	219.890930
633	18.793083	-203.310730	-17.921516	-55.161072	0.000000	0.000000	3.750000	210.834442	265.445679
634	-49.850887	-34.628128	-11.920660	-75.052704	0.000000	0.000000	3.750000	-20.913559	-12.587550
635	-315.903900	250.645203	-65.473145	29.954384	0.000000	0.000000	3.750000	442.041534	-232.072479
636	-353.273376	-159.189423	-63.264206	-18.805298	0.000000	0.000000	3.750000	530.147522	120.527115
637	-451.197205	299.994324	-79.283020	50.499519	0.000000	0.000000	3.750000	739.719910	-444.900604
638	244.660858	272.873627	64.284760	40.539482	0.000000	0.000000	3.750000	-410.559753	-372.042145
639	267.056152	-221.004196	47.203156	-33.702534	0.000000	0.000000	3.750000	-495.773499	317.552399
640	-185.525787	80.215691	-59.222515	-9.627067	0.000000	0.000000	3.750000	162.194916	6.584558
641	-135.364624	-163.617783	-50.321526	-32.676270	0.000000	0.000000	3.750000	303.337280	249.437775
642	448.683197	-123.963776	68.674454	-21.629002	0.000000	0.000000	3.750000	-804.586365	159.484833
643	-211.045578	332.833130	-51.464371	66.388382	0.000000	0.000000	3.750000	332.282135	-441.177948
644	153.862259	-184.940125	55.721169	-73.206223	0.000000	0.000000	3.750000	-331.967590	455.474152
645	-45.607719	63.305698	-9.980192	65.240753	0.000000	0.000000	3.750000	-10.797256	-340.991638
646	-489.788879	413.956848	-66.195793	51.711823	0.000000	0.000000	3.750000	732.298218	-478.511322
647	-356.751892	-320.317291	-56.952637	-53.295105	0.000000	0.000000	3.750000	174.096100	187.455490
648	328.521027	100.948128	51.921478	2.856575	0.000000	0.000000	3.750000	-749.853455	-60.344154
649	-102.465240	-59.971855	-66.543892	-13.988839	0.000000	0.000000	3.750000	271.748016	-38.490799
650	553.998047	187.051819	88.915848	23.621094	0.000000	0.000000	3.750000	-747.338135	-117.673363
651	-418.758087	-414.509460	-52.963989	-59.956768	0.000000	0.000000	3.750000	501.212036	647.446777
652	-462.226837	-221.321732	-62.394165	-35.929962	0.000000	0.000000	3.750000	860.179382	368.154633
653	332.467957	396.647003	56.833977	59.109154	0.000000	0.000000	3.750000	-400.932709	-489.469238
654	395.426300	136.920303	70.142517	23.577888	0.000000	0.000000	3.750000	-226.774399	-26.701578
655	-393.423828	-260.869720	-69.141220	-36.103889	0.000000	0.000000	3.750000	620.437073	350.289978
656	-317.730011	-44.717613	-65.883560	-23.650700	0.000000	0.000000	3.750000	629.726562	258.602264
657	212.524567	-481.255737	28.141838	-77.019707	0.000000	0.000000	3.750000	-214.989868	653.246887
658	234.169785	421.657898	30.002808	61.023201	0.000000	0.000000	3.750000	-290.451538	-654.604675
659	384.083069	-102.949265	69.975883	-24.070080	0.000000	0.000000	3.750000	-749.445862	185.046509
660	-282.057434	-185.349792	-64.852921	-26.345379	0.000000	0.000000	3.750000	499.911469	119.392113
661	452.392395	-215.864990	63.505775	-33.926544	0.000000	0.000000	3.750000	-716.816223	274.119629
662	-225.152512	-460.031799	-37.721073	-65.978172	0.000000	0.000000	3.750000	378.190338	728.832214
663	-95.950783	-457.615051	-46.303848	-90.884163	0.000000	0.000000	3.750000	307.969543	480.935883
664	53.584080	212.270737	24.107239	72.075012	0.000000	0.000000	3.750000	-243.349838	-447.431458
665	223.374832	31.030510	58.047874	15.180172	0.000000	0.000000	3.750000	-355.991913	-130.041916
666	-83.434753	347.478546	-20.231894	71.180542	0.000000	0.000000	3.750000	135.203461	-526.139221
667	106.558372	-56.067871	53.963230	-41.375832	0.000000	0.000000	3.750000	-220.840332	141.779541
668	-441.843750	-66.655190	-69.250595	-10.215431	0.000000	0.000000	3.750000	690.867004	93.157631
669	-236.238281	503.347412	-37.544968	66.078453	0.000000	0.000000	3.750000	284.652527	-769.833557
670	-430.628662	-177.596863	-72.266365	-29.352501	0.000000	0.000000	3.750000	429.045532	170.496628
671	-212.806824	-250.920395	-41.728813	-51.134193	0.000000	0.000000	3.750000	397.680786	461.233765
672	242.626984	400.760193	30.615845	62.949638	0.000000	0.000000	3.750000	-153.513489	-469.032898
673	-277.986542	-147.163132	-56.034279	-30.921803	0.000000	0.000000	3.750000	367.388306	230.460419
674	453.402161	-389.240204	62.500420	-56.119232	0.000000	0.000000	3.750000	-79.202179	73.582870
675	233.773209	-461.360413	35.576088	-64.887070	0.000000	0.000000	3.750000	-285.764069	786.850830
676	135.245071	136.516449	31.950764	73.342682	0.000000	0.000000	3.750000	-213.999268	-486.680695
677	-288.799011	321.559265	-39.691467	62.454681	0.000000	0.000000	3.750000	317.162964	-535.390503
678	418.013702	130.220245	75.392960	37.038994	0.000000	0.000000	3.750000	-610.715149	-397.595154
679	-434.221191	-179.624222	-73.365005	-19.838623	0.000000	0.000000	3.750000	823.448303	143.811310
680	14.616265	348.097290	-18.599197	79.862808	0.000000	0.000000	3.750000	84.784851	-364.580505
681	434.890594	363.876129	59.591698	43.872856	0.000000	0.000000	3.750000	-660.148804	-410.216278
682	169.518768	-60.534489	64.052345	28.235203	0.000000	0.000000	3.750000	-174.243454	-146.845840
683	-369.022217	216.522095	-67.745316	52.976414	0.000000	0.000000	3.750000	333.810272	-418.359528
684	-496.784180	-19.849163	-71.902725	-3.741465	0.000000	0.000000	3.750000	786.044556	31.556934
685	139.624268	-309.527588	17.640026	-44.641117	0.000000	0.000000	3.750000	-219.695908	586.183105
686	429.693176	509.959045	53.590286	74.780212	0.000000	0.000000	3.750000	-723.077759	-1113.089600
687	-263.423401	-0.591750	-79.952805	-2.746672	0.000000	0.000000	3.750000	453.120178	39.328888
688	242.428574	65.807388	59.750526	16.548916	0.000000	0.000000	3.750000	-419.322845	-66.707039
689	469.400574	180.940491	80.157448	25.114861	0.000000	0.000000	3.750000	-835.278870	-111.857536
690	389.062836	188.471069	71.676888	35.530403	0.000000	0.000000	3.750000	-353.771515	-230.556366
691	280.366760	-225.619492	70.785904	-45.225170	0.000000	0.000000	3.750000	-211.479614	153.528625
692	-141.300949	422.644928	-21.468781	77.065475	0.000000	0.000000	3.750000	161.724533	-741.517212
693	-266.277985	-274.294159	-41.058495	-54.205162	0.000000	0.000000	3.750000	386.042725	507.548737
694	127.517387	-200.202988	38.102436	-79.319977	0.000000	0.000000	3.750000	-28.199076	138.802185
695	37.834805	520.881042	10.558113	77.282104	0.000000	0.000000	3.750000	-163.951767	-829.544800
696	-368.983521	-8.331794	-75.911163	3.673314	0.000000	0.000000	3.750000	401.392242	-16.146879
697	221.302979	320.424866	42.805107	42.044266	0.000000	0.000000	3.750000	-501.417023	-403.708435
698	-506.131073	-538.580627	-70.846962	-73.380569	0.000000	0.000000	3.750000	700.489197	736.870605
699	70.149338	-402.647278	4.587687	-71.853676	0.000000	0.000000	3.750000	-9.530962	766.257385
700	56.179070	-384.619537	11.398855	-83.222885	0.000000	0.000000	3.750000	-27.133247	578.511353
701	-392.002472	-200.772308	-76.308434	-35.114422	0.000000	0.000000	3.750000	593.160828	274.784882
702	-308.589111	-105.727470	-61.050041	-10.811660	0.000000	0.000000	3.750000	612.839844	116.345337
703	381.097168	474.906372	49.496075	62.850101	0.000000	0.000000	3.750000	-462.066010	-699.992126
704	-437.600006	232.789398	-67.010971	31.393093	0.000000	0.000000	3.750000	745.374695	-270.765289
705	122.526123	402.849731	12.878143	85.030296	0.000000	0.000000	3.750000	-44.312698	-523.241150
706	-145.762329	-234.853241	-24.613716	-59.077553	0.000000	0.000000	3.750000	230.373001	413.792999
707	-279.257416	284.380249	-52.639999	49.122589	0.000000	0.000000	3.750000	408.757141	-415.585968
708	-388.049225	-133.184143	-79.890289	-4.187188	0.000000	0.000000	3.750000	675.009155	94.725410
709	478.501099	211.429306	70.784782	32.764481	0.000000	0.000000	3.750000	-745.573975	-293.742737
710	432.680695	6.556870	83.998886	0.429899	0.000000	0.000000	3.750000	-615.297852	11.128808
711	183.221680	-553.879150	31.957010	-79.841934	0.000000	0.000000	3.750000	-215.423203	869.857178
712	-595.787048	51.547939	-87.837402	5.346952	0.000000	0.000000	3.750000	708.073242	-35.492840
713	354.845551	-486.495789	53.189804	-65.014191	0.000000	0.000000	3.750000	-479.011902	590.613647
714	241.171066	-165.564484	43.373978	-64.828018	0.000000	0.000000	3.750000	-195.622253	243.569427
715	-297.378845	-425.635468	-48.747772	-55.674545	0.000000	0.000000	3.750000	453.254486	492.803162
716	180.176331	-272.125305	29.046318	-95.688141	0.000000	0.000000	3.750000	-55.519646	430.764252
717	38.541195	96.955635	-6.316788	63.687401	0.000000	0.000000	3.750000	5.695839	-358.634460
718	388.817322	-253.353302	67.068291	-43.609947	0.000000	0.000000	3.750000	-435.372620	205.272827
719	76.310333	316.362335	19.421539	65.167480	0.000000	0.000000	3.750000	-170.171768	-462.158295
720	-496.485138	-400.132202	-70.345398	-56.138367	0.000000	0.000000	3.750000	686.507446	436.063843
721	153.500656	-56.147354	71.562714	-47.691917	0.000000	0.000000	3.750000	-251.764404	78.002968
722	-167.485458	322.807922	-28.456261	59.550285	0.000000	0.000000	3.750000	332.518707	-554.711548
723	-366.015350	-172.139160	-81.518242	-8.875015	0.000000	0.000000	3.750000	523.057617	115.576828
724	-115.184387	-398.684967	-35.696522	-78.241661	0.000000	0.000000	3.750000	438.743469	998.141724
725	-270.506989	-297.827637	-48.654346	-50.326477	0.000000	0.000000	3.750000	407.420837	387.786804
726	195.154648	358.312744	23.084862	74.505630	0.000000	0.000000	3.750000	-212.562637	-610.027100
727	-487.279480	255.824936	-97.019783	37.457764	0.000000	0.000000	3.750000	283.559998	-158.059784
728	-17.974823	482.693970	-15.111612	70.396294	0.000000	0.000000	3.750000	133.778763	-778.431885
729	194.294205	487.746948	30.651117	65.149887	0.000000	0.000000	3.750000	-285.821838	-690.442383
730	-179.518875	423.435242	-28.397522	72.646942	0.000000	0.000000	3.750000	243.956848	-777.320801
731	-349.785370	329.457184	-45.527626	47.783211	0.000000	0.000000	3.750000	518.377625	-563.060608
732	-255.419846	77.350388	-66.504189	32.449257	0.000000	0.000000	3.750000	104.999977	-31.378244
733	12.971881	-445.427490	7.317335	-73.637329	0.000000	0.000000	3.750000	-64.817787	811.400940
734	495.172424	-393.467590	70.562088	-59.033760	0.000000	0.000000	3.750000	-716.457947	502.773895
735	264.638000	562.693176	47.775276	69.090645	0.000000	0.000000	3.750000	-434.410889	-788.336365
736	-259.384216	55.012283	-78.274231	-16.526695	0.000000	0.000000	3.750000	495.909698	40.266769
737	-188.641754	120.468590	-47.827892	53.818436	0.000000	0.000000	3.750000	136.845413	-223.084717
738	-68.900627	93.119583	-76.241028	30.187485	0.000000	0.000000	3.750000	356.362640	-189.820587
739	-359.679932	146.995102	-59.842350	16.213926	0.000000	0.000000	3.750000	743.822266	-256.808441
740	330.133057	-303.047363	49.831223	-67.622589	0.000000	0.000000	3.750000	-312.585815	617.325989
741	281.041595	-183.916931	73.032898	-52.593842	0.000000	0.000000	3.750000	-222.623688	245.668976
742	-336.631958	430.271454	-50.181034	54.386246	0.000000	0.000000	3.750000	567.135681	-628.698120
743	349.319672	51.234467	57.999474	0.246222	0.000000	0.000000	3.750000	-625.297180	-29.783710
744	352.545471	135.125885	55.408234	23.020161	0.000000	0.000000	3.750000	-787.764648	-328.154968
745	148.327148	-288.366516	-1.913257	-91.979591	0.000000	0.000000	3.750000	114.264793	543.888428
746	170.343048	72.865868	50.457802	74.524780	0.000000	0.000000	3.750000	-147.590607	-328.437103
747	-398.532532	453.867035	-62.293823	59.291473	0.000000	0.000000	3.750000	558.235291	-573.845093
748	-165.426804	135.951843	-53.995285	37.953815	0.000000	0.000000	3.750000	335.323853	-345.870789
749	365.900024	-296.372833	56.021103	-45.228706	0.000000	0.000000	3.750000	-591.883118	442.759003
750	484.250793	375.513824	84.078445	61.210739	0.000000	0.000000	3.750000	-538.949585	-569.601868
751	-223.169495	-404.305725	-47.160061	-59.598034	0.000000	0.000000	3.750000	520.136902	796.625916
752	-351.576782	70.923203	-64.442535	14.253317	0.000000	0.000000	3.750000	511.067169	-139.238342
753	221.427048	-62.764572	65.125198	-10.709141	0.000000	0.000000	3.750000	-365.936554	6.778534
754	-262.635773	221.573975	-51.186951	38.417374	0.000000	0.000000	3.750000	432.556274	-364.980438
755	-506.391541	334.217560	-66.043701	55.083809	0.000000	0.000000	3.750000	473.028412	-430.129364
756	373.139587	365.707031	58.724148	41.658997	0.000000	0.000000	3.750000	-797.189819	-463.990112
757	-291.033508	-361.997589	-51.477142	-58.601227	0.000000	0.000000	3.750000	470.526215	508.597839
758	211.626175	-448.374176	41.988346	-60.934219	0.000000	0.000000	3.750000	-414.682648	616.168640
759	170.197830	176.580994	43.690441	78.683594	0.000000	0.000000	3.750000	-285.260406	-389.552765
760	294.399780	-385.608398	42.895523	-65.145737	0.000000	0.000000	3.750000	-209.646576	303.395325
761	387.239136	-230.505997	64.373405	-21.910244	0.000000	0.000000	3.750000	-766.916260	168.794235
762	170.867538	-495.359161	38.778706	-72.250854	0.000000	0.000000	3.750000	-274.654541	872.815796
763	-305.121246	479.731628	-40.157631	64.524048	0.000000	0.000000	3.750000	322.931915	-776.441772
764	300.635651	-487.919983	49.556377	-82.220108	0.000000	0.000000	3.750000	-387.291443	880.812744
765	-186.717682	81.427765	-63.111092	10.628336	0.000000	0.000000	3.750000	258.981018	4.036308
766	291.508911	-197.963181	61.814377	-32.847488	0.000000	0.000000	3.750000	-1064.137451	283.106842
767	127.621429	529.734802	21.602140	77.028221	0.000000	0.000000	3.750000	-114.523804	-442.893433
768	506.500366	-207.918182	84.473572	-36.444374	0.000000	0.000000	3.750000	-824.728271	235.550568
769	-36.195168	-506.022095	-6.535117	-73.710861	0.000000	0.000000	3.750000	59.949566	810.027954
770	-458.083649	5.012626	-75.565353	8.116327	0.000000	0.000000	3.750000	689.650574	-42.573021
771	354.133362	-444.506897	54.235641	-56.057964	0.000000	0.000000	3.750000	-604.005920	645.666565
772	-140.739410	-550.774048	-20.228088	-89.748657	0.000000	0.000000	3.750000	137.861206	834.730530
773	-257.176453	-262.237671	-41.881493	-42.964413	0.000000	0.000000	3.750000	446.136047	458.181885
774	-241.112564	275.048950	-50.691727	42.265202	0.000000	0.000000	3.750000	533.750244	-390.436310
775	374.561829	394.785431	51.399902	55.982582	0.000000	0.000000	3.750000	-472.550507	-506.826019
776	334.016907	249.943024	48.715591	38.350883	0.000000	0.000000	3.750000	-549.794373	-381.854340
777	-263.182281	207.656479	-65.259933	34.887321	0.000000	0.000000	3.750000	336.071350	-225.059860
778	375.339539	-55.967670	67.602051	-7.345691	0.000000	0.000000	3.750000	-552.096741	17.362967
779	117.661362	209.661636	49.698395	60.117134	0.000000	0.000000	3.750000	-165.743408	-212.946014
780	46.464993	167.895172	13.452303	74.799957	0.000000	0.000000	3.750000	-55.356827	-434.423035
781	-259.390900	-49.291180	-56.916962	-24.585642	0.000000	0.000000	3.750000	581.942627	185.876205
782	-369.373779	351.105194	-57.144341	47.016209	0.000000	0.000000	3.750000	571.310242	-432.786530
783	-121.348763	-560.958496	-24.903774	-86.485718	0.000000	0.000000	3.750000	115.432747	913.234497
784	-384.067017	355.622131	-62.085464	56.580856	0.000000	0.000000	3.750000	540.069336	-452.687408
785	-571.079529	-431.022675	-89.251297	-53.387310	0.000000	0.000000	3.750000	704.994202	381.488678
786	-67.580025	512.284363	-20.485306	69.024284	0.000000	0.000000	3.750000	173.703079	-676.676514
787	-181.456192	309.807922	-41.617950	61.187794	0.000000	0.000000	3.750000	309.296783	-433.913757
788	-560.179443	1.363869	-91.975060	2.140876	0.000000	0.000000	3.750000	920.817139	34.908661
789	395.879395	-307.172974	62.191498	-47.076683	0.000000	0.000000	3.750000	-313.755188	178.764954
790	-229.162140	426.470184	-46.777786	76.888474	0.000000	0.000000	3.750000	307.003723	-510.254364
791	-436.561890	-369.177246	-64.253311	-44.221180	0.000000	0.000000	3.750000	613.080627	401.889740
792	133.015610	-195.310974	54.413204	-71.688232	0.000000	0.000000	3.750000	-561.039490	747.253967
793	339.080658	35.448715	65.941399	2.780576	0.000000	0.000000	3.750000	-449.747986	-42.058323
794	349.935730	-116.706970	72.586327	-14.394974	0.000000	0.000000	3.750000	-496.265137	41.257393
795	-254.290787	-335.406403	-74.400360	-34.475861	0.000000	0.000000	3.750000	637.572083	315.552216
796	-180.058472	-104.148376	-58.716255	-34.298691	0.000000	0.000000	3.750000	308.101990	191.901657
797	211.024994	-226.776276	53.396343	-48.299377	0.000000	0.000000	3.750000	-448.480774	376.944153
798	-248.265350	-439.757660	-43.821884	-57.128281	0.000000	0.000000	3.750000	462.900269	693.177612
799	-189.252701	-313.144257	-61.516132	-65.694466	0.000000	0.000000	3.750000	375.189240	376.860718
800	562.852783	-51.363327	89.977768	-27.202644	0.000000	0.000000	3.750000	-712.382629	133.820648
801	2.111944	-241.743683	14.652906	-76.611176	0.000000	0.000000	3.750000	-143.123947	459.909790
802	-164.638321	377.592133	-27.586781	68.665512	0.000000	0.000000	3.750000	103.917671	-423.998444
803	538.917297	-138.534653	79.304306	-20.852314	0.000000	0.000000	3.750000	-894.410217	134.512497
804	-148.703537	474.549500	-18.802795	71.571289	0.000000	0.000000	3.750000	125.793190	-754.315247
805	31.665812	341.587311	14.443890	84.778374	0.000000	0.000000	3.750000	-72.889046	-495.918488
806	281.102203	174.778595	66.712532	27.081579	0.000000	0.000000	3.750000	-403.195831	-253.785721
807	397.835205	17.384809	69.313293	-19.484888	0.000000	0.000000	3.750000	-740.458679	127.488983
808	473.366638	316.793274	72.404785	38.490860	0.000000	0.000000	3.750000	-717.957031	-358.028961
809	482.830597	150.254715	64.958649	35.445358	0.000000	0.000000	3.750000	-581.994507	-337.996979
810	-323.338196	-476.019287	-49.104202	-68.152527	0.000000	0.000000	3.750000	471.266998	854.242004
811	-456.864319	-75.532913	-77.578201	-19.535145	0.000000	0.000000	3.750000	774.756592	189.872391
812	-53.821163	303.512604	-31.572502	66.925735	0.000000	0.000000	3.750000	106.723579	-133.643021
813	340.292999	-17.924053	74.316521	15.873113	0.000000	0.000000	3.750000	-62.395531	-26.895140
814	269.150970	-458.634033	39.930260	-59.913052	0.000000	0.000000	3.750000	-382.517059	652.411133
815	426.126526	281.126862	82.901833	44.308754	0.000000	0.000000	3.750000	-633.309326	-443.153503
816	-30.961176	-19.308842	-52.324036	-60.515675	0.000000	0.000000	3.750000	167.642883	162.070572
817	491.206116	365.566589	77.986282	48.807140	0.000000	0.000000	3.750000	-797.671204	-446.331726
818	-261.714294	459.073547	-40.207825	76.021835	0.000000	0.000000	3.750000	296.458771	-793.406067
819	-370.189850	190.422836	-64.213837	27.867237	0.000000	0.000000	3.750000	514.576416	-220.311584
820	472.593170	164.796280	81.833862	37.459572	0.000000	0.000000	3.750000	-503.790863	-232.418732
821	-152.757172	225.281158	-52.597427	43.098808	0.000000	0.000000	3.750000	207.260559	-171.320084
822	-164.257843	-225.731323	-30.721367	-34.237373	0.000000	0.000000	3.750000	269.422943	309.306854
823	-309.622620	-192.993912	-44.480270	-26.935204	0.000000	0.000000	3.750000	1014.691284	573.658752
824	379.425293	305.939941	46.779572	40.689941	0.000000	0.000000	3.750000	-720.182861	-570.645630
825	496.934570	-355.012299	73.870270	-61.312180	0.000000	0.000000	3.750000	-601.916992	488.732849
826	499.282776	587.343018	67.997589	70.571442	0.000000	0.000000	3.750000	-659.867920	-714.197205
827	93.116486	-143.937851	13.925928	-62.464882	0.000000	0.000000	3.750000	43.888451	221.902451
828	339.946411	-289.025757	59.229164	-65.083832	0.000000	0.000000	3.750000	-539.645264	574.603210
829	473.705933	70.693321	83.377403	10.208004	0.000000	0.000000	3.750000	-770.763306	-38.035618
830	-243.128067	144.478516	-51.196442	53.431473	0.000000	0.000000	3.750000	333.026215	-386.102966
831	-275.474884	186.578491	-50.315399	36.226379	0.000000	0.000000	3.750000	348.575470	-343.680756
832	-351.884918	-440.800995	-58.283463	-54.799969	0.000000	0.000000	3.750000	624.875793	512.424744
833	14.208593	-39.699139	-30.873085	-58.326393	0.000000	0.000000	3.750000	89.866516	36.866703
834	-359.803833	204.075790	-82.036743	18.054623	0.000000	0.000000	3.750000	404.962463	-136.318726
835	-431.214386	505.969177	-61.887329	65.344879	0.000000	0.000000	3.750000	507.810974	-626.458435
836	-323.442505	-90.179893	-74.278786	-23.804625	0.000000	0.000000	3.750000	432.734100	153.953232
837	148.253403	30.457832	77.415031	32.586632	0.000000	0.000000	3.750000	-139.537476	-157.607224
838	100.683266	-79.906715	60.508553	31.025887	0.000000	0.000000	3.750000	-229.239548	-227.450485
839	329.918335	191.168655	71.523651	44.049389	0.000000	0.000000	3.750000	-492.644684	-385.430115
840	53.382320	78.233154	-0.129881	73.999252	0.000000	0.000000	3.750000	-75.836578	-372.337708
841	281.142548	100.653671	71.358009	-9.592633	0.000000	0.000000	3.750000	-520.929688	-3.679834
842	114.973137	-266.804382	43.757401	-54.636738	0.000000	0.000000	3.750000	-206.363327	137.744385
843	331.139465	12.165178	69.853363	-29.941574	0.000000	0.000000	3.750000	-658.772339	205.041580
844	30.035143	195.584839	29.254128	76.604004	0.000000	0.000000	3.750000	-123.392624	-484.387543
845	545.507263	426.237061	74.040665	61.106300	0.000000	0.000000	3.750000	-645.268188	-521.098755
846	-54.844559	-277.818817	-15.834130	-70.237320	0.000000	0.000000	3.750000	122.089508	510.865204
847	56.588428	211.425919	33.476215	59.188423	0.000000	0.000000	3.750000	-105.830116	-141.743576
848	-154.298538	485.816742	-24.147367	63.568092	0.000000	0.000000	3.750000	235.081711	-811.587891
849	449.936188	-119.588043	74.316772	-15.906356	0.000000	0.000000	3.750000	-877.856628	107.021767
850	82.556114	-404.774445	11.367388	-62.982391	0.000000	0.000000	3.750000	-89.795319	736.500488
851	-121.184830	451.890686	-30.241993	67.538300	0.000000	0.000000	3.750000	535.852722	-1309.413452
852	-35.264206	274.138824	-3.215641	47.892166	0.000000	0.000000	3.750000	31.828264	-590.422546
853	-219.553375	-532.323486	-33.984833	-94.048019	0.000000	0.000000	3.750000	249.114609	631.220093
854	-24.435162	-526.828369	1.270307	-83.990387	0.000000	0.000000	3.750000	15.654353	757.595459
855	188.687637	-527.623596	40.664673	-71.206558	0.000000	0.000000	3.750000	-347.934357	851.847290
856	256.710663	-21.726328	78.803894	22.670273	0.000000	0.000000	3.750000	-511.694702	-119.340469
857	-123.129440	-111.738670	-24.789062	-73.955948	0.000000	0.000000	3.750000	54.058636	207.486542
858	275.207581	-282.977142	60.711670	-34.843781	0.000000	0.000000	3.750000	-714.939636	329.907745
859	248.269226	-63.256798	77.673416	-7.129832	0.000000	0.000000	3.750000	-492.701202	8.397578
860	398.379913	176.765976	61.134823	24.870260	0.000000	0.000000	3.750000	-696.762329	-214.067841
861	-194.446777	-201.739960	-62.340771	-43.469635	0.000000	0.000000	3.750000	321.561584	285.272278
862	298.528076	336.298065	49.702011	52.093269	0.000000	0.000000	3.750000	-577.550232	-550.120239
863	444.411316	-386.421326	70.271744	-56.230553	0.000000	0.000000	3.750000	-713.455322	450.274597
864	270.366333	377.042023	43.637756	52.151184	0.000000	0.000000	3.750000	-491.422028	-598.868286
865	26.669430	-93.446228	35.909958	-55.375278	0.000000	0.000000	3.750000	-10.290904	35.456974
866	542.267151	430.571014	68.276810	58.636814	0.000000	0.000000	3.750000	-724.871216	-564.401550
867	-192.168579	-52.262306	-61.481476	-17.777134	0.000000	0.000000	3.750000	287.855591	68.342850
868	249.235062	-0.183294	62.481586	26.833771	0.000000	0.000000	3.750000	-461.628052	-196.475662
869	105.853607	-210.698792	35.561848	-87.013359	0.000000	0.000000	3.750000	-198.269226	391.562164
870	283.148560	-318.561951	74.234238	-43.405064	0.000000	0.000000	3.750000	-82.292595	33.337608
871	-145.376724	21.390388	-73.996948	0.670515	0.000000	0.000000	3.750000	364.083160	10.689181
872	381.461243	293.206238	59.507656	40.531940	0.000000	0.000000	3.750000	-659.232178	-413.831329
873	463.486328	325.055725	62.816277	52.707832	0.000000	0.000000	3.750000	-619.740417	-529.191833
874	-403.441742	165.633591	-65.456924	24.807039	0.000000	0.000000	3.750000	666.173706	-199.613739
875	-186.805893	-492.284973	-26.948139	-68.918777	0.000000	0.000000	3.750000	264.530182	704.374634
876	-60.151772	272.431122	-52.550121	46.242638	0.000000	0.000000	3.750000	155.430908	-227.854080
877	-61.247475	-379.696686	-24.305567	-67.773331	0.000000	0.000000	3.750000	247.744003	481.199097
878	90.289566	-251.984070	-6.883620	-71.670090	0.000000	0.000000	3.750000	91.367729	404.245850
879	-199.350983	-203.253784	-57.466263	-61.266663	0.000000	0.000000	3.750000	605.759705	499.111359
880	-244.584427	289.964417	-34.864933	51.268276	0.000000	0.000000	3.750000	274.435822	-411.314606
881	332.990326	-379.530090	55.146118	-65.991547	0.000000	0.000000	3.750000	-284.042755	452.842377
882	303.387787	-561.359375	46.713715	-79.257942	0.000000	0.000000	3.750000	-396.683838	852.407288
883	272.946198	93.042145	61.482929	47.997765	0.000000	0.000000	3.750000	-201.791901	-235.020172
884	177.450089	-312.538971	33.477425	-63.743656	0.000000	0.000000	3.750000	-252.090286	403.826508
885	523.414062	-50.812347	79.675034	-19.387707	0.000000	0.000000	3.750000	-729.692627	112.826675
886	106.874466	-224.988220	19.246277	-83.818520	0.000000	0.000000	3.750000	-180.475754	467.696564
887	398.822235	-76.229874	73.964935	-2.276145	0.000000	0.000000	3.750000	-615.924988	-42.212761
888	-487.509277	307.284729	-68.650276	44.845726	0.000000	0.000000	3.750000	716.731567	-431.452393
889	-167.871201	-406.333405	-30.400452	-67.467072	0.000000	0.000000	3.750000	173.673660	518.327026
890	61.715073	133.700470	-17.778465	65.634743	0.000000	0.000000	3.750000	72.351921	-368.793427
891	-184.892654	264.805359	-35.389927	29.386261	0.000000	0.000000	3.750000	526.259644	-365.152374
892	-285.729004	-30.673100	-71.939262	2.956157	0.000000	0.000000	3.750000	457.453156	-47.755394
893	-395.383728	179.802216	-57.286888	28.533794	0.000000	0.000000	3.750000	178.212692	-98.563286
894	238.044113	-137.704025	50.745571	-23.682884	0.000000	0.000000	3.750000	-448.806061	119.366737
895	-376.102661	-388.414093	-50.808922	-51.014229	0.000000	0.000000	3.750000	546.849182	454.957550
896	-192.947083	328.800415	-43.229263	52.490276	0.000000	0.000000	3.750000	400.692413	-435.807831
897	-153.255234	-398.839294	-25.849110	-54.146309	0.000000	0.000000	3.750000	258.823303	617.086853
898	272.369690	293.693939	35.578629	40.622169	0.000000	0.000000	3.750000	-446.606842	-483.822083
899	56.030766	32.805714	63.930801	2.902565	0.000000	0.000000	3.750000	-196.031326	-144.864868
900	-525.304688	39.088051	-79.660889	7.357723	0.000000	0.000000	3.750000	742.778381	-7.086981
901	428.607025	200.260117	74.669647	28.712917	0.000000	0.000000	3.750000	-653.564575	-174.617157
902	233.977478	336.153473	50.035141	51.773392	0.000000	0.000000	3.750000	-426.902679	-459.912415
903	-202.054276	383.108612	-51.175949	47.760056	0.000000	0.000000	3.750000	573.794128	-549.705933
904	149.423828	-88.959999	73.633072	-25.679676	0.000000	0.000000	3.750000	-135.366470	-100.891365
905	431.757446	-416.661499	55.222340	-55.086227	0.000000	0.000000	3.750000	-605.210327	548.487122
906	-380.038940	-399.361816	-51.423920	-55.960514	0.000000	0.000000	3.750000	477.621368	575.065125
907	339.552460	-175.396011	54.277664	-20.443348	0.000000	0.000000	3.750000	-566.239868	136.554398
908	203.357788	411.211426	15.119108	80.594040	0.000000	0.000000	3.750000	-79.131340	-336.021820
909	-237.410553	-86.400696	-50.578018	-12.077383	0.000000	0.000000	3.750000	542.544983	101.147842
910	-185.259033	-256.014099	-37.706673	-44.070477	0.000000	0.000000	3.750000	363.282745	429.457336
911	-57.284279	-37.082176	-32.791447	-59.553314	0.000000	0.000000	3.750000	23.801910	-60.157001
912	-509.714752	324.441589	-71.911316	35.053017	0.000000	0.000000	3.750000	238.867783	-105.148056
913	-12.457144	427.080475	-7.737011	85.651230	0.000000	0.000000	3.750000	20.922424	-666.605164
914	27.782438	-524.288635	28.099804	-83.393051	0.000000	0.000000	3.750000	-258.466461	750.320557
915	-134.937500	238.748596	-37.384956	61.533401	0.000000	0.000000	3.750000	277.967529	-383.473541
916	88.174141	-471.991821	41.467308	-84.359116	0.000000	0.000000	3.750000	-256.362549	485.623169
917	-203.069107	-64.882973	-52.327827	-43.412605	0.000000	0.000000	3.750000	51.130440	23.049038
918	-477.461304	157.595627	-79.748184	6.342432	0.000000	0.000000	3.750000	799.868347	-43.201645
919	-350.805145	144.366043	-74.095459	43.656013	0.000000	0.000000	3.750000	316.041626	-242.764297
920	452.059143	-212.059235	55.779900	-35.278870	0.000000	0.000000	3.750000	-761.687683	361.941010
921	261.830963	-426.840332	36.094559	-69.146072	0.000000	0.000000	3.750000	-296.682129	693.334351
922	-240.356110	22.265558	-56.811211	19.299873	0.000000	0.000000	3.750000	546.216064	-154.485519
923	-63.014698	368.714874	-10.852617	75.221008	0.000000	0.000000	3.750000	-5.928419	-545.387390
924	-20.566860	47.909904	-29.628084	47.487717	0.000000	0.000000	3.750000	20.290455	-1.214392
925	-466.493378	153.480682	-81.023041	55.129372	0.000000	0.000000	3.750000	426.120270	-372.197998
926	273.825592	117.345932	56.678780	47.576424	0.000000	0.000000	3.750000	-339.402374	-292.054779
927	-323.297333	242.758240	-68.255913	45.443699	0.000000	0.000000	3.750000	414.710297	-275.664246
928	52.735184	176.645813	-40.903164	75.650040	0.000000	0.000000	3.750000	170.839127	-309.420349
929	56.876629	-564.424011	18.887589	-90.040298	0.000000	0.000000	3.750000	-131.050461	875.068176
930	149.831177	478.749176	30.378778	69.664337	0.000000	0.000000	3.750000	-244.824646	-866.358643
931	338.493622	-170.869476	58.753212	-34.235367	0.000000	0.000000	3.750000	-476.349854	259.405518
932	-278.454071	-189.883713	-43.398235	-41.431793	0.000000	0.000000	3.750000	410.036469	376.953552
933	308.904968	-401.170166	64.443810	-71.154724	0.000000	0.000000	3.750000	-435.317261	494.594360
934	273.563660	369.354584	30.095867	56.482193	0.000000	0.000000	3.750000	-270.665894	-552.738037
935	318.806824	351.370239	59.690514	36.565590	0.000000	0.000000	3.750000	-619.941467	-391.091217
936	-393.485291	188.570053	-68.372025	22.566788	0.000000	0.000000	3.750000	518.201355	-122.234856
937	328.504944	-63.137329	59.232903	-18.315601	0.000000	0.000000	3.750000	-551.349365	131.157410
938	-378.852417	-259.506104	-67.689873	-46.282425	0.000000	0.000000	3.750000	463.934479	414.553406
939	-287.859650	147.047073	-58.719173	34.293694	0.000000	0.000000	3.750000	425.075287	-277.103210
940	361.671326	-99.526382	68.651817	-13.671399	0.000000	0.000000	3.750000	-592.468872	11.626787
941	-155.465149	126.911919	-45.591446	28.938042	0.000000	0.000000	3.750000	229.225876	-190.584824
942	-392.318237	-46.431061	-71.997177	0.633163	0.000000	0.000000	3.750000	588.249084	53.079468
943	-142.129837	63.442368	-71.203171	26.570709	0.000000	0.000000	3.750000	300.916138	-228.350677
944	-374.917694	455.749603	-55.823677	60.064270	0.000000	0.000000	3.750000	579.297119	-587.760254
945	158.684647	306.448151	29.516830	63.472385	0.000000	0.000000	3.750000	-109.490776	-329.018341
946	385.884399	-50.410324	81.594437	-8.144619	0.000000	0.000000	3.750000	-631.372498	-11.400673
947	-302.811768	-360.756378	-42.681282	-50.341873	0.000000	0.000000	3.750000	381.388000	563.615662
948	254.886078	390.081726	34.575462	67.679657	0.000000	0.000000	3.750000	-527.307129	-899.743286
949	-231.643692	-123.990150	-74.419662	-29.354614	0.000000	0.000000	3.750000	428.416199	113.117729
950	308.591492	-260.347443	47.145187	-43.281349	0.000000	0.000000	3.750000	-60.051907	64.407654
951	-344.239960	489.523376	-50.870407	71.806671	0.000000	0.000000	3.750000	471.348145	-782.195923
952	323.963257	-474.267731	44.138130	-64.310364	0.000000	0.000000	3.750000	-378.382812	656.071472
953	-160.478561	-436.119751	-21.396975	-68.746964	0.000000	0.000000	3.750000	59.745800	583.421570
954	-353.362183	50.066059	-87.091537	29.648556	0.000000	0.000000	3.750000	307.408051	-144.093994
955	212.572357	-334.347900	34.850426	-56.048622	0.000000	0.000000	3.750000	-316.575043	537.938416
956	441.400055	-370.825134	59.962292	-52.957710	0.000000	0.000000	3.750000	-750.219604	523.624023
957	253.621628	-392.669830	42.381973	-63.085403	0.000000	0.000000	3.750000	-360.502625	588.894104
958	2.374572	-483.033325	12.761481	-76.948967	0.000000	0.000000	3.750000	-98.093636	720.211060
959	171.803619	162.497238	57.234421	58.721550	0.000000	0.000000	3.750000	-378.221619	-400.245148
960	543.038391	-237.781021	79.247665	-27.853233	0.000000	0.000000	3.750000	-960.963257	254.584152
961	-62.102882	407.470276	-1.261645	81.990250	0.000000	0.000000	3.750000	-32.284725	-462.877594
962	259.766632	52.444138	75.904938	31.023193	0.000000	0.000000	3.750000	-706.876404	-322.642212
963	383.985321	-80.352615	65.771698	-5.483820	0.000000	0.000000	3.750000	-491.286530	-19.166878
964	9.538179	-241.643021	-7.671793	-57.490067	0.000000	0.000000	3.750000	123.266029	308.120728
965	435.188568	-231.380997	78.073128	-44.772533	0.000000	0.000000	3.750000	-698.501099	323.885803
966	-161.014786	-480.817627	-10.837399	-77.243454	0.000000	0.000000	3.750000	107.426903	800.150879
967	-419.786957	-315.917145	-70.771713	-61.865498	0.000000	0.000000	3.750000	437.080170	491.063965
968	-333.166107	21.240467	-54.731621	11.851157	0.000000	0.000000	3.750000	512.396484	-80.293198
969	-236.546478	-22.841431	-54.453732	-29.644371	0.000000	0.000000	3.750000	332.042816	204.441330
970	-305.305023	-458.972534	-43.888741	-62.046539	0.000000	0.000000	3.750000	380.009918	692.886719
971	62.708641	-358.930939	12.537969	-68.867966	0.000000	0.000000	3.750000	-149.597412	613.278442
972	-509.042999	-204.730972	-79.239464	-33.422539	0.000000	0.000000	3.750000	354.158569	214.280472
973	-248.472366	183.131027	-49.753288	29.805733	0.000000	0.000000	3.750000	38.641510	-35.255573
974	-71.544167	496.462555	-16.489983	78.282013	0.000000	0.000000	3.750000	84.684959	-777.496948
975	-128.835373	-54.540325	-69.701324	-39.264809	0.000000	0.000000	3.750000	320.036133	180.080643
976	-170.123993	350.686279	-39.821899	55.120014	0.000000	0.000000	3.750000	346.490448	-489.687347
977	-204.676788	-323.351532	-29.306896	-54.636089	0.000000	0.000000	3.750000	240.616776	608.057007
978	-84.733719	-456.114014	-14.546708	-82.730850	0.000000	0.000000	3.750000	136.730331	678.900818
979	2.539586	389.261749	3.020226	65.930862	0.000000	0.000000	3.750000	-30.170748	-629.973145
980	-112.269402	-104.945389	-60.852802	-54.943611	0.000000	0.000000	3.750000	49.031868	33.836731
981	-267.042053	245.751862	-41.458675	43.372406	0.000000	0.000000	3.750000	139.715210	-144.548615
982	0.625418	-146.766251	-27.417019	-75.150192	0.000000	0.000000	3.750000	71.585449	44.986832
983	-542.270752	136.290970	-91.233482	11.851195	0.000000	0.000000	3.750000	753.010742	-120.999962
984	-341.279236	-57.511162	-59.027878	-10.756770	0.000000	0.000000	3.750000	277.583344	44.173584
985	476.194916	-295.214905	65.589340	-49.213860	0.000000	0.000000	3.750000	-362.445129	168.507416
986	13.954021	79.004677	-71.309143	9.933962	0.000000	0.000000	3.750000	160.531006	-90.927711
987	-179.147934	45.046501	-63.996925	-0.599622	0.000000	0.000000	3.750000	293.434052	54.251411
988	425.777771	129.770554	64.626328	13.395027	0.000000	0.000000	3.750000	-491.360779	-38.113396
989	-321.726135	-198.882675	-48.389709	-35.474442	0.000000	0.000000	3.750000	480.019867	356.911652
990	23.986315	-4.193653	24.732494	-56.846813	0.000000	0.000000	3.750000	6.288247	-76.126495
991	160.384216	350.710510	35.274826	67.317795	0.000000	0.000000	3.750000	-295.220032	-509.769165
992	-182.049240	294.473145	-24.766407	50.225708	0.000000	0.000000	3.750000	233.882782	-635.367249
993	310.755554	301.188965	54.683193	40.419563	0.000000	0.000000	3.750000	-485.005615	-459.444122
994	-383.590790	-74.029236	-62.170319	-22.154514	0.000000	0.000000	3.750000	299.822357	55.050564
995	32.744591	88.122688	57.022217	-10.598457	0.000000	0.000000	3.750000	-288.621002	-65.526619
996	261.986450	235.746994	39.141872	50.635101	0.000000	0.000000	3.750000	-388.731415	-543.134827
997	-273.009155	-315.508209	-51.315201	-71.489471	0.000000	0.000000	3.750000	421.205109	515.725281
998	-304.283539	-159.082794	-75.164780	-27.390688	0.000000	0.000000	3.750000	432.464661	187.450378
999	300.269836	-225.313919	56.126205	-48.227036	0.000000	0.000000	3.750000	-410.500824	397.777924
