node	a_force.x	a_force.y	g_force.x	g_force.y	r_force.x	r_force.y	global_speed	move_node.x	move_node.y
0	-839.020020	-307.666504	-107.475433	-46.227100	0.000000	0.000000	7.125000	339.090454	105.057503
1	-319.241730	-693.258362	-52.552597	-94.349632	0.000000	0.000000	7.125000	135.789627	330.897583
2	-310.741699	518.255493	-41.557396	93.150299	0.000000	0.000000	7.125000	76.483208	-191.063812
3	96.969902	-580.683899	44.879669	-130.489655	0.000000	0.000000	7.125000	-111.412300	248.380234
4	-84.047752	-476.362427	-8.415821	-116.696777	0.000000	0.000000	7.125000	17.178612	224.334412
5	725.488403	303.731201	127.252846	35.072517	0.000000	0.000000	7.125000	-324.370453	-59.671558
6	-723.412842	-6.126493	-122.628128	9.548695	0.000000	0.000000	7.125000	216.092636	-12.038433
7	722.110779	268.815918	122.200607	30.674656	0.000000	0.000000	7.125000	-289.984528	-24.516180
8	-847.981689	942.836426	-105.636742	126.748100	0.000000	0.000000	7.125000	328.020630	-494.378571
9	383.218506	492.255432	72.201347	72.046577	0.000000	0.000000	7.125000	-244.037628	-226.909836
10	618.951050	-70.397400	123.383759	-37.635689	0.000000	0.000000	7.125000	-272.750244	72.266762
11	425.918091	167.637924	108.278297	44.268944	0.000000	0.000000	7.125000	-168.281067	-110.169952
12	-407.871277	-243.759491	-90.250259	-53.659584	0.000000	0.000000	7.125000	121.105965	108.031273
13	334.344513	-125.292000	87.341415	-52.669170	0.000000	0.000000	7.125000	-177.641235	59.994789
14	313.858246	293.713470	100.127823	76.482170	0.000000	0.000000	7.125000	-184.612305	-157.718353
15	265.903137	354.834381	77.356819	95.626236	0.000000	0.000000	7.125000	-144.164246	-183.497818
16	715.664978	748.818298	104.095596	95.104630	0.000000	0.000000	7.125000	-280.793701	-244.901825
17	350.310913	-442.307983	61.500080	-73.708717	0.000000	0.000000	7.125000	-185.210693	270.629089
18	365.113281	-317.786987	76.532379	-62.799625	0.000000	0.000000	7.125000	-121.218437	99.859535
19	-232.329773	-367.116211	-9.125049	-92.551132	0.000000	0.000000	7.125000	23.346148	218.756912
20	-94.420868	-364.807556	-10.368776	-113.518982	0.000000	0.000000	7.125000	21.268578	163.339828
21	509.001099	290.553955	122.954071	48.023811	0.000000	0.000000	7.125000	-207.119705	-35.608929
22	521.306885	387.347839	103.059914	61.465797	0.000000	0.000000	7.125000	-238.175766	-166.607529
23	-506.139709	600.266113	-68.529594	105.724121	0.000000	0.000000	7.125000	114.824692	-278.592468
24	201.846649	-640.317871	36.062752	-88.967941	0.000000	0.000000	7.125000	-103.415329	304.453979
25	297.926392	141.534576	126.203133	26.715374	0.000000	0.000000	7.125000	-189.802368	-37.022480
26	-112.090027	-157.344849	-127.967850	-42.646080	0.000000	0.000000	7.125000	136.096008	-37.261757
27	-734.567810	332.438538	-129.078491	48.807800	0.000000	0.000000	7.125000	134.795303	-136.608109
28	371.554962	758.045349	68.749191	98.351013	0.000000	0.000000	7.125000	-123.836937	-221.797348
29	918.810425	-135.137939	146.862473	-6.352156	0.000000	0.000000	7.125000	-456.567688	1.051820
30	20.248608	153.082123	53.913528	93.578743	0.000000	0.000000	7.125000	-74.876114	-122.213524
31	-703.295410	-63.234673	-143.627777	-10.338558	0.000000	0.000000	7.125000	292.616302	9.445090
32	-52.938602	412.372864	-2.261542	77.967133	0.000000	0.000000	7.125000	17.135359	-187.962311
33	377.008118	-468.282196	71.454117	-84.937790	0.000000	0.000000	7.125000	-129.359680	184.293091
34	-285.331512	-411.996582	-58.111313	-52.028709	0.000000	0.000000	7.125000	200.195114	157.216858
35	33.471985	192.051727	-33.324429	99.571503	0.000000	0.000000	7.125000	46.817368	-146.861862
36	26.628487	-542.381470	3.239130	-119.954262	0.000000	0.000000	7.125000	-0.343741	193.218170
37	-256.647278	-377.635193	-84.848579	-61.827499	0.000000	0.000000	7.125000	138.534531	131.768845
38	765.043945	19.991552	110.999817	-0.036010	0.000000	0.000000	7.125000	-335.395355	-3.339202
39	-341.846344	31.583973	-83.255852	53.544106	0.000000	0.000000	7.125000	124.809952	-171.631729
40	68.763412	815.968445	8.668059	119.685501	0.000000	0.000000	7.125000	19.061377	-264.498260
41	-463.103271	833.467529	-73.065643	113.514923	0.000000	0.000000	7.125000	239.200195	-438.758545
42	-183.814041	-229.531342	-18.525658	-124.606781	0.000000	0.000000	7.125000	78.778038	207.877533
43	44.422356	-355.290955	47.353123	-103.699570	0.000000	0.000000	7.125000	-86.491440	180.184357
44	-246.711304	146.257599	-101.405670	27.237648	0.000000	0.000000	7.125000	212.579941	-62.730099
45	431.819244	740.654297	86.082733	111.672211	0.000000	0.000000	7.125000	-206.886032	-267.096375
46	-608.746460	706.486816	-83.897362	105.763702	0.000000	0.000000	7.125000	178.209442	-254.903366
47	-180.371353	257.925018	-94.227097	79.024467	0.000000	0.000000	7.125000	169.005402	-202.907974
48	360.585083	-774.834717	66.279221	-110.669426	0.000000	0.000000	7.125000	-157.355972	313.847412
49	571.357666	706.075500	79.972015	93.451553	0.000000	0.000000	7.125000	-240.974075	-306.397766
50	-618.626831	-137.242905	-90.541527	-58.817787	0.000000	0.000000	7.125000	169.866730	190.775528
51	191.288544	511.417877	51.010078	118.485909	0.000000	0.000000	7.125000	-120.322716	-248.481827
52	-16.701431	649.737610	28.386435	113.502525	0.000000	0.000000	7.125000	-45.261719	-237.066940
53	-813.126282	66.282227	-127.799515	17.550491	0.000000	0.000000	7.125000	485.516815	-90.930351
54	-192.027832	-112.559067	-58.213692	-72.521347	0.000000	0.000000	7.125000	132.499710	117.334747
55	-515.716675	641.007690	-66.069984	92.901817	0.000000	0.000000	7.125000	140.962265	-220.230667
56	-248.809753	-122.246872	-91.708031	-62.525261	0.000000	0.000000	7.125000	150.587875	130.635040
57	583.746094	356.416656	82.982605	69.122086	0.000000	0.000000	7.125000	-253.098083	-219.425049
58	245.364960	-60.774185	92.877419	-4.757297	0.000000	0.000000	7.125000	-170.850677	-11.957723
59	-703.659424	-800.597046	-83.467514	-102.260086	0.000000	0.000000	7.125000	234.317810	296.267365
60	-629.829041	386.496399	-83.388763	63.804756	0.000000	0.000000	7.125000	279.936249	-182.224060
61	635.179382	-298.885345	86.954224	-73.721855	0.000000	0.000000	7.125000	-208.122772	197.577744
62	468.877625	-573.850708	76.407623	-107.635803	0.000000	0.000000	7.125000	-183.040405	229.233047
63	779.877197	93.264832	131.369415	12.723461	0.000000	0.000000	7.125000	-446.446381	1.533974
64	-533.526733	476.090759	-88.131836	72.307365	0.000000	0.000000	7.125000	223.527039	-219.659225
65	-85.414429	-245.555695	-7.631843	-116.737137	0.000000	0.000000	7.125000	-17.406752	83.463905
66	-560.444641	-494.399506	-77.812607	-79.159332	0.000000	0.000000	7.125000	247.119766	224.381561
67	-371.265747	381.343170	-72.508545	42.408768	0.000000	0.000000	7.125000	190.044174	-116.670631
68	646.380249	-290.292267	84.723778	-45.138817	0.000000	0.000000	7.125000	-293.637878	130.772629
69	-577.123901	-165.214432	-103.470596	-60.767868	0.000000	0.000000	7.125000	210.116425	173.296021
70	62.013763	-60.253677	133.958038	-51.959934	0.000000	0.000000	7.125000	-66.544083	-24.159302
71	-458.344238	779.876343	-58.064373	118.530029	0.000000	0.000000	7.125000	98.464737	-325.056000
72	387.064362	-407.881409	67.725708	-63.735542	0.000000	0.000000	7.125000	-210.530731	195.187347
73	220.148422	183.914047	101.481598	36.952454	0.000000	0.000000	7.125000	-209.491226	-73.740440
74	361.317413	534.198547	47.179100	110.336395	0.000000	0.000000	7.125000	-115.444992	-273.727997
75	100.193680	179.642151	45.395401	94.677017	0.000000	0.000000	7.125000	-70.640816	-154.565048
76	393.014648	3.859945	102.100906	-35.186287	0.000000	0.000000	7.125000	-177.153915	18.039341
77	553.231262	-74.974815	107.535484	-10.001009	0.000000	0.000000	7.125000	-269.137421	9.600867
78	168.921112	474.790161	22.749269	108.638008	0.000000	0.000000	7.125000	-26.538641	-192.422714
79	-938.937134	301.389771	-128.241165	58.560085	0.000000	0.000000	7.125000	277.689087	-102.096786
80	113.640831	-59.831432	110.659531	-1.977389	0.000000	0.000000	7.125000	-58.050396	-60.860249
81	-498.604706	267.921844	-91.685333	44.689228	0.000000	0.000000	7.125000	147.788834	-85.134155
82	129.261276	-441.563965	47.175716	-103.780785	0.000000	0.000000	7.125000	-75.523262	163.907013
83	-218.982117	196.076324	-89.002953	49.819107	0.000000	0.000000	7.125000	107.785309	-65.629791
84	-56.705517	51.765766	30.712662	97.265541	0.000000	0.000000	7.125000	-54.426601	-141.854019
85	553.353882	-593.701111	81.658318	-70.680237	0.000000	0.000000	7.125000	-212.993896	198.534332
86	-696.107239	-476.415436	-107.900803	-76.035583	0.000000	0.000000	7.125000	292.489227	221.295166
87	-595.932739	589.007446	-75.425369	77.297699	0.000000	0.000000	7.125000	228.894913	-215.431824
88	-242.073242	540.697510	-51.818489	131.129486	0.000000	0.000000	7.125000	187.262604	-373.403503
89	213.409958	-922.556152	10.612720	-137.590530	0.000000	0.000000	7.125000	-18.548994	382.899017
90	203.907898	-632.806763	51.172981	-105.215553	0.000000	0.000000	7.125000	-124.180313	275.637024
91	194.581329	-244.440857	97.798309	-52.484272	0.000000	0.000000	7.125000	-402.705841	126.756287
92	29.636616	324.740967	53.045040	120.865356	0.000000	0.000000	7.125000	-68.724602	-207.450714
93	520.704773	-690.672729	86.791618	-95.436974	0.000000	0.000000	7.125000	-232.431747	258.063263
94	-275.246613	595.794067	-18.248772	115.556274	0.000000	0.000000	7.125000	15.541998	-244.011642
95	474.943665	-918.590698	80.173981	-108.612595	0.000000	0.000000	7.125000	-203.985916	341.963348
96	-276.281311	-632.667419	-32.459606	-96.694183	0.000000	0.000000	7.125000	69.118210	316.472473
97	84.607689	466.521545	29.801250	72.080399	0.000000	0.000000	7.125000	-87.128738	-267.321442
98	-541.099548	-767.769897	-54.874565	-129.883667	0.000000	0.000000	7.125000	152.804153	384.237122
99	14.496953	774.502258	-1.757120	146.986893	0.000000	0.000000	7.125000	-25.895624	-346.020447
100	223.851990	-128.058929	116.616852	-47.682384	0.000000	0.000000	7.125000	-164.084183	58.281929
101	678.258179	369.016602	97.356369	53.313644	0.000000	0.000000	7.125000	-330.782959	-144.209946
102	-35.079021	-697.776978	32.847805	-112.292755	0.000000	0.000000	7.125000	-53.153015	237.091797
103	52.390533	-811.781250	45.745861	-107.685730	0.000000	0.000000	7.125000	-115.220108	322.983795
104	590.606873	-475.189636	94.761658	-63.373684	0.000000	0.000000	7.125000	-225.946274	153.777542
105	-784.547241	81.388618	-116.241028	13.303593	0.000000	0.000000	7.125000	358.940765	-45.049122
106	-253.919708	346.172028	-49.009735	109.534836	0.000000	0.000000	7.125000	57.353741	-195.558929
107	520.015503	629.853882	74.704750	77.994812	0.000000	0.000000	7.125000	-240.978104	-243.699997
108	-192.382477	524.569092	-47.192039	126.481125	0.000000	0.000000	7.125000	58.214577	-22.884811
109	-743.442383	484.836884	-105.321350	84.448105	0.000000	0.000000	7.125000	311.739929	-201.754181
110	129.618622	697.064026	24.696468	108.216049	0.000000	0.000000	7.125000	-45.585449	-311.814117
111	498.128845	579.989929	71.046066	89.152740	0.000000	0.000000	7.125000	-180.761169	-258.398743
112	622.666687	-5.163733	101.798523	6.402088	0.000000	0.000000	7.125000	-329.635895	-33.300037
113	586.304749	-330.854248	103.340790	-66.705154	0.000000	0.000000	7.125000	-271.488525	167.402405
114	163.958038	-256.792694	60.016174	-110.782547	0.000000	0.000000	7.125000	-82.347809	120.335274
115	-586.856995	-260.579468	-90.935844	-58.263073	0.000000	0.000000	7.125000	258.741638	182.288300
116	441.041138	-646.278442	73.526901	-105.993942	0.000000	0.000000	7.125000	-189.096252	283.373474
117	-662.033325	-50.504211	-100.276306	-18.671946	0.000000	0.000000	7.125000	772.977051	137.592392
118	-612.252808	235.817963	-85.207520	56.068050	0.000000	0.000000	7.125000	214.042145	-93.502052
119	-127.325340	-829.870361	-22.145416	-133.170181	0.000000	0.000000	7.125000	44.500607	381.885071
120	708.014587	-133.954895	113.395874	-11.720703	0.000000	0.000000	7.125000	-340.522339	37.607651
121	264.571686	-349.536041	72.378830	-124.478394	0.000000	0.000000	7.125000	-128.281433	121.145485
122	-577.748413	62.124725	-131.979584	2.319399	0.000000	0.000000	7.125000	271.552338	-2.463157
123	-371.939514	234.795807	-100.857147	59.271877	0.000000	0.000000	7.125000	111.604645	-109.916756
124	-322.578735	-261.916809	-89.736084	-41.812260	0.000000	0.000000	7.125000	155.145065	87.919670
125	-206.774963	631.020203	-14.210228	104.032211	0.000000	0.000000	7.125000	14.921154	-328.722534
126	-244.560928	-362.759583	-80.880417	-104.314072	0.000000	0.000000	7.125000	137.874435	215.662964
127	431.622803	-361.882996	85.165497	-56.129623	0.000000	0.000000	7.125000	-183.807892	137.703018
128	487.094482	264.100372	95.467514	50.495235	0.000000	0.000000	7.125000	-284.661102	-170.174500
129	-144.522232	-182.186996	77.338058	-121.461296	0.000000	0.000000	7.125000	-65.970345	108.491379
130	-792.675049	300.777222	-118.057098	44.016113	0.000000	0.000000	7.125000	467.541931	-90.939438
131	190.203278	806.429932	66.918701	124.093979	0.000000	0.000000	7.125000	-189.563278	-288.356293
132	339.976440	433.736694	102.857300	67.440269	0.000000	0.000000	7.125000	-224.028091	-178.773575
133	-532.560181	724.574829	-71.233513	107.543213	0.000000	0.000000	7.125000	151.541412	-215.496109
134	-105.806000	224.887909	-56.700672	88.363525	0.000000	0.000000	7.125000	78.050270	-165.224152
135	592.441895	-184.048950	102.369431	-23.347630	0.000000	0.000000	7.125000	-449.948547	71.281464
136	-551.963684	-94.650665	-92.851257	5.222587	0.000000	0.000000	7.125000	312.130371	20.149429
137	179.879501	-179.322845	55.578224	-45.769768	0.000000	0.000000	7.125000	-152.657578	132.696213
138	-641.518066	-545.413391	-84.800095	-76.189056	0.000000	0.000000	7.125000	248.657501	201.597321
139	347.857147	-185.371902	67.189224	-33.322269	0.000000	0.000000	7.125000	-233.234680	97.149010
140	-104.301933	-205.017563	-25.499912	-114.138344	0.000000	0.000000	7.125000	99.301613	163.732635
141	-448.785767	455.858429	-77.582443	75.132759	0.000000	0.000000	7.125000	326.265961	-356.970215
142	86.162766	599.645691	23.012062	83.901001	0.000000	0.000000	7.125000	-111.734146	-118.120239
143	-610.024292	-34.936596	-110.355713	-11.916018	0.000000	0.000000	7.125000	695.066101	128.444214
144	131.659744	239.242691	73.621796	79.016594	0.000000	0.000000	7.125000	-140.545334	-136.482864
145	697.547363	244.876373	128.424896	65.137482	0.000000	0.000000	7.125000	-273.982025	-143.029861
146	-234.682632	-90.035263	-121.686707	17.840078	0.000000	0.000000	7.125000	164.441971	-45.788788
147	23.803375	-578.269104	-6.166764	-131.855713	0.000000	0.000000	7.125000	24.381346	298.086945
148	-507.927094	345.506439	-107.619446	71.122070	0.000000	0.000000	7.125000	237.748474	-182.866943
149	-655.977783	248.910706	-101.677292	26.205486	0.000000	0.000000	7.125000	276.807770	-59.815231
150	-172.482788	-767.541077	-41.875534	-118.837845	0.000000	0.000000	7.125000	81.183876	307.212891
151	-684.125854	-116.585640	-115.018158	-21.442612	0.000000	0.000000	7.125000	231.640350	30.857916
152	137.201767	462.725586	13.792212	113.148331	0.000000	0.000000	7.125000	9.199912	-238.214508
153	205.259216	255.359772	121.650528	42.906586	0.000000	0.000000	7.125000	-201.794250	-78.120369
154	596.181946	186.147415	119.390320	29.549324	0.000000	0.000000	7.125000	-298.078125	-37.171764
155	443.144623	-234.879822	80.850128	-39.533588	0.000000	0.000000	7.125000	-196.834976	107.144989
156	639.171448	-861.133545	100.872238	-106.928093	0.000000	0.000000	7.125000	-271.222870	294.391144
157	-483.160797	118.684074	-100.522308	17.299015	0.000000	0.000000	7.125000	245.906891	-25.706926
158	-445.130341	-329.432678	-70.331421	-40.180611	0.000000	0.000000	7.125000	218.826721	98.617966
159	-787.693726	387.678162	-122.275833	49.717800	0.000000	0.000000	7.125000	509.510010	-165.456009
160	413.663208	462.632446	63.064835	59.931580	0.000000	0.000000	7.125000	-208.803253	-197.733627
161	-209.644287	-360.021088	-52.165344	-101.360306	0.000000	0.000000	7.125000	116.301056	194.655533
162	-133.034821	656.973572	-26.954254	104.581436	0.000000	0.000000	7.125000	70.665230	-269.084351
163	-157.014771	228.427917	-96.417015	94.486404	0.000000	0.000000	7.125000	108.385101	-98.014664
164	51.311752	-8.127972	68.268341	-48.862427	0.000000	0.000000	7.125000	-19.010080	-14.117507
165	-344.195404	478.430206	-49.533539	67.841202	0.000000	0.000000	7.125000	163.902084	-241.292831
166	-120.573532	-462.612976	-14.574371	-110.035797	0.000000	0.000000	7.125000	47.099590	314.199402
167	-304.987366	-751.340942	-40.934296	-99.941650	0.000000	0.000000	7.125000	129.543243	367.585663
168	490.212494	615.475220	72.436844	71.811546	0.000000	0.000000	7.125000	-238.948395	-225.697647
169	95.735428	445.957397	20.446348	99.929672	0.000000	0.000000	7.125000	-39.330517	-198.555710
170	161.544510	-74.067497	114.285812	-82.567650	0.000000	0.000000	7.125000	-73.417816	50.673882
171	-561.123840	54.833759	-116.976196	2.207223	0.000000	0.000000	7.125000	279.685730	-2.782788
172	148.540466	-364.300598	-6.674126	-104.776550	0.000000	0.000000	7.125000	41.081509	194.875793
173	-603.940979	113.056717	-110.819107	6.304399	0.000000	0.000000	7.125000	325.012695	4.325385
174	-72.489838	-661.326355	5.626794	-116.864616	0.000000	0.000000	7.125000	-34.552658	370.112000
175	-446.160400	-194.436111	-110.295570	-28.823046	0.000000	0.000000	7.125000	479.226959	76.722458
176	695.294189	167.033951	105.729836	22.022617	0.000000	0.000000	7.125000	-292.189362	-44.434654
177	121.302353	-173.004486	90.268845	-53.630814	0.000000	0.000000	7.125000	-139.620743	68.612389
178	-170.258972	-895.567078	-13.098703	-149.425995	0.000000	0.000000	7.125000	40.786297	385.379364
179	738.781494	-750.757874	95.011726	-91.633232	0.000000	0.000000	7.125000	-220.946106	201.937088
180	49.224457	-390.745239	13.176968	-104.169418	0.000000	0.000000	7.125000	-17.355639	235.618103
181	464.427551	-805.844421	77.671318	-95.370972	0.000000	0.000000	7.125000	-220.119232	336.289429
182	-130.432999	-428.168457	-23.323082	-105.448006	0.000000	0.000000	7.125000	73.538292	237.549042
183	-788.488647	-22.573776	-118.965904	-15.704067	0.000000	0.000000	7.125000	353.119324	-6.458246
184	-496.643219	258.155243	-104.662140	26.633610	0.000000	0.000000	7.125000	166.961090	-58.935913
185	-377.902313	501.039764	-76.787331	92.211090	0.000000	0.000000	7.125000	167.968704	-186.498322
186	-855.237549	6.032896	-127.750275	-17.901419	0.000000	0.000000	7.125000	343.890320	85.107300
187	-347.213593	20.450336	-122.965355	2.902514	0.000000	0.000000	7.125000	192.925491	-11.653477
188	128.188690	-28.144794	72.387619	-48.259880	0.000000	0.000000	7.125000	-217.277069	179.577515
189	-735.683594	-389.699554	-109.667831	-62.039738	0.000000	0.000000	7.125000	313.684631	148.437851
190	-231.461304	-383.514648	-21.868916	-111.878708	0.000000	0.000000	7.125000	54.485767	123.167534
191	386.391174	-40.674278	145.287003	-56.798492	0.000000	0.000000	7.125000	-186.606262	46.209309
192	1041.636353	-275.817871	163.725510	-67.198418	0.000000	0.000000	7.125000	-1066.666016	304.709991
193	464.503510	-286.659180	95.058777	-51.241501	0.000000	0.000000	7.125000	-181.607758	41.195461
194	-256.748230	352.144165	-20.907784	99.829178	0.000000	0.000000	7.125000	13.862888	-297.054871
195	-250.766785	951.972046	-43.066414	131.106171	0.000000	0.000000	7.125000	85.434982	-376.421906
196	-614.603333	-326.944031	-90.868210	-46.322132	0.000000	0.000000	7.125000	1213.134644	429.691803
197	776.300049	-77.020401	122.622108	-9.633394	0.000000	0.000000	7.125000	-361.678314	20.498743
198	1.841249	799.337585	-10.715660	122.531769	0.000000	0.000000	7.125000	20.560493	-360.752319
199	780.497070	122.402756	140.381958	52.820175	0.000000	0.000000	7.125000	-408.866425	-112.623451
200	104.964264	-591.547241	19.751482	-121.400497	0.000000	0.000000	7.125000	-56.269337	250.442520
201	-212.968491	223.465240	-83.167465	82.265808	0.000000	0.000000	7.125000	43.781288	-82.608833
202	206.943329	359.541687	60.415810	134.008362	0.000000	0.000000	7.125000	-78.936279	-185.104507
203	-525.381836	-242.357178	-101.352188	-45.255604	0.000000	0.000000	7.125000	249.279251	109.918922
204	-748.739929	-678.677856	-101.519135	-93.475098	0.000000	0.000000	7.125000	278.640656	223.331528
205	-221.763000	83.631889	76.817108	46.750824	0.000000	0.000000	7.125000	-77.930382	-98.177368
206	-362.924469	-491.008026	-43.825363	-88.768997	0.000000	0.000000	7.125000	104.719170	181.401733
207	967.688477	-545.544800	133.078400	-81.391281	0.000000	0.000000	7.125000	-383.176697	181.080338
208	151.013016	576.559692	20.953724	112.054001	0.000000	0.000000	7.125000	-11.565157	-179.447113
209	123.513939	795.436218	7.539975	113.748734	0.000000	0.000000	7.125000	-25.268885	-598.945129
210	235.874207	663.194702	33.377472	124.606445	0.000000	0.000000	7.125000	-130.209686	-378.415527
211	717.375305	106.373932	115.577614	32.276524	0.000000	0.000000	7.125000	-276.418549	-98.153976
212	-519.368286	631.446960	-70.476288	81.835052	0.000000	0.000000	7.125000	172.566055	-208.588394
213	-682.314697	255.773987	-123.254631	26.156282	0.000000	0.000000	7.125000	617.572876	-107.864304
214	525.375610	589.542603	68.591049	83.418625	0.000000	0.000000	7.125000	-195.120575	-286.622253
215	-543.840149	-238.667877	-139.200638	-22.281590	0.000000	0.000000	7.125000	253.446960	2.945771
216	-541.251953	312.409882	-91.059853	45.934956	0.000000	0.000000	7.125000	158.179123	-100.091309
217	-650.993408	234.375366	-82.421227	43.077629	0.000000	0.000000	7.125000	455.083893	-219.130844
218	-238.765808	-558.858276	-25.316444	-89.487823	0.000000	0.000000	7.125000	57.648212	244.118561
219	-1026.337280	21.188189	-164.216431	-16.058651	0.000000	0.000000	7.125000	436.281006	23.290657
220	-444.389587	23.794315	-110.149445	39.442390	0.000000	0.000000	7.125000	134.558746	-56.434486
221	625.744629	43.721954	98.396149	10.916806	0.000000	0.000000	7.125000	-331.798035	-35.130966
222	440.602570	544.109314	56.665077	81.175888	0.000000	0.000000	7.125000	-116.878944	-228.229019
223	449.058014	-253.002594	102.954346	-48.926559	0.000000	0.000000	7.125000	-265.864319	89.774254
224	356.460205	-107.776833	85.595383	-75.291031	0.000000	0.000000	7.125000	-226.738235	250.436813
225	-341.719177	-254.714203	-76.504982	-92.441101	0.000000	0.000000	7.125000	122.695236	216.272766
226	-550.561523	-353.032349	-115.670677	-69.605614	0.000000	0.000000	7.125000	244.067368	164.881638
227	703.274658	-127.777161	94.471619	-38.451210	0.000000	0.000000	7.125000	-336.291138	98.368477
228	-486.590820	-835.315063	-64.300400	-111.831436	0.000000	0.000000	7.125000	170.298340	355.814758
229	665.526672	-581.108398	88.742531	-80.775429	0.000000	0.000000	7.125000	-225.284210	236.151001
230	-675.892944	-439.061584	-86.543640	-64.605103	0.000000	0.000000	7.125000	276.249786	160.301086
231	139.655807	-637.316406	35.320312	-124.069427	0.000000	0.000000	7.125000	-89.350525	275.054443
232	720.152222	309.109375	136.033096	47.190369	0.000000	0.000000	7.125000	-328.176910	-82.417534
233	773.020752	-578.058960	115.278870	-81.183258	0.000000	0.000000	7.125000	-439.666656	213.717560
234	264.428345	795.737000	42.506744	102.531967	0.000000	0.000000	7.125000	-88.835884	-358.783569
235	475.681152	550.710938	45.405197	120.743591	0.000000	0.000000	7.125000	-107.797844	-342.668030
236	8.131096	219.351776	58.700489	87.056259	0.000000	0.000000	7.125000	-102.437378	-79.992241
237	17.375845	-200.612778	-62.379993	-129.748657	0.000000	0.000000	7.125000	95.928719	114.798820
238	64.210876	-549.678162	37.272587	-126.624084	0.000000	0.000000	7.125000	-90.684097	250.344238
239	359.855713	-368.859070	88.379066	-62.073639	0.000000	0.000000	7.125000	-129.534622	65.106262
240	-25.163982	-590.158691	9.185318	-125.664658	0.000000	0.000000	7.125000	1.460207	274.453979
241	230.884720	578.386597	64.112946	97.869461	0.000000	0.000000	7.125000	-120.864380	-167.486084
242	-72.433311	107.879280	-68.464493	102.176971	0.000000	0.000000	7.125000	58.771702	-125.712761
243	-728.485229	296.887939	-104.736267	36.737244	0.000000	0.000000	7.125000	275.627197	-59.479565
244	51.113041	662.947327	30.123730	97.449944	0.000000	0.000000	7.125000	-70.239998	-269.886322
245	712.599243	250.998291	109.740105	55.548706	0.000000	0.000000	7.125000	-121.892090	-76.529167
246	-859.138428	-260.076080	-134.834076	-29.382637	0.000000	0.000000	7.125000	465.324829	118.513626
247	496.824219	573.473755	79.751022	89.664719	0.000000	0.000000	7.125000	-184.996521	-199.345245
248	-633.737183	399.020508	-97.954483	52.208328	0.000000	0.000000	7.125000	307.084808	-186.790649
249	-502.383789	174.896515	-82.664688	42.609268	0.000000	0.000000	7.125000	213.570221	-117.412346
250	409.958313	499.349792	102.881927	96.412491	0.000000	0.000000	7.125000	-209.130508	-222.555847
251	195.864105	-252.207809	75.051025	-97.435905	0.000000	0.000000	7.125000	-165.473740	204.962280
252	-166.272461	-484.097961	-27.586460	-82.510239	0.000000	0.000000	7.125000	78.143227	247.485321
253	343.231171	505.479187	46.327194	84.081856	0.000000	0.000000	7.125000	-201.767334	-348.306671
254	-470.563416	-75.358902	-146.307205	14.063524	0.000000	0.000000	7.125000	212.864685	-71.736084
255	-365.602051	572.158630	-74.563751	97.822342	0.000000	0.000000	7.125000	199.489243	-280.710205
256	183.955475	580.918457	38.794842	100.791565	0.000000	0.000000	7.125000	-114.515007	-329.162384
257	125.378632	-515.276062	10.420804	-104.481354	0.000000	0.000000	7.125000	-50.909729	273.516602
258	190.066437	-48.001789	-51.850449	104.860786	0.000000	0.000000	7.125000	39.270470	-112.187134
259	461.241180	-517.142395	51.732597	-80.866867	0.000000	0.000000	7.125000	-76.859627	166.085388
260	-46.942169	34.954529	-32.020271	112.514076	0.000000	0.000000	7.125000	10.679988	-130.342407
261	399.381348	158.713165	115.701721	17.367386	0.000000	0.000000	7.125000	-194.835693	-37.528687
262	1087.829590	80.340546	162.500153	28.582920	0.000000	0.000000	7.125000	-513.058838	-67.298851
263	-95.837303	836.301758	-20.573627	118.221909	0.000000	0.000000	7.125000	49.813591	-388.228149
264	19.251125	71.919312	-92.428680	-10.277687	0.000000	0.000000	7.125000	178.805222	37.299538
265	310.086823	-597.372803	48.035698	-96.724640	0.000000	0.000000	7.125000	-94.104515	282.735931
266	-364.361176	-257.744019	-102.379471	-56.626732	0.000000	0.000000	7.125000	149.621643	66.479820
267	-127.342102	105.515244	-92.999313	75.835922	0.000000	0.000000	7.125000	80.913582	-67.676498
268	-51.209560	-506.045990	-27.903606	-110.526825	0.000000	0.000000	7.125000	100.743179	307.593964
269	-251.697083	404.665192	2.502760	119.973892	0.000000	0.000000	7.125000	0.278448	-205.763153
270	242.013275	348.226776	68.897812	98.250137	0.000000	0.000000	7.125000	-169.647186	-228.382233
271	134.699203	-302.157410	37.717361	-126.466309	0.000000	0.000000	7.125000	-23.302282	258.304230
272	290.889893	-674.953735	36.766426	-114.228775	0.000000	0.000000	7.125000	-81.840569	290.494385
273	-59.883434	-837.990723	-28.714176	-125.761284	0.000000	0.000000	7.125000	53.820942	330.065735
274	207.490616	-567.268127	49.428249	-106.045792	0.000000	0.000000	7.125000	-100.903946	250.884842
275	-406.783661	-517.532471	-78.072121	-95.044281	0.000000	0.000000	7.125000	221.757065	304.429840
276	323.585693	600.211792	46.644012	90.706635	0.000000	0.000000	7.125000	-85.965889	-186.813110
277	291.068329	301.810791	64.913467	78.677261	0.000000	0.000000	7.125000	-130.838348	-171.228912
278	-49.918655	-611.329041	10.445387	-107.493622	0.000000	0.000000	7.125000	-46.852768	272.470367
279	293.321960	880.327026	65.009438	121.717834	0.000000	0.000000	7.125000	-270.440216	-441.035583
280	155.350739	-74.234146	74.441177	-90.233391	0.000000	0.000000	7.125000	-84.532227	67.241684
281	570.684265	515.087708	90.339622	53.512825	0.000000	0.000000	7.125000	-324.323059	-163.762207
282	500.410278	-321.715820	120.588699	-53.610565	0.000000	0.000000	7.125000	-270.417328	67.664070
283	-428.037811	-578.995972	-52.213287	-114.671982	0.000000	0.000000	7.125000	109.285973	253.415863
284	148.411072	623.615662	14.843414	119.076920	0.000000	0.000000	7.125000	-9.258281	-380.110748
285	771.633728	-500.685150	114.326462	-82.524338	0.000000	0.000000	7.125000	-256.949829	161.733826
286	137.904297	-278.388916	111.547073	-58.413605	0.000000	0.000000	7.125000	-104.241577	-5.769866
287	-46.030746	-590.054810	18.455561	-121.607513	0.000000	0.000000	7.125000	-27.731373	214.548233
288	50.405083	810.423096	11.213211	125.499947	0.000000	0.000000	7.125000	-28.945795	-230.141785
289	-312.364197	-435.108887	-44.468437	-78.246780	0.000000	0.000000	7.125000	128.209335	187.078735
290	-826.610901	66.014290	-137.740219	8.408331	0.000000	0.000000	7.125000	319.218140	16.706842
291	-252.300034	657.234009	-56.226967	116.099220	0.000000	0.000000	7.125000	159.830826	-302.836090
292	247.939316	-1085.603149	-7.237048	-158.834564	0.000000	0.000000	7.125000	21.983850	390.606750
293	76.174171	-597.767517	11.237154	-89.295708	0.000000	0.000000	7.125000	-31.971563	286.179016
294	-834.962769	-303.817078	-113.517700	-67.362564	0.000000	0.000000	7.125000	295.345886	183.540405
295	801.363342	384.646667	130.134628	54.276367	0.000000	0.000000	7.125000	-213.562195	-83.814072
296	103.752907	736.267212	51.754810	111.581383	0.000000	0.000000	7.125000	-113.903397	-217.306107
297	-76.056328	-141.474182	-74.938034	-104.837440	0.000000	0.000000	7.125000	79.389168	42.030617
298	-353.195374	660.010071	-83.840958	98.038231	0.000000	0.000000	7.125000	195.927933	-214.438431
299	105.648163	398.596863	28.086756	110.485504	0.000000	0.000000	7.125000	-44.955769	-232.337479
300	284.032501	-92.494881	134.289612	-31.255592	0.000000	0.000000	7.125000	-184.486694	10.514938
301	-775.340820	-206.201447	-103.074005	-55.356068	0.000000	0.000000	7.125000	263.324860	119.355492
302	457.176208	-68.418007	103.917618	15.033130	0.000000	0.000000	7.125000	-294.937286	-32.850212
303	-74.467422	-118.712967	-61.621216	-88.337051	0.000000	0.000000	7.125000	44.750580	-12.315972
304	2.005368	608.410767	2.883823	125.966949	0.000000	0.000000	7.125000	2.381804	-267.179382
305	222.327438	202.363968	91.518158	77.616043	0.000000	0.000000	7.125000	-200.531265	-211.963287
306	-319.358276	770.738159	-41.669502	112.531097	0.000000	0.000000	7.125000	100.920074	-326.337769
307	-91.290268	537.630493	-10.472111	113.514397	0.000000	0.000000	7.125000	2.683851	-251.367416
308	827.957642	-835.972046	109.936401	-106.408981	0.000000	0.000000	7.125000	-398.621704	362.019928
309	410.180939	-606.935669	66.720108	-88.709099	0.000000	0.000000	7.125000	-174.346313	253.836365
310	-343.019501	276.750000	-77.926979	83.203339	0.000000	0.000000	7.125000	174.886475	-224.935287
311	302.668854	581.534119	43.114655	82.400223	0.000000	0.000000	7.125000	-137.604462	-347.206024
312	206.290894	-438.851074	27.387047	-95.135529	0.000000	0.000000	7.125000	-70.345268	230.308411
313	-80.405502	617.735657	-40.294609	113.030602	0.000000	0.000000	7.125000	47.224518	-173.655334
314	428.370148	452.219025	58.970806	55.528473	0.000000	0.000000	7.125000	-222.282822	-196.338242
315	203.297729	218.592407	81.943329	70.346375	0.000000	0.000000	7.125000	-10.806246	-66.296021
316	-33.725563	192.814484	-57.721764	108.614883	0.000000	0.000000	7.125000	80.384277	-173.141571
317	552.326416	-183.381683	96.761368	-47.965073	0.000000	0.000000	7.125000	-211.338486	75.391487
318	-413.277252	-183.207123	-102.957474	-67.235710	0.000000	0.000000	7.125000	154.791183	158.559647
319	518.238953	538.413940	102.236115	88.157928	0.000000	0.000000	7.125000	-213.603653	-213.782700
320	-572.603333	-37.009903	-107.909317	-26.011047	0.000000	0.000000	7.125000	238.689499	69.976280
321	-218.592682	-110.374283	-126.397194	-47.420349	0.000000	0.000000	7.125000	176.193283	64.874992
322	-240.415985	530.618591	-42.162384	115.547134	0.000000	0.000000	7.125000	76.360374	-253.915680
323	-607.826660	-353.869415	-112.158981	-57.406227	0.000000	0.000000	7.125000	206.972107	93.075661
324	593.983826	-636.762939	72.353653	-91.943916	0.000000	0.000000	7.125000	-179.337265	266.374207
325	69.894119	-473.625854	-17.896755	-115.623123	0.000000	0.000000	7.125000	42.202492	309.319733
326	328.362061	-307.933533	60.156891	-66.940208	0.000000	0.000000	7.125000	-168.437332	199.363434
327	-705.417847	-378.442749	-128.300552	-41.997894	0.000000	0.000000	7.125000	555.730164	163.447067
328	-276.590149	-55.486427	-131.690247	-29.389332	0.000000	0.000000	7.125000	206.871704	83.019356
329	-643.527161	-140.407089	-99.697273	-48.795223	0.000000	0.000000	7.125000	227.934433	94.785011
330	-271.611389	745.383911	-26.139536	138.543259	0.000000	0.000000	7.125000	23.472998	-346.825134
331	792.920715	491.674377	102.349991	73.485329	0.000000	0.000000	7.125000	-308.439484	-188.025925
332	-88.652710	510.478760	4.385055	110.912521	0.000000	0.000000	7.125000	-29.883587	-323.134979
333	-546.222168	303.350830	-90.931793	63.651695	0.000000	0.000000	7.125000	279.326111	-249.515457
334	-385.299072	519.277832	-57.633823	72.987061	0.000000	0.000000	7.125000	151.488419	-233.700562
335	-120.987122	-507.532135	-25.721134	-120.253479	0.000000	0.000000	7.125000	94.041420	146.651947
336	-326.311340	595.635132	-61.969284	116.549591	0.000000	0.000000	7.125000	102.745033	-219.840820
337	403.768250	449.704529	73.061188	75.402534	0.000000	0.000000	7.125000	-143.778152	-193.252533
338	149.294510	887.396790	33.688114	130.728760	0.000000	0.000000	7.125000	-81.485954	-506.705658
339	-847.541382	-79.389420	-137.624878	-10.134836	0.000000	0.000000	7.125000	401.322021	32.932949
340	-552.588501	37.511654	-80.809860	5.546467	0.000000	0.000000	7.125000	417.690399	-4.420401
341	175.847717	642.692078	48.883270	138.631668	0.000000	0.000000	7.125000	-130.887344	-290.964569
342	346.121765	388.236542	84.868668	80.531326	0.000000	0.000000	7.125000	-199.087311	-210.374771
343	-501.576660	-578.857727	-69.386200	-86.639229	0.000000	0.000000	7.125000	233.715530	334.373596
344	-512.628845	-137.859589	-99.385162	-33.854256	0.000000	0.000000	7.125000	224.087219	37.544086
345	-37.963406	242.386154	-42.435280	112.229675	0.000000	0.000000	7.125000	25.467184	-131.029800
346	-706.149475	-231.382874	-145.043945	-38.238209	0.000000	0.000000	7.125000	154.998489	45.329937
347	58.892490	327.494751	-19.512119	118.398346	0.000000	0.000000	7.125000	16.885216	-209.167648
348	-331.934326	251.840363	-130.079071	68.458740	0.000000	0.000000	7.125000	286.219757	-195.696472
349	111.641884	-145.854858	-20.466694	-109.093430	0.000000	0.000000	7.125000	-3.532161	111.921730
350	94.862663	906.848938	16.554810	137.000946	0.000000	0.000000	7.125000	-107.872429	-495.730225
351	321.359100	705.539307	54.553185	106.882866	0.000000	0.000000	7.125000	-89.625862	-223.077316
352	379.392212	-79.060791	74.232239	-23.934624	0.000000	0.000000	7.125000	-160.310715	30.211491
353	435.962616	-180.418961	88.502434	-101.891785	0.000000	0.000000	7.125000	-169.938934	153.745621
354	87.318420	487.464661	-61.757820	102.887611	0.000000	0.000000	7.125000	126.974449	-174.751022
355	579.124695	-162.032837	133.065308	-36.533676	0.000000	0.000000	7.125000	-454.434204	69.978119
356	-443.006470	-25.951347	-108.495529	-23.417307	0.000000	0.000000	7.125000	132.036575	16.018456
357	-517.402161	925.998901	-78.027222	124.573532	0.000000	0.000000	7.125000	283.009674	-586.376648
358	-471.245605	-52.795444	-88.673325	-28.035423	0.000000	0.000000	7.125000	236.717331	67.818069
359	-732.190979	-294.642181	-112.078156	-42.877586	0.000000	0.000000	7.125000	291.808258	100.919662
360	524.392639	25.678984	113.964996	2.810029	0.000000	0.000000	7.125000	-237.399399	-1.881102
361	584.954102	-787.382568	82.561630	-91.172165	0.000000	0.000000	7.125000	-247.257935	320.263519
362	646.863403	-151.227951	90.656906	-20.732092	0.000000	0.000000	7.125000	-228.282059	22.616489
363	468.279114	-538.376587	78.292114	-86.943527	0.000000	0.000000	7.125000	-228.082092	281.134613
364	-547.689209	-299.891815	-88.624039	-44.108368	0.000000	0.000000	7.125000	230.746765	81.830750
365	221.895233	171.187057	114.024300	66.444130	0.000000	0.000000	7.125000	-110.300346	-95.180473
366	-642.268127	-266.694031	-113.638672	-67.155968	0.000000	0.000000	7.125000	234.832016	147.390762
367	-56.023174	597.791748	-9.146388	98.576508	0.000000	0.000000	7.125000	26.167736	-324.945496
368	482.552368	-711.866150	62.479599	-112.857780	0.000000	0.000000	7.125000	-102.260895	244.000839
369	-340.528687	-630.403992	-54.520706	-106.899208	0.000000	0.000000	7.125000	121.627098	259.501831
370	629.950928	-676.887817	92.517502	-121.856155	0.000000	0.000000	7.125000	-277.222504	343.703278
371	-24.840637	-797.975342	5.990545	-119.850212	0.000000	0.000000	7.125000	-7.479914	376.150421
372	46.224510	369.223877	43.866920	133.991516	0.000000	0.000000	7.125000	-49.383339	-232.843201
373	602.969421	302.209961	89.000381	43.350803	0.000000	0.000000	7.125000	-298.367706	-127.367493
374	-637.671143	-945.543457	-88.326645	-117.497017	0.000000	0.000000	7.125000	227.296097	371.888672
375	-726.513672	617.612000	-94.053185	83.844254	0.000000	0.000000	7.125000	286.518707	-221.395203
376	88.424332	878.291504	2.782062	125.964020	0.000000	0.000000	7.125000	8.772015	-342.060791
377	641.399536	-7.004688	110.252731	-12.845089	0.000000	0.000000	7.125000	-369.037598	44.824551
378	-81.338150	248.924408	-52.632637	90.855537	0.000000	0.000000	7.125000	84.469101	-160.491394
379	210.131866	-193.218033	104.641556	-58.713875	0.000000	0.000000	7.125000	-156.897690	54.340622
380	861.250488	-321.950684	123.903694	-60.741737	0.000000	0.000000	7.125000	-387.203583	127.758842
381	582.676086	-481.253418	86.301056	-64.927765	0.000000	0.000000	7.125000	-297.575806	173.656754
382	50.635174	48.398796	114.911255	-70.849915	0.000000	0.000000	7.125000	-126.563515	72.565018
383	-607.426758	-296.974792	-112.249161	-42.427227	0.000000	0.000000	7.125000	295.141968	168.404510
384	45.412277	48.763443	6.254119	-122.830765	0.000000	0.000000	7.125000	13.103416	129.388290
385	-142.945877	-292.964142	-19.086868	-112.390472	0.000000	0.000000	7.125000	62.914825	182.640457
386	-1.252998	614.637573	4.530141	95.891487	0.000000	0.000000	7.125000	29.139126	-317.848511
387	-256.436951	-533.894958	-50.002991	-88.901833	0.000000	0.000000	7.125000	123.637703	202.803299
388	302.102051	-416.777863	59.333374	-71.602203	0.000000	0.000000	7.125000	-95.873184	181.337372
389	615.229614	579.675232	89.209259	93.180679	0.000000	0.000000	7.125000	-199.123840	-199.793732
390	-414.757538	666.007446	-68.050034	106.014091	0.000000	0.000000	7.125000	166.488403	-427.547516
391	424.544800	358.618439	66.047096	69.667244	0.000000	0.000000	7.125000	-153.271515	-187.109024
392	692.767334	260.197021	124.136078	53.058685	0.000000	0.000000	7.125000	-522.298218	-236.048218
393	-585.533997	-331.017151	-89.230042	-70.946487	0.000000	0.000000	7.125000	196.487610	185.441086
394	-155.831802	677.152832	-46.853325	113.726707	0.000000	0.000000	7.125000	140.113266	-394.941162
395	372.987518	-528.683533	85.300262	-100.722992	0.000000	0.000000	7.125000	-166.728104	236.276413
396	-485.723480	367.857727	-92.399063	43.189816	0.000000	0.000000	7.125000	328.714203	-177.670883
397	43.288616	589.652405	-36.597324	123.692848	0.000000	0.000000	7.125000	54.545235	-226.928513
398	-921.579895	-38.585281	-146.994507	-0.370374	0.000000	0.000000	7.125000	450.057465	23.906586
399	-729.547363	269.686951	-124.679420	33.086327	0.000000	0.000000	7.125000	331.767395	-100.971664
400	664.087585	89.262077	112.946106	15.461756	0.000000	0.000000	7.125000	-187.442856	-17.514423
401	662.954590	-205.109116	126.032471	-27.470423	0.000000	0.000000	7.125000	-341.223267	33.399357
402	234.898895	-689.321045	17.030462	-146.009979	0.000000	0.000000	7.125000	-38.325035	297.125366
403	4.704950	-394.510345	9.323294	-104.577606	0.000000	0.000000	7.125000	-47.014660	180.684174
404	49.460480	-205.760880	-61.030228	-89.097610	0.000000	0.000000	7.125000	127.366608	158.226425
405	-576.582825	167.722656	-92.956787	34.059250	0.000000	0.000000	7.125000	209.199768	18.149963
406	-546.276978	684.269348	-79.705124	108.958954	0.000000	0.000000	7.125000	218.416855	-307.122131
407	-31.649811	-561.008240	-24.901382	-95.817093	0.000000	0.000000	7.125000	54.467728	259.949097
408	57.201096	178.229187	21.307232	99.726166	0.000000	0.000000	7.125000	-39.413467	-104.029152
409	-28.229721	690.506042	-34.647354	121.140259	0.000000	0.000000	7.125000	69.015472	-317.711548
410	-6.366712	-789.945312	-5.515080	-119.873047	0.000000	0.000000	7.125000	10.164080	311.695374
411	-395.879028	282.063873	-118.272797	43.444565	0.000000	0.000000	7.125000	1208.685181	-374.069397
412	432.232971	339.745789	104.800423	36.576836	0.000000	0.000000	7.125000	-204.667358	-75.544769
413	-103.553856	391.403229	-29.269188	78.735435	0.000000	0.000000	7.125000	44.679356	-119.724434
414	-524.365662	38.106083	-104.574158	-9.434228	0.000000	0.000000	7.125000	177.957382	31.242226
415	-31.280823	931.324829	-16.879021	133.940628	0.000000	0.000000	7.125000	46.472462	-433.088715
416	-654.432983	-262.916870	-98.758850	-35.658131	0.000000	0.000000	7.125000	317.760559	84.955322
417	-490.052429	132.032135	-105.392029	50.808670	0.000000	0.000000	7.125000	96.245224	-45.627682
418	-50.189659	868.168579	-4.364268	137.930740	0.000000	0.000000	7.125000	8.213164	-420.861237
419	569.757629	745.642639	91.702538	111.024979	0.000000	0.000000	7.125000	-234.380936	-184.708145
420	-458.806702	704.351685	-58.914284	104.537766	0.000000	0.000000	7.125000	118.100693	-247.539154
421	172.450912	46.833031	98.586533	-18.942101	0.000000	0.000000	7.125000	-10.661533	-43.560093
422	435.076538	526.346497	56.359695	85.006371	0.000000	0.000000	7.125000	-122.609093	-245.438232
423	269.449860	-247.496292	55.373512	-96.201721	0.000000	0.000000	7.125000	-85.379684	137.083893
424	29.644505	811.982300	10.139133	116.558952	0.000000	0.000000	7.125000	-57.170185	-131.785278
425	-438.128601	-711.859863	-64.016479	-97.929367	0.000000	0.000000	7.125000	154.619843	327.245544
426	-727.061584	-268.671906	-120.938683	-44.885826	0.000000	0.000000	7.125000	244.819855	97.181450
427	242.164627	455.439301	41.400116	86.613792	0.000000	0.000000	7.125000	-86.814278	-139.765549
428	588.215454	-528.101807	69.337944	-78.847359	0.000000	0.000000	7.125000	-198.509476	279.545746
429	220.499008	-716.124084	31.615255	-109.523224	0.000000	0.000000	7.125000	-103.213440	629.883118
430	-70.317818	-590.287354	-3.346740	-104.946655	0.000000	0.000000	7.125000	11.033326	300.280487
431	685.849487	75.886238	107.998444	0.564517	0.000000	0.000000	7.125000	-310.693237	-2.602339
432	45.446602	-130.552979	-77.347656	-114.273880	0.000000	0.000000	7.125000	118.414650	130.441208
433	-552.473328	449.490967	-73.668152	66.136124	0.000000	0.000000	7.125000	244.753845	-216.957809
434	-484.101837	459.900513	-54.355644	89.829697	0.000000	0.000000	7.125000	142.077972	-294.364563
435	549.370667	192.196320	134.652969	9.652042	0.000000	0.000000	7.125000	-248.368561	-22.886026
436	549.353699	-291.176422	86.993820	-53.254272	0.000000	0.000000	7.125000	-216.607834	145.212753
437	-629.063110	238.302353	-102.918022	20.799932	0.000000	0.000000	7.125000	315.038574	-38.405731
438	-413.752075	261.511017	-106.979919	47.372208	0.000000	0.000000	7.125000	194.789871	-96.399170
439	544.291626	537.960693	91.837868	62.344238	0.000000	0.000000	7.125000	-262.878815	-178.172165
440	224.322906	-688.333374	34.142136	-121.283119	0.000000	0.000000	7.125000	-72.024933	338.684631
441	496.856293	199.586899	105.769165	68.461349	0.000000	0.000000	7.125000	-218.634567	-188.386383
442	-135.213593	-141.147141	-101.735909	-74.028397	0.000000	0.000000	7.125000	95.352791	15.201687
443	20.858768	-434.680176	-0.884259	-128.946808	0.000000	0.000000	7.125000	17.877571	174.224716
444	196.687881	-682.383545	-9.490314	-116.614395	0.000000	0.000000	7.125000	21.180410	237.964630
445	-166.889984	722.249695	-31.944580	115.665466	0.000000	0.000000	7.125000	85.400230	-456.781342
446	-346.339172	-296.674835	-107.031479	-60.607285	0.000000	0.000000	7.125000	245.624451	143.049362
447	-199.802734	189.567047	-33.813236	133.783859	0.000000	0.000000	7.125000	27.974529	-257.692291
448	291.860840	-52.046940	107.582191	9.425547	0.000000	0.000000	7.125000	-221.288483	-23.475382
449	-35.757038	834.435913	11.099284	125.510185	0.000000	0.000000	7.125000	7.751534	-366.875671
450	-221.237579	-479.273712	-57.219845	-98.597855	0.000000	0.000000	7.125000	107.420868	158.335617
451	51.806381	-531.337891	-0.608423	-119.997696	0.000000	0.000000	7.125000	7.104167	245.091644
452	143.150543	101.915771	110.423782	10.401966	0.000000	0.000000	7.125000	-102.786484	-61.419006
453	475.849457	554.937744	70.605209	85.648560	0.000000	0.000000	7.125000	-26.207186	-172.782288
454	-661.587280	636.975525	-121.311005	71.860733	0.000000	0.000000	7.125000	316.640594	-165.267578
455	420.444366	418.948975	66.726196	103.327515	0.000000	0.000000	7.125000	-134.533340	-217.798767
456	500.137238	-85.181030	113.139709	-13.919735	0.000000	0.000000	7.125000	-270.219055	2.034335
457	124.031616	-351.824524	-24.480799	-80.333160	0.000000	0.000000	7.125000	79.705521	121.574409
458	737.105164	721.329224	92.291466	98.525551	0.000000	0.000000	7.125000	-268.787048	-285.175873
459	211.953583	-219.486481	101.798279	-97.457741	0.000000	0.000000	7.125000	-148.101440	100.114952
460	-668.636719	788.110596	-87.863037	102.493851	0.000000	0.000000	7.125000	279.373688	-329.408020
461	-349.796509	-439.881866	-87.687538	-98.662704	0.000000	0.000000	7.125000	116.411705	123.003822
462	-8.317024	596.136963	-54.546471	100.100632	0.000000	0.000000	7.125000	169.804993	-252.532074
463	723.043701	-709.786194	93.243706	-89.142395	0.000000	0.000000	7.125000	-272.692719	222.678818
464	-223.494293	-88.420639	-125.853363	5.830932	0.000000	0.000000	7.125000	186.555374	-15.094637
465	-595.875000	309.396423	-89.743088	41.798283	0.000000	0.000000	7.125000	347.050781	-116.173256
466	564.728333	0.880820	122.355293	12.574165	0.000000	0.000000	7.125000	-286.155884	-33.481991
467	657.886414	-3.805695	104.728836	-7.506013	0.000000	0.000000	7.125000	-272.893738	17.494125
468	-879.279175	567.876099	-135.405197	71.234108	0.000000	0.000000	7.125000	375.804749	-181.519501
469	-279.328278	-563.633301	-46.894535	-97.284431	0.000000	0.000000	7.125000	131.884750	229.635757
470	-65.040215	763.917786	-7.816864	113.731583	0.000000	0.000000	7.125000	15.833867	-371.149017
471	571.056274	-208.084808	90.699623	-46.652710	0.000000	0.000000	7.125000	-257.046021	101.178421
472	82.625168	-397.442535	-35.057713	-114.720001	0.000000	0.000000	7.125000	79.212440	115.280945
473	131.699936	-155.787582	37.945736	-120.140091	0.000000	0.000000	7.125000	-38.205635	166.868225
474	-401.182678	-700.151245	-67.569992	-99.167892	0.000000	0.000000	7.125000	204.718185	298.030792
475	400.641541	-371.311340	93.960251	-59.084816	0.000000	0.000000	7.125000	-107.950958	67.460129
476	-431.980438	-665.293518	-73.815460	-90.775940	0.000000	0.000000	7.125000	175.500412	220.933609
477	135.892242	-165.239288	113.949059	-3.406021	0.000000	0.000000	7.125000	-220.955536	-20.466133
478	693.442993	332.574005	124.282944	44.463898	0.000000	0.000000	7.125000	-462.324310	-157.675049
479	103.095528	-532.567932	17.849380	-106.510925	0.000000	0.000000	7.125000	-48.759144	193.428925
480	-679.828247	37.710243	-102.271355	23.781528	0.000000	0.000000	7.125000	215.052841	-46.237198
481	700.241333	847.828186	92.352402	106.545303	0.000000	0.000000	7.125000	-229.892807	-297.683533
482	-532.626953	475.340088	-74.027138	65.734161	0.000000	0.000000	7.125000	201.285690	-172.036835
483	49.775322	-796.091492	-25.110592	-144.839417	0.000000	0.000000	7.125000	59.857418	373.094360
484	199.945541	633.833740	33.939911	118.224709	0.000000	0.000000	7.125000	-129.562668	-425.632385
485	-261.158325	-755.210205	-39.825897	-103.607651	0.000000	0.000000	7.125000	103.159912	306.213379
486	598.491943	-480.574280	98.781342	-96.362015	0.000000	0.000000	7.125000	-403.483704	424.935120
487	-324.012756	-547.551880	-64.609695	-101.118378	0.000000	0.000000	7.125000	145.398605	185.338303
488	220.473663	640.056030	19.925327	118.330704	0.000000	0.000000	7.125000	-17.707481	-316.410980
489	267.327240	598.601074	28.989040	100.918854	0.000000	0.000000	7.125000	-81.801376	-207.289734
490	-596.517395	-102.004623	-90.519073	-31.969246	0.000000	0.000000	7.125000	245.915726	84.813042
491	-302.096985	-267.874298	-57.917412	-56.626598	0.000000	0.000000	7.125000	196.825714	192.654434
492	-58.324749	516.368652	-23.477875	102.337830	0.000000	0.000000	7.125000	22.048355	-152.944733
493	379.250580	-458.006958	85.365860	-92.674591	0.000000	0.000000	7.125000	-120.906532	130.418701
494	-33.149235	-390.554321	1.108782	-110.993668	0.000000	0.000000	7.125000	-3.074949	205.023270
495	132.770279	362.427124	-13.551269	125.254974	0.000000	0.000000	7.125000	-13.331251	-170.029175
496	463.260101	25.280146	85.656883	-27.620583	0.000000	0.000000	7.125000	-250.124237	62.692860
497	228.473938	784.947510	32.538548	121.726089	0.000000	0.000000	7.125000	30.343245	-219.537918
498	-335.525879	-825.499329	-66.319748	-110.646652	0.000000	0.000000	7.125000	196.742294	329.060608
499	-549.514771	447.966675	-82.817123	64.540176	0.000000	0.000000	7.125000	263.867950	-152.479019
500	556.664001	57.843014	111.444275	-23.958691	0.000000	0.000000	7.125000	-278.214844	51.227604
501	680.383362	326.136688	116.978531	37.987049	0.000000	0.000000	7.125000	-328.168640	-110.829468
502	300.556396	-500.435455	50.363098	-102.268921	0.000000	0.000000	7.125000	-90.646385	237.556183
503	584.586304	-343.482300	84.812592	-66.864212	0.000000	0.000000	7.125000	-198.065674	155.628021
504	-875.153015	-148.170837	-140.102219	-15.869987	0.000000	0.000000	7.125000	343.993378	43.817463
505	-722.059021	-591.891724	-100.513535	-85.558769	0.000000	0.000000	7.125000	303.821442	222.568939
506	488.669220	-311.775238	95.306709	-82.417229	0.000000	0.000000	7.125000	-380.418671	299.061829
507	-435.410828	-584.904907	-63.410595	-101.874573	0.000000	0.000000	7.125000	190.774765	270.511841
508	-590.438782	-789.816895	-83.594147	-106.004761	0.000000	0.000000	7.125000	223.021439	300.592896
509	-36.506962	334.441284	-3.671131	89.879204	0.000000	0.000000	7.125000	-26.230665	-73.648605
510	-283.253967	630.246033	-44.662155	88.346970	0.000000	0.000000	7.125000	96.975388	-303.310211
511	-271.994202	-552.946106	-50.333122	-88.715790	0.000000	0.000000	7.125000	159.085831	290.332672
512	-105.966568	810.934326	-42.174126	125.076096	0.000000	0.000000	7.125000	83.832092	-326.915802
513	-978.271667	163.764313	-137.735016	30.166985	0.000000	0.000000	7.125000	364.889618	-77.034019
514	598.130127	-451.301300	74.811653	-64.839554	0.000000	0.000000	7.125000	-198.777039	184.026550
515	-205.171097	608.927551	-35.018566	130.371140	0.000000	0.000000	7.125000	51.652420	-232.163437
516	116.358452	-387.202393	21.605549	-102.752792	0.000000	0.000000	7.125000	-55.263451	209.441101
517	-38.150452	-576.069824	-33.812950	-102.569260	0.000000	0.000000	7.125000	90.785866	258.746490
518	38.252304	-347.270966	-8.817526	-104.622208	0.000000	0.000000	7.125000	64.893944	243.549454
519	-50.578075	18.351517	-86.025253	54.750603	0.000000	0.000000	7.125000	64.246941	-24.670624
520	292.904236	-140.917160	116.124908	-14.239076	0.000000	0.000000	7.125000	-193.244934	13.894134
521	330.309052	26.086357	95.984238	1.649964	0.000000	0.000000	7.125000	-99.909584	-23.757372
522	337.567719	797.943420	47.089703	107.099510	0.000000	0.000000	7.125000	-116.049393	-378.196472
523	365.179901	423.209564	70.777145	114.958321	0.000000	0.000000	7.125000	-188.913651	-285.688995
524	-776.249390	-554.402100	-105.040848	-63.994965	0.000000	0.000000	7.125000	256.502655	142.234436
525	-26.508125	-312.375854	-24.595249	-108.170914	0.000000	0.000000	7.125000	138.344315	295.503540
526	-556.650452	453.331482	-102.815979	67.509384	0.000000	0.000000	7.125000	226.030838	-166.149017
527	-130.730515	29.612183	-63.736790	17.117126	0.000000	0.000000	7.125000	93.913071	-44.838764
528	215.892212	-121.494850	71.312836	-100.170822	0.000000	0.000000	7.125000	-158.446793	139.543152
529	-638.285767	108.233963	-113.586212	9.704132	0.000000	0.000000	7.125000	382.688080	-52.527355
530	-139.187073	-121.655922	-16.968756	115.561890	0.000000	0.000000	7.125000	-31.551750	-78.575630
531	-281.592896	-762.806152	-42.751694	-105.680138	0.000000	0.000000	7.125000	127.301514	345.904205
532	679.076782	496.272583	115.419350	70.014999	0.000000	0.000000	7.125000	-245.877502	-190.433472
533	-447.708984	-115.073296	-91.798767	-56.865822	0.000000	0.000000	7.125000	291.991852	239.685593
534	671.804749	170.231781	100.523117	30.333111	0.000000	0.000000	7.125000	-288.474548	-72.370399
535	509.569519	288.555481	97.809128	45.792450	0.000000	0.000000	7.125000	-232.879745	-126.290115
536	-602.576172	57.326931	-103.296432	18.829126	0.000000	0.000000	7.125000	230.032852	-44.250328
537	-467.148499	575.847290	-85.768723	92.299553	0.000000	0.000000	7.125000	169.304916	-191.121231
538	160.653824	676.304260	16.692381	109.734055	0.000000	0.000000	7.125000	-35.046356	-276.947968
539	242.141983	185.130539	102.985062	41.401676	0.000000	0.000000	7.125000	-336.727448	-179.931900
540	-569.611877	-572.063232	-80.590805	-71.889496	0.000000	0.000000	7.125000	218.440857	137.862701
541	385.361542	-478.692047	91.750015	-67.659996	0.000000	0.000000	7.125000	-195.779648	160.597412
542	682.203796	-608.782349	96.469101	-94.438660	0.000000	0.000000	7.125000	-214.668549	237.436188
543	611.785522	-183.619598	123.067017	-26.990345	0.000000	0.000000	7.125000	-324.725586	31.286114
544	-116.667786	711.539246	7.007991	104.762680	0.000000	0.000000	7.125000	-10.911777	-264.423889
545	676.987976	-656.506104	82.881180	-86.779266	0.000000	0.000000	7.125000	-263.169464	285.834534
546	14.290125	-269.472809	5.700807	-92.825058	0.000000	0.000000	7.125000	-1.898566	240.446426
547	-691.288696	-72.807243	-97.921738	-28.553143	0.000000	0.000000	7.125000	316.971832	99.654335
548	845.832397	-341.081726	114.660156	-52.224716	0.000000	0.000000	7.125000	-367.388397	109.211067
549	179.909988	690.127441	43.583218	98.810806	0.000000	0.000000	7.125000	-109.364899	-331.170776
550	707.271240	138.041840	123.017502	27.223429	0.000000	0.000000	7.125000	-431.595337	-36.957874
551	255.069672	-781.514221	28.852592	-104.071762	0.000000	0.000000	7.125000	-66.208076	367.936890
552	-551.942505	531.589844	-93.656616	88.709503	0.000000	0.000000	7.125000	249.518936	-288.897736
553	553.478271	363.860229	94.116966	58.842224	0.000000	0.000000	7.125000	-231.297699	-173.373276
554	122.481194	278.287933	124.153351	21.430592	0.000000	0.000000	7.125000	-218.124771	-22.764616
555	-301.227142	804.055603	-87.658737	125.398972	0.000000	0.000000	7.125000	277.655457	-407.904938
556	267.272461	-754.143799	48.882591	-112.868683	0.000000	0.000000	7.125000	-114.109818	298.631744
557	-785.428589	195.861343	-122.997757	0.414764	0.000000	0.000000	7.125000	384.402679	17.256208
558	-375.441406	816.889404	-68.009018	116.614899	0.000000	0.000000	7.125000	170.649216	-361.169373
559	846.707153	510.427002	105.947166	78.733833	0.000000	0.000000	7.125000	-289.911194	-199.178589
560	333.146088	683.653931	71.683502	96.233658	0.000000	0.000000	7.125000	-195.541992	-309.171753
561	599.356812	-258.808105	97.702011	-52.675716	0.000000	0.000000	7.125000	-223.795334	122.516266
562	-542.586304	631.101990	-73.639557	87.024040	0.000000	0.000000	7.125000	178.444458	-222.557541
563	321.445618	-691.025635	53.478386	-104.062683	0.000000	0.000000	7.125000	-137.922653	255.991852
564	-468.673065	-164.913773	-101.996468	-35.503654	0.000000	0.000000	7.125000	282.348572	89.735336
565	-682.205444	-722.615356	-91.280174	-95.351532	0.000000	0.000000	7.125000	269.079071	277.406952
566	851.293335	314.846375	113.489319	54.729912	0.000000	0.000000	7.125000	-344.103973	-120.747963
567	-684.177185	-596.370483	-97.094658	-89.421654	0.000000	0.000000	7.125000	731.767700	615.608582
568	5.674011	685.153870	12.206398	107.303818	0.000000	0.000000	7.125000	-62.217037	-438.654144
569	570.744934	-429.096863	105.610077	-68.718658	0.000000	0.000000	7.125000	-264.884949	153.832138
570	-131.586777	-552.321899	8.361206	-134.739014	0.000000	0.000000	7.125000	-3.905474	276.964844
571	-624.620911	-334.629059	-83.756096	-58.214157	0.000000	0.000000	7.125000	278.842407	173.812241
572	-268.608734	-611.888794	-49.344353	-92.681290	0.000000	0.000000	7.125000	137.739944	287.071899
573	289.564697	110.563980	104.344887	45.818138	0.000000	0.000000	7.125000	-164.393021	-120.139061
574	793.751648	310.628448	115.895805	31.110157	0.000000	0.000000	7.125000	-364.174988	-15.733140
575	-144.504761	340.794495	-38.805950	103.992798	0.000000	0.000000	7.125000	22.479834	-179.743805
576	190.382492	-341.731384	8.110168	-92.644913	0.000000	0.000000	7.125000	-32.854420	192.713394
577	-1045.496582	268.046509	-143.103577	62.107338	0.000000	0.000000	7.125000	337.366058	-117.530708
578	-548.930054	366.293793	-99.026611	67.776344	0.000000	0.000000	7.125000	235.835876	-158.538864
579	617.686829	-268.248199	109.176743	-62.899841	0.000000	0.000000	7.125000	-243.281784	151.858887
580	-531.760376	615.784729	-73.048157	87.518402	0.000000	0.000000	7.125000	154.757935	-235.188171
581	-56.287025	-796.181824	-34.136234	-121.287529	0.000000	0.000000	7.125000	86.667038	287.601196
582	442.797394	31.618263	107.780602	6.440419	0.000000	0.000000	7.125000	-107.317276	-57.130997
583	-357.026123	-409.869537	-80.622749	-88.881783	0.000000	0.000000	7.125000	169.683929	193.405396
584	-59.840275	-622.534851	-3.288625	-110.951271	0.000000	0.000000	7.125000	7.302874	285.509308
585	46.757027	-699.191956	-3.473986	-110.945099	0.000000	0.000000	7.125000	-3.739877	381.534180
586	-488.794556	92.474487	-133.094849	22.549202	0.000000	0.000000	7.125000	191.736633	-45.432190
587	-544.700195	113.166786	-137.422989	31.543438	0.000000	0.000000	7.125000	433.736450	-53.984356
588	243.979660	532.934082	30.738316	87.772202	0.000000	0.000000	7.125000	-72.875031	-249.473831
589	-622.285645	295.852203	-118.691460	32.267838	0.000000	0.000000	7.125000	488.442352	-143.549011
590	34.153442	129.720428	30.825686	109.730682	0.000000	0.000000	7.125000	-89.992737	-179.024780
591	-114.396103	-713.868896	-33.274143	-102.746262	0.000000	0.000000	7.125000	67.945564	248.616287
592	525.503662	-104.775528	112.678391	-31.503674	0.000000	0.000000	7.125000	-235.810593	50.722389
593	277.342896	583.380798	37.774612	75.025253	0.000000	0.000000	7.125000	-151.372375	-384.090515
594	-557.292053	-84.508957	-135.644272	25.386490	0.000000	0.000000	7.125000	230.849731	-27.972855
595	-418.759827	-425.541107	-82.841164	-69.281227	0.000000	0.000000	7.125000	174.235931	200.537537
596	-19.487219	384.573120	5.682315	128.812500	0.000000	0.000000	7.125000	-47.116505	-176.589294
597	-153.871124	-614.739685	-41.959213	-131.465073	0.000000	0.000000	7.125000	113.259193	297.295288
598	-387.904114	166.615097	-66.522263	27.546097	0.000000	0.000000	7.125000	155.901642	-75.320923
599	-325.718079	264.291534	-77.715530	102.962486	0.000000	0.000000	7.125000	105.128304	-163.015274
600	377.674500	586.967773	61.631584	88.686829	0.000000	0.000000	7.125000	-173.133041	-268.946869
601	330.878296	-694.853394	37.333546	-117.196800	0.000000	0.000000	7.125000	-112.041733	347.290009
602	-150.104553	685.261963	-31.686739	137.389008	0.000000	0.000000	7.125000	62.946625	-525.450745
603	94.521667	-847.835938	34.235439	-124.366196	0.000000	0.000000	7.125000	-43.763317	419.875244
604	535.653625	520.825562	75.923019	92.926422	0.000000	0.000000	7.125000	-183.933990	-256.979126
605	294.895020	-424.733826	58.921257	-101.079643	0.000000	0.000000	7.125000	-115.679535	210.900406
606	-275.864899	-835.612000	-41.855976	-125.184647	0.000000	0.000000	7.125000	63.039364	302.359070
607	-414.632629	-730.966125	-73.185226	-120.518120	0.000000	0.000000	7.125000	281.829773	396.526276
608	-52.686058	-597.919495	-16.149347	-97.673309	0.000000	0.000000	7.125000	47.827232	405.263275
609	-567.025879	209.014969	-109.309967	19.293018	0.000000	0.000000	7.125000	313.733765	-60.207684
610	31.122330	-386.168091	36.550819	-111.142853	0.000000	0.000000	7.125000	-55.525764	131.849609
611	590.129089	-853.359253	90.918961	-107.771614	0.000000	0.000000	7.125000	-210.043076	268.412628
612	750.177002	-460.064697	127.951149	-66.057709	0.000000	0.000000	7.125000	-333.593079	149.298035
613	-500.641663	-773.168030	-70.457809	-111.622330	0.000000	0.000000	7.125000	208.926544	316.144470
614	620.839661	232.238007	107.700165	37.371552	0.000000	0.000000	7.125000	-124.706139	-49.549683
615	298.035828	396.249298	82.156487	70.101593	0.000000	0.000000	7.125000	-146.364014	-129.820877
616	86.937820	-434.081512	22.865047	-129.959976	0.000000	0.000000	7.125000	1.439322	114.599686
617	244.424774	704.784546	50.912277	95.246712	0.000000	0.000000	7.125000	-325.232391	-610.180359
618	-654.971558	-265.064148	-120.952850	-52.855347	0.000000	0.000000	7.125000	296.804749	104.321869
619	-795.357666	692.004150	-104.907059	89.656654	0.000000	0.000000	7.125000	297.950836	-231.717377
620	-353.637085	382.036652	-93.376617	41.046379	0.000000	0.000000	7.125000	161.930649	-74.123375
621	-524.230896	-131.322845	-92.600006	-8.593019	0.000000	0.000000	7.125000	216.992950	18.657001
622	301.167816	-142.155685	122.453857	-40.416862	0.000000	0.000000	7.125000	-130.453552	7.339972
623	158.375732	-567.312195	22.542028	-96.399216	0.000000	0.000000	7.125000	-37.321335	227.472519
624	-56.193008	203.359543	-39.524139	119.638199	0.000000	0.000000	7.125000	54.192295	-249.649048
625	261.332489	-902.709839	38.470604	-126.269379	0.000000	0.000000	7.125000	-101.070427	340.439270
626	776.912354	59.275642	113.906128	4.624363	0.000000	0.000000	7.125000	-336.316345	-20.226048
627	-533.786987	701.887268	-85.166023	84.537560	0.000000	0.000000	7.125000	425.062164	-358.569946
628	482.915497	-106.596436	107.791901	-70.865181	0.000000	0.000000	7.125000	-223.344971	147.942291
629	-868.803711	380.725708	-127.846710	51.945221	0.000000	0.000000	7.125000	231.076126	-70.498192
630	781.246277	578.611938	122.894363	62.776512	0.000000	0.000000	7.125000	-352.626434	-149.935776
631	-210.143631	152.635223	-122.210663	-13.554245	0.000000	0.000000	7.125000	156.786438	-21.470963
632	-785.306458	-519.417725	-97.347542	-89.147957	0.000000	0.000000	7.125000	324.598358	270.339264
633	25.683302	-301.189148	-28.244905	-82.261398	0.000000	0.000000	7.125000	96.494629	138.680847
634	-74.287956	-47.093502	-16.201038	-112.810860	0.000000	0.000000	7.125000	-34.435802	-4.043073
635	-473.559387	378.297363	-98.092857	45.184433	0.000000	0.000000	7.125000	196.181137	-116.951248
636	-530.961670	-237.536606	-94.967926	-27.963577	0.000000	0.000000	7.125000	243.146271	57.872780
637	-688.390076	459.283295	-119.028824	75.584793	0.000000	0.000000	7.125000	313.091339	-187.198029
638	363.915527	412.379456	95.948189	61.549652	0.000000	0.000000	7.125000	-216.671661	-184.020828
639	404.854675	-332.178772	70.919662	-50.391670	0.000000	0.000000	7.125000	-369.775055	236.052078
640	-279.261963	121.454468	-88.900932	-14.007891	0.000000	0.000000	7.125000	72.531578	10.031081
641	-203.121353	-247.706635	-75.235489	-49.388374	0.000000	0.000000	7.125000	162.050598	116.946060
642	675.325684	-184.947296	103.175323	-31.909565	0.000000	0.000000	7.125000	-323.677917	70.038498
643	-318.203339	501.701477	-77.127182	99.636238	0.000000	0.000000	7.125000	173.661667	-243.446625
644	237.024872	-285.142822	83.441757	-109.915466	0.000000	0.000000	7.125000	-166.846451	252.892487
645	-65.078560	101.341431	-13.528703	98.049408	0.000000	0.000000	7.125000	-10.547434	-303.785217
646	-740.392639	620.385254	-99.583664	77.192215	0.000000	0.000000	7.125000	315.878601	-209.618088
647	-519.130981	-468.103577	-85.291550	-80.088867	0.000000	0.000000	7.125000	212.235107	249.299774
648	495.846954	153.294220	77.877060	4.375678	0.000000	0.000000	7.125000	-282.049591	-16.148138
649	-163.023590	-87.416229	-100.281601	-18.203938	0.000000	0.000000	7.125000	55.866570	0.432448
650	836.972534	277.979065	133.545410	34.765656	0.000000	0.000000	7.125000	-297.591553	-55.255322
651	-631.478943	-626.868652	-79.196068	-90.154091	0.000000	0.000000	7.125000	241.507614	306.978241
652	-699.676147	-330.281433	-93.896271	-53.354584	0.000000	0.000000	7.125000	305.803986	139.072159
653	499.775482	598.182800	84.941704	88.958038	0.000000	0.000000	7.125000	-213.692627	-253.982391
654	572.044861	200.123245	105.378273	34.866882	0.000000	0.000000	7.125000	-140.242203	-19.407555
655	-594.838379	-394.010071	-103.628113	-54.315269	0.000000	0.000000	7.125000	300.203461	157.611923
656	-483.362793	-69.749207	-98.743881	-35.700584	0.000000	0.000000	7.125000	171.762329	58.463261
657	318.820312	-727.384338	42.024311	-115.597900	0.000000	0.000000	7.125000	-91.179817	293.299377
658	351.294617	634.193115	44.838840	91.615555	0.000000	0.000000	7.125000	-114.047935	-274.795502
659	583.970703	-153.643616	105.133095	-35.601364	0.000000	0.000000	7.125000	-288.284271	64.146347
660	-424.385498	-276.061981	-97.574036	-38.768272	0.000000	0.000000	7.125000	221.084442	59.866184
661	682.289307	-321.868317	95.533463	-50.365135	0.000000	0.000000	7.125000	-329.586212	129.791626
662	-336.810455	-695.611633	-56.383320	-99.079842	0.000000	0.000000	7.125000	161.565857	321.341125
663	-149.659576	-696.161438	-70.229080	-135.923950	0.000000	0.000000	7.125000	131.900406	211.384171
664	83.255783	318.906769	37.138012	107.770935	0.000000	0.000000	7.125000	-93.948174	-200.724228
665	337.294617	47.256542	86.961189	23.181435	0.000000	0.000000	7.125000	-137.962158	-39.107250
666	-126.141945	523.254578	-30.221310	106.806541	0.000000	0.000000	7.125000	52.259701	-231.546890
667	159.988449	-85.283562	81.218803	-61.701523	0.000000	0.000000	7.125000	-101.655663	72.765068
668	-663.765442	-99.785027	-103.884766	-15.262638	0.000000	0.000000	7.125000	345.713898	42.029293
669	-351.536102	762.259949	-55.568352	99.532265	0.000000	0.000000	7.125000	113.571106	-324.089661
670	-638.137573	-263.405853	-108.418839	-43.981205	0.000000	0.000000	7.125000	378.132874	162.317551
671	-319.347046	-378.173157	-62.691414	-76.620850	0.000000	0.000000	7.125000	172.909348	209.736847
672	361.744354	600.344604	45.449074	94.650986	0.000000	0.000000	7.125000	-119.054924	-278.491699
673	-420.559265	-224.394958	-83.896812	-46.659622	0.000000	0.000000	7.125000	76.682602	66.570358
674	673.704285	-577.459045	93.925629	-83.984200	0.000000	0.000000	7.125000	-64.257812	111.355934
675	348.125641	-697.579834	52.663776	-97.704910	0.000000	0.000000	7.125000	-124.804558	333.628906
676	208.183258	211.855103	47.950184	110.003540	0.000000	0.000000	7.125000	-73.807358	-155.493149
677	-434.396057	482.018799	-59.401791	93.767670	0.000000	0.000000	7.125000	131.537399	-235.732468
678	634.736450	202.265320	112.663193	56.402107	0.000000	0.000000	7.125000	-205.204285	-131.192108
679	-662.135559	-268.713257	-110.198700	-29.180916	0.000000	0.000000	7.125000	392.744385	88.218407
680	21.142879	514.500854	-27.908407	119.791977	0.000000	0.000000	7.125000	77.850777	-324.092407
681	654.117920	547.007507	89.606750	65.508385	0.000000	0.000000	7.125000	-304.493561	-188.243866
682	253.272018	-91.033768	95.545341	43.505798	0.000000	0.000000	7.125000	-166.653870	-111.804115
683	-552.653015	329.639160	-100.687111	80.614037	0.000000	0.000000	7.125000	160.567688	-182.427200
684	-749.585938	-29.365921	-107.857216	-5.551061	0.000000	0.000000	7.125000	354.535614	11.970455
685	209.354034	-465.220459	26.409763	-66.981476	0.000000	0.000000	7.125000	-84.463341	218.968933
686	650.740356	783.030823	80.028168	112.423782	0.000000	0.000000	7.125000	-279.627930	-501.135071
687	-400.916077	-3.611162	-119.914978	-4.485875	0.000000	0.000000	7.125000	188.838409	14.596442
688	361.407654	98.007065	89.738930	24.403580	0.000000	0.000000	7.125000	-212.300018	-45.324844
689	718.364746	268.604584	120.596321	36.459358	0.000000	0.000000	7.125000	4.330772	47.537651
690	581.523132	282.563507	107.261353	53.799118	0.000000	0.000000	7.125000	-117.126328	-76.489090
691	419.484558	-340.260559	105.964943	-68.169342	0.000000	0.000000	7.125000	-145.460175	84.179016
692	-211.488647	638.572571	-31.868267	115.689957	0.000000	0.000000	7.125000	70.516823	-317.191162
693	-402.666473	-412.944122	-61.596359	-81.301208	0.000000	0.000000	7.125000	171.817200	230.287582
694	186.652435	-297.764221	56.097694	-119.471817	0.000000	0.000000	7.125000	-32.859653	114.917473
695	58.257111	785.844116	16.182287	115.874443	0.000000	0.000000	7.125000	-54.189022	-365.144745
696	-549.994690	-11.915002	-113.868996	5.463008	0.000000	0.000000	7.125000	508.279114	-30.759584
697	331.624634	479.799622	64.470833	62.795082	0.000000	0.000000	7.125000	-196.187607	-168.879761
698	-766.982849	-814.330017	-106.230270	-110.109604	0.000000	0.000000	7.125000	306.800781	309.007477
699	104.561935	-610.206543	6.580750	-107.798462	0.000000	0.000000	7.125000	-24.453905	334.566132
700	82.300323	-583.713379	16.467926	-124.915863	0.000000	0.000000	7.125000	-31.661812	299.971313
701	-593.429199	-303.350037	-114.455719	-52.686684	0.000000	0.000000	7.125000	242.931732	126.597168
702	-465.455505	-159.997269	-91.565193	-16.272949	0.000000	0.000000	7.125000	257.100952	40.637619
703	572.354919	716.820129	73.875954	94.561638	0.000000	0.000000	7.125000	-184.440125	-276.069305
704	-659.532593	347.177673	-100.705582	46.679474	0.000000	0.000000	7.125000	402.551178	-164.057571
705	182.958557	609.796204	18.914728	127.604462	0.000000	0.000000	7.125000	-11.190055	-253.418427
706	-221.422577	-352.599304	-37.371029	-88.424629	0.000000	0.000000	7.125000	74.568314	164.654709
707	-420.456970	429.685577	-78.810944	73.842651	0.000000	0.000000	7.125000	176.035889	-172.038895
708	-588.111938	-202.071884	-119.801575	-6.849792	0.000000	0.000000	7.125000	252.982224	24.969868
709	724.173889	317.584625	106.318626	48.837624	0.000000	0.000000	7.125000	-320.019775	-114.467484
710	655.721313	8.398075	125.998856	0.481054	0.000000	0.000000	7.125000	-319.405670	-7.865148
711	270.691620	-839.730713	47.109467	-120.083740	0.000000	0.000000	7.125000	-96.722664	360.682587
712	-897.498657	78.365295	-131.760193	7.952374	0.000000	0.000000	7.125000	331.668060	-16.130608
713	534.641968	-734.927551	79.766418	-97.536240	0.000000	0.000000	7.125000	-220.172668	278.796692
714	363.828308	-250.186829	65.526337	-96.925888	0.000000	0.000000	7.125000	-90.280899	130.644348
715	-449.040192	-643.839050	-73.210052	-83.434166	0.000000	0.000000	7.125000	196.261841	222.178329
716	270.374878	-421.264557	41.815491	-144.030136	0.000000	0.000000	7.125000	-29.092697	178.101013
717	59.072632	148.950134	-8.965719	95.577576	0.000000	0.000000	7.125000	1.364271	-164.652191
718	583.530762	-378.072388	100.997711	-64.794716	0.000000	0.000000	7.125000	-439.262390	207.778229
719	115.206802	478.800781	29.435780	97.659256	0.000000	0.000000	7.125000	-56.505966	-114.324982
720	-748.590271	-599.525269	-105.904663	-83.716232	0.000000	0.000000	7.125000	307.373169	210.690659
721	236.726471	-83.052963	108.462799	-69.768677	0.000000	0.000000	7.125000	-128.163895	46.896030
722	-256.760315	486.034424	-43.110512	89.118057	0.000000	0.000000	7.125000	104.763359	-185.576874
723	-551.910828	-263.647614	-122.200165	-13.972172	0.000000	0.000000	7.125000	268.753906	63.246796
724	-181.520111	-624.046753	-53.428940	-117.415138	0.000000	0.000000	7.125000	276.507172	658.453735
725	-404.794037	-445.151428	-73.096390	-75.378151	0.000000	0.000000	7.125000	222.663086	217.295853
726	295.731598	541.689758	34.823158	111.697197	0.000000	0.000000	7.125000	-127.223198	-408.313324
727	-722.761963	387.818085	-145.271835	56.841755	0.000000	0.000000	7.125000	271.099152	-141.858856
728	-28.234669	729.946716	-22.458317	105.638687	0.000000	0.000000	7.125000	56.894588	-333.743408
729	290.808411	735.592773	45.782375	97.815536	0.000000	0.000000	7.125000	-109.790779	-293.096588
730	-269.469330	642.638733	-42.197304	109.123871	0.000000	0.000000	7.125000	92.801804	-327.784363
731	-527.148376	495.306061	-68.238556	71.725082	0.000000	0.000000	7.125000	185.556290	-203.082977
732	-371.482605	106.207100	-99.960251	48.250900	0.000000	0.000000	7.125000	184.369263	-94.232597
733	21.575407	-676.611633	10.866270	-110.466736	0.000000	0.000000	7.125000	-18.894405	339.684448
734	748.438416	-588.366089	106.191589	-88.129105	0.000000	0.000000	7.125000	-307.841492	227.237503
735	393.325623	850.034790	71.175957	103.967690	0.000000	0.000000	7.125000	-183.676941	-346.017609
736	-397.478668	83.586716	-117.590172	-23.892628	0.000000	0.000000	7.125000	273.447174	35.455547
737	-284.233826	182.787369	-70.940666	81.419159	0.000000	0.000000	7.125000	87.482803	-133.009003
738	-106.833878	144.178314	-114.078857	45.976685	0.000000	0.000000	7.125000	172.976379	-65.625465
739	-545.161987	223.600815	-89.675598	24.638725	0.000000	0.000000	7.125000	261.457825	-79.229019
740	495.820526	-469.931976	73.709305	-102.174530	0.000000	0.000000	7.125000	-169.616684	324.414276
741	412.936035	-275.315613	108.974930	-79.670959	0.000000	0.000000	7.125000	-171.560059	129.143280
742	-506.483887	648.456787	-75.231186	81.616554	0.000000	0.000000	7.125000	226.089371	-233.349213
743	524.584412	77.485184	86.998032	0.534966	0.000000	0.000000	7.125000	-234.509842	-11.523084
744	537.460754	204.430252	83.110916	34.533691	0.000000	0.000000	7.125000	-220.213135	-84.902618
745	217.923965	-444.135559	-4.495226	-137.907074	0.000000	0.000000	7.125000	16.746260	257.636444
746	258.334503	116.319061	74.415581	112.617096	0.000000	0.000000	7.125000	-4.177320	-132.578796
747	-600.609192	686.632568	-93.277344	89.107941	0.000000	0.000000	7.125000	240.477707	-253.378128
748	-249.385468	207.831604	-80.478729	57.642075	0.000000	0.000000	7.125000	165.846359	-158.025146
749	551.265320	-446.066101	84.143669	-67.703613	0.000000	0.000000	7.125000	-213.584641	175.108826
750	731.210144	575.160095	125.102898	93.163742	0.000000	0.000000	7.125000	-220.680420	-217.617493
751	-342.636169	-618.585693	-70.315582	-89.728119	0.000000	0.000000	7.125000	222.347656	329.364471
752	-529.095764	107.231094	-96.612259	21.609200	0.000000	0.000000	7.125000	303.884125	-91.426674
753	335.769562	-94.116539	97.809799	-15.260754	0.000000	0.000000	7.125000	-214.676987	3.774274
754	-394.899963	335.170837	-76.645782	57.804169	0.000000	0.000000	7.125000	200.105530	-172.830978
755	-760.439636	502.279510	-98.924973	82.793411	0.000000	0.000000	7.125000	274.638214	-229.133728
756	565.690613	549.119873	88.338280	62.128571	0.000000	0.000000	7.125000	-302.037415	-171.441406
757	-440.041321	-542.692871	-77.306755	-87.821617	0.000000	0.000000	7.125000	248.331329	279.310547
758	318.016663	-676.443298	62.938423	-91.431664	0.000000	0.000000	7.125000	-148.724060	238.416306
759	265.488220	268.957733	66.463791	117.495636	0.000000	0.000000	7.125000	-136.081558	-208.402847
760	434.588013	-568.832764	64.426262	-97.663841	0.000000	0.000000	7.125000	-132.150482	228.497696
761	584.796692	-345.897247	96.739342	-32.323990	0.000000	0.000000	7.125000	-351.233215	72.754211
762	250.615341	-752.594299	57.048973	-108.955048	0.000000	0.000000	7.125000	-134.847595	361.544128
763	-454.255066	727.027649	-59.523430	97.219093	0.000000	0.000000	7.125000	135.290131	-351.040192
764	452.691986	-750.132446	73.412193	-123.872238	0.000000	0.000000	7.125000	-215.623611	379.927063
765	-271.588135	116.814171	-94.743118	15.467226	0.000000	0.000000	7.125000	207.933456	-14.100841
766	457.930573	-298.354187	93.569885	-47.564407	0.000000	0.000000	7.125000	-277.346191	57.051136
767	189.304153	789.636536	32.341606	115.559555	0.000000	0.000000	7.125000	-98.495567	-302.027100
768	773.479492	-311.256805	127.102493	-53.729492	0.000000	0.000000	7.125000	-401.713440	147.093140
769	-54.719383	-765.189514	-9.716753	-110.573814	0.000000	0.000000	7.125000	27.102825	346.598633
770	-693.698242	6.482027	-113.374947	11.915630	0.000000	0.000000	7.125000	344.840973	-48.457359
771	532.395569	-672.718445	81.288277	-84.149864	0.000000	0.000000	7.125000	-218.733978	229.628616
772	-210.846924	-838.380371	-29.916849	-134.716736	0.000000	0.000000	7.125000	62.883926	415.997192
773	-387.190125	-396.239319	-62.821579	-64.447258	0.000000	0.000000	7.125000	186.315430	193.431763
774	-364.070770	411.704376	-76.213142	63.185455	0.000000	0.000000	7.125000	234.531036	-171.309082
775	561.643494	592.913635	77.124741	83.951004	0.000000	0.000000	7.125000	-244.866943	-250.162186
776	502.766846	374.402313	73.213242	57.347336	0.000000	0.000000	7.125000	-204.788086	-152.241730
777	-391.140564	314.756256	-97.644859	52.781914	0.000000	0.000000	7.125000	179.054611	-122.471733
778	564.614746	-83.017220	101.438843	-10.673088	0.000000	0.000000	7.125000	-291.908173	18.313250
779	176.921387	315.333496	74.423134	90.278152	0.000000	0.000000	7.125000	-140.530884	-168.624100
780	68.906593	252.165390	19.905060	112.248077	0.000000	0.000000	7.125000	-27.189993	-204.658188
781	-393.375061	-73.503265	-85.566200	-36.427143	0.000000	0.000000	7.125000	200.002457	80.058304
782	-557.365234	525.695984	-85.836342	70.377914	0.000000	0.000000	7.125000	235.100861	-167.523499
783	-179.290222	-853.316650	-36.295723	-130.019882	0.000000	0.000000	7.125000	67.884163	408.502106
784	-583.619385	536.101685	-93.287827	84.695137	0.000000	0.000000	7.125000	224.178345	-188.027740
785	-862.413696	-649.194946	-134.039673	-79.807037	0.000000	0.000000	7.125000	435.213715	240.698868
786	-101.015442	773.343445	-30.555946	103.587013	0.000000	0.000000	7.125000	66.477303	-244.954269
787	-275.280853	466.934967	-62.528511	91.712349	0.000000	0.000000	7.125000	179.150787	-251.137390
788	-855.893433	2.164755	-137.971161	2.739431	0.000000	0.000000	7.125000	393.873566	-4.997246
789	583.425598	-450.916718	93.486076	-70.350044	0.000000	0.000000	7.125000	-237.760345	172.143341
790	-348.064484	643.949036	-70.138329	115.349953	0.000000	0.000000	7.125000	132.677643	-244.731247
791	-656.657654	-555.648376	-96.444000	-66.238441	0.000000	0.000000	7.125000	310.646393	172.035141
792	221.132126	-321.636414	81.564896	-107.573967	0.000000	0.000000	7.125000	-34.835812	45.027393
793	506.237671	55.479225	98.902573	4.380763	0.000000	0.000000	7.125000	-206.754257	-14.026665
794	529.511780	-174.028305	108.998337	-20.965036	0.000000	0.000000	7.125000	-245.444290	26.324715
795	-388.967072	-510.896240	-111.528931	-51.867496	0.000000	0.000000	7.125000	241.478302	137.518250
796	-268.436554	-154.789566	-88.019798	-51.541149	0.000000	0.000000	7.125000	124.111649	87.496521
797	320.778381	-347.819458	80.254456	-72.271057	0.000000	0.000000	7.125000	-144.054520	122.576332
798	-371.675507	-663.399597	-65.478012	-85.886101	0.000000	0.000000	7.125000	203.511673	319.014221
799	-289.648499	-476.206329	-92.456375	-98.370171	0.000000	0.000000	7.125000	112.396660	152.601791
800	854.867676	-77.008179	135.199539	-40.008537	0.000000	0.000000	7.125000	-402.922882	75.296829
801	7.844956	-369.767151	22.680016	-114.776154	0.000000	0.000000	7.125000	-68.360519	236.678192
802	-245.563843	563.533203	-40.856613	103.204063	0.000000	0.000000	7.125000	57.989868	-178.170776
803	813.758789	-208.040985	119.125198	-30.614294	0.000000	0.000000	7.125000	-375.141083	56.240849
804	-222.301331	716.786316	-27.711861	107.482689	0.000000	0.000000	7.125000	48.055885	-310.630035
805	49.045059	521.683167	21.458410	127.202377	0.000000	0.000000	7.125000	-24.157034	-201.580902
806	422.730438	267.156799	99.690605	41.519264	0.000000	0.000000	7.125000	-149.946991	-80.337753
807	603.036743	27.993082	104.127319	-28.649139	0.000000	0.000000	7.125000	-322.259888	56.923027
808	719.658875	475.282257	108.680336	57.598045	0.000000	0.000000	7.125000	-333.140564	-165.065353
809	728.136658	226.508041	97.373543	53.285614	0.000000	0.000000	7.125000	-274.869141	-160.155411
810	-486.081329	-723.859863	-73.018661	-102.679306	0.000000	0.000000	7.125000	193.398560	337.105835
811	-698.895752	-120.037277	-116.376740	-29.265163	0.000000	0.000000	7.125000	377.809601	104.391716
812	-77.769379	445.453217	-47.938179	100.109535	0.000000	0.000000	7.125000	91.464874	-141.118469
813	501.633972	-29.718533	111.317802	24.527893	0.000000	0.000000	7.125000	-148.052811	-73.313019
814	400.067749	-686.501343	59.681282	-90.011177	0.000000	0.000000	7.125000	-150.077057	258.340179
815	646.008301	427.272125	123.895340	67.298576	0.000000	0.000000	7.125000	-375.477966	-246.144730
816	-46.910656	-29.439987	-78.956253	-90.360687	0.000000	0.000000	7.125000	187.785934	205.266647
817	749.089722	549.474670	117.169510	72.904327	0.000000	0.000000	7.125000	-353.653381	-193.959412
818	-392.683960	701.309692	-59.543602	114.429230	0.000000	0.000000	7.125000	127.781624	-341.213379
819	-555.909424	284.642944	-96.332687	41.773323	0.000000	0.000000	7.125000	212.322464	-77.177483
820	709.431641	248.689301	122.747566	56.196404	0.000000	0.000000	7.125000	-289.349762	-132.175766
821	-230.264587	339.277191	-78.900787	64.642555	0.000000	0.000000	7.125000	140.261505	-123.330429
822	-244.982635	-339.910980	-46.053596	-51.381546	0.000000	0.000000	7.125000	122.619476	142.828995
823	-472.771851	-290.325439	-66.790100	-40.287029	0.000000	0.000000	7.125000	360.092987	193.197006
824	571.991455	458.799072	70.291931	60.893127	0.000000	0.000000	7.125000	-247.870499	-195.034515
825	746.001770	-534.894165	110.845940	-91.919365	0.000000	0.000000	7.125000	-413.489288	296.839050
826	752.320984	885.859253	101.897919	105.951767	0.000000	0.000000	7.125000	-259.287018	-276.999878
827	136.795517	-217.725372	19.168259	-94.032555	0.000000	0.000000	7.125000	-0.684975	109.100670
828	518.534058	-442.534973	88.944962	-97.533356	0.000000	0.000000	7.125000	-188.755173	232.829147
829	717.912292	102.851799	125.126854	14.788771	0.000000	0.000000	7.125000	-393.341095	-36.240673
830	-365.601929	219.848145	-76.595879	80.336273	0.000000	0.000000	7.125000	178.210556	-202.975693
831	-412.576080	281.981445	-75.084145	54.867981	0.000000	0.000000	7.125000	170.032471	-160.222061
832	-531.684570	-664.389221	-87.694489	-81.910698	0.000000	0.000000	7.125000	193.877777	138.545700
833	20.546436	-57.088821	-48.369026	-86.306602	0.000000	0.000000	7.125000	58.153801	36.863014
834	-528.009155	308.490112	-122.958717	27.509350	0.000000	0.000000	7.125000	234.012955	-92.302094
835	-646.159912	761.052307	-92.520065	98.309036	0.000000	0.000000	7.125000	304.281647	-337.685913
836	-489.311279	-137.601456	-111.355934	-35.899471	0.000000	0.000000	7.125000	185.462341	59.885853
837	223.783417	51.078369	114.334381	52.610664	0.000000	0.000000	7.125000	-87.084763	-96.666588
838	149.656555	-117.597641	89.989113	47.963913	0.000000	0.000000	7.125000	-167.226685	-148.517563
839	504.207611	293.956543	106.801117	66.841934	0.000000	0.000000	7.125000	-190.804886	-139.636246
840	84.266800	122.051430	1.335813	110.970215	0.000000	0.000000	7.125000	-28.271576	-164.570923
841	428.311798	153.187683	107.134552	-13.597467	0.000000	0.000000	7.125000	-246.075607	6.923162
842	172.527969	-398.666748	66.563583	-81.186279	0.000000	0.000000	7.125000	-81.213608	73.989151
843	506.138824	17.963551	105.052185	-44.260895	0.000000	0.000000	7.125000	-379.659180	115.887932
844	45.885338	304.906769	42.952915	115.247803	0.000000	0.000000	7.125000	-46.741985	-202.765579
845	822.260010	644.295227	111.105103	91.605927	0.000000	0.000000	7.125000	-324.671814	-258.040894
846	-82.666153	-415.005493	-23.810501	-105.342560	0.000000	0.000000	7.125000	46.795792	180.188141
847	87.878334	319.099792	51.025421	88.309296	0.000000	0.000000	7.125000	-72.593781	-102.481491
848	-231.512115	733.123169	-35.848030	95.491348	0.000000	0.000000	7.125000	95.671463	-320.422333
849	681.763611	-178.847168	111.585045	-23.327679	0.000000	0.000000	7.125000	-349.843231	41.118698
850	123.826744	-611.718506	16.788788	-94.519806	0.000000	0.000000	7.125000	-27.851610	306.835571
851	-195.310303	704.834900	-45.056850	101.442871	0.000000	0.000000	7.125000	104.050522	-311.791168
852	-55.140297	411.463928	-4.781581	71.841026	0.000000	0.000000	7.125000	21.801802	-228.239212
853	-334.290009	-808.339661	-51.190117	-140.994568	0.000000	0.000000	7.125000	118.345383	291.335724
854	-38.073883	-799.516602	1.654739	-125.988625	0.000000	0.000000	7.125000	1.234414	392.001282
855	279.811584	-798.983337	60.318645	-107.188797	0.000000	0.000000	7.125000	-129.549713	338.194458
856	386.701782	-32.150742	118.304192	33.657825	0.000000	0.000000	7.125000	-197.296112	-56.010105
857	-188.237320	-173.952484	-36.723251	-111.085114	0.000000	0.000000	7.125000	31.880352	84.494263
858	419.022766	-424.996674	91.297386	-51.858894	0.000000	0.000000	7.125000	-277.953735	134.563354
859	377.535797	-94.830780	116.550438	-10.224522	0.000000	0.000000	7.125000	-237.207672	8.985981
860	602.826904	263.563080	91.849350	36.937477	0.000000	0.000000	7.125000	-328.963043	-97.086212
861	-294.820679	-309.076263	-93.067322	-65.827614	0.000000	0.000000	7.125000	148.662262	138.884003
862	452.826019	505.486420	74.734024	77.966003	0.000000	0.000000	7.125000	-235.652878	-214.746475
863	672.109375	-579.201416	105.832306	-83.806747	0.000000	0.000000	7.125000	-351.122772	206.940216
864	406.919983	567.221069	65.423721	78.254280	0.000000	0.000000	7.125000	-213.156311	-263.943817
865	36.607944	-138.038635	53.452736	-83.326149	0.000000	0.000000	7.125000	-23.659374	35.900818
866	818.654663	647.184082	102.606796	87.730659	0.000000	0.000000	7.125000	-289.546661	-221.099594
867	-285.677277	-78.522461	-92.272987	-26.488197	0.000000	0.000000	7.125000	228.183945	56.807987
868	373.304718	-3.270599	93.730080	40.232704	0.000000	0.000000	7.125000	-228.491531	-134.095535
869	163.213730	-322.903992	54.041573	-130.227936	0.000000	0.000000	7.125000	-100.649200	185.227051
870	412.751312	-472.168243	111.720055	-64.471954	0.000000	0.000000	7.125000	-147.041763	49.944538
871	-223.453415	30.979584	-110.996872	0.743928	0.000000	0.000000	7.125000	257.542755	18.410954
872	575.141541	440.800903	89.364052	60.646507	0.000000	0.000000	7.125000	-260.887726	-165.362137
873	699.429565	489.975922	94.191391	79.101051	0.000000	0.000000	7.125000	-260.585602	-223.488678
874	-609.540955	245.415207	-98.303711	36.893742	0.000000	0.000000	7.125000	288.947449	-91.769638
875	-281.608459	-742.513306	-40.361588	-103.401810	0.000000	0.000000	7.125000	97.684883	344.565094
876	-85.055527	410.071075	-78.030609	70.237320	0.000000	0.000000	7.125000	97.745934	-125.690247
877	-94.342064	-573.367493	-37.116184	-101.416878	0.000000	0.000000	7.125000	100.753426	219.082901
878	132.410980	-385.581024	-11.213989	-107.408691	0.000000	0.000000	7.125000	31.760546	93.950943
879	-318.232849	-318.479858	-87.187912	-90.941971	0.000000	0.000000	7.125000	231.192917	167.607346
880	-364.136322	429.581207	-52.273323	76.918770	0.000000	0.000000	7.125000	101.908592	-192.048477
881	497.767700	-571.511719	82.143303	-99.460220	0.000000	0.000000	7.125000	-201.495407	315.610229
882	456.863647	-853.007385	69.490204	-119.223320	0.000000	0.000000	7.125000	-159.938324	347.367737
883	412.081299	141.881805	91.404572	73.011665	0.000000	0.000000	7.125000	-116.461769	-68.470734
884	266.654449	-468.574951	50.537891	-95.444450	0.000000	0.000000	7.125000	-144.363052	266.776978
885	791.148071	-75.480652	119.634415	-28.566374	0.000000	0.000000	7.125000	-355.762177	51.701401
886	164.731430	-341.043152	29.901505	-125.477448	0.000000	0.000000	7.125000	-96.181564	234.951050
887	600.833435	-112.308044	110.959732	-2.896333	0.000000	0.000000	7.125000	-320.364868	-13.975118
888	-739.529907	463.032471	-103.090027	67.092163	0.000000	0.000000	7.125000	321.498230	-190.983597
889	-247.996857	-609.966064	-45.196239	-101.379974	0.000000	0.000000	7.125000	71.338387	173.383698
890	92.630974	207.424011	-26.148254	98.588440	0.000000	0.000000	7.125000	31.203487	-128.207199
891	-278.625000	396.723053	-53.235771	43.895775	0.000000	0.000000	7.125000	208.834854	-140.218246
892	-432.243561	-44.463711	-107.891113	4.817482	0.000000	0.000000	7.125000	175.074249	-17.565762
893	-575.109985	255.855225	-85.868568	42.924339	0.000000	0.000000	7.125000	162.323608	-97.645195
894	356.164948	-204.825607	76.358421	-34.995796	0.000000	0.000000	7.125000	-214.115234	67.577446
895	-566.861267	-580.551758	-76.475143	-76.257942	0.000000	0.000000	7.125000	193.276108	176.461334
896	-289.513000	492.735291	-65.028053	78.582672	0.000000	0.000000	7.125000	156.792755	-194.776627
897	-227.659851	-598.328186	-38.621296	-81.291679	0.000000	0.000000	7.125000	113.018761	273.318787
898	409.899292	439.485352	53.430191	60.878571	0.000000	0.000000	7.125000	-218.798431	-238.818741
899	83.907349	53.750343	95.561554	7.749801	0.000000	0.000000	7.125000	-87.675201	-59.367302
900	-793.995117	55.798111	-119.537277	10.499876	0.000000	0.000000	7.125000	1086.010742	-24.951826
901	646.479431	299.165009	112.219810	42.496437	0.000000	0.000000	7.125000	-244.795166	-75.410339
902	352.256927	507.639404	74.980972	77.729225	0.000000	0.000000	7.125000	-187.022278	-206.961975
903	-306.982666	579.345093	-76.718826	71.688309	0.000000	0.000000	7.125000	201.238785	-203.232529
904	225.071686	-128.134628	111.889877	-33.257065	0.000000	0.000000	7.125000	-124.111107	-82.359352
905	650.248901	-623.989685	82.993256	-82.468277	0.000000	0.000000	7.125000	-269.862671	240.493164
906	-570.953857	-599.663574	-76.969444	-84.092812	0.000000	0.000000	7.125000	218.790543	228.526367
907	510.567200	-261.910065	81.579964	-30.220076	0.000000	0.000000	7.125000	-188.542404	55.183769
908	310.350281	608.126831	22.881268	120.852570	0.000000	0.000000	7.125000	-48.065510	-302.230103
909	-359.737640	-130.682907	-75.904449	-17.957167	0.000000	0.000000	7.125000	368.408905	54.795685
910	-277.330597	-384.451080	-56.545227	-66.118355	0.000000	0.000000	7.125000	181.297180	210.302017
911	-84.218575	-49.680809	-52.953167	-86.930405	0.000000	0.000000	7.125000	14.432732	-44.664944
912	-755.781555	485.594940	-107.943619	52.421753	0.000000	0.000000	7.125000	221.921799	-106.850754
913	-17.922609	648.799377	-11.185749	128.512711	0.000000	0.000000	7.125000	13.098983	-374.059540
914	42.583923	-794.560303	42.195068	-125.074265	0.000000	0.000000	7.125000	-114.124908	338.866791
915	-205.319107	363.358582	-56.457123	92.066208	0.000000	0.000000	7.125000	163.073746	-241.358200
916	136.373337	-716.671448	62.419128	-126.430740	0.000000	0.000000	7.125000	-105.132263	202.001984
917	-303.226044	-91.373642	-79.028763	-64.461594	0.000000	0.000000	7.125000	112.322639	36.208645
918	-728.722351	237.187897	-119.634743	9.352799	0.000000	0.000000	7.125000	282.292328	-32.053753
919	-522.351379	215.560333	-110.802948	66.051552	0.000000	0.000000	7.125000	182.364029	-152.703461
920	684.777954	-320.927155	83.942055	-52.480408	0.000000	0.000000	7.125000	-311.469971	154.077118
921	396.202393	-646.946167	53.748867	-103.921432	0.000000	0.000000	7.125000	-188.836655	371.910217
922	-371.989777	35.960175	-85.305824	28.683750	0.000000	0.000000	7.125000	174.919342	-72.946709
923	-90.948219	558.797485	-15.386509	112.949562	0.000000	0.000000	7.125000	18.310959	-319.712860
924	-30.068071	69.885895	-45.741112	70.386848	0.000000	0.000000	7.125000	42.962856	-11.287221
925	-704.354187	234.135437	-121.031006	83.420052	0.000000	0.000000	7.125000	205.227829	-183.783752
926	412.613739	176.458176	84.980560	71.409363	0.000000	0.000000	7.125000	-236.044403	-192.874863
927	-483.204346	364.414337	-102.383347	68.166336	0.000000	0.000000	7.125000	294.315094	-218.679367
928	76.578415	271.863434	-61.444252	113.426537	0.000000	0.000000	7.125000	56.211266	-135.143402
929	83.476044	-860.083740	27.868807	-135.155014	0.000000	0.000000	7.125000	-70.534569	505.138702
930	222.738632	725.256042	44.797695	104.822479	0.000000	0.000000	7.125000	-111.734657	-391.686523
931	507.923706	-257.468536	88.192871	-51.244385	0.000000	0.000000	7.125000	-160.277603	73.386536
932	-420.280640	-283.949371	-65.146706	-62.095871	0.000000	0.000000	7.125000	186.336884	172.859589
933	468.657837	-608.805359	96.584763	-106.805229	0.000000	0.000000	7.125000	-245.886566	264.065216
934	411.453003	554.285400	45.034809	84.781097	0.000000	0.000000	7.125000	-80.287231	-182.690796
935	480.677643	530.053284	89.501678	54.903931	0.000000	0.000000	7.125000	-273.612152	-167.450760
936	-590.340515	280.463104	-102.688019	33.448521	0.000000	0.000000	7.125000	220.828415	-82.202888
937	496.642212	-93.490631	88.935196	-27.191063	0.000000	0.000000	7.125000	-209.628754	57.463356
938	-571.150452	-394.647247	-101.062317	-70.100067	0.000000	0.000000	7.125000	211.587585	182.083221
939	-433.054352	221.145523	-87.962677	51.637779	0.000000	0.000000	7.125000	196.681335	-126.685989
940	548.192017	-146.385513	103.144524	-19.608841	0.000000	0.000000	7.125000	-255.106155	-0.904017
941	-233.598099	192.895187	-68.085007	43.872562	0.000000	0.000000	7.125000	109.687508	-83.803673
942	-593.187683	-74.001427	-107.996658	0.440943	0.000000	0.000000	7.125000	229.376694	9.115099
943	-216.167969	100.465805	-106.074844	41.669273	0.000000	0.000000	7.125000	175.484131	-128.201477
944	-565.632874	684.945129	-83.852760	89.987007	0.000000	0.000000	7.125000	229.434296	-221.444626
945	232.591492	454.190277	43.900131	95.380386	0.000000	0.000000	7.125000	-130.414062	-303.802917
946	588.965271	-73.702591	122.459671	-11.466204	0.000000	0.000000	7.125000	-276.809570	-0.615295
947	-450.356964	-544.372192	-63.718269	-75.767159	0.000000	0.000000	7.125000	186.088409	235.093842
948	395.790771	604.257141	52.286179	101.300041	0.000000	0.000000	7.125000	-197.334839	-243.288330
949	-355.649292	-188.383377	-111.942978	-43.211060	0.000000	0.000000	7.125000	183.100891	58.672966
950	456.460327	-384.408447	70.605698	-65.043808	0.000000	0.000000	7.125000	-130.214447	152.210419
951	-518.189880	738.739685	-75.918121	107.981415	0.000000	0.000000	7.125000	206.533585	-340.779572
952	484.891510	-713.838257	65.903175	-96.672119	0.000000	0.000000	7.125000	-172.441223	299.731445
953	-236.394760	-658.006592	-31.303200	-103.357178	0.000000	0.000000	7.125000	52.481331	355.435211
954	-534.355103	78.578384	-130.373718	45.225861	0.000000	0.000000	7.125000	154.427628	-54.620647
955	319.328583	-506.465088	52.176537	-84.134315	0.000000	0.000000	7.125000	-131.322617	229.054337
956	669.773438	-554.055725	90.324295	-78.999008	0.000000	0.000000	7.125000	-301.956116	205.948807
957	380.693878	-590.810547	63.393715	-94.747795	0.000000	0.000000	7.125000	-648.548889	1081.982544
958	3.931783	-731.297119	18.970694	-115.451508	0.000000	0.000000	7.125000	-37.891010	326.959259
959	261.391632	250.352829	85.770432	88.161247	0.000000	0.000000	7.125000	-152.708710	-159.564041
960	823.716370	-358.273560	119.048843	-41.264656	0.000000	0.000000	7.125000	-369.878265	90.886497
961	-92.775475	609.181580	-1.461696	122.989761	0.000000	0.000000	7.125000	-2.703987	-160.695145
962	408.700684	84.613159	113.726715	46.850803	0.000000	0.000000	7.125000	-261.151947	-118.929192
963	573.529663	-120.470245	98.693108	-7.759960	0.000000	0.000000	7.125000	-296.607391	3.742185
964	11.045788	-356.695770	-12.323864	-86.114502	0.000000	0.000000	7.125000	69.441422	126.238174
965	660.170044	-347.728333	117.402237	-66.640793	0.000000	0.000000	7.125000	-306.205292	149.582809
966	-244.047867	-728.032043	-16.219212	-115.870338	0.000000	0.000000	7.125000	47.473183	349.403748
967	-634.348938	-486.657959	-105.506760	-93.527412	0.000000	0.000000	7.125000	211.005798	232.213699
968	-502.856049	31.331474	-82.133911	17.605677	0.000000	0.000000	7.125000	185.716110	-45.915096
969	-357.521271	-34.492939	-81.554306	-44.696239	0.000000	0.000000	7.125000	265.827667	148.078552
970	-457.372528	-690.635620	-65.399002	-93.372391	0.000000	0.000000	7.125000	201.104355	369.474365
971	96.542229	-542.713196	19.124504	-103.242630	0.000000	0.000000	7.125000	-70.300133	267.696686
972	-752.070618	-307.292969	-118.623810	-50.681549	0.000000	0.000000	7.125000	312.493958	183.095993
973	-365.747009	270.066010	-74.698792	44.594978	0.000000	0.000000	7.125000	149.623886	-143.581665
974	-105.489037	752.587158	-24.134880	117.544662	0.000000	0.000000	7.125000	34.402958	-333.440369
975	-197.901398	-83.989288	-104.553200	-58.895058	0.000000	0.000000	7.125000	142.091187	82.314636
976	-253.389877	523.694336	-59.693932	82.708099	0.000000	0.000000	7.125000	182.222290	-266.940460
977	-304.914185	-486.074493	-43.579388	-82.155098	0.000000	0.000000	7.125000	104.247887	245.405869
978	-130.204697	-695.337891	-22.003235	-124.063644	0.000000	0.000000	7.125000	38.415596	248.387009
979	4.088987	585.407654	4.540240	98.895844	0.000000	0.000000	7.125000	-16.918751	-305.910370
980	-163.585068	-153.802170	-90.957085	-82.777618	0.000000	0.000000	7.125000	91.126114	58.721886
981	-394.008972	361.136719	-62.232349	65.016212	0.000000	0.000000	7.125000	147.931198	-143.824310
982	0.409161	-218.773819	-43.524582	-111.763664	0.000000	0.000000	7.125000	39.533070	45.507050
983	-823.775696	206.011597	-136.820190	18.003616	0.000000	0.000000	7.125000	497.648956	-105.477707
984	-497.719055	-84.377800	-88.551552	-16.081514	0.000000	0.000000	7.125000	201.840042	35.509518
985	712.813416	-433.668396	98.766953	-73.302155	0.000000	0.000000	7.125000	-214.536224	129.961365
986	20.004089	122.213402	-106.493721	17.552723	0.000000	0.000000	7.125000	88.209435	-32.803211
987	-268.524048	65.665436	-95.977715	-1.708296	0.000000	0.000000	7.125000	149.698929	36.873573
988	641.399780	191.743561	97.049667	19.537262	0.000000	0.000000	7.125000	-213.873199	-26.390274
989	-483.693390	-298.404388	-72.569931	-53.231609	0.000000	0.000000	7.125000	206.800491	159.690918
990	34.779961	-1.926444	41.484718	-82.930580	0.000000	0.000000	7.125000	6.221712	-38.923325
991	243.524673	530.796143	53.148560	100.851807	0.000000	0.000000	7.125000	-166.324814	-233.310028
992	-271.741821	443.749969	-36.787457	75.513931	0.000000	0.000000	7.125000	103.691963	-247.604233
993	466.326843	457.013123	81.659195	61.114868	0.000000	0.000000	7.125000	-243.518784	-209.169220
994	-565.739441	-99.959747	-93.390488	-32.845684	0.000000	0.000000	7.125000	231.842697	52.844120
995	52.848171	136.452805	85.832092	-13.913789	0.000000	0.000000	7.125000	-85.420464	-26.235125
996	396.079315	357.369507	58.578186	76.056152	0.000000	0.000000	7.125000	-163.784790	-231.272247
997	-416.963165	-480.333344	-77.357674	-106.954803	0.000000	0.000000	7.125000	177.084824	216.278763
998	-459.945923	-242.353714	-112.614578	-41.444599	0.000000	0.000000	7.125000	192.110901	78.482368
999	450.199493	-339.939575	83.984665	-72.576698	0.000000	0.000000	7.125000	-181.789597	76.449249
