node	a_force.x	a_force.y	g_force.x	g_force.y	r_force.x	r_force.y	global_speed	move_node.x	move_node.y
0	-794.599365	392.862244	-110.155724	69.033562	0.000000	0.000000	3.750000	1030.645508	-448.474304
1	-663.562683	-348.873657	-120.134079	-44.179173	0.000000	0.000000	3.750000	773.280334	260.085876
2	746.713379	-110.011436	122.887253	-16.574459	0.000000	0.000000	3.750000	-902.259521	170.782654
3	508.854492	640.709717	72.283447	90.725418	0.000000	0.000000	3.750000	-639.358398	-876.714539
4	-32.545616	-755.002563	-11.577024	-127.475357	0.000000	0.000000	3.750000	54.667320	991.490234
5	-197.867432	848.113220	-9.530992	135.665375	0.000000	0.000000	3.750000	-20.916498	-1147.157715
6	-476.618500	-376.194092	-87.400543	-98.919449	0.000000	0.000000	3.750000	390.053864	507.603302
7	652.408630	-549.250854	83.946526	-74.141632	0.000000	0.000000	3.750000	-804.630249	696.119263
8	858.795288	-677.299683	112.062347	-93.584167	0.000000	0.000000	3.750000	-1092.056763	764.358765
9	753.653687	238.395767	116.434448	48.155937	0.000000	0.000000	3.750000	-795.872375	-272.803314
10	150.380142	-840.631104	27.030689	-121.017609	0.000000	0.000000	3.750000	-110.584259	1427.285522
11	233.236359	-749.845764	35.234489	-125.134048	0.000000	0.000000	3.750000	-250.596909	862.869995
12	259.698395	832.644409	25.008141	135.714813	0.000000	0.000000	3.750000	-66.855148	-883.873108
13	475.357117	-533.902771	94.658127	-103.149559	0.000000	0.000000	3.750000	-523.609863	604.796936
14	-277.911438	44.419918	-115.475891	11.010227	0.000000	0.000000	3.750000	473.117310	12.849888
15	-1001.255615	-196.026733	-143.153656	-44.799301	0.000000	0.000000	3.750000	1125.658325	243.642761
16	-327.651245	-630.296509	-65.610138	-112.228104	0.000000	0.000000	3.750000	318.609833	838.956970
17	526.675842	-593.187012	69.097595	-110.115952	0.000000	0.000000	3.750000	-510.595001	805.053223
18	175.893463	84.679810	94.577103	63.648514	0.000000	0.000000	3.750000	-346.984222	-266.403595
19	-560.369385	-646.367676	-82.690567	-86.961258	0.000000	0.000000	3.750000	714.013062	844.392151
20	320.103821	191.023743	107.647598	48.331326	0.000000	0.000000	3.750000	-443.626190	-257.757599
21	-665.421387	764.101440	-87.710968	98.642616	0.000000	0.000000	3.750000	247.141525	-405.973969
22	518.047852	-591.346924	70.709946	-84.262100	0.000000	0.000000	3.750000	-694.312683	872.221008
23	-673.268433	632.653687	-96.791794	83.757622	0.000000	0.000000	3.750000	897.044556	-705.010010
24	-582.624878	646.960205	-81.336815	93.594254	0.000000	0.000000	3.750000	-3.963426	-149.935623
25	18.674706	367.970154	15.801689	120.972336	0.000000	0.000000	3.750000	-78.057045	-589.307800
26	626.310791	-559.986206	90.478119	-69.351990	0.000000	0.000000	3.750000	-922.510925	605.605286
27	631.391602	-36.113888	143.733841	8.742696	0.000000	0.000000	3.750000	-724.048035	36.460411
28	-967.415771	26.849825	-146.936615	17.709560	0.000000	0.000000	3.750000	1348.464355	-138.702240
29	484.402283	-287.581116	92.898361	-69.467209	0.000000	0.000000	3.750000	-562.316223	276.502258
30	-787.500122	273.434326	-121.751923	69.110672	0.000000	0.000000	3.750000	617.216858	-184.538834
31	375.090759	-307.804382	104.113029	-74.459885	0.000000	0.000000	3.750000	-384.872925	220.790176
32	809.010132	-356.465668	142.386597	-40.373917	0.000000	0.000000	3.750000	-941.370483	280.260559
33	62.600258	-57.321259	92.021484	99.996277	0.000000	0.000000	3.750000	-30.635223	-176.853760
34	879.282471	156.483246	134.738739	38.015594	0.000000	0.000000	3.750000	-1045.753540	-69.773865
35	454.022156	74.373695	98.832260	101.961250	0.000000	0.000000	3.750000	-415.755890	-376.589508
36	-601.029907	289.891510	-98.468719	57.444824	0.000000	0.000000	3.750000	617.625427	-328.189423
37	63.043034	-663.994568	28.773777	-112.374641	0.000000	0.000000	3.750000	-149.978912	704.063477
38	410.183838	295.004211	113.151672	89.065094	0.000000	0.000000	3.750000	-450.464417	-409.582306
39	836.425720	628.960144	118.650871	88.464478	0.000000	0.000000	3.750000	-880.912720	-588.971252
40	150.774231	17.271544	153.717255	-9.273516	0.000000	0.000000	3.750000	-323.374268	60.847706
41	178.045303	155.928940	128.263245	81.540482	0.000000	0.000000	3.750000	-188.854050	-221.016861
42	320.048218	-201.289154	86.750488	-67.633255	0.000000	0.000000	3.750000	-232.194321	179.960556
43	-806.557617	438.322876	-133.563263	53.821663	0.000000	0.000000	3.750000	1029.946045	-273.542633
44	729.580322	432.159180	104.832367	73.444992	0.000000	0.000000	3.750000	-940.216736	-585.205017
45	723.190186	-703.340210	91.717163	-89.285782	0.000000	0.000000	3.750000	-1087.085938	928.046631
46	75.619255	399.009979	36.886070	114.190018	0.000000	0.000000	3.750000	-11.463355	-159.304565
47	-389.899902	18.159349	-133.944336	-52.864792	0.000000	0.000000	3.750000	321.032043	97.482529
48	-807.682678	822.928955	-115.146011	108.191368	0.000000	0.000000	3.750000	1131.208618	-924.881165
49	664.140320	-716.484619	87.560242	-87.802048	0.000000	0.000000	3.750000	-724.076599	793.685364
50	213.854218	274.420105	56.211750	94.540291	0.000000	0.000000	3.750000	-13.010782	-99.285751
51	243.467438	433.753082	49.758091	106.993248	0.000000	0.000000	3.750000	-111.870567	-830.606995
52	-482.416901	-563.387512	-78.315666	-96.136391	0.000000	0.000000	3.750000	275.511017	617.968933
53	392.943115	555.190247	57.583759	81.756287	0.000000	0.000000	3.750000	-495.824188	-955.539185
54	630.673889	464.496490	89.799652	70.228333	0.000000	0.000000	3.750000	-713.689209	-604.440247
55	640.605713	-14.425716	117.993851	1.194268	0.000000	0.000000	3.750000	-807.843689	49.155277
56	-566.567505	-218.221375	-152.810516	-59.538349	0.000000	0.000000	3.750000	559.364197	281.939819
57	-598.839783	749.493774	-89.136772	91.862030	0.000000	0.000000	3.750000	700.645447	-776.594238
58	416.136108	-548.642578	71.350624	-86.331253	0.000000	0.000000	3.750000	-637.846313	860.367615
59	252.109055	529.922241	64.255463	124.378174	0.000000	0.000000	3.750000	-79.653778	-543.046509
60	796.973389	122.739113	126.917068	36.275375	0.000000	0.000000	3.750000	-862.495911	-102.133659
61	446.265411	-120.403534	135.789108	-7.550856	0.000000	0.000000	3.750000	-701.656616	157.514008
62	-236.469299	-728.562012	-76.091919	-117.515671	0.000000	0.000000	3.750000	422.988678	843.358643
63	831.055054	-279.873138	124.848000	-48.672112	0.000000	0.000000	3.750000	-1063.828735	429.868835
64	-540.412903	679.347534	-80.996048	88.541679	0.000000	0.000000	3.750000	497.396698	-617.517334
65	-316.272614	212.450287	-80.751358	80.465591	0.000000	0.000000	3.750000	237.089859	-389.945953
66	38.916977	847.586670	12.094803	129.436096	0.000000	0.000000	3.750000	-70.015038	-744.873901
67	-170.824371	651.006226	-32.312057	146.478394	0.000000	0.000000	3.750000	126.480278	-735.997437
68	-604.979187	-395.103790	-110.604263	-79.137222	0.000000	0.000000	3.750000	680.139893	482.905304
69	564.744995	-615.077637	78.868912	-100.815063	0.000000	0.000000	3.750000	-592.413147	874.263000
70	-797.558594	354.636292	-133.869446	53.056206	0.000000	0.000000	3.750000	859.278076	-363.254395
71	235.601227	-147.296753	78.647827	-79.735153	0.000000	0.000000	3.750000	-207.840363	374.937775
72	-779.834961	315.859802	-125.699188	46.429123	0.000000	0.000000	3.750000	869.450378	-229.386902
73	-219.739105	771.888611	-43.155449	122.627739	0.000000	0.000000	3.750000	498.871124	-2000.156616
74	324.303619	775.201538	56.234322	99.164864	0.000000	0.000000	3.750000	-363.543060	-853.346924
75	222.240356	333.560760	67.240540	99.391701	0.000000	0.000000	3.750000	-469.404175	-674.142029
76	289.936157	-171.529877	117.352959	-86.857079	0.000000	0.000000	3.750000	-232.810059	198.616104
77	-254.443405	470.359650	-52.412613	70.688774	0.000000	0.000000	3.750000	375.250641	-642.193115
78	172.527908	-735.723694	34.869667	-150.000214	0.000000	0.000000	3.750000	-293.743530	968.193970
79	-541.871094	350.119080	-123.663177	81.309219	0.000000	0.000000	3.750000	756.999756	-345.166626
80	-732.619324	84.353806	-124.655861	18.353991	0.000000	0.000000	3.750000	923.388062	-52.008301
81	-352.899170	222.975006	-96.094894	78.369247	0.000000	0.000000	3.750000	439.796478	-316.554291
82	94.580780	558.765747	8.724308	111.659683	0.000000	0.000000	3.750000	-44.839775	-760.422791
83	-118.728256	397.500916	-27.854963	120.829437	0.000000	0.000000	3.750000	26.498018	-521.617188
84	-653.316650	-245.487030	-90.632774	-46.794136	0.000000	0.000000	3.750000	778.842163	343.659943
85	575.095764	-722.697021	95.540802	-110.399048	0.000000	0.000000	3.750000	-683.000061	831.148682
86	753.993408	-145.111847	109.337738	-24.274601	0.000000	0.000000	3.750000	-813.022461	198.463364
87	109.593796	-742.067749	11.534025	-117.434937	0.000000	0.000000	3.750000	-76.754425	1031.480469
88	-683.113159	556.470093	-89.627563	82.770164	0.000000	0.000000	3.750000	724.699646	-660.421326
89	525.481445	334.556396	78.626442	64.975632	0.000000	0.000000	3.750000	-523.963867	-549.191467
90	651.614502	-22.692585	104.984314	14.635931	0.000000	0.000000	3.750000	-845.106750	19.193514
91	172.933441	7.089191	117.376236	39.893646	0.000000	0.000000	3.750000	-116.220024	-111.615692
92	914.491943	473.553162	126.573524	68.666893	0.000000	0.000000	3.750000	-1098.394165	-595.178528
93	-247.473114	146.282562	-97.807114	62.366867	0.000000	0.000000	3.750000	221.048553	-157.201218
94	736.834595	124.153496	114.697754	41.574310	0.000000	0.000000	3.750000	-928.178040	-312.652283
95	-474.921631	797.832275	-61.299789	112.366440	0.000000	0.000000	3.750000	370.584259	-1124.024048
96	-592.531372	216.604080	-127.828171	32.923271	0.000000	0.000000	3.750000	521.829712	-115.834282
97	100.782806	421.019104	54.447353	109.173683	0.000000	0.000000	3.750000	-107.819061	-586.095886
98	-240.700211	-859.006348	-46.050316	-132.209305	0.000000	0.000000	3.750000	256.480682	1064.692505
99	-124.933372	-200.780640	-63.936317	-113.187065	0.000000	0.000000	3.750000	94.583473	264.978821
100	-226.199310	-460.424744	-67.253555	-101.788658	0.000000	0.000000	3.750000	326.067474	547.062683
101	171.632446	-428.774689	25.671413	-131.516495	0.000000	0.000000	3.750000	-149.115479	457.886261
102	345.028992	-797.586609	47.699917	-125.222595	0.000000	0.000000	3.750000	-395.792175	901.874146
103	-418.821594	474.680603	-103.883789	99.720390	0.000000	0.000000	3.750000	842.135498	-801.189270
104	-876.661316	-595.394104	-119.004143	-73.742462	0.000000	0.000000	3.750000	1061.683960	485.851746
105	109.000221	742.947388	16.198851	128.986298	0.000000	0.000000	3.750000	25.342897	-1164.080566
106	313.928345	-584.330688	55.950066	-90.030952	0.000000	0.000000	3.750000	-431.703735	832.946777
107	-209.987457	503.168793	-43.731224	113.892822	0.000000	0.000000	3.750000	264.457581	-670.355652
108	561.115417	482.266418	87.743454	81.860138	0.000000	0.000000	3.750000	-603.375427	-592.229614
109	-516.654907	411.154816	-79.324432	90.042336	0.000000	0.000000	3.750000	460.237915	-561.427734
110	-71.916313	-12.097338	-125.361374	-8.746869	0.000000	0.000000	3.750000	-0.302124	17.061571
111	458.079895	348.854553	90.926346	68.763245	0.000000	0.000000	3.750000	-578.736816	-486.995911
112	-935.914185	-251.294922	-147.019836	-45.838116	0.000000	0.000000	3.750000	1079.666260	260.746735
113	-197.001450	-69.666145	-79.911880	-75.590912	0.000000	0.000000	3.750000	245.553894	277.756958
114	-238.528885	669.405457	-24.867176	135.740692	0.000000	0.000000	3.750000	97.377892	-1420.171265
115	455.547058	470.494507	92.446869	76.508629	0.000000	0.000000	3.750000	-576.003113	-505.683655
116	-849.270386	-250.393616	-125.238136	-41.701912	0.000000	0.000000	3.750000	504.081085	96.774757
117	-792.851685	332.549316	-109.920715	61.589851	0.000000	0.000000	3.750000	1031.461548	-346.879944
118	-85.466469	-233.313156	-21.843086	-107.809395	0.000000	0.000000	3.750000	90.950455	388.977570
119	-134.460281	-178.704132	-56.514290	-110.220802	0.000000	0.000000	3.750000	-36.248905	131.311279
120	47.882919	-801.014587	-0.755146	-115.997498	0.000000	0.000000	3.750000	66.505203	1075.762573
121	-177.448196	-518.910583	-61.791473	-116.641296	0.000000	0.000000	3.750000	166.281250	654.987061
122	-882.879395	543.493958	-117.599945	89.856857	0.000000	0.000000	3.750000	875.159851	-664.308289
123	570.826294	605.899048	73.560486	79.074997	0.000000	0.000000	3.750000	-773.176147	-819.030823
124	238.989227	-633.182861	50.477501	-119.799911	0.000000	0.000000	3.750000	-316.091797	776.531677
125	502.860718	-766.954102	68.682190	-108.012688	0.000000	0.000000	3.750000	-465.908173	846.155762
126	521.730957	-71.937759	125.944969	3.592647	0.000000	0.000000	3.750000	-506.887573	135.897614
127	494.325348	575.740601	88.682816	95.053146	0.000000	0.000000	3.750000	-437.923676	-718.832275
128	563.449707	-469.642120	92.783607	-72.905289	0.000000	0.000000	3.750000	-718.330200	472.740204
129	-566.348450	-382.844025	-106.411858	-74.676048	0.000000	0.000000	3.750000	645.866699	435.043976
130	-801.807312	-700.202332	-93.066376	-96.408691	0.000000	0.000000	3.750000	739.005737	886.422791
131	-789.879578	-501.003113	-111.259155	-84.978806	0.000000	0.000000	3.750000	951.364075	734.640076
132	-180.789612	-654.951843	-24.092285	-117.556610	0.000000	0.000000	3.750000	152.025620	856.928284
133	796.685913	761.623169	116.666649	100.523087	0.000000	0.000000	3.750000	-970.690918	-817.698181
134	-273.927094	-257.598907	-117.336166	-108.775360	0.000000	0.000000	3.750000	251.216766	199.223190
135	-333.552124	660.369141	-43.048897	112.012466	0.000000	0.000000	3.750000	240.865570	-624.258789
136	-17.737347	346.848328	-30.260010	124.369431	0.000000	0.000000	3.750000	0.683089	-456.543701
137	-603.798584	-22.907494	-128.441589	30.436796	0.000000	0.000000	3.750000	490.701965	-45.818687
138	-0.540581	-762.452393	-5.639449	-129.877563	0.000000	0.000000	3.750000	83.857483	913.742737
139	235.077133	-771.742004	23.907661	-123.710968	0.000000	0.000000	3.750000	-125.809509	969.238892
140	-249.195526	-215.440689	-85.786278	-89.536072	0.000000	0.000000	3.750000	271.519012	257.641205
141	-394.537292	-759.574890	-69.373901	-97.914284	0.000000	0.000000	3.750000	462.250336	878.204346
142	443.121948	593.167175	62.883942	87.804382	0.000000	0.000000	3.750000	-330.508148	-479.253357
143	591.834290	405.533264	96.731560	56.453400	0.000000	0.000000	3.750000	-788.494629	-385.230652
144	-461.529541	-611.394592	-74.458084	-94.106262	0.000000	0.000000	3.750000	457.502411	648.278076
145	-769.666748	-348.072418	-106.196892	-55.875874	0.000000	0.000000	3.750000	899.859558	301.817139
146	-514.405090	-524.866882	-75.100052	-85.767006	0.000000	0.000000	3.750000	605.773804	738.371826
147	-114.170235	105.555382	-82.115715	79.074753	0.000000	0.000000	3.750000	190.521423	-227.238937
148	-639.163696	-236.759979	-127.322357	-58.215256	0.000000	0.000000	3.750000	626.861328	293.410431
149	-157.033310	299.213959	-48.137436	120.759003	0.000000	0.000000	3.750000	104.920296	-321.210297
150	442.959137	567.980042	86.353577	88.988495	0.000000	0.000000	3.750000	-504.738831	-717.377686
151	133.171158	-397.085907	13.688957	-111.160286	0.000000	0.000000	3.750000	-71.642387	657.107056
152	124.804062	408.395874	-1.218841	133.993881	0.000000	0.000000	3.750000	-37.553638	-473.829773
153	390.262146	696.785217	63.904427	96.810120	0.000000	0.000000	3.750000	-434.807556	-843.906677
154	563.472534	-290.274628	109.723038	-37.640999	0.000000	0.000000	3.750000	-704.237122	270.230438
155	-625.073792	-469.204987	-86.986351	-73.684280	0.000000	0.000000	3.750000	873.366333	738.523560
156	436.512756	-348.887695	88.790146	-86.557983	0.000000	0.000000	3.750000	-495.824615	550.589905
157	-561.810913	111.500435	-133.320038	35.633354	0.000000	0.000000	3.750000	925.268921	-324.465942
158	-455.385529	-630.658875	-61.456314	-103.068451	0.000000	0.000000	3.750000	463.761810	918.910828
159	-422.680847	-100.683044	-137.983429	-41.189430	0.000000	0.000000	3.750000	515.880615	150.709488
160	-551.046631	-268.562958	-93.904785	-53.345055	0.000000	0.000000	3.750000	348.143524	149.224869
161	365.741394	-215.283325	91.138397	-74.947311	0.000000	0.000000	3.750000	-284.844360	148.812469
162	-152.039978	-821.332520	-27.008970	-141.444183	0.000000	0.000000	3.750000	93.830536	958.805603
163	743.961548	140.752304	119.892944	38.751362	0.000000	0.000000	3.750000	-843.460571	-207.075394
164	24.229391	-261.163239	-18.528400	-134.731506	0.000000	0.000000	3.750000	15.912325	322.166870
165	-446.561951	-334.538757	-85.573288	-81.247330	0.000000	0.000000	3.750000	632.884705	470.511841
166	-570.537720	405.312714	-90.112640	76.182098	0.000000	0.000000	3.750000	717.664062	-628.103760
167	-137.813568	331.016510	1.897182	117.984726	0.000000	0.000000	3.750000	-34.976730	-370.937012
168	-102.202621	-394.134033	-17.491367	-144.934814	0.000000	0.000000	3.750000	-1.135074	93.314423
169	229.380554	-285.393097	60.959373	-98.691208	0.000000	0.000000	3.750000	-385.591675	587.073975
170	490.681915	565.729004	104.234116	105.063782	0.000000	0.000000	3.750000	-339.149475	-605.121765
171	-8.545063	-62.994358	-115.081978	-72.470795	0.000000	0.000000	3.750000	210.146423	91.785385
172	575.710876	132.560059	96.433456	26.467712	0.000000	0.000000	3.750000	-720.679199	-68.179237
173	-699.939026	-388.397522	-102.192192	-54.888592	0.000000	0.000000	3.750000	575.523438	288.043427
174	375.358002	-319.055481	98.944229	-78.011322	0.000000	0.000000	3.750000	-500.962036	269.651947
175	320.298859	664.875061	49.219814	111.630386	0.000000	0.000000	3.750000	-242.785034	-794.870605
176	282.035187	-323.103119	92.064804	-83.058670	0.000000	0.000000	3.750000	-189.607361	300.314392
177	-416.449005	-704.005798	-58.497559	-104.775764	0.000000	0.000000	3.750000	351.720032	934.113281
178	-127.363136	-610.739929	-5.339985	-133.893555	0.000000	0.000000	3.750000	47.144966	896.890625
179	191.140961	760.515259	47.603210	110.153839	0.000000	0.000000	3.750000	-277.818695	-1017.130859
180	64.302834	787.047302	9.269992	119.640976	0.000000	0.000000	3.750000	27.968958	-763.843384
181	-500.599365	453.856293	-115.781128	85.619377	0.000000	0.000000	3.750000	716.420349	-620.557190
182	435.184448	401.030975	93.612839	90.202293	0.000000	0.000000	3.750000	-499.479858	-664.829285
183	-278.806061	-564.267761	-61.202141	-114.690201	0.000000	0.000000	3.750000	227.149841	808.024780
184	-629.166077	694.127197	-81.923279	90.402069	0.000000	0.000000	3.750000	262.239136	-324.783112
185	63.308563	313.245972	0.526310	95.998520	0.000000	0.000000	3.750000	24.910006	-694.001404
186	291.096497	911.906250	59.966618	124.289581	0.000000	0.000000	3.750000	-325.054565	-939.362793
187	-521.579468	356.074036	-100.654877	72.419548	0.000000	0.000000	3.750000	501.701630	-324.755981
188	16.160566	-562.870972	29.285740	-120.491455	0.000000	0.000000	3.750000	-238.418762	654.787292
189	754.790222	-392.874756	111.424149	-54.411934	0.000000	0.000000	3.750000	-965.870239	466.942108
190	235.290024	278.433044	67.617950	117.988205	0.000000	0.000000	3.750000	-54.499920	-182.506439
191	-677.014160	-464.615662	-100.572861	-94.493889	0.000000	0.000000	3.750000	362.732300	370.078461
192	944.078064	-34.924137	135.519684	-11.419964	0.000000	0.000000	3.750000	-1156.882690	92.796112
193	-433.651886	15.422731	-119.717033	-8.225924	0.000000	0.000000	3.750000	523.515076	105.403732
194	304.472443	858.390869	34.101379	129.588058	0.000000	0.000000	3.750000	-200.851410	-1125.595703
195	-26.655537	-586.676331	-15.560426	-114.951385	0.000000	0.000000	3.750000	33.994095	780.144043
196	702.026001	349.848999	116.247192	48.605629	0.000000	0.000000	3.750000	-909.127014	-242.181519
197	686.265259	287.031799	105.293365	57.560688	0.000000	0.000000	3.750000	-782.681519	-305.985321
198	-129.953171	-437.577515	-32.525543	-127.929947	0.000000	0.000000	3.750000	135.134720	527.786316
199	698.692505	-11.543493	107.943230	-3.501333	0.000000	0.000000	3.750000	-869.857544	26.573874
200	-583.131775	-160.134613	-131.878250	-33.228294	0.000000	0.000000	3.750000	690.689392	186.330994
201	-477.630157	747.163330	-69.281921	119.348114	0.000000	0.000000	3.750000	437.039978	-930.176575
202	-231.215897	96.746857	-91.781258	-6.323331	0.000000	0.000000	3.750000	385.875305	113.188843
203	20.573437	767.316284	31.240147	124.129013	0.000000	0.000000	3.750000	-150.974304	-914.122437
204	438.846680	16.468794	125.866142	23.274513	0.000000	0.000000	3.750000	-559.384094	-70.701500
205	-614.037354	-506.822815	-125.564743	-74.493896	0.000000	0.000000	3.750000	403.946442	259.798279
206	-483.218262	-176.607437	-94.918289	-31.472477	0.000000	0.000000	3.750000	593.183105	168.350143
207	-23.481894	-553.781250	12.773642	-117.306564	0.000000	0.000000	3.750000	-54.436054	761.242615
208	572.131042	454.030670	82.192642	76.081268	0.000000	0.000000	3.750000	-508.046814	-462.022705
209	358.835632	-0.069121	116.801605	-16.752705	0.000000	0.000000	3.750000	-321.520630	128.164474
210	696.121094	-714.740967	91.716125	-113.596420	0.000000	0.000000	3.750000	-594.949707	776.225891
211	199.523438	419.705109	48.705593	89.619087	0.000000	0.000000	3.750000	-188.702087	-573.727295
212	393.357422	-31.213329	101.979660	1.988545	0.000000	0.000000	3.750000	-502.722626	100.149956
213	-34.872429	-610.294434	-17.878944	-134.819611	0.000000	0.000000	3.750000	58.624947	675.554199
214	529.042297	-184.590179	110.151779	-56.943211	0.000000	0.000000	3.750000	-365.691833	217.041321
215	346.638153	697.477112	55.281967	108.756165	0.000000	0.000000	3.750000	-342.035828	-684.851685
216	412.808289	684.655396	63.246685	97.240982	0.000000	0.000000	3.750000	-487.533752	-1062.717896
217	581.102539	-525.202087	88.981613	-92.012054	0.000000	0.000000	3.750000	-615.097595	507.642365
218	-29.482126	35.905205	-49.938866	-111.290588	0.000000	0.000000	3.750000	7.757944	213.741486
219	-785.595520	-425.209076	-109.728882	-73.372681	0.000000	0.000000	3.750000	693.923096	499.151031
220	752.301697	-350.822113	103.480698	-52.418877	0.000000	0.000000	3.750000	-992.881714	442.039612
221	-0.613362	-629.738220	9.487918	-121.629173	0.000000	0.000000	3.750000	45.837502	445.488586
222	253.838654	-869.286499	45.502892	-132.398956	0.000000	0.000000	3.750000	-354.171265	973.241516
223	-337.233826	-59.587303	-121.982262	-1.975279	0.000000	0.000000	3.750000	504.511230	131.475327
224	666.986694	855.529053	91.000168	111.601654	0.000000	0.000000	3.750000	-627.257751	-964.160767
225	781.075806	410.434174	123.397766	52.238899	0.000000	0.000000	3.750000	-1054.248535	-290.638336
226	-780.242432	329.037842	-122.830429	36.008789	0.000000	0.000000	3.750000	1040.659180	-176.613297
227	9.726562	705.380249	-9.734446	119.604362	0.000000	0.000000	3.750000	-5.576318	-831.692993
228	-565.661499	531.717834	-73.061539	87.495491	0.000000	0.000000	3.750000	63.634579	-105.764595
229	-624.592957	619.191345	-99.135468	90.156044	0.000000	0.000000	3.750000	777.406433	-891.421448
230	-239.300690	622.042480	-61.796097	112.094742	0.000000	0.000000	3.750000	423.598297	-863.908569
231	585.375244	-831.604065	87.251572	-119.545593	0.000000	0.000000	3.750000	-554.918701	843.362366
232	448.865295	82.581856	108.758682	34.162102	0.000000	0.000000	3.750000	-437.080414	-0.268319
233	-381.771271	-418.080933	-76.059662	-82.212494	0.000000	0.000000	3.750000	337.615875	440.734924
234	-815.294800	-207.134460	-118.708244	-35.837147	0.000000	0.000000	3.750000	1115.346924	203.732285
235	-65.717117	-925.679993	-4.148220	-133.935760	0.000000	0.000000	3.750000	47.135075	1149.911133
236	219.849503	-732.453613	25.770206	-108.994919	0.000000	0.000000	3.750000	-166.958206	866.832275
237	-520.184265	-339.870087	-84.413200	-57.257385	0.000000	0.000000	3.750000	711.043335	456.966309
238	-768.295837	67.593506	-119.724472	-8.126698	0.000000	0.000000	3.750000	800.970886	77.258064
239	367.282257	745.952454	61.443336	110.002975	0.000000	0.000000	3.750000	-431.700928	-1076.769409
240	-101.361221	526.467468	-27.060452	129.187408	0.000000	0.000000	3.750000	-16.288059	-303.334625
241	191.988968	119.411285	149.127869	29.406948	0.000000	0.000000	3.750000	-482.919830	-135.455246
242	-244.574631	-616.770813	-40.750648	-106.467697	0.000000	0.000000	3.750000	243.534927	789.738525
243	-312.345886	66.325645	-119.262283	-13.256443	0.000000	0.000000	3.750000	219.225418	-12.488298
244	-768.622314	61.003136	-117.624847	9.400648	0.000000	0.000000	3.750000	962.434998	-5.701797
245	-251.840958	-248.096146	-87.158371	-60.327339	0.000000	0.000000	3.750000	381.098969	235.575027
246	-115.705292	-805.391907	-44.829315	-128.399094	0.000000	0.000000	3.750000	284.647644	888.180115
247	140.018127	-665.573792	7.053280	-129.808075	0.000000	0.000000	3.750000	63.764816	902.427185
248	434.070435	647.156250	76.894363	114.591003	0.000000	0.000000	3.750000	-371.551514	-764.613037
249	-78.326218	577.718323	-31.784763	132.233231	0.000000	0.000000	3.750000	56.422020	-360.802063
250	-592.540161	658.333130	-71.155212	91.612503	0.000000	0.000000	3.750000	463.897644	-954.455994
251	703.848816	363.964355	84.776642	98.553391	0.000000	0.000000	3.750000	-446.351257	-739.009277
252	802.027039	691.263000	108.694870	97.475235	0.000000	0.000000	3.750000	-905.181580	-849.515808
253	-646.719910	-784.788696	-89.368904	-94.409485	0.000000	0.000000	3.750000	791.823792	1118.341064
254	-158.418213	451.101318	-47.567741	112.343193	0.000000	0.000000	3.750000	124.310371	-760.807373
255	738.379761	435.683014	97.635269	62.636383	0.000000	0.000000	3.750000	-1087.559082	-526.478943
256	-140.605255	337.791229	34.879936	127.284958	0.000000	0.000000	3.750000	19.240206	-178.652222
257	-409.292603	748.478394	-48.424301	131.358124	0.000000	0.000000	3.750000	451.320526	-2146.113770
258	460.063904	243.039764	92.045441	83.087646	0.000000	0.000000	3.750000	-609.271790	-713.082458
259	-234.789551	757.608276	-36.878654	135.055359	0.000000	0.000000	3.750000	183.830566	-849.716064
260	-358.763916	572.993652	-82.718765	100.287605	0.000000	0.000000	3.750000	437.204620	-495.423798
261	-469.931885	267.036835	-113.723526	78.172379	0.000000	0.000000	3.750000	702.718323	-410.491486
262	581.570435	531.895935	100.066811	79.815353	0.000000	0.000000	3.750000	-345.955780	-308.147980
263	653.295105	216.818176	128.232880	21.357414	0.000000	0.000000	3.750000	-888.119141	-6.753333
264	285.906921	-599.759521	47.407303	-121.047028	0.000000	0.000000	3.750000	-234.777557	461.535980
265	-308.169037	444.941650	-82.249069	100.673187	0.000000	0.000000	3.750000	433.347656	-531.596252
266	-600.447876	-963.658813	-79.746178	-127.045021	0.000000	0.000000	3.750000	494.584320	1103.625854
267	164.038528	-776.269958	13.050531	-141.398895	0.000000	0.000000	3.750000	-59.503410	599.904785
268	707.714600	79.530281	122.174026	21.196135	0.000000	0.000000	3.750000	-779.841003	17.117817
269	-537.140381	-361.481598	-95.919968	-57.821800	0.000000	0.000000	3.750000	690.569641	404.713501
270	-175.757538	-538.363525	-39.720680	-117.465897	0.000000	0.000000	3.750000	232.291489	889.234253
271	-517.387573	840.872192	-90.088745	101.882263	0.000000	0.000000	3.750000	266.171906	-128.392288
272	636.335144	-107.759720	131.211853	-14.400036	0.000000	0.000000	3.750000	-760.669922	167.747055
273	571.667542	215.030762	122.786575	42.698273	0.000000	0.000000	3.750000	-978.009399	-86.037216
274	-359.117188	-492.437134	-88.525909	-86.828354	0.000000	0.000000	3.750000	573.645752	571.765381
275	130.890060	85.862541	-27.951378	110.430550	0.000000	0.000000	3.750000	-35.065796	-154.303329
276	757.561401	459.160095	113.843750	58.510963	0.000000	0.000000	3.750000	-1083.020020	-391.687866
277	-466.968750	563.037415	-89.907509	99.361137	0.000000	0.000000	3.750000	584.037476	-703.333801
278	46.045937	-906.889099	7.634492	-131.775665	0.000000	0.000000	3.750000	-27.638910	290.135620
279	-323.694214	-811.459351	-41.988495	-141.918793	0.000000	0.000000	3.750000	265.860474	1093.352417
280	-447.679688	259.772980	-100.199280	100.618240	0.000000	0.000000	3.750000	519.536316	-625.156128
281	618.427551	-60.186089	131.567474	10.673048	0.000000	0.000000	3.750000	-853.415833	26.641281
282	383.893860	-257.299683	123.468544	-61.639305	0.000000	0.000000	3.750000	-656.032288	256.239288
283	568.445496	326.880402	122.625687	102.775749	0.000000	0.000000	3.750000	-737.483154	-745.088501
284	700.443604	409.497864	86.242752	65.009125	0.000000	0.000000	3.750000	-819.685852	-662.418762
285	925.703735	-296.158722	140.855667	-45.427277	0.000000	0.000000	3.750000	-1086.378662	250.055389
286	-624.721558	-565.809326	-87.002029	-76.724350	0.000000	0.000000	3.750000	1022.979919	710.735779
287	-181.870422	553.196533	-56.019409	87.623123	0.000000	0.000000	3.750000	397.302582	-726.079163
288	12.022239	-598.946350	11.793479	-125.446686	0.000000	0.000000	3.750000	-12.814123	912.786621
289	73.589951	598.996216	-22.819248	140.153900	0.000000	0.000000	3.750000	51.587303	-798.725281
290	-174.806793	584.494385	-27.246248	89.964462	0.000000	0.000000	3.750000	136.512451	-892.076355
291	-483.242554	-313.531616	-102.451256	-83.232025	0.000000	0.000000	3.750000	634.005066	385.225922
292	228.725891	33.199432	105.835434	5.896097	0.000000	0.000000	3.750000	-521.676025	31.156406
293	-576.132324	-508.647644	-96.842682	-83.698700	0.000000	0.000000	3.750000	672.515259	666.112244
294	91.872192	-67.043137	101.114365	105.284256	0.000000	0.000000	3.750000	-65.678833	-191.263916
295	-278.288574	814.194214	-61.474281	130.218536	0.000000	0.000000	3.750000	367.564301	-979.717712
296	-470.742676	-655.011475	-82.412643	-97.938927	0.000000	0.000000	3.750000	439.476105	731.440613
297	-86.365959	819.539856	-29.230192	136.914337	0.000000	0.000000	3.750000	131.931152	-1107.646729
298	49.807842	-623.015747	18.594639	-106.387009	0.000000	0.000000	3.750000	-53.281597	898.177979
299	231.534637	318.939758	143.622696	60.897415	0.000000	0.000000	3.750000	-304.707184	-142.078232
300	642.044617	90.929398	99.346725	11.405320	0.000000	0.000000	3.750000	-759.632690	97.500618
301	596.282349	762.678040	85.457443	97.964203	0.000000	0.000000	3.750000	-396.502991	-547.864807
302	399.820618	-653.558960	47.253441	-123.252121	0.000000	0.000000	3.750000	-341.079773	745.557068
303	608.934204	-669.891235	91.195541	-108.845642	0.000000	0.000000	3.750000	-608.589539	747.059509
304	-342.052002	-591.404785	-86.348572	-115.237732	0.000000	0.000000	3.750000	410.916992	750.470642
305	808.573975	402.172974	148.760620	58.908928	0.000000	0.000000	3.750000	-1431.084839	-516.173218
306	-523.053833	-373.174500	-82.534920	-69.656174	0.000000	0.000000	3.750000	561.913086	438.937347
307	-698.645752	536.863953	-93.443771	72.057213	0.000000	0.000000	3.750000	897.831726	-579.747803
308	430.622681	-474.009888	70.740036	-91.933914	0.000000	0.000000	3.750000	-471.874176	657.719971
309	-683.169312	-390.564392	-114.812622	-56.586647	0.000000	0.000000	3.750000	842.996582	362.477539
310	337.936768	-154.911072	116.491028	-42.494610	0.000000	0.000000	3.750000	-638.068909	179.277954
311	-405.429077	767.756470	-70.321152	99.694176	0.000000	0.000000	3.750000	565.227356	-967.201904
312	75.380630	222.810211	89.608543	70.470749	0.000000	0.000000	3.750000	-257.982788	-253.977768
313	590.952332	-521.102234	87.575836	-69.817169	0.000000	0.000000	3.750000	-694.049622	454.920197
314	342.072632	10.978069	117.667496	8.818359	0.000000	0.000000	3.750000	-219.407669	-39.282974
315	350.237793	-73.050446	112.623901	51.882236	0.000000	0.000000	3.750000	-592.624207	-340.273590
316	-610.615234	81.099792	-112.721306	27.383827	0.000000	0.000000	3.750000	835.395142	-120.445389
317	274.619537	296.259644	29.598738	116.290009	0.000000	0.000000	3.750000	-28.682512	-365.864471
318	633.308594	-250.040665	109.270752	-62.736679	0.000000	0.000000	3.750000	-796.369751	415.662964
319	533.347046	-569.225220	72.144905	-85.668610	0.000000	0.000000	3.750000	-679.180908	777.236450
320	135.460266	526.908936	41.713863	148.242615	0.000000	0.000000	3.750000	-138.371887	-800.903259
321	561.615540	520.393311	92.755035	93.915558	0.000000	0.000000	3.750000	-344.952698	-550.269287
322	-780.355713	373.741577	-110.368881	60.783058	0.000000	0.000000	3.750000	1086.540161	-355.373199
323	246.230042	364.285553	67.672836	122.556656	0.000000	0.000000	3.750000	-205.224930	-595.986694
324	771.363892	325.882263	115.949539	58.784657	0.000000	0.000000	3.750000	-998.657959	-357.391876
325	-819.003113	267.821655	-125.644592	52.050869	0.000000	0.000000	3.750000	1136.877319	-259.033173
326	-668.105652	-470.921875	-103.513687	-81.906906	0.000000	0.000000	3.750000	353.360565	335.199310
327	186.144012	426.063049	70.074265	111.864197	0.000000	0.000000	3.750000	-351.004578	-585.054443
328	456.886292	182.072052	125.184914	26.693798	0.000000	0.000000	3.750000	-797.643555	-43.719727
329	807.213135	-153.385605	133.307678	-13.602657	0.000000	0.000000	3.750000	-961.995361	38.594028
330	-732.392761	176.490662	-130.467102	38.396976	0.000000	0.000000	3.750000	982.697510	-249.528503
331	-699.122192	-594.763794	-93.221008	-75.563461	0.000000	0.000000	3.750000	829.433411	599.456177
332	-573.017090	232.802002	-138.155273	53.076443	0.000000	0.000000	3.750000	668.481079	-289.477386
333	560.513794	-884.918213	79.181335	-117.874146	0.000000	0.000000	3.750000	-676.979919	1058.359863
334	726.523926	321.317322	112.252739	42.417702	0.000000	0.000000	3.750000	-1002.790283	-239.447037
335	-562.803711	57.471519	-107.930130	3.883045	0.000000	0.000000	3.750000	832.046631	10.097311
336	-222.942169	694.552856	-21.642054	132.239655	0.000000	0.000000	3.750000	-13.761771	-759.851074
337	-515.650208	-152.325165	-133.740143	-34.022705	0.000000	0.000000	3.750000	604.704346	117.543411
338	303.764954	827.675110	47.719898	135.862854	0.000000	0.000000	3.750000	-249.653412	-1111.024292
339	-753.259094	209.112854	-130.786865	44.031403	0.000000	0.000000	3.750000	682.274231	-276.121155
340	292.530273	-490.348755	55.524559	-94.957985	0.000000	0.000000	3.750000	-369.384552	589.142761
341	-376.171509	582.042480	-79.887306	112.525635	0.000000	0.000000	3.750000	448.320007	-651.582458
342	-60.035675	783.007263	-9.839609	131.632690	0.000000	0.000000	3.750000	14.405326	-1001.108887
343	188.441101	-366.601501	17.903387	-112.584877	0.000000	0.000000	3.750000	-46.495979	476.683167
344	-50.353676	-49.718094	19.481281	-126.502106	0.000000	0.000000	3.750000	-80.293198	261.446686
345	445.221161	167.599304	125.732399	46.337532	0.000000	0.000000	3.750000	-633.123779	-144.336548
346	-744.893188	456.558929	-113.595619	74.776596	0.000000	0.000000	3.750000	258.131073	-177.034561
347	418.038940	-423.993591	118.138481	-101.878334	0.000000	0.000000	3.750000	-688.734863	502.744446
348	-441.881409	90.254562	-118.472488	42.896927	0.000000	0.000000	3.750000	327.171783	-148.198090
349	-484.243256	-441.201538	-97.126572	-103.586830	0.000000	0.000000	3.750000	342.511810	295.238586
350	-623.268005	-131.946365	-137.094513	-28.373711	0.000000	0.000000	3.750000	802.097534	122.532753
351	647.318848	434.433533	120.442604	54.014343	0.000000	0.000000	3.750000	-483.473663	-227.653931
352	-198.146332	-717.200806	-54.693993	-115.725861	0.000000	0.000000	3.750000	287.596863	925.029053
353	-573.704834	683.087891	-76.896591	86.849670	0.000000	0.000000	3.750000	626.033997	-964.844299
354	-786.704712	-341.733154	-114.918060	-51.669945	0.000000	0.000000	3.750000	1076.893799	337.920593
355	-52.513435	345.675049	43.230186	118.351662	0.000000	0.000000	3.750000	-175.432312	-398.755127
356	-71.925812	616.848022	8.912907	107.631485	0.000000	0.000000	3.750000	-5.617169	-743.317017
357	-76.917961	852.289307	-7.421694	119.770256	0.000000	0.000000	3.750000	21.901976	-1125.832764
358	432.263306	-726.532898	60.717041	-101.180237	0.000000	0.000000	3.750000	-324.929413	559.591187
359	-433.895508	-244.848572	-89.723831	-73.522858	0.000000	0.000000	3.750000	513.782776	362.841797
360	-247.421387	912.609680	-11.977813	137.479080	0.000000	0.000000	3.750000	127.655594	-882.528870
361	505.302551	79.492485	95.613106	8.607440	0.000000	0.000000	3.750000	-757.717590	35.317047
362	424.975830	178.912018	127.791580	52.086964	0.000000	0.000000	3.750000	-800.010010	-159.507980
363	608.656616	-624.235535	87.928070	-93.019562	0.000000	0.000000	3.750000	-754.538696	696.795105
364	-696.812439	-615.178345	-96.388031	-90.184952	0.000000	0.000000	3.750000	733.182373	790.731567
365	-98.088562	-353.123505	-44.893410	-130.488281	0.000000	0.000000	3.750000	49.180828	266.685577
366	116.967751	-361.242126	55.786308	-108.498062	0.000000	0.000000	3.750000	-358.357361	586.544861
367	-795.929749	715.951660	-103.052910	88.747208	0.000000	0.000000	3.750000	929.968933	-644.033142
368	-341.804077	-730.113892	-38.496277	-138.758606	0.000000	0.000000	3.750000	166.133575	977.603394
369	726.630554	-224.251587	134.560242	-30.619240	0.000000	0.000000	3.750000	-823.260254	175.040085
370	-276.284363	-112.396744	-106.577087	-45.796555	0.000000	0.000000	3.750000	347.109283	142.559937
371	-757.528076	728.214600	-102.032616	101.613701	0.000000	0.000000	3.750000	727.632019	-759.645691
372	-501.861877	198.780106	-127.131760	35.516586	0.000000	0.000000	3.750000	705.994934	-260.168030
373	701.759766	-712.976318	97.315048	-95.003403	0.000000	0.000000	3.750000	-418.771820	336.724213
374	215.131378	-712.467102	29.134430	-155.290558	0.000000	0.000000	3.750000	-189.234634	823.688660
375	-185.106461	-802.385620	-24.413090	-121.572044	0.000000	0.000000	3.750000	55.941532	499.369049
376	-723.429932	-393.293579	-119.643440	-72.701004	0.000000	0.000000	3.750000	872.699524	474.805420
377	40.876888	772.109924	17.374153	126.815331	0.000000	0.000000	3.750000	-75.282669	-821.322998
378	672.741699	-56.010921	112.448349	-28.484533	0.000000	0.000000	3.750000	-716.377258	200.534912
379	-671.878845	-682.696289	-86.294357	-86.239670	0.000000	0.000000	3.750000	1031.365112	1119.811279
380	50.570000	-79.996933	127.318497	-13.146805	0.000000	0.000000	3.750000	-442.405853	-26.302250
381	-265.057709	-620.922363	-41.685997	-133.649780	0.000000	0.000000	3.750000	284.549408	1054.814331
382	515.248779	-297.646606	125.188965	-41.853516	0.000000	0.000000	3.750000	-728.210754	213.444855
383	-681.724915	-559.205383	-102.250198	-89.671036	0.000000	0.000000	3.750000	769.430420	689.378479
384	16.398869	836.253784	1.878662	121.985123	0.000000	0.000000	3.750000	-66.162323	-566.136902
385	215.719574	561.661987	21.551533	118.048767	0.000000	0.000000	3.750000	-110.815300	-979.541016
386	-104.936447	381.682892	-36.049225	108.150070	0.000000	0.000000	3.750000	124.850967	-452.515350
387	586.245850	439.107727	104.429306	87.123039	0.000000	0.000000	3.750000	-570.594360	-588.897522
388	-470.842651	450.695923	-93.762634	68.297638	0.000000	0.000000	3.750000	621.934448	-420.037842
389	530.869873	530.662781	97.916641	76.079605	0.000000	0.000000	3.750000	-422.692719	-267.670654
390	601.549561	-340.980774	102.021988	-66.899185	0.000000	0.000000	3.750000	-887.007751	501.754272
391	444.934937	-707.033203	61.420338	-98.404984	0.000000	0.000000	3.750000	-668.747375	1068.487183
392	61.468407	-249.698746	28.997849	-112.315613	0.000000	0.000000	3.750000	-191.384445	429.037354
393	825.953125	-308.647400	142.219894	-22.571932	0.000000	0.000000	3.750000	-978.138123	128.025833
394	338.854248	876.045166	61.894684	118.847794	0.000000	0.000000	3.750000	-267.446960	-1057.235229
395	-20.913998	-239.403122	-19.884769	-116.297943	0.000000	0.000000	3.750000	29.660151	147.913269
396	-53.284981	621.288696	-8.578285	105.652153	0.000000	0.000000	3.750000	-18.943834	-786.732544
397	-68.836411	-522.123718	5.164100	-141.905579	0.000000	0.000000	3.750000	49.406971	856.856567
398	-337.351135	260.136169	-76.854393	42.864227	0.000000	0.000000	3.750000	211.782791	-103.714958
399	-164.660583	474.014221	-37.902435	111.746162	0.000000	0.000000	3.750000	94.266052	-683.371033
400	218.125793	880.779419	31.249561	124.126678	0.000000	0.000000	3.750000	-176.498062	-1075.601562
401	344.258453	-900.439575	55.728157	-134.945816	0.000000	0.000000	3.750000	-421.412476	1016.560547
402	197.377792	46.657295	128.606171	-18.975010	0.000000	0.000000	3.750000	-186.011703	46.442127
403	498.671570	520.560913	77.450111	83.650330	0.000000	0.000000	3.750000	-645.130005	-1013.063843
404	-683.581726	342.912018	-126.945091	67.976898	0.000000	0.000000	3.750000	798.061584	-333.437500
405	63.611610	-855.325195	33.923691	-129.633911	0.000000	0.000000	3.750000	-92.658081	1103.441528
406	649.816528	-189.686920	109.391800	-24.029831	0.000000	0.000000	3.750000	-822.542236	177.760925
407	-716.878662	-59.664822	-119.271561	-13.202023	0.000000	0.000000	3.750000	879.286621	78.949707
408	394.794830	-772.890747	58.249668	-104.914124	0.000000	0.000000	3.750000	-509.270508	916.063049
409	692.189514	-6.302118	119.970879	2.634927	0.000000	0.000000	3.750000	-902.813538	70.593590
410	-950.564941	-178.893097	-134.596832	-38.517044	0.000000	0.000000	3.750000	1133.858765	147.200912
411	592.122070	-55.202011	133.756592	-8.072186	0.000000	0.000000	3.750000	-860.661560	94.497581
412	-598.563721	-337.033142	-112.323624	-65.446396	0.000000	0.000000	3.750000	551.215881	234.266373
413	224.623260	53.803280	127.686783	8.919616	0.000000	0.000000	3.750000	-484.005219	56.418900
414	637.925842	-446.361298	83.821945	-68.101959	0.000000	0.000000	3.750000	-849.689392	623.466980
415	-388.362244	106.975754	-112.774246	51.515320	0.000000	0.000000	3.750000	119.561035	-86.793533
416	-650.478333	655.551880	-74.234268	89.135727	0.000000	0.000000	3.750000	533.875244	-1003.364136
417	187.678894	351.212830	69.867363	102.442810	0.000000	0.000000	3.750000	-322.626129	-418.377777
418	-119.961189	11.426113	-105.428223	-98.065887	0.000000	0.000000	3.750000	81.679237	123.760818
419	119.063797	415.616608	49.207176	115.980042	0.000000	0.000000	3.750000	-117.579605	-154.111893
420	-623.920166	-400.159912	-89.933411	-79.447983	0.000000	0.000000	3.750000	688.386108	600.190125
421	388.786682	-815.734680	59.319183	-117.920364	0.000000	0.000000	3.750000	-355.856323	876.744446
422	139.662445	639.563354	33.543365	127.666245	0.000000	0.000000	3.750000	-68.348503	-595.723022
423	97.338867	-270.825378	6.767835	-123.815125	0.000000	0.000000	3.750000	-52.254917	459.956238
424	655.438965	-230.519897	128.470337	-38.096344	0.000000	0.000000	3.750000	-798.565552	310.629272
425	650.420471	795.901245	103.588120	108.487122	0.000000	0.000000	3.750000	-708.847778	-871.556763
426	438.903320	317.550079	105.141968	76.446838	0.000000	0.000000	3.750000	-184.970795	-116.929268
427	-388.370117	881.615540	-41.088856	133.834366	0.000000	0.000000	3.750000	225.141312	-1185.752686
428	-792.409363	-742.241577	-103.376648	-94.410080	0.000000	0.000000	3.750000	996.187622	827.393555
429	-14.249565	947.113098	0.660829	135.998199	0.000000	0.000000	3.750000	21.111509	-754.333313
430	-559.911377	654.182495	-97.232407	97.927841	0.000000	0.000000	3.750000	686.415955	-699.442200
431	261.232422	-460.843567	45.200199	-119.753487	0.000000	0.000000	3.750000	-386.364746	854.138977
432	438.777405	-455.986053	88.711388	-80.810112	0.000000	0.000000	3.750000	-679.096985	679.355164
433	-1118.743408	-453.771454	-147.606903	-71.470276	0.000000	0.000000	3.750000	1264.362793	387.097778
434	241.880920	93.880325	99.713577	35.961090	0.000000	0.000000	3.750000	-503.471436	-173.304443
435	706.699036	632.589966	101.206909	81.591423	0.000000	0.000000	3.750000	-649.874878	-530.361694
436	399.218262	331.599304	111.646996	62.597706	0.000000	0.000000	3.750000	-376.030609	-134.290756
437	803.937622	-394.272217	134.489731	-56.819122	0.000000	0.000000	3.750000	-898.162720	506.450806
438	-127.721649	-265.880554	-38.461922	-119.981583	0.000000	0.000000	3.750000	23.292896	273.599884
439	268.080688	-503.793488	94.635574	-92.022064	0.000000	0.000000	3.750000	-447.722595	496.476776
440	546.570190	34.352112	146.981201	17.332893	0.000000	0.000000	3.750000	-845.932251	-18.239624
441	-488.484070	43.545242	-93.012398	13.589956	0.000000	0.000000	3.750000	664.241638	-64.408958
442	-659.272400	95.477173	-156.121307	24.292456	0.000000	0.000000	3.750000	733.151367	-94.519875
443	14.370869	-410.589355	13.182188	-105.176872	0.000000	0.000000	3.750000	-16.715551	578.415588
444	117.362625	-895.418579	33.227821	-135.999573	0.000000	0.000000	3.750000	-180.580780	1003.724060
445	-520.599670	456.978210	-79.809875	97.500641	0.000000	0.000000	3.750000	575.478699	-764.969238
446	613.570984	653.554749	95.288071	91.346069	0.000000	0.000000	3.750000	-609.743835	-718.538452
447	-760.708984	241.940399	-119.251068	40.683620	0.000000	0.000000	3.750000	823.620117	-222.872635
448	-517.882690	-510.702301	-74.037949	-67.218857	0.000000	0.000000	3.750000	428.620880	449.723450
449	720.070801	534.794617	117.237900	76.519722	0.000000	0.000000	3.750000	-855.384033	-508.264862
450	234.647781	729.787170	65.342514	119.273911	0.000000	0.000000	3.750000	-351.350861	-830.635620
451	281.997070	-313.219879	119.900871	-93.419624	0.000000	0.000000	3.750000	-280.095337	290.324402
452	-157.707153	-97.918335	-132.089294	-39.837807	0.000000	0.000000	3.750000	181.655670	-20.386169
453	390.893463	832.692505	66.338531	109.464531	0.000000	0.000000	3.750000	-126.583649	-255.073517
454	563.931030	-136.131424	102.877144	-15.240738	0.000000	0.000000	3.750000	-900.255798	78.525299
455	-544.543213	230.156525	-101.544632	71.166595	0.000000	0.000000	3.750000	655.297668	-448.306122
456	708.758301	-137.301361	115.178886	-13.777532	0.000000	0.000000	3.750000	-1205.675781	174.942078
457	-480.772003	-588.652832	-96.529808	-104.143814	0.000000	0.000000	3.750000	572.144470	747.405579
458	966.795654	456.160400	127.952347	66.061493	0.000000	0.000000	3.750000	-950.985352	-349.222595
459	-72.562424	259.008545	-51.979237	112.577087	0.000000	0.000000	3.750000	59.321301	-212.742462
460	471.684692	274.103485	95.014389	66.545212	0.000000	0.000000	3.750000	-629.751526	-423.521942
461	-217.389694	382.097534	-86.454330	122.578735	0.000000	0.000000	3.750000	313.938263	-374.984711
462	86.311630	14.859703	128.473709	15.064020	0.000000	0.000000	3.750000	-17.650518	-29.690359
463	-451.756104	280.287811	-115.277786	45.684052	0.000000	0.000000	3.750000	597.321838	-240.191849
464	214.835754	-558.979797	39.287895	-126.017685	0.000000	0.000000	3.750000	-276.125214	819.507141
465	-329.159607	-478.470276	-71.796829	-108.375343	0.000000	0.000000	3.750000	446.430237	659.044617
466	808.357056	893.206421	111.829407	102.947418	0.000000	0.000000	3.750000	-952.157959	-790.618774
467	399.828766	-253.712921	133.356537	-35.496719	0.000000	0.000000	3.750000	-505.902710	142.546707
468	-103.011307	-131.245819	-109.110909	-63.013523	0.000000	0.000000	3.750000	226.315308	108.361023
469	-251.934143	-311.888947	-79.627396	-110.249725	0.000000	0.000000	3.750000	246.377884	260.210022
470	685.013428	322.753845	122.772163	36.205780	0.000000	0.000000	3.750000	-961.490417	-120.378746
471	759.861938	575.819092	98.169205	75.754883	0.000000	0.000000	3.750000	-995.041443	-696.083496
472	-705.803650	-502.499146	-104.143356	-67.306000	0.000000	0.000000	3.750000	733.508667	376.235474
473	-669.710388	-701.032349	-88.224823	-95.479462	0.000000	0.000000	3.750000	706.915771	1014.518616
474	831.666748	-100.496941	129.639496	9.671503	0.000000	0.000000	3.750000	-1152.551025	42.869511
475	268.238770	513.299133	60.876656	103.411896	0.000000	0.000000	3.750000	-386.783203	-777.872681
476	-483.229279	-857.704102	-69.441017	-116.935463	0.000000	0.000000	3.750000	475.298462	1007.699524
477	-159.050293	555.432983	-43.688118	105.295921	0.000000	0.000000	3.750000	160.160217	-662.713074
478	-22.043673	288.339539	44.513607	120.010284	0.000000	0.000000	3.750000	-133.026520	-334.507385
479	-178.019318	-663.070007	-40.930267	-97.778839	0.000000	0.000000	3.750000	258.343140	727.835266
480	690.141296	334.725372	108.181015	68.415993	0.000000	0.000000	3.750000	-812.385437	-365.121826
481	-130.098419	721.415710	-25.575020	135.608093	0.000000	0.000000	3.750000	0.140201	-849.376221
482	278.259949	-562.238525	56.356190	-125.967598	0.000000	0.000000	3.750000	-559.028015	894.422668
483	-313.374481	-630.915833	-59.210121	-102.069153	0.000000	0.000000	3.750000	372.323792	883.222290
484	71.450851	214.725174	77.294617	102.027138	0.000000	0.000000	3.750000	-302.575928	-386.582184
485	-277.977386	72.555969	-99.420639	10.741035	0.000000	0.000000	3.750000	207.240326	-52.318264
486	-407.211853	-200.173859	-107.141167	-38.944710	0.000000	0.000000	3.750000	589.253113	288.458221
487	-361.517059	-457.755524	-74.092941	-123.475082	0.000000	0.000000	3.750000	269.359497	616.031006
488	116.622940	17.127716	119.314255	-25.339512	0.000000	0.000000	3.750000	-155.010452	123.267784
489	-302.621948	295.117767	-90.388168	69.469261	0.000000	0.000000	3.750000	372.034485	-281.716492
490	-775.948242	-732.985229	-95.919739	-93.570305	0.000000	0.000000	3.750000	849.306885	805.948792
491	-195.363541	-335.924316	-52.780132	-91.925247	0.000000	0.000000	3.750000	270.364441	560.314819
492	-728.228333	472.187439	-115.766464	67.484207	0.000000	0.000000	3.750000	410.867981	-199.216858
493	-850.522217	167.329330	-124.870094	36.157719	0.000000	0.000000	3.750000	1130.126099	-171.088043
494	-156.956573	-193.146347	-69.869759	-90.078148	0.000000	0.000000	3.750000	383.956909	391.792664
495	430.837952	-452.986511	84.049667	-74.024689	0.000000	0.000000	3.750000	-572.170532	490.522095
496	-667.008240	-320.103149	-98.629204	-61.059547	0.000000	0.000000	3.750000	954.918396	510.962494
497	-686.296814	422.746643	-109.252289	58.648289	0.000000	0.000000	3.750000	1115.867920	-218.286713
498	-232.392319	-500.134766	-79.985771	-124.524117	0.000000	0.000000	3.750000	426.973877	633.233521
499	398.799438	760.592834	66.211884	95.246109	0.000000	0.000000	3.750000	-254.192688	-559.475586
500	778.778931	-385.984558	103.858299	-56.012947	0.000000	0.000000	3.750000	-961.350586	481.290680
501	-49.824142	-532.171997	-2.424522	-109.973267	0.000000	0.000000	3.750000	23.288094	631.230896
502	172.315598	912.244751	56.697350	130.189850	0.000000	0.000000	3.750000	-355.588470	-931.789795
503	-53.130165	-470.156830	20.926437	-142.471008	0.000000	0.000000	3.750000	-61.121731	797.099976
504	-284.438904	782.725342	-41.386887	121.123367	0.000000	0.000000	3.750000	79.170364	-725.098267
505	724.344604	-352.777191	138.865997	-45.079575	0.000000	0.000000	3.750000	-870.995239	357.527100
506	697.892456	-349.585846	101.909531	-59.484787	0.000000	0.000000	3.750000	-857.616699	443.864014
507	-9.080523	-697.409058	23.699394	-97.151108	0.000000	0.000000	3.750000	-233.425690	991.013733
508	892.585938	158.196396	125.457779	34.061417	0.000000	0.000000	3.750000	-703.492065	-64.314850
509	408.762451	-140.703369	110.552979	-75.721664	0.000000	0.000000	3.750000	-764.373962	373.040253
510	-847.403625	-197.701309	-127.387360	-12.507752	0.000000	0.000000	3.750000	1108.013062	41.843437
511	221.780930	-671.275635	36.817642	-114.212311	0.000000	0.000000	3.750000	-338.287537	902.283936
512	327.913513	303.409119	103.017166	97.729988	0.000000	0.000000	3.750000	-609.581787	-859.789917
513	568.540222	-615.161499	74.489380	-94.081467	0.000000	0.000000	3.750000	-576.739929	832.413025
514	924.979980	284.751038	132.031677	46.556725	0.000000	0.000000	3.750000	-1123.301392	-237.767288
515	-698.585571	686.521545	-88.143616	90.037239	0.000000	0.000000	3.750000	814.450928	-836.116943
516	742.246155	22.628672	123.098633	14.919922	0.000000	0.000000	3.750000	-1156.661133	35.360096
517	-697.765991	309.325897	-128.369095	38.434410	0.000000	0.000000	3.750000	570.976624	-239.519943
518	-100.607292	421.415161	-42.963184	135.343674	0.000000	0.000000	3.750000	89.306320	-439.482697
519	684.847412	553.733337	110.266388	82.977829	0.000000	0.000000	3.750000	-855.534363	-606.311523
520	212.300262	716.647156	39.630131	130.097656	0.000000	0.000000	3.750000	-192.392487	-865.992554
521	-608.025391	257.491913	-125.870132	5.717214	0.000000	0.000000	3.750000	786.784546	8.896368
522	-731.191467	456.237000	-95.793961	61.802177	0.000000	0.000000	3.750000	745.076538	-421.652069
523	-36.653461	-795.300476	5.246758	-125.888123	0.000000	0.000000	3.750000	6.273277	284.586121
524	-151.096832	-501.040314	-20.611628	-95.807938	0.000000	0.000000	3.750000	129.570435	647.802856
525	-129.065186	-81.576118	-87.206055	-90.930214	0.000000	0.000000	3.750000	114.781563	222.734833
526	222.568863	-570.336182	29.462757	-103.903519	0.000000	0.000000	3.750000	-211.301361	698.356873
527	34.575985	-375.483948	20.310192	-116.238846	0.000000	0.000000	3.750000	-122.493591	547.256958
528	548.994202	-203.369843	129.663055	-67.107880	0.000000	0.000000	3.750000	-702.443176	320.749481
529	-241.152161	442.908051	-51.556442	117.157547	0.000000	0.000000	3.750000	204.784805	-584.382812
530	-734.435547	-109.458565	-119.280884	-13.117198	0.000000	0.000000	3.750000	1009.504578	65.804688
531	230.885696	665.123474	38.890877	94.294327	0.000000	0.000000	3.750000	-181.149185	-947.276306
532	-905.015015	648.770569	-118.707169	84.996857	0.000000	0.000000	3.750000	1106.404297	-530.282227
533	264.962158	26.164818	104.814850	-76.888580	0.000000	0.000000	3.750000	-174.616989	229.955566
534	-65.401810	-117.438095	128.701889	-40.184486	0.000000	0.000000	3.750000	-3.523583	23.600042
535	-441.613953	-739.223694	-72.586174	-102.991318	0.000000	0.000000	3.750000	439.415680	768.551758
536	-525.338562	-187.683838	-110.445091	-41.542912	0.000000	0.000000	3.750000	589.065735	296.300415
537	130.873672	-309.201294	59.413437	-70.242722	0.000000	0.000000	3.750000	-327.611145	415.486725
538	-459.310028	-420.736969	-71.875839	-80.609161	0.000000	0.000000	3.750000	514.730286	703.703308
539	-398.652466	244.137024	-107.235138	107.723785	0.000000	0.000000	3.750000	423.961365	-528.645203
540	-345.750885	577.289368	-54.743141	106.785248	0.000000	0.000000	3.750000	259.272003	-712.968323
541	-658.206909	771.415222	-86.044876	94.764145	0.000000	0.000000	3.750000	750.144775	-1038.731934
542	708.140503	146.353531	134.411163	39.161407	0.000000	0.000000	3.750000	-448.934723	-84.384766
543	-508.633514	363.015015	-125.334694	70.902832	0.000000	0.000000	3.750000	338.033234	-178.680420
544	797.708252	318.146881	115.009277	40.703827	0.000000	0.000000	3.750000	-1197.734131	-255.175293
545	-231.081116	-739.314880	-31.127087	-117.962280	0.000000	0.000000	3.750000	224.683075	1008.499695
546	-591.072510	-659.353027	-78.341179	-88.241898	0.000000	0.000000	3.750000	640.266174	879.670715
547	-669.494446	-467.852814	-86.194565	-65.072922	0.000000	0.000000	3.750000	946.118347	597.487793
548	874.636780	176.994400	137.562485	26.010595	0.000000	0.000000	3.750000	-1049.237915	-112.791328
549	79.816879	-61.036835	93.392151	-35.670841	0.000000	0.000000	3.750000	-62.951473	134.135818
550	-729.688599	543.834839	-103.126755	72.393822	0.000000	0.000000	3.750000	824.441467	-515.442871
551	-0.663809	-367.102905	62.240829	-90.697327	0.000000	0.000000	3.750000	-305.225861	368.788818
552	-437.359192	-357.185974	-85.299713	-72.580612	0.000000	0.000000	3.750000	555.967896	423.873352
553	211.289124	-9.902840	82.475258	-36.024666	0.000000	0.000000	3.750000	-363.103699	209.863327
554	-159.778748	-916.797363	-17.121069	-136.933716	0.000000	0.000000	3.750000	60.404377	1208.259888
555	-765.580505	425.278168	-105.213348	69.326401	0.000000	0.000000	3.750000	569.300171	-352.312134
556	543.185181	-586.174072	89.884064	-99.382256	0.000000	0.000000	3.750000	-638.597168	624.361572
557	391.387360	451.367401	102.169037	80.372543	0.000000	0.000000	3.750000	-157.144623	-173.667862
558	307.729950	-633.117554	47.367325	-88.069946	0.000000	0.000000	3.750000	-253.614792	597.757568
559	-381.549316	515.701477	-77.080971	97.131409	0.000000	0.000000	3.750000	398.257782	-550.267273
560	442.337524	309.798981	99.475555	95.646576	0.000000	0.000000	3.750000	-361.158997	-522.391418
561	381.506775	445.272705	58.417931	73.642868	0.000000	0.000000	3.750000	-355.678955	-667.621338
562	323.210236	418.436401	91.529465	89.478188	0.000000	0.000000	3.750000	-749.398926	-837.659790
563	851.612183	362.694031	133.808929	58.405182	0.000000	0.000000	3.750000	-1316.928467	-538.369507
564	-257.245758	154.392517	-139.829865	6.898775	0.000000	0.000000	3.750000	436.289337	4.512011
565	-572.071167	10.560702	-111.010818	-33.651459	0.000000	0.000000	3.750000	744.969238	95.461212
566	-223.033203	427.112183	-64.241508	98.979660	0.000000	0.000000	3.750000	402.476440	-500.627106
567	323.345367	104.017036	98.444466	17.569416	0.000000	0.000000	3.750000	-547.818115	-85.139778
568	-607.714600	-183.775970	-102.889641	-25.489407	0.000000	0.000000	3.750000	922.149841	162.393723
569	811.291260	-149.451996	125.954437	-3.388274	0.000000	0.000000	3.750000	-1094.508667	20.686115
570	-94.113518	-874.163635	-28.520260	-137.064148	0.000000	0.000000	3.750000	168.877563	1061.303955
571	-259.053345	-568.839722	-85.336021	-103.312508	0.000000	0.000000	3.750000	369.511627	674.045532
572	-535.104614	-694.116089	-64.716919	-101.052780	0.000000	0.000000	3.750000	471.151123	1042.218872
573	657.746826	705.817871	88.873581	94.876083	0.000000	0.000000	3.750000	-748.306763	-708.704895
574	-686.919617	-442.055298	-104.995651	-62.128006	0.000000	0.000000	3.750000	925.503296	443.622375
575	476.450378	527.040405	84.749031	118.884743	0.000000	0.000000	3.750000	-384.054718	-538.522583
576	683.154236	-119.661728	118.422623	-19.392776	0.000000	0.000000	3.750000	-1223.532104	173.789352
577	208.738770	371.237732	43.436180	120.404724	0.000000	0.000000	3.750000	-184.738571	-485.745850
578	-476.098236	-23.206032	-111.950470	3.325863	0.000000	0.000000	3.750000	499.925293	-21.287001
579	-149.523727	11.952467	-139.095306	28.571014	0.000000	0.000000	3.750000	370.367676	-41.178799
580	-774.234863	-65.312561	-127.399094	12.386639	0.000000	0.000000	3.750000	1045.378540	4.563259
581	759.319580	-345.216644	117.246704	-46.142700	0.000000	0.000000	3.750000	-1166.547729	599.422607
582	-299.367584	283.605011	-80.632118	74.822815	0.000000	0.000000	3.750000	476.835510	-501.918396
583	702.018860	-259.108032	131.212997	-42.743156	0.000000	0.000000	3.750000	-779.118469	382.680206
584	-781.761719	615.150269	-112.674812	86.419678	0.000000	0.000000	3.750000	778.891785	-499.899475
585	762.158325	-80.284447	132.738525	-18.343319	0.000000	0.000000	3.750000	-942.111755	101.663910
586	642.322693	-441.953430	83.901291	-77.178833	0.000000	0.000000	3.750000	-771.351501	672.726562
587	197.520081	-655.641418	44.118969	-105.116623	0.000000	0.000000	3.750000	-418.286499	859.227966
588	-622.130127	151.915161	-123.862671	32.280388	0.000000	0.000000	3.750000	539.628662	-142.827133
589	-753.682251	-545.136963	-110.045364	-69.209793	0.000000	0.000000	3.750000	903.166626	468.996399
590	564.722290	462.136108	114.532990	73.335678	0.000000	0.000000	3.750000	-670.778748	-343.875092
591	766.216370	389.291443	114.448593	61.656448	0.000000	0.000000	3.750000	-905.459778	-469.465271
592	-620.469788	23.403511	-129.843109	6.383150	0.000000	0.000000	3.750000	823.670349	4.605059
593	-0.618549	-240.920990	-42.366127	-103.677841	0.000000	0.000000	3.750000	165.951263	490.869720
594	-674.332031	420.984924	-100.852669	65.028442	0.000000	0.000000	3.750000	912.076782	-449.161896
595	611.213135	-634.497925	72.998489	-95.242905	0.000000	0.000000	3.750000	-585.788086	864.510010
596	-155.864075	461.287048	-66.413162	125.511353	0.000000	0.000000	3.750000	295.054565	-802.346313
597	-270.485168	330.237183	-68.368782	103.449066	0.000000	0.000000	3.750000	358.271210	-543.888794
598	-36.711544	-444.620453	-29.963074	-107.917221	0.000000	0.000000	3.750000	86.452286	551.016602
599	-547.674561	-31.414946	-101.849854	-5.527234	0.000000	0.000000	3.750000	851.026855	-51.155396
600	-348.397827	579.919678	-66.432983	72.046234	0.000000	0.000000	3.750000	492.195801	-528.896057
601	581.525574	636.714783	71.152039	83.888992	0.000000	0.000000	3.750000	-671.457947	-1008.182678
602	-764.741211	216.359344	-138.629852	30.749107	0.000000	0.000000	3.750000	1263.416016	-41.473881
603	-560.549683	-317.888855	-89.678558	-60.181015	0.000000	0.000000	3.750000	840.954468	566.273132
604	-454.625458	-661.692383	-81.897659	-100.959198	0.000000	0.000000	3.750000	575.000366	814.203918
605	0.779093	-639.109924	-14.969445	-98.873215	0.000000	0.000000	3.750000	109.998726	925.688782
606	569.895752	-264.710846	110.146835	-42.327576	0.000000	0.000000	3.750000	-730.377625	368.019989
607	451.644287	783.415039	61.230057	112.404297	0.000000	0.000000	3.750000	-378.261261	-1258.583008
608	736.558228	-600.985840	111.903946	-90.628387	0.000000	0.000000	3.750000	-1000.981812	830.616394
609	-340.870453	843.856323	-67.333832	131.795868	0.000000	0.000000	3.750000	429.097015	-955.195129
610	697.937317	-537.861511	94.390930	-70.811913	0.000000	0.000000	3.750000	-969.947937	581.211609
611	774.045898	-167.937958	123.024658	-42.010815	0.000000	0.000000	3.750000	-1129.109131	298.384064
612	696.563904	-315.488647	119.556503	-45.719009	0.000000	0.000000	3.750000	-877.313049	386.162231
613	-862.973633	-428.227570	-130.765381	-44.095333	0.000000	0.000000	3.750000	1144.218872	298.775208
614	194.903564	-840.958313	33.874832	-144.070465	0.000000	0.000000	3.750000	-183.518097	2371.748779
615	607.357422	356.906250	107.804131	69.008720	0.000000	0.000000	3.750000	-851.560730	-425.560272
616	-859.175537	389.489471	-125.741043	61.552788	0.000000	0.000000	3.750000	899.316406	-167.425339
617	313.571411	-655.018555	52.244987	-108.029900	0.000000	0.000000	3.750000	-403.711731	800.623108
618	-73.606674	564.461182	-68.039124	120.060593	0.000000	0.000000	3.750000	270.394562	-629.248413
619	-219.226715	52.605717	-117.067894	14.800032	0.000000	0.000000	3.750000	509.524780	-97.207527
620	772.629028	386.238159	116.290039	66.577873	0.000000	0.000000	3.750000	-929.108459	-467.119049
621	79.796486	235.615479	16.122639	108.812027	0.000000	0.000000	3.750000	-80.377380	-480.770386
622	-548.167053	-533.091675	-108.800415	-59.485008	0.000000	0.000000	3.750000	774.347168	392.776886
623	295.536987	-851.552551	43.338524	-118.312134	0.000000	0.000000	3.750000	-326.130981	1078.022461
624	-11.661360	802.487183	-9.419115	127.652954	0.000000	0.000000	3.750000	55.665565	-1217.073853
625	721.486145	11.744545	119.243019	-13.456796	0.000000	0.000000	3.750000	-916.195618	70.968750
626	-734.038513	656.733154	-98.519577	96.632744	0.000000	0.000000	3.750000	716.440002	-773.174377
627	447.176727	-886.178467	73.227966	-123.989876	0.000000	0.000000	3.750000	-850.512695	2320.370117
628	-496.513123	572.886108	-78.203201	93.638947	0.000000	0.000000	3.750000	516.651428	-677.789734
629	-125.111153	632.110107	-53.496601	118.482086	0.000000	0.000000	3.750000	253.263168	-803.446838
630	635.787109	-621.553467	98.329063	-81.947502	0.000000	0.000000	3.750000	-772.857971	674.076965
631	-28.257465	823.654236	11.870995	143.509689	0.000000	0.000000	3.750000	-5.974858	-986.230774
632	798.333008	-707.751770	125.591743	-82.016357	0.000000	0.000000	3.750000	-1044.052490	590.727661
633	-656.675659	-502.656372	-106.174194	-55.919659	0.000000	0.000000	3.750000	936.974060	378.456848
634	-797.915283	-318.435181	-120.928009	-47.711212	0.000000	0.000000	3.750000	1353.132080	365.935974
635	624.521240	716.035889	66.982742	106.718483	0.000000	0.000000	3.750000	-160.392685	-241.952728
636	-565.916931	-293.634094	-93.276047	-41.274120	0.000000	0.000000	3.750000	1006.247437	316.705780
637	168.242279	-536.140381	38.714703	-92.201797	0.000000	0.000000	3.750000	-434.265259	966.653931
638	135.531586	-362.773499	58.246647	-120.677597	0.000000	0.000000	3.750000	-280.482819	438.222198
639	-500.346863	-719.824585	-73.059586	-95.195854	0.000000	0.000000	3.750000	551.195068	955.748535
640	-347.393494	-694.421021	-52.349640	-110.197342	0.000000	0.000000	3.750000	314.110291	968.308350
641	109.425781	-209.578766	-2.182756	-133.981491	0.000000	0.000000	3.750000	-30.530830	279.211334
642	660.228516	-160.414246	85.685120	-38.653076	0.000000	0.000000	3.750000	-752.601807	345.843353
643	-93.768188	-643.623779	-37.839439	-122.279053	0.000000	0.000000	3.750000	166.260239	594.672363
644	-580.768921	319.892273	-98.992645	64.221870	0.000000	0.000000	3.750000	990.113770	-563.513306
645	-622.768555	-821.686401	-90.835617	-95.775002	0.000000	0.000000	3.750000	744.885193	1006.287476
646	824.390869	-11.742403	126.291840	20.837723	0.000000	0.000000	3.750000	-1285.281372	14.400675
647	711.581909	496.195496	91.645660	67.801727	0.000000	0.000000	3.750000	-758.076477	-561.660095
648	643.824951	723.544983	74.531174	106.513382	0.000000	0.000000	3.750000	-572.877869	-795.626038
649	-740.602051	504.945038	-99.339302	74.213631	0.000000	0.000000	3.750000	1235.721680	-738.024109
650	-396.075439	622.325562	-80.565216	104.561539	0.000000	0.000000	3.750000	462.484711	-829.553467
651	539.492249	-514.967041	103.751434	-84.802986	0.000000	0.000000	3.750000	-663.378052	434.847931
652	-669.241089	-290.222534	-135.676636	-34.521683	0.000000	0.000000	3.750000	910.322632	119.196770
653	150.085724	429.428650	-36.167377	118.608246	0.000000	0.000000	3.750000	148.579620	-394.244110
654	531.101746	117.213562	126.976662	48.711502	0.000000	0.000000	3.750000	-626.320251	-167.059952
655	464.187927	-917.707886	68.182739	-131.357880	0.000000	0.000000	3.750000	-641.485657	2118.252197
656	495.417175	-453.179657	73.922348	-114.155304	0.000000	0.000000	3.750000	-489.558472	657.556763
657	-4.127898	193.416779	-61.661636	112.168793	0.000000	0.000000	3.750000	208.964355	-396.213989
658	99.728745	603.001953	12.410031	125.387100	0.000000	0.000000	3.750000	1.067301	-736.757141
659	703.607422	308.561462	132.843414	55.574348	0.000000	0.000000	3.750000	-694.007324	-205.434143
660	327.367340	729.487671	30.598803	124.288773	0.000000	0.000000	3.750000	-176.804749	-932.911499
661	392.439484	-128.487579	127.701561	8.718097	0.000000	0.000000	3.750000	-396.949341	-80.220284
662	-90.146072	191.341568	-71.306595	98.987900	0.000000	0.000000	3.750000	109.432892	-228.800278
663	-280.674622	-558.439636	-73.091965	-109.916092	0.000000	0.000000	3.750000	259.724365	452.739105
664	233.554504	-168.239685	27.596783	-127.037079	0.000000	0.000000	3.750000	-82.767967	353.389740
665	-673.823181	465.597748	-104.645226	66.517662	0.000000	0.000000	3.750000	251.129745	-118.773949
666	-312.642090	548.148315	-75.950104	87.678162	0.000000	0.000000	3.750000	437.985748	-713.511230
667	-674.250122	-318.237640	-108.181381	-41.865982	0.000000	0.000000	3.750000	897.373779	254.573105
668	-374.740356	97.379051	-131.984772	2.001143	0.000000	0.000000	3.750000	736.595581	42.678284
669	-665.411255	881.865723	-102.615677	101.024185	0.000000	0.000000	3.750000	495.841034	-416.458344
670	-543.562256	441.493774	-97.463242	66.520020	0.000000	0.000000	3.750000	718.102112	-512.631958
671	918.402710	479.655457	124.056953	64.883255	0.000000	0.000000	3.750000	-1006.788147	-428.710663
672	-654.477417	-98.398438	-104.638466	-16.934242	0.000000	0.000000	3.750000	932.400085	64.222847
673	-67.537033	-131.437271	-124.869736	63.299400	0.000000	0.000000	3.750000	337.926727	-249.323059
674	-266.142700	-608.132446	-90.915306	-103.818771	0.000000	0.000000	3.750000	441.768097	611.169861
675	-611.328369	786.840942	-109.258194	124.974152	0.000000	0.000000	3.750000	578.584534	-809.440491
676	-605.250854	542.961609	-91.696396	77.406418	0.000000	0.000000	3.750000	431.155060	-338.757202
677	-142.431946	42.996544	-117.541725	24.164558	0.000000	0.000000	3.750000	425.557495	-101.015831
678	-31.754759	169.451859	-40.992405	108.512367	0.000000	0.000000	3.750000	198.906494	-287.042908
679	505.976013	582.842834	58.822578	97.651855	0.000000	0.000000	3.750000	-541.362061	-1123.230591
680	-602.015015	600.164124	-100.088104	82.960052	0.000000	0.000000	3.750000	784.262634	-642.903381
681	453.663055	-453.249695	103.192596	-94.611115	0.000000	0.000000	3.750000	-568.083740	473.677765
682	467.692261	659.364868	71.820038	117.837616	0.000000	0.000000	3.750000	-252.988434	-556.368469
683	323.003387	851.108704	41.953350	144.013367	0.000000	0.000000	3.750000	-218.469818	-1127.475464
684	-423.405579	174.972351	-102.152100	77.128304	0.000000	0.000000	3.750000	364.266541	-342.006012
685	605.805542	-222.861481	119.189209	-34.204197	0.000000	0.000000	3.750000	-855.911072	278.688995
686	8.478935	797.955078	-27.299084	141.388657	0.000000	0.000000	3.750000	118.397774	-840.533813
687	-530.701721	-148.564438	-112.832619	-16.271038	0.000000	0.000000	3.750000	772.239868	34.397522
688	-187.414215	63.884777	-121.588570	24.334602	0.000000	0.000000	3.750000	636.444153	-85.132759
689	-941.350281	148.600952	-139.325806	13.722262	0.000000	0.000000	3.750000	1125.744263	-47.428398
690	563.809692	-501.756500	84.492943	-96.150604	0.000000	0.000000	3.750000	-554.237793	664.125549
691	-4.994798	502.343506	-29.905727	103.776901	0.000000	0.000000	3.750000	177.158127	-739.086670
692	-840.084045	377.550659	-120.606644	67.066849	0.000000	0.000000	3.750000	1250.872314	-481.819031
693	-124.872696	-142.929123	-111.506744	-23.703968	0.000000	0.000000	3.750000	319.032715	28.405567
694	-138.699783	-511.701843	-17.328320	-102.546188	0.000000	0.000000	3.750000	93.932831	710.853882
695	-73.784058	104.469376	-134.281830	39.566879	0.000000	0.000000	3.750000	237.815094	-136.379700
696	-576.384888	-500.011078	-88.697479	-61.617393	0.000000	0.000000	3.750000	651.289856	304.919739
697	617.247253	273.527710	107.612671	65.538109	0.000000	0.000000	3.750000	-953.940491	-322.229736
698	863.634033	-88.655716	132.461731	-20.245571	0.000000	0.000000	3.750000	-1357.358521	158.592621
699	177.898193	-444.881653	47.854309	-116.558846	0.000000	0.000000	3.750000	-259.280151	639.213745
700	-615.482422	-100.239937	-119.867561	-5.630262	0.000000	0.000000	3.750000	1037.442261	-66.469971
701	352.461609	-13.013166	137.570969	10.846001	0.000000	0.000000	3.750000	-411.273712	-121.339233
702	-208.673599	513.782593	-58.588333	116.047638	0.000000	0.000000	3.750000	218.297134	-880.541504
703	747.432251	145.509354	112.746414	34.816559	0.000000	0.000000	3.750000	-901.449280	-150.502029
704	-142.363541	721.167236	-38.074493	107.453705	0.000000	0.000000	3.750000	253.957962	-1062.392334
705	-432.301331	-706.487183	-77.781647	-101.655571	0.000000	0.000000	3.750000	440.553925	883.560181
706	-437.165802	66.617607	-112.119492	29.752285	0.000000	0.000000	3.750000	528.029175	-151.156616
707	884.393555	-418.611450	112.771065	-72.378448	0.000000	0.000000	3.750000	-967.274658	488.498383
708	-207.192734	-328.259766	-79.246170	-79.142700	0.000000	0.000000	3.750000	338.378967	205.474030
709	384.351624	465.263489	65.137192	103.155930	0.000000	0.000000	3.750000	-465.097015	-811.440796
710	175.574554	-757.647705	0.680234	-131.998230	0.000000	0.000000	3.750000	19.677683	956.794189
711	-179.540131	77.804596	-103.817879	6.132358	0.000000	0.000000	3.750000	462.572632	51.105343
712	-381.063141	-666.549622	-66.947853	-111.435928	0.000000	0.000000	3.750000	405.814117	790.165405
713	-479.949860	-559.488098	-93.109833	-87.832375	0.000000	0.000000	3.750000	354.394104	383.488861
714	252.111969	509.418274	17.899677	120.678978	0.000000	0.000000	3.750000	17.826233	-757.477051
715	-9.913395	193.585449	-29.461710	130.718811	0.000000	0.000000	3.750000	14.808221	-400.846130
716	-124.075081	-756.406433	-60.839157	-110.338165	0.000000	0.000000	3.750000	322.305634	856.737549
717	-429.340454	106.605339	-89.863358	33.772263	0.000000	0.000000	3.750000	626.612061	-282.602875
718	816.458069	-650.283081	96.421539	-95.910461	0.000000	0.000000	3.750000	-405.789001	430.013885
719	-436.852325	-521.562256	-82.968292	-97.468864	0.000000	0.000000	3.750000	677.217346	998.842346
720	-689.687195	-82.230644	-111.738785	-7.644365	0.000000	0.000000	3.750000	714.805664	56.038479
721	-285.709717	-619.316895	-65.488441	-114.608826	0.000000	0.000000	3.750000	285.278015	649.106262
722	-776.470093	-482.827576	-130.919357	-59.967300	0.000000	0.000000	3.750000	866.600952	315.367737
723	-180.672943	-173.021500	-78.389709	-106.202805	0.000000	0.000000	3.750000	198.135284	281.700806
724	206.947769	-669.304321	40.520889	-112.951523	0.000000	0.000000	3.750000	-364.238312	864.136963
725	-524.669006	-752.892273	-92.830528	-107.454422	0.000000	0.000000	3.750000	574.556702	781.391907
726	-404.092102	-66.391220	-123.977280	-2.334129	0.000000	0.000000	3.750000	639.260437	121.871780
727	150.648743	-69.586517	109.667442	-8.536456	0.000000	0.000000	3.750000	-359.787872	58.884918
728	297.777161	627.307068	35.085205	112.663307	0.000000	0.000000	3.750000	-226.432388	-843.056152
729	458.223907	-678.968201	70.891312	-116.062149	0.000000	0.000000	3.750000	-486.504303	808.154175
730	342.916290	-549.240540	54.354195	-106.984138	0.000000	0.000000	3.750000	-425.322418	730.810669
731	568.184937	684.541870	69.040489	107.784088	0.000000	0.000000	3.750000	-529.514709	-829.910950
732	-457.873901	872.924255	-64.598236	133.156616	0.000000	0.000000	3.750000	224.939682	-917.487854
733	117.143394	-471.245514	27.430683	-100.317261	0.000000	0.000000	3.750000	-218.775314	704.415527
734	-736.274292	574.804504	-103.781250	78.290359	0.000000	0.000000	3.750000	853.864502	-484.339203
735	14.934382	-544.871216	-15.800844	-104.815689	0.000000	0.000000	3.750000	90.690712	868.461609
736	-394.450134	627.777100	-83.331207	136.586319	0.000000	0.000000	3.750000	481.746582	-689.643982
737	-341.377930	-301.664062	-126.907654	-72.183411	0.000000	0.000000	3.750000	505.232635	293.565552
738	-767.997925	419.612152	-126.298157	69.163040	0.000000	0.000000	3.750000	508.171844	-64.947815
739	537.667175	359.603119	96.810867	70.905884	0.000000	0.000000	3.750000	-581.302063	-470.619812
740	643.786743	926.178223	88.423340	123.633774	0.000000	0.000000	3.750000	-350.416260	-536.099487
741	701.756226	-681.398743	83.860031	-101.938675	0.000000	0.000000	3.750000	-650.423950	835.277283
742	7.827896	-65.727654	-100.598099	64.963837	0.000000	0.000000	3.750000	21.599169	-67.201752
743	212.921921	-813.351868	18.281574	-138.800781	0.000000	0.000000	3.750000	2.916089	1119.481689
744	-162.265884	-507.029236	-61.011944	-110.242310	0.000000	0.000000	3.750000	269.386078	737.688538
745	-501.870850	-722.516174	-58.216942	-109.483795	0.000000	0.000000	3.750000	363.420776	1041.725464
746	90.083839	-920.591797	-16.879734	-138.978638	0.000000	0.000000	3.750000	72.764618	1072.643433
747	812.196655	373.892731	118.706802	57.727844	0.000000	0.000000	3.750000	-1110.374756	-289.381348
748	767.163391	63.080399	118.994766	15.497808	0.000000	0.000000	3.750000	-1238.082886	-11.072339
749	661.820068	612.019653	77.094093	86.674683	0.000000	0.000000	3.750000	-756.791565	-852.696106
750	-63.537819	-286.939453	-59.466324	-99.597717	0.000000	0.000000	3.750000	276.206451	395.764648
751	-700.779785	437.188232	-115.637054	67.705154	0.000000	0.000000	3.750000	853.345459	-343.408569
752	-709.212769	-304.577118	-140.001495	-47.995140	0.000000	0.000000	3.750000	880.355774	226.052231
753	-515.851685	-359.481018	-86.920822	-67.414154	0.000000	0.000000	3.750000	304.626221	193.251923
754	-682.878723	819.207703	-97.366516	111.461014	0.000000	0.000000	3.750000	382.547272	-755.426331
755	851.733765	668.404602	97.793686	102.958099	0.000000	0.000000	3.750000	-871.856079	-794.430969
756	661.198792	501.597809	105.095200	73.068298	0.000000	0.000000	3.750000	-850.434570	-495.520660
757	-827.631042	-152.486389	-133.197937	-27.464020	0.000000	0.000000	3.750000	1097.733765	138.452682
758	-234.489807	41.395229	-111.055923	45.434456	0.000000	0.000000	3.750000	133.529327	-58.946541
759	20.653219	440.625214	-4.917643	125.903992	0.000000	0.000000	3.750000	24.756521	-482.105530
760	596.508423	502.602020	113.192665	78.939133	0.000000	0.000000	3.750000	-756.522156	-452.829865
761	360.924286	-252.538849	87.598511	-90.567009	0.000000	0.000000	3.750000	-403.595917	536.182922
762	541.321777	340.261261	100.156448	66.095947	0.000000	0.000000	3.750000	-327.446472	-179.746094
763	-814.075439	355.638641	-120.000580	59.628532	0.000000	0.000000	3.750000	1709.536743	-334.259888
764	-398.912598	831.327881	-67.283417	120.485657	0.000000	0.000000	3.750000	386.991302	-1107.650879
765	498.946899	236.890289	98.336227	72.205971	0.000000	0.000000	3.750000	-359.352234	-179.506577
766	-261.127655	601.828796	-58.541512	97.820694	0.000000	0.000000	3.750000	317.542267	-574.168884
767	-12.994165	-218.304718	-115.023300	-40.645363	0.000000	0.000000	3.750000	282.310211	22.622154
768	-521.345154	145.633133	-129.699753	24.534599	0.000000	0.000000	3.750000	759.974731	-90.743851
769	401.736298	-377.083740	81.365311	-90.903091	0.000000	0.000000	3.750000	-324.759583	528.414917
770	25.041462	156.783936	0.728620	121.997566	0.000000	0.000000	3.750000	-43.359428	-412.863434
771	-448.732452	-73.861618	-120.447540	-36.991737	0.000000	0.000000	3.750000	556.642761	169.702881
772	13.250344	-368.732574	-34.511288	-102.337082	0.000000	0.000000	3.750000	96.324409	480.515259
773	491.682312	374.411438	88.255203	62.249619	0.000000	0.000000	3.750000	-634.167786	-423.642303
774	517.898743	-368.002075	101.557350	-51.788937	0.000000	0.000000	3.750000	-688.782898	393.546356
775	-150.070099	334.225830	-50.549984	106.624084	0.000000	0.000000	3.750000	286.047607	-572.896423
776	-731.138367	-685.021057	-103.130737	-91.695251	0.000000	0.000000	3.750000	1373.122437	1035.386841
777	805.256653	526.759644	105.983765	71.771576	0.000000	0.000000	3.750000	-249.573120	-132.745087
778	377.389008	-665.477356	54.684586	-90.805191	0.000000	0.000000	3.750000	-918.813477	1862.689575
779	67.381615	-739.162537	18.042011	-110.537140	0.000000	0.000000	3.750000	-72.267334	963.178955
780	872.612549	-430.911774	127.225182	-53.457813	0.000000	0.000000	3.750000	-1260.169678	466.631439
781	525.211914	-302.970947	88.662003	-89.526794	0.000000	0.000000	3.750000	-874.946655	928.962036
782	-629.902100	-582.906982	-88.919601	-83.530251	0.000000	0.000000	3.750000	719.092529	719.973511
783	658.183960	-439.243195	107.205139	-93.118271	0.000000	0.000000	3.750000	-717.239807	541.433655
784	404.445770	-161.566071	113.262146	-25.051455	0.000000	0.000000	3.750000	-479.045929	164.802170
785	108.923462	-507.068634	19.646755	-116.352928	0.000000	0.000000	3.750000	-167.155502	944.097229
786	-639.496338	489.722656	-114.278687	84.287399	0.000000	0.000000	3.750000	852.461121	-689.949768
787	231.626266	-147.394287	112.972260	15.260098	0.000000	0.000000	3.750000	-264.840851	-86.743271
788	-616.243713	-125.783974	-108.511414	-18.035049	0.000000	0.000000	3.750000	865.878235	93.329102
789	-494.368042	861.729675	-72.861755	124.205772	0.000000	0.000000	3.750000	461.722137	-1082.107910
790	591.975159	287.938446	108.295815	64.403831	0.000000	0.000000	3.750000	-260.035156	-150.483688
791	337.276672	606.606628	60.413376	132.913025	0.000000	0.000000	3.750000	-216.061539	-857.501709
792	520.990906	28.346556	115.176529	60.276550	0.000000	0.000000	3.750000	-457.425690	-72.171623
793	249.124512	27.663424	124.119545	38.651466	0.000000	0.000000	3.750000	-293.976105	-145.207581
794	284.667389	-449.409698	55.093300	-99.803452	0.000000	0.000000	3.750000	-362.431213	641.158936
795	224.384186	255.524078	64.000427	101.503883	0.000000	0.000000	3.750000	-125.437454	-140.903458
796	46.657841	-439.303192	12.324486	-133.429306	0.000000	0.000000	3.750000	74.234650	590.008545
797	676.028564	67.736984	104.297745	28.031872	0.000000	0.000000	3.750000	-845.035400	-28.197790
798	-179.377289	315.604431	-55.857903	106.206558	0.000000	0.000000	3.750000	324.982544	-520.880554
799	677.417175	-636.640442	83.575989	-91.602692	0.000000	0.000000	3.750000	-736.014893	820.330444
800	-577.517944	-213.061539	-118.022781	-21.693848	0.000000	0.000000	3.750000	844.846619	136.033417
801	-441.979553	-432.039612	-84.106377	-91.115936	0.000000	0.000000	3.750000	488.415680	571.303284
802	-440.094452	614.200256	-69.367729	97.918587	0.000000	0.000000	3.750000	415.205963	-791.182800
803	553.483093	-299.966034	99.437119	-70.683228	0.000000	0.000000	3.750000	-638.718811	333.236176
804	-145.849503	681.071289	-38.156136	94.594238	0.000000	0.000000	3.750000	258.906067	-1059.038330
805	-318.631592	-808.407471	-57.991875	-107.335266	0.000000	0.000000	3.750000	345.398590	984.075562
806	278.315582	650.019897	42.892578	116.345154	0.000000	0.000000	3.750000	-255.037643	-920.427002
807	801.390625	-305.580231	132.637573	-38.095547	0.000000	0.000000	3.750000	-1564.636230	480.460480
808	223.197220	-65.103897	127.393402	-31.646984	0.000000	0.000000	3.750000	-10.060966	26.319735
809	718.597046	-369.871979	91.164635	-65.061401	0.000000	0.000000	3.750000	-861.505981	492.133453
810	320.545319	61.268970	95.473312	10.041519	0.000000	0.000000	3.750000	-363.032501	-29.059313
811	650.765198	-497.454620	99.534653	-83.623215	0.000000	0.000000	3.750000	-738.313293	536.248779
812	556.548523	355.438812	89.808235	70.217033	0.000000	0.000000	3.750000	-629.684753	-624.368774
813	657.159790	-527.218506	94.937531	-79.767517	0.000000	0.000000	3.750000	-734.715454	565.671753
814	-175.608124	404.259338	-35.070553	116.850571	0.000000	0.000000	3.750000	142.014511	-514.045959
815	-325.828613	230.080460	-121.709000	45.682724	0.000000	0.000000	3.750000	535.718079	-196.357010
816	-566.227661	54.215878	-122.886826	16.576094	0.000000	0.000000	3.750000	729.771118	-28.814777
817	566.231567	-233.793243	119.720352	-32.296036	0.000000	0.000000	3.750000	-707.208130	204.833008
818	-80.613647	88.774887	-100.308670	94.774170	0.000000	0.000000	3.750000	258.558563	-256.620422
819	399.891113	519.222839	104.365326	96.289886	0.000000	0.000000	3.750000	-417.979645	-512.301819
820	141.078949	801.721924	20.513512	120.263000	0.000000	0.000000	3.750000	-139.531418	-1086.878540
821	381.321960	-525.914368	83.313408	-89.122803	0.000000	0.000000	3.750000	-889.440552	919.614258
822	666.781250	196.036880	125.395569	34.278702	0.000000	0.000000	3.750000	-393.766449	-3.154253
823	284.255859	-387.620209	107.922485	-82.755753	0.000000	0.000000	3.750000	-373.077087	365.259094
824	-752.376099	31.121933	-133.906616	23.770103	0.000000	0.000000	3.750000	981.996948	-151.151627
825	257.061768	417.449524	29.318432	110.165131	0.000000	0.000000	3.750000	-87.125710	-664.756836
826	-747.260132	-273.003296	-127.920303	-32.562729	0.000000	0.000000	3.750000	957.924072	140.599930
827	-721.977844	677.766479	-107.430359	95.888962	0.000000	0.000000	3.750000	1005.048096	-762.414185
828	-551.633301	740.848938	-87.791245	98.573090	0.000000	0.000000	3.750000	576.375854	-857.900696
829	-788.466064	28.388641	-130.638214	18.908571	0.000000	0.000000	3.750000	873.030518	-2.231842
830	352.188568	-201.700134	96.301430	-78.114700	0.000000	0.000000	3.750000	-268.796509	264.525269
831	-372.108612	414.860016	-76.950821	69.961098	0.000000	0.000000	3.750000	615.905640	-669.711121
832	724.397278	727.423279	88.572945	97.871506	0.000000	0.000000	3.750000	-738.563965	-826.253113
833	-449.582825	-431.317932	-120.212502	-75.583908	0.000000	0.000000	3.750000	572.702637	379.465546
834	142.879211	606.424744	11.101135	103.405792	0.000000	0.000000	3.750000	-145.078156	-905.251221
835	-488.299408	-472.510559	-71.579292	-57.796177	0.000000	0.000000	3.750000	962.253479	671.180359
836	725.946045	523.409729	104.843285	69.884384	0.000000	0.000000	3.750000	-903.144958	-449.999817
837	-184.897980	623.240540	-53.095787	123.030807	0.000000	0.000000	3.750000	175.222153	-767.249634
838	-130.338409	714.448242	-21.047707	107.967453	0.000000	0.000000	3.750000	107.402245	-1033.023560
839	-549.230957	154.171432	-137.965759	3.063145	0.000000	0.000000	3.750000	566.865540	-52.534409
840	110.732529	657.322388	23.424263	125.838226	0.000000	0.000000	3.750000	-72.897316	-746.886292
841	-141.739624	138.572815	-86.576576	74.164261	0.000000	0.000000	3.750000	351.191772	-243.119690
842	-588.173035	-402.965454	-156.118317	-62.055637	0.000000	0.000000	3.750000	933.945251	276.663757
843	70.945938	-450.525391	38.944115	-132.388840	0.000000	0.000000	3.750000	-205.047440	410.034851
844	-413.326111	217.484222	-118.123306	82.357117	0.000000	0.000000	3.750000	482.879944	-288.085571
845	559.204346	745.889709	83.741409	94.145401	0.000000	0.000000	3.750000	-639.417236	-645.592651
846	-648.827759	-736.000732	-91.980736	-89.014290	0.000000	0.000000	3.750000	1169.609375	1137.957886
847	520.198425	769.563965	70.646851	116.211044	0.000000	0.000000	3.750000	-687.706360	-1296.628906
848	-732.522339	-682.435852	-90.844055	-90.174042	0.000000	0.000000	3.750000	842.263977	892.459839
849	-380.448303	72.753204	-106.801453	26.333448	0.000000	0.000000	3.750000	482.747742	-127.177910
850	861.067993	-463.802765	123.907135	-45.508339	0.000000	0.000000	3.750000	-1143.495972	354.769440
851	315.307678	873.659546	57.851280	131.867645	0.000000	0.000000	3.750000	-193.867386	-730.401184
852	-572.409058	-657.304504	-76.341629	-92.584595	0.000000	0.000000	3.750000	594.007629	966.228516
853	434.716187	31.764877	141.096924	15.973158	0.000000	0.000000	3.750000	-631.548584	38.576427
854	-592.939880	717.191589	-86.110962	86.422394	0.000000	0.000000	3.750000	389.953918	-429.777222
855	-733.616699	105.364700	-113.850220	22.228374	0.000000	0.000000	3.750000	1049.642578	-109.208702
856	319.888702	-379.491364	105.066528	-53.712257	0.000000	0.000000	3.750000	-675.391174	295.486450
857	-277.659637	684.689087	-52.412186	98.979004	0.000000	0.000000	3.750000	327.847748	-1192.367432
858	291.454895	515.692139	86.267860	105.135391	0.000000	0.000000	3.750000	-364.765228	-734.554565
859	-205.819168	-925.101990	-50.115555	-128.578018	0.000000	0.000000	3.750000	219.978287	994.045044
860	-67.752563	-575.086853	-26.777023	-119.023949	0.000000	0.000000	3.750000	38.021820	522.363342
861	750.987610	-114.500992	117.522636	-10.603139	0.000000	0.000000	3.750000	-1130.704468	65.249939
862	-509.601135	489.174530	-96.899368	98.257370	0.000000	0.000000	3.750000	662.161377	-648.780212
863	-64.282967	-363.233917	-48.323486	-120.684357	0.000000	0.000000	3.750000	197.239609	761.595581
864	461.029633	315.489441	100.489616	69.177658	0.000000	0.000000	3.750000	-635.033630	-236.493118
865	527.315979	235.005798	81.154037	61.790146	0.000000	0.000000	3.750000	-490.581207	-374.948181
866	-880.852783	-13.478944	-129.994812	-1.160085	0.000000	0.000000	3.750000	1109.638428	8.868117
867	308.224335	-655.506470	52.460976	-123.303864	0.000000	0.000000	3.750000	-323.356171	708.132324
868	15.937115	-220.528854	51.898209	-123.538605	0.000000	0.000000	3.750000	-180.746918	264.782288
869	306.184387	51.456596	103.003143	48.848690	0.000000	0.000000	3.750000	-392.355316	-256.059296
870	-242.044235	359.817596	-70.757217	101.830338	0.000000	0.000000	3.750000	375.635254	-563.787048
871	-594.364807	-657.809570	-92.478943	-99.717804	0.000000	0.000000	3.750000	659.607544	747.207397
872	-768.713501	-220.951370	-125.522903	-25.059147	0.000000	0.000000	3.750000	1001.466125	108.988785
873	-622.649292	558.137512	-97.872299	76.138031	0.000000	0.000000	3.750000	897.662292	-786.858276
874	-422.875336	-227.530151	-115.755188	-22.905357	0.000000	0.000000	3.750000	698.034119	55.656719
875	591.358887	280.044861	124.254257	50.164505	0.000000	0.000000	3.750000	-592.726074	-103.438438
876	485.517487	518.994385	58.182449	118.485046	0.000000	0.000000	3.750000	-274.693756	-747.412842
877	-625.642578	643.652893	-89.624146	88.563599	0.000000	0.000000	3.750000	759.722229	-775.548950
878	114.014931	9.910795	113.263168	-12.892979	0.000000	0.000000	3.750000	-54.136578	-73.406540
879	-722.434814	-316.078522	-129.929749	-66.589523	0.000000	0.000000	3.750000	821.339600	319.780334
880	-380.532959	718.795532	-68.191032	98.741211	0.000000	0.000000	3.750000	292.205933	-684.343750
881	-688.031189	-573.650391	-105.248444	-76.306946	0.000000	0.000000	3.750000	963.077393	602.411804
882	-128.774506	449.571472	-21.527454	140.352966	0.000000	0.000000	3.750000	-96.486496	-619.863770
883	-179.572342	-741.866821	-40.376205	-106.610031	0.000000	0.000000	3.750000	213.731964	1004.326172
884	-555.549438	669.474243	-74.224930	91.730736	0.000000	0.000000	3.750000	453.113220	-951.110168
885	278.745728	-147.288315	116.548256	-28.543865	0.000000	0.000000	3.750000	-235.655823	142.382065
886	325.266296	257.491089	57.656784	86.554482	0.000000	0.000000	3.750000	-327.379425	-532.602417
887	366.033325	407.957886	64.051582	115.417900	0.000000	0.000000	3.750000	-333.610535	-786.761169
888	-548.586853	434.648438	-94.436783	67.362305	0.000000	0.000000	3.750000	745.833313	-453.747894
889	-40.168407	-232.083878	11.532476	-131.494110	0.000000	0.000000	3.750000	-138.286194	534.002136
890	-620.029358	-332.449280	-134.106644	-67.195572	0.000000	0.000000	3.750000	1077.082642	376.814758
891	712.592224	414.589905	97.067413	67.094193	0.000000	0.000000	3.750000	-222.561844	-132.999817
892	-628.729553	-744.903503	-88.516220	-105.871796	0.000000	0.000000	3.750000	570.460327	831.967407
893	324.655670	406.569275	96.997665	86.552429	0.000000	0.000000	3.750000	-497.521332	-552.418457
894	142.833435	656.110779	21.976957	115.935364	0.000000	0.000000	3.750000	-124.699455	-840.500549
895	-645.602661	324.919769	-100.427185	53.945503	0.000000	0.000000	3.750000	705.675171	-148.750381
896	620.769897	-517.218079	78.866425	-85.065170	0.000000	0.000000	3.750000	-775.956238	786.442261
897	798.266968	-261.706085	121.457916	-46.346237	0.000000	0.000000	3.750000	-787.330078	275.690948
898	726.442078	-549.319946	118.325027	-95.408806	0.000000	0.000000	3.750000	-699.259888	401.652313
899	-263.761932	731.697205	-42.338692	116.547752	0.000000	0.000000	3.750000	255.294235	-1073.036255
900	-436.779419	642.104248	-65.819611	97.937393	0.000000	0.000000	3.750000	434.071655	-863.763794
901	-220.782257	668.397766	-27.293005	120.958916	0.000000	0.000000	3.750000	108.860291	-812.905884
902	209.428543	-780.744080	45.039219	-121.948608	0.000000	0.000000	3.750000	-348.157379	1039.761108
903	276.482056	731.626099	38.327087	128.401825	0.000000	0.000000	3.750000	-209.962952	-771.597168
904	511.316406	-677.136841	76.941826	-107.256439	0.000000	0.000000	3.750000	-585.095581	910.894348
905	-485.351227	880.425720	-77.606422	116.520630	0.000000	0.000000	3.750000	526.052307	-1316.958740
906	74.040451	-494.109680	-15.655144	-102.814880	0.000000	0.000000	3.750000	68.612808	704.960876
907	635.589783	179.464844	138.277344	46.854675	0.000000	0.000000	3.750000	-649.518677	-156.146973
908	-379.013672	109.607368	-143.565948	26.545952	0.000000	0.000000	3.750000	642.939575	-60.501083
909	-397.150970	570.405823	-62.836746	118.353226	0.000000	0.000000	3.750000	369.448944	-901.315552
910	-221.365295	-233.084595	-49.020519	-126.856300	0.000000	0.000000	3.750000	129.686417	252.637482
911	118.110687	-451.857666	54.454239	-106.932510	0.000000	0.000000	3.750000	-299.713165	447.930115
912	32.464977	12.464870	-129.010498	72.480743	0.000000	0.000000	3.750000	138.515167	-135.270935
913	264.595917	-443.949188	79.137650	-117.903183	0.000000	0.000000	3.750000	-461.873535	594.194275
914	536.733704	785.463379	59.465347	111.084381	0.000000	0.000000	3.750000	-347.986481	-1148.256226
915	-487.318237	752.872559	-66.551010	109.338173	0.000000	0.000000	3.750000	431.082001	-1153.195557
916	635.764648	277.899933	117.391891	33.211319	0.000000	0.000000	3.750000	-954.690735	-94.273201
917	682.940125	101.000168	134.148224	32.369911	0.000000	0.000000	3.750000	-928.601074	-6.305393
918	236.135468	-184.815872	127.317627	-34.823845	0.000000	0.000000	3.750000	-374.139252	211.688873
919	-60.911919	-114.379524	-81.427979	-64.693428	0.000000	0.000000	3.750000	238.005066	155.626450
920	159.533813	27.660070	75.400238	115.578827	0.000000	0.000000	3.750000	-115.969643	-138.702347
921	-58.799847	-615.558411	-21.702171	-101.710075	0.000000	0.000000	3.750000	92.853851	411.098511
922	416.281372	-464.525513	84.941513	-87.572464	0.000000	0.000000	3.750000	-637.132996	622.830811
923	166.860016	-651.911377	29.341133	-106.014542	0.000000	0.000000	3.750000	-163.925049	824.278076
924	480.037659	838.654724	72.447784	131.343536	0.000000	0.000000	3.750000	-362.579163	-1046.929443
925	559.760254	-476.143494	85.458496	-66.036118	0.000000	0.000000	3.750000	-780.802185	421.338135
926	-311.206787	-129.745697	-95.905563	-4.247450	0.000000	0.000000	3.750000	471.251923	96.241188
927	80.319878	392.971130	2.914484	117.963997	0.000000	0.000000	3.750000	-9.688765	-728.525635
928	-780.143921	-499.972076	-106.275253	-74.870331	0.000000	0.000000	3.750000	1592.402344	1053.562012
929	-682.829956	220.846802	-99.846268	59.047985	0.000000	0.000000	3.750000	868.835388	-359.924011
930	-732.201538	-505.276611	-120.697800	-92.390450	0.000000	0.000000	3.750000	853.050354	538.895752
931	428.556824	-854.272583	73.529167	-121.480240	0.000000	0.000000	3.750000	-511.970551	941.455872
932	773.892822	202.008743	145.664886	49.975002	0.000000	0.000000	3.750000	-799.416870	-145.637115
933	234.662216	51.629238	119.924576	4.044803	0.000000	0.000000	3.750000	-285.085175	50.899704
934	-619.398926	-738.600647	-96.977203	-98.180534	0.000000	0.000000	3.750000	784.145569	857.051575
935	761.398071	172.193115	109.869888	37.209415	0.000000	0.000000	3.750000	-945.544006	-178.672104
936	565.957764	-354.748260	105.654114	-91.852951	0.000000	0.000000	3.750000	-288.796844	269.632599
937	232.179413	-133.949692	116.622559	-17.975391	0.000000	0.000000	3.750000	-469.955383	108.244690
938	85.121735	-455.449890	27.837730	-131.073029	0.000000	0.000000	3.750000	-232.777496	454.075653
939	115.072716	-430.090240	19.389679	-138.650696	0.000000	0.000000	3.750000	-66.764153	561.263916
940	-454.681122	-106.205872	-121.707596	-32.607491	0.000000	0.000000	3.750000	659.993164	142.536896
941	-94.946953	-93.787628	-87.795990	131.311371	0.000000	0.000000	3.750000	75.292412	-254.469299
942	663.352112	743.144409	86.516762	99.693619	0.000000	0.000000	3.750000	-667.696777	-957.743835
943	-335.580444	681.822815	-51.632355	106.103714	0.000000	0.000000	3.750000	317.787506	-1041.801758
944	-450.625275	-221.954422	-92.312874	-47.899025	0.000000	0.000000	3.750000	1107.714478	464.345703
945	481.655609	-416.649658	91.112625	-87.031540	0.000000	0.000000	3.750000	-442.365967	437.975739
946	5.998702	8.348351	89.890602	-71.463570	0.000000	0.000000	3.750000	-6.887223	14.468816
947	-203.011475	-230.380478	-111.274307	-81.620338	0.000000	0.000000	3.750000	350.764374	225.171143
948	-468.717407	-599.493958	-68.852463	-83.206337	0.000000	0.000000	3.750000	556.677795	952.470154
949	657.741760	-492.590576	94.487244	-73.973618	0.000000	0.000000	3.750000	-654.756165	376.620056
950	-666.834045	489.326538	-92.421295	79.638016	0.000000	0.000000	3.750000	414.965912	-443.392670
951	486.566986	488.440125	91.705063	77.395981	0.000000	0.000000	3.750000	-715.032532	-729.871338
952	-397.036987	-21.286444	-107.995224	0.873851	0.000000	0.000000	3.750000	499.366272	76.754364
953	-560.580750	437.688171	-109.743423	102.256409	0.000000	0.000000	3.750000	755.929565	-690.677246
954	577.507690	495.970062	86.900223	82.754395	0.000000	0.000000	3.750000	-598.066650	-721.303101
955	-629.222900	-623.606140	-82.187378	-79.001411	0.000000	0.000000	3.750000	836.231140	674.124207
956	-556.846252	-38.598576	-143.952866	-3.654872	0.000000	0.000000	3.750000	585.439636	85.746162
957	219.309937	-686.576233	23.609488	-129.871185	0.000000	0.000000	3.750000	-78.941780	1012.195984
958	66.126572	433.070679	-7.754793	121.753136	0.000000	0.000000	3.750000	-20.554369	-659.565308
959	-572.384460	99.637970	-100.350082	27.309875	0.000000	0.000000	3.750000	664.813538	-98.009140
960	-586.851746	512.689636	-101.630592	87.333923	0.000000	0.000000	3.750000	703.796265	-656.391846
961	697.629150	308.807739	108.388382	55.999321	0.000000	0.000000	3.750000	-856.173767	-346.060333
962	-496.997620	-564.076111	-108.207893	-103.879715	0.000000	0.000000	3.750000	596.858215	494.222076
963	-732.633667	-244.945175	-130.181503	-45.789024	0.000000	0.000000	3.750000	465.050446	177.768875
964	-360.412231	-783.951111	-52.706459	-123.198814	0.000000	0.000000	3.750000	300.732635	1060.677612
965	99.094589	-236.109512	36.598141	-88.749214	0.000000	0.000000	3.750000	-164.165314	298.670929
966	604.158142	-314.155640	123.094894	-41.801575	0.000000	0.000000	3.750000	-776.803284	462.206757
967	-396.859192	-762.694519	-74.872375	-101.341278	0.000000	0.000000	3.750000	484.146729	922.888489
968	681.207520	-167.286346	123.394608	-25.489155	0.000000	0.000000	3.750000	-904.502441	100.393295
969	528.091431	228.416336	96.192657	61.174374	0.000000	0.000000	3.750000	-308.966248	-90.418282
970	-470.326324	423.368774	-87.512421	87.849739	0.000000	0.000000	3.750000	684.649536	-678.644165
971	340.483246	-218.020065	108.180992	-41.867088	0.000000	0.000000	3.750000	-589.329102	195.317337
972	-325.754730	-442.712311	-82.030884	-84.822823	0.000000	0.000000	3.750000	678.310181	605.862305
973	-17.353687	346.325317	19.704649	108.220688	0.000000	0.000000	3.750000	-88.354866	-659.816284
974	-634.975586	122.797562	-121.746429	39.519691	0.000000	0.000000	3.750000	832.517029	-257.828949
975	-286.917419	-220.829025	-66.100601	-114.256401	0.000000	0.000000	3.750000	204.684067	505.447296
976	-76.261856	-558.200623	-60.558395	-128.437408	0.000000	0.000000	3.750000	155.030716	593.624390
977	-911.118164	281.866455	-130.486664	44.912518	0.000000	0.000000	3.750000	1161.367188	-227.951340
978	169.902008	-625.334167	22.327984	-117.904427	0.000000	0.000000	3.750000	-117.220703	536.875427
979	-586.485291	398.414093	-80.771172	62.289764	0.000000	0.000000	3.750000	1399.773926	-966.132324
980	-415.840332	6.751080	-99.713669	21.473143	0.000000	0.000000	3.750000	713.780640	-32.714222
981	-475.458618	-862.554443	-64.249580	-126.632835	0.000000	0.000000	3.750000	377.256226	1148.176514
982	685.595581	-50.510658	100.282227	-18.640594	0.000000	0.000000	3.750000	-997.359741	225.544678
983	-640.288330	454.685333	-93.658974	71.777397	0.000000	0.000000	3.750000	766.032166	-565.114746
984	592.476379	470.673889	89.747757	91.264618	0.000000	0.000000	3.750000	-595.024292	-839.611694
985	-80.632690	-562.530151	3.988995	-103.922371	0.000000	0.000000	3.750000	9.882432	347.596619
986	135.087814	-422.628632	52.438797	-101.223358	0.000000	0.000000	3.750000	-313.055725	645.386902
987	-27.220592	708.748474	-13.419764	129.305481	0.000000	0.000000	3.750000	81.486320	-1057.511963
988	130.837708	-822.571045	4.943143	-127.904510	0.000000	0.000000	3.750000	-30.095676	1146.433594
989	383.351685	409.216888	103.196198	82.307541	0.000000	0.000000	3.750000	-586.347290	-417.268097
990	146.030685	-722.792847	33.739376	-115.159241	0.000000	0.000000	3.750000	-288.221436	902.871704
991	750.496704	-617.916260	87.823135	-90.349846	0.000000	0.000000	3.750000	-801.620483	869.481812
992	-144.734497	708.462219	-28.495876	114.507431	0.000000	0.000000	3.750000	159.779572	-1063.175049
993	356.166504	665.102783	44.546623	104.935684	0.000000	0.000000	3.750000	-215.522171	-965.808533
994	-620.638428	292.937683	-106.008713	60.382820	0.000000	0.000000	3.750000	874.467712	-344.758972
995	563.684814	-514.968750	97.594299	-76.492477	0.000000	0.000000	3.750000	-717.147400	359.866425
996	-296.159637	-959.430481	-62.178307	-138.699997	0.000000	0.000000	3.750000	299.478027	1051.581787
997	-319.488922	-456.608612	-79.861252	-81.352188	0.000000	0.000000	3.750000	421.249939	455.083893
998	-69.265800	-418.878448	-16.111824	-122.948044	0.000000	0.000000	3.750000	1.432343	89.018219
999	-543.862488	-271.486755	-101.586197	-47.161438	0.000000	0.000000	3.750000	843.354553	283.378174
