node	a_force.x	a_force.y	g_force.x	g_force.y	r_force.x	r_force.y	global_speed	move_node.x	move_node.y
0	-1213.303467	588.993042	-166.151184	102.041245	0.000000	0.000000	7.125000	497.416626	-239.521637
1	-1010.015686	-526.342102	-180.320297	-65.941963	0.000000	0.000000	7.125000	388.632782	133.784561
2	1137.266846	-170.396606	184.231720	-25.566433	0.000000	0.000000	7.125000	-375.965057	72.109329
3	763.421692	966.864746	108.108749	136.338440	0.000000	0.000000	7.125000	-423.704590	-596.031372
4	-47.621666	-1146.346680	-16.921820	-191.251801	0.000000	0.000000	7.125000	25.640013	547.661499
5	-293.656403	1295.290894	-13.069157	203.573273	0.000000	0.000000	7.125000	-30.297438	-628.064087
6	-725.280090	-574.488586	-130.332626	-149.047653	0.000000	0.000000	7.125000	265.329834	340.477722
7	980.100586	-822.012207	125.975937	-111.148773	0.000000	0.000000	7.125000	-355.649872	298.639374
8	1308.125244	-1018.335144	168.801163	-139.515717	0.000000	0.000000	7.125000	-410.126221	294.473846
9	1140.326660	355.979126	174.923553	71.565872	0.000000	0.000000	7.125000	-411.720673	-131.781937
10	220.670975	-1294.788574	38.545715	-181.938904	0.000000	0.000000	7.125000	-64.299706	449.579071
11	352.745422	-1127.850098	52.930721	-187.678787	0.000000	0.000000	7.125000	-140.332428	453.510284
12	386.848236	1263.068481	36.059715	203.824005	0.000000	0.000000	7.125000	-31.564768	-430.706085
13	717.052063	-809.312500	141.710434	-154.976974	0.000000	0.000000	7.125000	-215.309982	255.979736
14	-423.461151	64.997543	-173.329681	15.126072	0.000000	0.000000	7.125000	238.228683	-2.346256
15	-1521.800171	-290.276123	-215.103210	-65.971497	0.000000	0.000000	7.125000	532.491943	109.511864
16	-489.209412	-962.304932	-96.550995	-169.391586	0.000000	0.000000	7.125000	152.927383	397.239014
17	798.975708	-898.713867	103.694107	-165.143951	0.000000	0.000000	7.125000	-239.935623	376.390350
18	271.487244	137.853928	141.381668	96.180542	0.000000	0.000000	7.125000	-223.888718	-173.345993
19	-846.354492	-974.864990	-123.606216	-130.846436	0.000000	0.000000	7.125000	300.604187	348.545441
20	491.279999	296.586243	160.838837	73.859589	0.000000	0.000000	7.125000	-188.696655	-68.952965
21	-981.307312	1134.982056	-130.751984	148.677322	0.000000	0.000000	7.125000	222.872040	-369.126129
22	780.229248	-891.134521	105.886139	-126.542526	0.000000	0.000000	7.125000	-290.014587	361.909729
23	-1023.602539	956.392456	-145.528137	125.239777	0.000000	0.000000	7.125000	457.496246	-336.941254
24	-850.570801	940.680054	-121.462532	140.858688	0.000000	0.000000	7.125000	128.204559	-192.520248
25	29.342207	558.570557	23.722269	181.455917	0.000000	0.000000	7.125000	-40.206894	-313.535248
26	946.693726	-842.058533	136.145981	-103.461319	0.000000	0.000000	7.125000	-374.348785	238.470154
27	962.041626	-59.656025	215.682495	11.461359	0.000000	0.000000	7.125000	-377.563904	46.056324
28	-1483.027344	43.053993	-220.439789	26.270176	0.000000	0.000000	7.125000	714.681396	-78.465645
29	736.300354	-426.589752	140.506195	-102.595642	0.000000	0.000000	7.125000	-246.479980	140.299026
30	-1180.951294	395.445679	-183.579208	101.934235	0.000000	0.000000	7.125000	802.670776	-277.462982
31	569.989258	-460.628143	156.905960	-110.638702	0.000000	0.000000	7.125000	-184.397476	113.811981
32	1230.445801	-540.757568	213.525284	-60.752502	0.000000	0.000000	7.125000	-369.945435	5.267715
33	92.009811	-72.867813	128.395691	157.449890	0.000000	0.000000	7.125000	-16.280588	-97.903397
34	1345.766235	222.654404	202.798950	54.380417	0.000000	0.000000	7.125000	-924.811035	10.689812
35	702.472351	128.763794	149.129883	152.072632	0.000000	0.000000	7.125000	-248.363342	-248.429306
36	-909.909424	437.660156	-147.896271	85.833488	0.000000	0.000000	7.125000	316.142975	-117.520714
37	91.775490	-994.457886	42.797745	-168.653656	0.000000	0.000000	7.125000	-85.561821	394.113525
38	622.127563	448.457458	169.084702	134.402679	0.000000	0.000000	7.125000	-185.330109	9.198668
39	1261.297241	946.487122	178.336716	132.209198	0.000000	0.000000	7.125000	-653.433289	-411.265747
40	238.935547	20.701052	230.376266	-16.512033	0.000000	0.000000	7.125000	-178.745468	27.322235
41	271.700195	245.554688	189.223083	126.926575	0.000000	0.000000	7.125000	-144.271622	-138.296799
42	476.617371	-296.962006	130.220551	-101.328262	0.000000	0.000000	7.125000	-225.693298	88.821846
43	-1234.402832	656.567627	-200.973145	79.118065	0.000000	0.000000	7.125000	581.178589	-136.804947
44	1108.945801	653.343811	157.600525	109.659912	0.000000	0.000000	7.125000	-601.328491	-386.679321
45	1101.126221	-1062.178711	138.093307	-133.390808	0.000000	0.000000	7.125000	-362.474060	332.290131
46	109.477829	590.694336	54.282387	171.612732	0.000000	0.000000	7.125000	-66.638657	-167.263184
47	-598.512024	28.551651	-201.447937	-77.910042	0.000000	0.000000	7.125000	219.572250	73.197830
48	-1239.764160	1252.906738	-173.444275	161.504700	0.000000	0.000000	7.125000	484.331055	-430.651917
49	991.842285	-1073.489502	131.062500	-131.978439	0.000000	0.000000	7.125000	-331.025848	340.269165
50	315.962646	410.650452	82.298958	142.959885	0.000000	0.000000	7.125000	-43.113102	-212.431519
51	356.291443	672.370178	70.862663	162.089508	0.000000	0.000000	7.125000	-83.838898	-316.936890
52	-714.417664	-855.491943	-115.219002	-145.957520	0.000000	0.000000	7.125000	166.661697	244.439529
53	584.781006	840.088623	85.509186	123.231232	0.000000	0.000000	7.125000	-188.705826	-327.553436
54	948.895386	703.521912	134.475174	105.627457	0.000000	0.000000	7.125000	-279.254913	-246.055939
55	972.522827	-22.656590	176.993347	0.951157	0.000000	0.000000	7.125000	-327.104523	26.054287
56	-872.219971	-342.750061	-228.507904	-91.064590	0.000000	0.000000	7.125000	313.263428	166.009628
57	-891.596558	1127.308594	-133.459930	138.029739	0.000000	0.000000	7.125000	294.829041	-408.773163
58	626.644775	-832.589050	106.604652	-129.841644	0.000000	0.000000	7.125000	-217.935272	266.545319
59	361.671722	799.034302	92.689735	188.342941	0.000000	0.000000	7.125000	-55.602386	-358.532684
60	1203.442017	175.429703	190.850510	52.661793	0.000000	0.000000	7.125000	-470.994263	-72.060860
61	688.216797	-191.976791	203.499207	-13.823149	0.000000	0.000000	7.125000	-362.131989	86.063637
62	-354.657501	-1112.624756	-112.829254	-177.100647	0.000000	0.000000	7.125000	184.663879	373.559662
63	1264.814819	-425.785217	187.208099	-73.171471	0.000000	0.000000	7.125000	-476.705353	159.468262
64	-802.594055	1016.725098	-121.137253	133.136337	0.000000	0.000000	7.125000	221.654510	-297.494904
65	-466.198212	323.858948	-119.355850	122.402367	0.000000	0.000000	7.125000	181.546173	-236.471191
66	57.444534	1273.706177	18.201221	194.148621	0.000000	0.000000	7.125000	-77.774017	-565.899170
67	-256.152588	990.026245	-47.812607	219.859131	0.000000	0.000000	7.125000	63.986153	-399.341217
68	-918.209900	-599.531433	-165.931595	-118.670578	0.000000	0.000000	7.125000	350.821686	234.651291
69	848.165283	-932.122559	117.688766	-151.697464	0.000000	0.000000	7.125000	-263.276245	412.038422
70	-1201.508179	534.839478	-200.683136	79.887741	0.000000	0.000000	7.125000	495.143494	-161.195602
71	356.655701	-235.159607	115.189651	-122.169746	0.000000	0.000000	7.125000	-127.202362	223.772598
72	-1182.865967	471.604614	-188.938751	68.559593	0.000000	0.000000	7.125000	456.881042	-116.751930
73	-338.232849	1221.814331	-62.801208	184.587753	0.000000	0.000000	7.125000	167.740097	-716.279541
74	480.754883	1159.597168	83.511757	149.214249	0.000000	0.000000	7.125000	-174.403610	-401.811005
75	350.225037	516.868652	101.020187	148.979355	0.000000	0.000000	7.125000	-268.236481	-418.483429
76	436.696442	-257.588318	175.441345	-131.069519	0.000000	0.000000	7.125000	-263.909912	173.174438
77	-374.644684	705.996826	-78.085205	106.422768	0.000000	0.000000	7.125000	188.412125	-369.835144
78	272.981354	-1131.822144	53.431625	-224.729401	0.000000	0.000000	7.125000	-152.175568	547.963440
79	-837.260376	523.822021	-186.792114	119.919281	0.000000	0.000000	7.125000	322.407196	-178.289520
80	-1114.458374	122.211342	-187.132172	26.460243	0.000000	0.000000	7.125000	433.008759	-20.644138
81	-542.577271	342.206696	-144.662720	116.907112	0.000000	0.000000	7.125000	204.709671	-152.261429
82	140.371399	854.029846	12.843386	167.507996	0.000000	0.000000	7.125000	-12.414673	-318.764618
83	-171.258606	608.547363	-39.582268	181.710220	0.000000	0.000000	7.125000	44.110737	-190.831665
84	-988.035950	-364.384918	-136.166473	-69.765488	0.000000	0.000000	7.125000	369.523193	163.272278
85	873.003601	-1099.881104	143.033875	-165.837387	0.000000	0.000000	7.125000	-382.922791	434.025269
86	1136.911011	-219.292816	163.961884	-36.611649	0.000000	0.000000	7.125000	-404.135803	81.612831
87	163.819946	-1120.930786	17.044867	-176.177002	0.000000	0.000000	7.125000	-20.526491	447.245758
88	-1025.558350	833.230469	-134.482117	124.111038	0.000000	0.000000	7.125000	333.662994	-281.585999
89	780.648926	502.858276	117.404861	98.100151	0.000000	0.000000	7.125000	-293.731384	-305.821350
90	987.023804	-41.422348	157.669037	20.408258	0.000000	0.000000	7.125000	-400.782410	-2.871914
91	260.841858	17.713131	173.615021	65.993446	0.000000	0.000000	7.125000	-104.375565	-87.878784
92	1390.355103	719.571899	189.858093	103.004372	0.000000	0.000000	7.125000	-598.157837	-311.846222
93	-380.230286	223.133942	-146.298843	94.187492	0.000000	0.000000	7.125000	196.700714	-132.064362
94	1118.312622	189.018021	172.135300	62.115196	0.000000	0.000000	7.125000	-429.428284	-141.632217
95	-711.288208	1217.028809	-90.075546	169.532471	0.000000	0.000000	7.125000	171.503708	-479.538818
96	-888.519287	325.308960	-191.835327	49.019341	0.000000	0.000000	7.125000	239.673477	-68.093040
97	142.604736	644.346191	78.574219	165.199524	0.000000	0.000000	7.125000	-42.708130	-221.078445
98	-360.286438	-1307.314331	-67.751480	-198.760483	0.000000	0.000000	7.125000	117.371544	521.879639
99	-185.792755	-306.490997	-93.775208	-170.933411	0.000000	0.000000	7.125000	61.608093	131.552109
100	-339.820068	-695.474243	-100.420578	-152.983856	0.000000	0.000000	7.125000	177.843994	340.988770
101	263.696625	-644.160217	40.039352	-196.957794	0.000000	0.000000	7.125000	-107.488983	307.592072
102	525.843384	-1208.595215	72.159409	-187.598328	0.000000	0.000000	7.125000	-182.419968	452.451721
103	-664.831665	745.755310	-155.896698	149.506500	0.000000	0.000000	7.125000	266.519409	-253.700195
104	-1328.539185	-887.730713	-179.295258	-109.309052	0.000000	0.000000	7.125000	455.270050	218.805389
105	154.468689	1141.547119	22.095879	193.718246	0.000000	0.000000	7.125000	-49.805054	-427.180573
106	470.451477	-884.373169	83.303688	-135.426758	0.000000	0.000000	7.125000	-202.486618	385.114197
107	-322.756073	774.160217	-65.742912	170.782944	0.000000	0.000000	7.125000	110.190056	-298.316040
108	842.723938	722.800049	131.447388	122.969330	0.000000	0.000000	7.125000	-309.242676	-298.041992
109	-777.410767	620.819336	-118.685959	135.326660	0.000000	0.000000	7.125000	210.829498	-258.539795
110	-106.103149	-20.867439	-186.634613	-23.395786	0.000000	0.000000	7.125000	19.616268	23.637953
111	694.426086	534.215149	136.021286	103.626495	0.000000	0.000000	7.125000	-453.322754	-334.251923
112	-1424.430420	-379.404083	-220.834930	-67.754593	0.000000	0.000000	7.125000	531.958801	121.970772
113	-301.879150	-112.136063	-118.970215	-114.313599	0.000000	0.000000	7.125000	67.477936	133.226562
114	-353.230225	1059.503052	-35.110489	203.976135	0.000000	0.000000	7.125000	73.349106	-763.009094
115	684.771729	709.287964	138.477692	114.994507	0.000000	0.000000	7.125000	-377.271301	-386.357697
116	-1272.890381	-368.803284	-188.227142	-61.409393	0.000000	0.000000	7.125000	315.926941	4.155814
117	-1206.836548	490.283081	-165.859329	90.570374	0.000000	0.000000	7.125000	315.333435	-91.839897
118	-131.188873	-349.620026	-33.071815	-161.650970	0.000000	0.000000	7.125000	32.550396	235.216949
119	-193.127090	-275.387970	-73.500732	-169.848480	0.000000	0.000000	7.125000	-17.091431	92.859306
120	68.761124	-1213.734131	-1.759945	-173.988800	0.000000	0.000000	7.125000	4.341257	439.874817
121	-260.065247	-795.332581	-89.849525	-176.380280	0.000000	0.000000	7.125000	106.028770	424.222870
122	-1339.838867	822.327698	-176.427338	134.749374	0.000000	0.000000	7.125000	609.367188	-432.275940
123	859.806580	912.638062	110.383270	118.572876	0.000000	0.000000	7.125000	-333.711517	-349.717957
124	366.364532	-969.215820	75.543579	-179.772339	0.000000	0.000000	7.125000	-158.863419	388.485626
125	755.451721	-1156.505615	102.421120	-162.397278	0.000000	0.000000	7.125000	-231.664688	427.724121
126	791.175354	-119.478516	188.917389	1.729070	0.000000	0.000000	7.125000	-305.133392	74.328659
127	735.510864	879.344604	131.270782	144.157776	0.000000	0.000000	7.125000	-214.470474	-364.744110
128	850.410767	-702.763794	139.663483	-108.728149	0.000000	0.000000	7.125000	-331.720673	214.227768
129	-858.923706	-581.870483	-159.759125	-111.811859	0.000000	0.000000	7.125000	365.095398	258.084137
130	-1203.584351	-1058.561279	-139.027924	-145.158417	0.000000	0.000000	7.125000	311.035614	363.016357
131	-1201.278442	-762.240417	-166.840881	-127.530785	0.000000	0.000000	7.125000	406.604279	305.890869
132	-273.081696	-992.390991	-35.836491	-176.395996	0.000000	0.000000	7.125000	70.077911	321.614838
133	1209.503662	1154.644775	175.102615	150.665253	0.000000	0.000000	7.125000	-465.138611	-349.771851
134	-421.045288	-391.380951	-176.926498	-162.151306	0.000000	0.000000	7.125000	212.210236	139.453522
135	-501.474915	980.503662	-64.593025	168.011139	0.000000	0.000000	7.125000	85.324852	-324.278168
136	-18.259647	525.030396	-42.551903	187.177948	0.000000	0.000000	7.125000	15.427813	-248.008804
137	-901.465698	-42.907036	-192.959763	44.343819	0.000000	0.000000	7.125000	339.372681	-49.562878
138	-2.020060	-1159.283447	-9.089733	-194.785919	0.000000	0.000000	7.125000	44.946835	432.335632
139	348.335266	-1171.097168	35.088223	-185.710922	0.000000	0.000000	7.125000	-92.846901	556.125671
140	-371.355530	-318.007599	-128.988113	-134.006302	0.000000	0.000000	7.125000	174.741760	187.304214
141	-588.713440	-1149.773804	-102.975189	-147.622971	0.000000	0.000000	7.125000	219.634277	406.059875
142	654.014587	869.445251	94.267838	131.748108	0.000000	0.000000	7.125000	-296.724091	-393.084503
143	895.238159	609.923889	145.462418	84.045135	0.000000	0.000000	7.125000	-372.560455	-165.472382
144	-689.228210	-912.444885	-111.322235	-141.445831	0.000000	0.000000	7.125000	143.289627	256.099792
145	-1158.208740	-513.775757	-160.002426	-82.427040	0.000000	0.000000	7.125000	500.026855	205.099335
146	-777.176025	-791.548462	-112.426262	-128.845474	0.000000	0.000000	7.125000	311.048096	382.775146
147	-176.625595	166.828217	-122.143860	119.654884	0.000000	0.000000	7.125000	201.030197	-231.952881
148	-968.158142	-358.132355	-190.930969	-87.437576	0.000000	0.000000	7.125000	381.841278	155.539917
149	-238.549515	454.444122	-71.370438	181.465073	0.000000	0.000000	7.125000	97.577423	-246.942719
150	664.259644	867.620667	128.219055	134.719025	0.000000	0.000000	7.125000	-271.896881	-369.023895
151	201.155838	-603.912720	20.362930	-166.761169	0.000000	0.000000	7.125000	-39.339458	318.122498
152	191.262024	621.321106	-0.528390	200.990326	0.000000	0.000000	7.125000	-43.629745	-301.400665
153	579.878845	1045.601685	95.075241	145.722076	0.000000	0.000000	7.125000	-241.078339	-417.423248
154	855.693237	-441.158936	164.445862	-56.861092	0.000000	0.000000	7.125000	-345.344208	129.245178
155	-947.232422	-708.408630	-130.483856	-110.521317	0.000000	0.000000	7.125000	354.031128	305.964539
156	659.606384	-531.916321	132.631516	-130.397858	0.000000	0.000000	7.125000	-186.940964	200.903183
157	-872.673584	183.116867	-199.623230	54.735321	0.000000	0.000000	7.125000	533.940857	-179.709412
158	-687.960510	-957.419373	-91.513359	-154.996994	0.000000	0.000000	7.125000	194.623062	398.512573
159	-640.536743	-149.966675	-207.002441	-61.692471	0.000000	0.000000	7.125000	254.691895	76.509087
160	-821.149353	-393.633423	-141.229614	-79.351974	0.000000	0.000000	7.125000	292.246429	132.084869
161	548.373230	-312.537323	137.780777	-111.078857	0.000000	0.000000	7.125000	-230.179947	162.494995
162	-226.038651	-1251.264282	-39.183559	-212.407410	0.000000	0.000000	7.125000	32.767502	490.074310
163	1126.185913	212.882706	180.075089	57.382233	0.000000	0.000000	7.125000	-367.066010	-91.409164
164	39.487606	-398.706909	-26.585133	-202.252533	0.000000	0.000000	7.125000	59.890556	52.700653
165	-682.569702	-503.091309	-129.325653	-120.829269	0.000000	0.000000	7.125000	303.026367	232.812225
166	-861.633850	615.940857	-135.050583	114.412727	0.000000	0.000000	7.125000	307.042450	-226.520706
167	-206.517090	501.680450	3.719424	176.956573	0.000000	0.000000	7.125000	-20.233717	-330.789368
168	-147.934814	-572.344177	-24.806444	-217.567383	0.000000	0.000000	7.125000	-94.283859	255.346481
169	354.585480	-439.267181	91.735893	-147.852219	0.000000	0.000000	7.125000	-172.295731	264.878418
170	735.211670	873.095215	153.497528	160.282578	0.000000	0.000000	7.125000	-302.113220	-525.462341
171	-17.741821	-94.196045	-173.676895	-106.976395	0.000000	0.000000	7.125000	171.550430	91.418976
172	844.274780	191.664597	144.941254	38.591797	0.000000	0.000000	7.125000	-280.677948	-33.297970
173	-1040.308594	-576.604858	-153.369308	-82.181496	0.000000	0.000000	7.125000	316.820740	153.353775
174	568.445923	-474.644287	149.608643	-115.456177	0.000000	0.000000	7.125000	-253.913742	169.514725
175	479.253601	1000.684692	72.727509	167.918823	0.000000	0.000000	7.125000	-188.312317	-268.603363
176	417.762482	-492.000610	136.032959	-126.771385	0.000000	0.000000	7.125000	-144.366882	215.448257
177	-617.342224	-1065.837769	-86.359390	-157.914429	0.000000	0.000000	7.125000	163.055923	435.592896
178	-193.937027	-935.050293	-8.201208	-200.832428	0.000000	0.000000	7.125000	29.471413	432.577759
179	281.972595	1156.370605	70.001846	165.816223	0.000000	0.000000	7.125000	-157.282898	-510.201416
180	94.099960	1183.458008	12.825621	179.535522	0.000000	0.000000	7.125000	11.197190	-532.563660
181	-768.251465	696.383240	-172.894257	129.461029	0.000000	0.000000	7.125000	380.107574	-312.962646
182	654.928223	619.548889	138.918732	136.811050	0.000000	0.000000	7.125000	-245.491165	-274.020142
183	-414.902039	-868.268066	-89.009018	-173.442032	0.000000	0.000000	7.125000	127.683395	434.726349
184	-928.187927	1027.074097	-122.807648	135.673126	0.000000	0.000000	7.125000	230.220642	-302.055725
185	93.088776	481.088348	0.370532	143.998260	0.000000	0.000000	7.125000	20.720312	-291.193329
186	433.019135	1390.178711	88.596268	187.069702	0.000000	0.000000	7.125000	-217.496582	-557.748169
187	-773.619995	526.540344	-151.259232	108.241318	0.000000	0.000000	7.125000	216.382126	-164.059464
188	35.572075	-858.567200	45.456627	-180.345459	0.000000	0.000000	7.125000	-90.166039	310.638733
189	1144.123169	-591.414062	167.156570	-81.576202	0.000000	0.000000	7.125000	-476.555878	237.023163
190	347.942993	413.942047	99.293388	178.160187	0.000000	0.000000	7.125000	-89.647247	-227.648315
191	-1010.910706	-686.854797	-150.625793	-141.988144	0.000000	0.000000	7.125000	400.601257	360.203247
192	1434.023071	-52.528339	203.284210	-17.074038	0.000000	0.000000	7.125000	-529.389587	36.825321
193	-659.621033	18.476629	-179.438721	-13.998219	0.000000	0.000000	7.125000	283.511383	50.497341
194	456.946991	1302.875488	50.145737	194.638641	0.000000	0.000000	7.125000	-94.700539	-544.321899
195	-36.370735	-891.401123	-22.291769	-172.559448	0.000000	0.000000	7.125000	29.391272	361.960907
196	1062.967651	524.699280	174.918121	71.556046	0.000000	0.000000	7.125000	-335.133270	-107.207237
197	1038.508179	425.229492	158.583038	85.132614	0.000000	0.000000	7.125000	-402.732422	-143.923752
198	-196.104828	-650.476868	-48.861755	-191.876236	0.000000	0.000000	7.125000	70.929932	339.748383
199	1054.226562	-16.065701	161.915512	-5.231386	0.000000	0.000000	7.125000	-399.582184	7.105741
200	-889.158936	-244.126907	-197.758362	-50.074982	0.000000	0.000000	7.125000	344.609039	98.240395
201	-717.544678	1135.302734	-102.943207	179.580322	0.000000	0.000000	7.125000	209.712845	-469.445648
202	-352.275055	142.717392	-137.471268	-11.654657	0.000000	0.000000	7.125000	203.437973	51.972317
203	27.397652	1162.667847	45.876396	186.432953	0.000000	0.000000	7.125000	-98.871956	-477.861969
204	668.554993	22.794090	188.921646	34.229111	0.000000	0.000000	7.125000	-334.370514	-25.857182
205	-903.859802	-759.111694	-188.103699	-112.148628	0.000000	0.000000	7.125000	347.746429	194.732254
206	-720.609741	-265.906067	-142.484100	-46.883331	0.000000	0.000000	7.125000	276.670441	71.632812
207	-36.566357	-839.687500	18.735832	-176.004547	0.000000	0.000000	7.125000	-60.505943	212.259964
208	857.847717	670.812378	123.361755	114.043137	0.000000	0.000000	7.125000	-327.134918	-339.329712
209	542.280457	-5.492281	174.753769	-27.822823	0.000000	0.000000	7.125000	-228.307922	95.619308
210	1050.744141	-1075.895264	137.321747	-170.597534	0.000000	0.000000	7.125000	-369.942230	519.729370
211	295.732391	637.218933	71.591476	135.195801	0.000000	0.000000	7.125000	-91.825218	-294.667725
212	588.972595	-49.474670	152.974243	1.245491	0.000000	0.000000	7.125000	-281.390686	41.110428
213	-50.509766	-931.230530	-26.187813	-202.310074	0.000000	0.000000	7.125000	22.346840	353.625397
214	793.004089	-276.991241	164.943970	-85.957268	0.000000	0.000000	7.125000	-201.850235	107.607651
215	519.757202	1041.264282	82.870468	163.160889	0.000000	0.000000	7.125000	-213.996384	-439.353821
216	621.810730	1051.173462	93.597290	146.666077	0.000000	0.000000	7.125000	-553.144836	-1113.629272
217	876.025146	-782.783813	134.261993	-137.241333	0.000000	0.000000	7.125000	-337.427612	289.301636
218	-39.609283	49.156357	-69.669762	-169.011398	0.000000	0.000000	7.125000	15.281213	148.262100
219	-1172.953247	-639.851135	-164.386337	-110.366768	0.000000	0.000000	7.125000	453.936340	366.953461
220	1137.116455	-526.247803	155.451859	-78.167648	0.000000	0.000000	7.125000	-448.046356	200.201538
221	-11.390121	-922.702087	12.793554	-182.539536	0.000000	0.000000	7.125000	7.251598	215.058502
222	383.501648	-1321.152588	68.489441	-198.517181	0.000000	0.000000	7.125000	-151.214294	472.386658
223	-513.676697	-100.781380	-182.826691	-6.329136	0.000000	0.000000	7.125000	243.865829	67.987770
224	998.148071	1295.439941	135.505203	168.199371	0.000000	0.000000	7.125000	-303.070679	-465.875641
225	1186.783569	610.218933	185.708221	76.864258	0.000000	0.000000	7.125000	-524.117126	-125.465744
226	-1188.156006	489.713898	-184.657379	52.544437	0.000000	0.000000	7.125000	770.916016	-98.715797
227	19.198700	1068.103516	-13.623753	179.478180	0.000000	0.000000	7.125000	5.749578	-394.248413
228	-830.055542	773.300720	-108.846115	131.862869	0.000000	0.000000	7.125000	158.081436	-312.877167
229	-946.035095	952.270874	-147.688385	136.325455	0.000000	0.000000	7.125000	429.778778	-427.059021
230	-364.283142	955.549438	-92.125244	168.452026	0.000000	0.000000	7.125000	173.850449	-375.868958
231	884.471313	-1259.839233	130.326080	-179.716904	0.000000	0.000000	7.125000	-280.373993	434.583221
232	667.005554	114.075058	163.783478	49.037323	0.000000	0.000000	7.125000	-273.689117	-14.985500
233	-570.500488	-634.743896	-113.464096	-123.888725	0.000000	0.000000	7.125000	179.617859	214.370804
234	-1237.684204	-304.671753	-178.442688	-52.444283	0.000000	0.000000	7.125000	485.929779	92.629402
235	-101.889587	-1404.931885	-6.359086	-200.899277	0.000000	0.000000	7.125000	13.494027	507.562225
236	329.282745	-1093.403198	38.293182	-163.576736	0.000000	0.000000	7.125000	-82.987152	619.572754
237	-788.573181	-510.211548	-126.750214	-85.692879	0.000000	0.000000	7.125000	361.786133	236.412308
238	-1160.229370	100.309113	-179.565887	-12.486259	0.000000	0.000000	7.125000	336.907928	19.040258
239	547.124634	1138.209717	90.847473	165.720093	0.000000	0.000000	7.125000	-133.044388	-383.227081
240	-142.745209	782.144531	-38.152306	194.248688	0.000000	0.000000	7.125000	-25.336050	-339.845062
241	301.512146	186.878098	223.407379	45.486591	0.000000	0.000000	7.125000	-307.577759	-70.146111
242	-365.729675	-931.135254	-60.472816	-159.947006	0.000000	0.000000	7.125000	125.662560	393.372711
243	-478.204102	102.631195	-179.110153	-17.526491	0.000000	0.000000	7.125000	144.148956	-9.819514
244	-1165.732544	88.255585	-176.497833	13.270010	0.000000	0.000000	7.125000	481.905212	-5.176911
245	-383.440491	-374.009186	-131.057266	-90.023926	0.000000	0.000000	7.125000	176.023315	116.850441
246	-177.866669	-1221.064453	-66.924820	-192.709198	0.000000	0.000000	7.125000	126.552124	411.389252
247	201.352829	-1027.062012	8.761588	-194.785614	0.000000	0.000000	7.125000	31.712696	613.042664
248	650.051147	988.056213	113.766907	172.912659	0.000000	0.000000	7.125000	-187.634552	-376.907867
249	-116.955917	863.073425	-47.148342	198.474915	0.000000	0.000000	7.125000	95.785553	-306.747742
250	-884.592651	1001.153442	-105.097992	138.643219	0.000000	0.000000	7.125000	249.805893	-468.025574
251	1058.642822	561.227661	125.519516	149.199402	0.000000	0.000000	7.125000	-262.041656	-380.630585
252	1210.757812	1047.419312	162.841431	146.435928	0.000000	0.000000	7.125000	-396.153503	-350.567291
253	-966.740295	-1192.528320	-132.846161	-142.728516	0.000000	0.000000	7.125000	182.396271	340.243652
254	-225.536285	691.097595	-68.693916	169.568054	0.000000	0.000000	7.125000	62.024311	-399.786560
255	1119.894775	651.801147	147.114792	92.898201	0.000000	0.000000	7.125000	-481.645386	-249.150131
256	-224.472290	500.935211	49.050850	191.745682	0.000000	0.000000	7.125000	-12.860918	-180.443451
257	-611.731995	1213.469727	-69.364136	198.152771	0.000000	0.000000	7.125000	804.953552	-3778.155029
258	697.943359	381.011902	136.988037	125.797867	0.000000	0.000000	7.125000	-336.243774	-347.858246
259	-352.288910	1149.675659	-54.617077	202.770554	0.000000	0.000000	7.125000	92.237320	-441.471313
260	-546.411987	866.439697	-124.375549	150.184616	0.000000	0.000000	7.125000	219.497482	-229.423904
261	-722.737671	409.873474	-171.223358	116.313812	0.000000	0.000000	7.125000	252.367584	-127.884285
262	855.379944	789.101074	149.794098	120.104271	0.000000	0.000000	7.125000	-262.878906	-176.690262
263	993.895142	320.652069	192.676468	29.844103	0.000000	0.000000	7.125000	-458.339691	2.986639
264	434.052002	-903.773376	72.278961	-181.100342	0.000000	0.000000	7.125000	-88.642433	209.382965
265	-465.731018	676.808350	-123.351151	151.028107	0.000000	0.000000	7.125000	216.179947	-268.505737
266	-900.979614	-1462.958008	-117.932602	-191.595749	0.000000	0.000000	7.125000	208.697586	493.362885
267	245.830688	-1158.922119	19.727932	-212.084198	0.000000	0.000000	7.125000	-5.193087	573.641968
268	1062.680786	108.686371	183.564392	29.869196	0.000000	0.000000	7.125000	-313.732086	-3.866917
269	-811.618286	-545.424744	-143.945969	-86.622894	0.000000	0.000000	7.125000	311.035492	176.226135
270	-264.197632	-824.533691	-58.690472	-176.492554	0.000000	0.000000	7.125000	122.132881	442.416077
271	-754.392029	1227.599731	-136.011658	152.032898	0.000000	0.000000	7.125000	173.937164	-219.178375
272	962.683167	-172.252640	196.643036	-23.046434	0.000000	0.000000	7.125000	-383.462524	83.317421
273	893.894043	315.784821	185.253204	60.668232	0.000000	0.000000	7.125000	-893.082397	-70.894730
274	-542.864563	-745.621704	-132.722137	-130.310455	0.000000	0.000000	7.125000	154.992630	225.246155
275	201.923447	134.610443	-33.469093	167.162857	0.000000	0.000000	7.125000	-0.040136	-87.286858
276	1152.413696	686.668030	171.440796	86.414032	0.000000	0.000000	7.125000	-573.378296	-99.165794
277	-705.595581	853.917297	-134.487305	149.377548	0.000000	0.000000	7.125000	245.812408	-310.432648
278	68.989655	-1336.142090	12.036362	-197.628708	0.000000	0.000000	7.125000	-35.756992	374.211090
279	-494.271912	-1243.224365	-62.198895	-213.105438	0.000000	0.000000	7.125000	194.217072	663.824768
280	-690.419861	410.289886	-149.153091	152.043182	0.000000	0.000000	7.125000	226.827988	-239.121597
281	940.985657	-98.153091	197.454987	14.524746	0.000000	0.000000	7.125000	-374.645477	18.037428
282	592.135498	-385.501892	185.854095	-91.118820	0.000000	0.000000	7.125000	-558.037109	268.083374
283	882.294800	525.407288	182.417343	155.926086	0.000000	0.000000	7.125000	-166.786301	-260.740051
284	1051.584473	617.719971	129.195587	97.736076	0.000000	0.000000	7.125000	-329.682831	-261.764618
285	1404.415161	-439.242279	211.657532	-66.946953	0.000000	0.000000	7.125000	-519.360291	124.552238
286	-946.848022	-843.772217	-131.235886	-114.239227	0.000000	0.000000	7.125000	437.002991	289.929810
287	-269.688751	832.223633	-83.486656	131.776840	0.000000	0.000000	7.125000	165.697983	-311.795135
288	13.538404	-915.389160	16.663082	-188.258209	0.000000	0.000000	7.125000	-26.018076	332.209595
289	115.120224	923.499390	-32.589104	210.478500	0.000000	0.000000	7.125000	28.820389	-327.931061
290	-259.421204	880.269653	-39.775269	135.263733	0.000000	0.000000	7.125000	58.307449	-324.086121
291	-749.268677	-475.330322	-155.004013	-123.159561	0.000000	0.000000	7.125000	237.001175	180.369400
292	351.060242	48.114822	158.812225	7.464357	0.000000	0.000000	7.125000	-228.566940	29.295218
293	-876.027222	-776.526855	-144.727753	-126.160690	0.000000	0.000000	7.125000	364.853271	336.272980
294	136.594666	-92.325150	146.156067	162.732010	0.000000	0.000000	7.125000	-69.102921	-143.363815
295	-420.090485	1245.017212	-91.079689	195.850235	0.000000	0.000000	7.125000	169.114609	-486.108398
296	-705.889954	-993.431335	-122.209480	-148.060898	0.000000	0.000000	7.125000	215.845200	357.608124
297	-127.138687	1252.711548	-42.556496	205.634125	0.000000	0.000000	7.125000	62.169594	-501.923828
298	70.531082	-940.089661	26.770210	-159.764526	0.000000	0.000000	7.125000	-31.040140	440.330292
299	358.963806	487.379883	215.164429	91.974442	0.000000	0.000000	7.125000	-221.602036	-109.749870
300	961.326050	129.719452	149.200974	15.220255	0.000000	0.000000	7.125000	-273.990753	15.890059
301	883.820984	1143.970581	127.675018	147.387634	0.000000	0.000000	7.125000	-291.970215	-362.667816
302	605.895874	-985.004395	71.663895	-184.572021	0.000000	0.000000	7.125000	-174.536179	391.723175
303	916.191040	-1010.591919	136.656006	-163.383209	0.000000	0.000000	7.125000	-315.888611	399.433319
304	-517.848816	-903.647827	-127.708946	-174.172607	0.000000	0.000000	7.125000	153.019974	374.911469
305	1269.751831	625.682739	223.376236	87.762169	0.000000	0.000000	7.125000	-625.388428	-143.511398
306	-787.213623	-555.748352	-124.011734	-104.234680	0.000000	0.000000	7.125000	302.864838	268.162598
307	-1053.001465	801.403931	-140.630859	107.474411	0.000000	0.000000	7.125000	385.725525	-243.750427
308	648.247620	-712.137939	105.839020	-138.108170	0.000000	0.000000	7.125000	-205.148621	301.778595
309	-1031.460938	-586.526123	-172.476212	-84.351936	0.000000	0.000000	7.125000	436.897156	164.731125
310	521.504150	-230.733795	175.085358	-62.760475	0.000000	0.000000	7.125000	-335.385254	96.701431
311	-608.947693	1161.068359	-104.760468	150.042297	0.000000	0.000000	7.125000	249.704391	-501.599213
312	118.048218	342.350586	133.443787	106.905243	0.000000	0.000000	7.125000	-216.063034	-189.669815
313	885.509277	-776.734863	131.838501	-104.121925	0.000000	0.000000	7.125000	-300.094666	206.093933
314	507.629425	18.665947	176.416122	14.258865	0.000000	0.000000	7.125000	-83.551094	25.929468
315	538.583984	-97.497040	168.365295	79.028091	0.000000	0.000000	7.125000	-216.817307	-85.258530
316	-920.189270	118.674088	-169.292694	40.177544	0.000000	0.000000	7.125000	376.513458	-30.085171
317	410.006226	449.291199	42.562927	174.872681	0.000000	0.000000	7.125000	-40.111931	-238.056274
318	965.521240	-379.283997	164.187195	-93.610367	0.000000	0.000000	7.125000	-348.248138	191.871994
319	803.204590	-854.170776	108.352623	-128.388641	0.000000	0.000000	7.125000	-331.707642	388.213684
320	203.137650	813.808960	60.808807	222.837402	0.000000	0.000000	7.125000	-59.046047	-364.038818
321	837.405640	791.902466	137.442657	142.485260	0.000000	0.000000	7.125000	-193.464676	-281.969269
322	-1188.073486	552.922058	-166.526733	89.336433	0.000000	0.000000	7.125000	459.036469	-154.436249
323	365.637573	558.037354	99.479378	184.913239	0.000000	0.000000	7.125000	-115.106483	-343.895477
324	1168.059326	482.180450	174.577255	86.852257	0.000000	0.000000	7.125000	-420.735077	-172.101562
325	-1252.431274	395.059631	-189.312408	75.934090	0.000000	0.000000	7.125000	582.974731	-125.527222
326	-985.685181	-699.119751	-154.801956	-123.446205	0.000000	0.000000	7.125000	340.627930	292.171753
327	285.634857	645.874573	104.904053	167.925644	0.000000	0.000000	7.125000	-137.555679	-333.452545
328	701.744629	270.547485	188.193604	37.914570	0.000000	0.000000	7.125000	-435.234985	-11.320731
329	1230.238037	-225.226135	200.040543	-19.579697	0.000000	0.000000	7.125000	-502.267242	3.288544
330	-1121.388428	269.024506	-195.840179	57.114899	0.000000	0.000000	7.125000	558.995789	-110.917595
331	-1054.730835	-892.508911	-140.162781	-112.932823	0.000000	0.000000	7.125000	429.771362	327.065216
332	-872.388672	357.341675	-206.996872	80.221130	0.000000	0.000000	7.125000	332.174500	-160.797363
333	850.182983	-1340.922974	118.524933	-176.976440	0.000000	0.000000	7.125000	-253.839752	428.496094
334	1100.937866	480.405121	168.871338	62.275558	0.000000	0.000000	7.125000	-384.817932	-107.643288
335	-852.247131	85.668358	-161.910400	5.342409	0.000000	0.000000	7.125000	411.458374	3.278928
336	-328.007080	1049.263306	-30.311922	198.676346	0.000000	0.000000	7.125000	17.092342	-328.000702
337	-791.670349	-228.627869	-200.820328	-50.185898	0.000000	0.000000	7.125000	315.396790	62.447750
338	451.184662	1263.579590	69.883110	204.366821	0.000000	0.000000	7.125000	-126.100754	-572.860474
339	-1141.850586	320.149200	-195.916016	66.817238	0.000000	0.000000	7.125000	325.802032	-160.838776
340	444.605652	-740.670654	83.581795	-142.263290	0.000000	0.000000	7.125000	-173.953156	275.498230
341	-570.721069	883.033447	-119.677277	168.897232	0.000000	0.000000	7.125000	215.679291	-338.391083
342	-86.161316	1186.976562	-13.996386	197.501663	0.000000	0.000000	7.125000	4.578786	-491.815765
343	283.122070	-549.233643	26.168472	-168.982468	0.000000	0.000000	7.125000	-106.665947	339.035400
344	-70.559143	-88.573112	32.671597	-189.128113	0.000000	0.000000	7.125000	-73.010216	185.457901
345	683.386963	249.541000	189.254257	67.644180	0.000000	0.000000	7.125000	-327.293457	-43.341946
346	-1094.634033	672.242493	-170.170227	112.503418	0.000000	0.000000	7.125000	282.801758	-186.559494
347	649.450989	-648.811035	178.179016	-151.669235	0.000000	0.000000	7.125000	-365.790894	238.678360
348	-673.519409	141.200836	-177.307373	65.423706	0.000000	0.000000	7.125000	181.778473	-70.135529
349	-731.430786	-656.202148	-146.621216	-154.491455	0.000000	0.000000	7.125000	189.895813	170.115860
350	-954.942139	-197.735001	-205.805511	-41.745251	0.000000	0.000000	7.125000	516.949585	142.953613
351	966.779541	656.600830	180.570816	81.228279	0.000000	0.000000	7.125000	-307.954651	-109.291420
352	-293.666229	-1091.680542	-80.483208	-174.299881	0.000000	0.000000	7.125000	144.865036	456.333832
353	-862.151123	1035.580444	-114.269257	131.203735	0.000000	0.000000	7.125000	314.319763	-501.970337
354	-1195.099731	-506.762634	-172.933273	-76.230782	0.000000	0.000000	7.125000	462.600708	151.455017
355	-75.292068	523.331543	65.608383	177.243225	0.000000	0.000000	7.125000	-134.047302	-282.853485
356	-112.519226	931.232971	12.627081	161.503601	0.000000	0.000000	7.125000	-3.375338	-388.505585
357	-114.372070	1294.612671	-10.645474	179.683578	0.000000	0.000000	7.125000	10.105521	-577.870117
358	645.006348	-1079.113281	90.989891	-151.821671	0.000000	0.000000	7.125000	-175.689728	326.163818
359	-658.108521	-365.302826	-135.053329	-109.706223	0.000000	0.000000	7.125000	263.610352	196.523575
360	-378.652893	1373.869873	-18.635414	206.157135	0.000000	0.000000	7.125000	42.627033	-412.472290
361	753.941833	115.564751	143.508026	11.781883	0.000000	0.000000	7.125000	-370.916931	4.048375
362	670.298096	271.399780	192.784637	75.258133	0.000000	0.000000	7.125000	-434.492523	-96.215324
363	922.289795	-939.810974	132.448730	-138.996841	0.000000	0.000000	7.125000	-303.512177	296.017822
364	-1053.631470	-938.241333	-143.963028	-135.930115	0.000000	0.000000	7.125000	331.339905	342.498749
365	-143.892090	-530.958862	-65.428673	-196.361664	0.000000	0.000000	7.125000	74.920525	231.259293
366	184.735687	-554.302368	84.596046	-162.266083	0.000000	0.000000	7.125000	-157.775558	265.536255
367	-1204.760132	1071.343994	-155.296143	132.274719	0.000000	0.000000	7.125000	435.561249	-316.533661
368	-509.327820	-1111.320312	-56.306267	-208.521088	0.000000	0.000000	7.125000	63.103168	389.761444
369	1098.599609	-332.519165	201.879944	-45.753853	0.000000	0.000000	7.125000	-389.771790	76.485909
370	-424.059082	-172.717285	-159.951141	-68.494797	0.000000	0.000000	7.125000	214.374374	91.055824
371	-1140.138062	1097.373047	-152.859070	152.610474	0.000000	0.000000	7.125000	412.173370	-459.196747
372	-776.882202	312.386292	-190.279968	54.707798	0.000000	0.000000	7.125000	623.912964	-251.773300
373	1045.343262	-1057.345703	146.468109	-141.992523	0.000000	0.000000	7.125000	-304.135376	252.748642
374	327.330109	-1084.843384	44.371941	-232.807129	0.000000	0.000000	7.125000	-116.171814	370.479309
375	-273.859161	-1195.116455	-35.924652	-182.493988	0.000000	0.000000	7.125000	38.223675	388.600067
376	-1106.931641	-596.958435	-179.814819	-108.469757	0.000000	0.000000	7.125000	429.335205	237.653732
377	55.551529	1157.451904	25.556076	190.290176	0.000000	0.000000	7.125000	-9.245760	-343.461090
378	1006.268677	-80.220810	168.614899	-42.952400	0.000000	0.000000	7.125000	-282.779907	79.294312
379	-1018.407593	-1035.950317	-129.090302	-129.708130	0.000000	0.000000	7.125000	287.428925	344.088409
380	97.857330	-118.116699	191.266785	-15.718959	0.000000	0.000000	7.125000	-78.775383	-4.625832
381	-406.390320	-968.958984	-61.865723	-200.677979	0.000000	0.000000	7.125000	58.112370	347.026001
382	789.713379	-447.983276	187.950607	-62.273525	0.000000	0.000000	7.125000	-332.517334	98.668068
383	-1029.827393	-841.948792	-153.286545	-134.607574	0.000000	0.000000	7.125000	307.422546	277.227448
384	25.956573	1246.361206	3.573145	182.961578	0.000000	0.000000	7.125000	-10.618423	-379.853668
385	326.565613	864.375244	31.494595	177.219162	0.000000	0.000000	7.125000	-15.718458	-498.707825
386	-160.433411	580.691101	-53.423332	162.437637	0.000000	0.000000	7.125000	59.368397	-203.058868
387	878.577637	669.572693	155.779053	131.701111	0.000000	0.000000	7.125000	-238.029587	-258.088531
388	-711.591553	680.531189	-140.859451	102.148621	0.000000	0.000000	7.125000	289.643250	-171.976379
389	779.581604	780.815063	147.361725	113.485283	0.000000	0.000000	7.125000	-331.670013	-203.532379
390	916.657959	-514.120361	153.447601	-99.707817	0.000000	0.000000	7.125000	-393.769409	220.610107
391	672.710449	-1070.391235	92.139351	-147.601959	0.000000	0.000000	7.125000	-259.981537	498.598389
392	100.984520	-383.016785	45.791454	-167.831146	0.000000	0.000000	7.125000	-112.205040	255.609955
393	1253.473022	-463.059082	213.388611	-33.481354	0.000000	0.000000	7.125000	-398.556580	37.291256
394	492.294159	1329.019775	90.377884	179.491898	0.000000	0.000000	7.125000	-93.861557	-424.762482
395	-30.307219	-342.818848	-30.790558	-174.281250	0.000000	0.000000	7.125000	67.120346	260.602814
396	-75.914902	938.819885	-11.855042	158.550766	0.000000	0.000000	7.125000	-2.337833	-349.023987
397	-113.381348	-809.126099	6.008735	-212.900543	0.000000	0.000000	7.125000	-20.763638	322.613770
398	-502.154480	384.214722	-115.432037	64.024689	0.000000	0.000000	7.125000	167.084183	-94.175026
399	-240.929337	721.023376	-54.785229	168.279083	0.000000	0.000000	7.125000	51.320370	-357.254730
400	324.119110	1337.817383	45.875046	186.433136	0.000000	0.000000	7.125000	-85.101944	-525.752686
401	522.118774	-1367.014648	83.611778	-202.410645	0.000000	0.000000	7.125000	-194.050354	494.392639
402	289.407379	71.310120	192.835815	-28.952671	0.000000	0.000000	7.125000	-326.261444	116.309372
403	753.080505	808.942139	114.552315	126.921875	0.000000	0.000000	7.125000	-278.202301	-412.103271
404	-1042.164429	518.048096	-191.082947	100.692886	0.000000	0.000000	7.125000	389.298767	-159.145615
405	81.478134	-1303.453735	48.534702	-195.021362	0.000000	0.000000	7.125000	-61.022648	504.728394
406	979.318970	-283.919891	164.093323	-36.019119	0.000000	0.000000	7.125000	-376.585632	60.861603
407	-1085.716675	-90.269791	-178.932281	-19.573683	0.000000	0.000000	7.125000	397.342957	44.985790
408	591.225159	-1164.644287	87.395912	-157.359299	0.000000	0.000000	7.125000	-202.609634	482.404175
409	1052.486572	-13.681183	179.970749	2.761176	0.000000	0.000000	7.125000	-418.930298	24.970396
410	-1447.571777	-257.575623	-202.421448	-55.832451	0.000000	0.000000	7.125000	532.269775	66.625153
411	907.590088	-85.895477	200.588654	-12.813114	0.000000	0.000000	7.125000	-401.140625	50.098022
412	-904.429321	-503.471161	-169.205200	-96.902481	0.000000	0.000000	7.125000	254.867310	121.317657
413	340.589294	74.274956	191.651886	11.033081	0.000000	0.000000	7.125000	-337.481628	30.442728
414	960.893250	-670.983765	125.994629	-101.828278	0.000000	0.000000	7.125000	-383.916809	285.214691
415	-557.819336	158.251556	-168.428833	78.838715	0.000000	0.000000	7.125000	204.588516	-131.484940
416	-969.652710	996.265686	-109.872124	134.895355	0.000000	0.000000	7.125000	245.822098	-438.495667
417	287.559631	527.145447	105.323624	153.303925	0.000000	0.000000	7.125000	-92.071129	-146.267700
418	-180.433487	12.492331	-154.909027	-150.369324	0.000000	0.000000	7.125000	55.538754	101.380775
419	179.360565	617.862183	75.975670	173.010284	0.000000	0.000000	7.125000	-139.696091	-227.228851
420	-937.816528	-596.176147	-134.941452	-119.125137	0.000000	0.000000	7.125000	298.108063	258.473999
421	579.921021	-1230.703857	88.185425	-177.273041	0.000000	0.000000	7.125000	-208.305588	527.440918
422	203.026245	957.856628	48.810390	191.876190	0.000000	0.000000	7.125000	56.888397	-455.051117
423	150.727844	-412.915497	10.981218	-185.671783	0.000000	0.000000	7.125000	-5.004049	350.738953
424	994.774475	-355.097168	192.387756	-58.185234	0.000000	0.000000	7.125000	-315.104797	115.015404
425	980.553650	1211.518066	154.556824	163.507050	0.000000	0.000000	7.125000	-333.222504	-377.859070
426	637.273193	449.344086	158.148926	114.066826	0.000000	0.000000	7.125000	-301.844910	-144.647598
427	-579.826111	1344.382080	-60.154194	201.188004	0.000000	0.000000	7.125000	64.510284	-501.182037
428	-1200.499878	-1115.669189	-155.453445	-141.186218	0.000000	0.000000	7.125000	351.697937	313.348663
429	-25.520103	1418.009277	0.606686	203.998169	0.000000	0.000000	7.125000	-13.239950	-520.588501
430	-847.815613	991.559998	-145.798065	146.941895	0.000000	0.000000	7.125000	327.691650	-342.239319
431	406.439240	-723.321899	68.945190	-179.185593	0.000000	0.000000	7.125000	-199.428345	543.649963
432	665.710815	-693.093567	132.674515	-121.641998	0.000000	0.000000	7.125000	-400.666748	351.262329
433	-1704.512329	-672.449829	-222.493301	-104.877274	0.000000	0.000000	7.125000	535.675537	189.597321
434	371.302338	143.566910	149.629059	53.778053	0.000000	0.000000	7.125000	-278.445282	-85.151955
435	1057.940308	951.781677	151.790604	122.411629	0.000000	0.000000	7.125000	-374.522003	-343.103149
436	586.525085	487.672058	168.219742	92.523018	0.000000	0.000000	7.125000	-297.632477	-113.339348
437	1217.918091	-605.725586	201.051575	-86.794479	0.000000	0.000000	7.125000	-464.231171	263.372528
438	-189.283676	-406.309723	-54.683342	-180.857407	0.000000	0.000000	7.125000	22.383707	144.519745
439	408.486542	-766.791260	141.279083	-138.716644	0.000000	0.000000	7.125000	-248.627518	236.944138
440	849.293457	51.680992	220.647034	24.357399	0.000000	0.000000	7.125000	-507.092072	4.008384
441	-738.296204	64.951187	-139.578445	19.962027	0.000000	0.000000	7.125000	373.775146	-32.935867
442	-1007.528992	147.055191	-234.251266	35.984749	0.000000	0.000000	7.125000	381.534912	-50.899719
443	18.648771	-620.693420	18.762136	-157.882324	0.000000	0.000000	7.125000	-14.628253	349.106415
444	168.990265	-1358.134888	49.059189	-204.185852	0.000000	0.000000	7.125000	-75.403419	376.021851
445	-789.425110	701.055908	-119.307465	146.581604	0.000000	0.000000	7.125000	143.059540	-263.105927
446	919.001953	988.282471	142.089539	137.882324	0.000000	0.000000	7.125000	-327.907471	-382.364136
447	-1149.803955	360.605225	-179.105331	60.342400	0.000000	0.000000	7.125000	416.867157	-94.392082
448	-762.767456	-763.656860	-110.803246	-101.105621	0.000000	0.000000	7.125000	234.511383	198.697220
449	1085.826660	808.564148	176.142303	114.338638	0.000000	0.000000	7.125000	-364.673767	-203.746902
450	353.862579	1111.495239	96.738487	179.592178	0.000000	0.000000	7.125000	-168.557465	-402.207794
451	433.609009	-483.613556	178.092651	-142.304352	0.000000	0.000000	7.125000	-134.528854	164.440750
452	-249.222412	-141.596741	-200.140503	-51.240993	0.000000	0.000000	7.125000	100.034676	0.480870
453	565.744995	1232.550049	98.921829	164.549271	0.000000	0.000000	7.125000	-234.051529	-482.794342
454	859.447876	-200.935593	154.403214	-22.245346	0.000000	0.000000	7.125000	-493.929443	46.619354
455	-831.359741	354.640686	-152.409393	106.617630	0.000000	0.000000	7.125000	207.592331	-159.042236
456	1079.170166	-208.830566	172.730637	-20.974472	0.000000	0.000000	7.125000	-522.828430	60.027840
457	-725.283752	-897.358765	-143.825027	-157.098160	0.000000	0.000000	7.125000	311.542419	366.233429
458	1454.634155	678.573486	192.593170	97.772095	0.000000	0.000000	7.125000	-289.864655	-186.712387
459	-106.723640	393.986115	-76.252487	169.628021	0.000000	0.000000	7.125000	43.820923	-215.297989
460	715.276855	413.869873	142.637741	99.651337	0.000000	0.000000	7.125000	-270.916168	-146.451752
461	-340.144165	587.569519	-130.902039	182.989014	0.000000	0.000000	7.125000	188.539963	-238.728760
462	124.191986	29.063625	190.790970	33.545341	0.000000	0.000000	7.125000	-56.629204	-94.779640
463	-691.258484	427.005219	-172.896347	68.577316	0.000000	0.000000	7.125000	320.803101	-150.259949
464	328.226013	-852.729370	59.233803	-188.931610	0.000000	0.000000	7.125000	-145.116287	399.166656
465	-507.755310	-733.036011	-107.823944	-162.477539	0.000000	0.000000	7.125000	148.125916	199.023010
466	1221.381470	1342.431885	168.177902	153.945923	0.000000	0.000000	7.125000	-425.474670	-348.519257
467	610.556274	-384.022583	199.971115	-53.482773	0.000000	0.000000	7.125000	-321.640381	98.369919
468	-164.780014	-201.386139	-164.300476	-93.396286	0.000000	0.000000	7.125000	88.795555	44.750046
469	-379.625519	-460.964661	-120.649849	-164.482178	0.000000	0.000000	7.125000	143.660599	192.205048
470	1044.215820	481.137360	184.701385	52.354221	0.000000	0.000000	7.125000	-386.082581	-67.973587
471	1146.668701	863.736145	147.553818	113.240356	0.000000	0.000000	7.125000	-386.037415	-253.697510
472	-1065.957764	-751.538879	-156.716919	-100.169647	0.000000	0.000000	7.125000	362.033813	226.906937
473	-1004.264893	-1061.871582	-131.179047	-144.264023	0.000000	0.000000	7.125000	276.067322	400.500427
474	1264.076050	-157.894684	194.553116	13.021587	0.000000	0.000000	7.125000	-494.916748	12.034523
475	411.354309	791.008850	90.473495	155.604111	0.000000	0.000000	7.125000	-149.565521	-347.694183
476	-726.289246	-1300.464844	-103.118271	-176.010345	0.000000	0.000000	7.125000	221.657379	466.968170
477	-233.423615	844.870911	-63.879601	158.599808	0.000000	0.000000	7.125000	84.111511	-347.320923
478	-32.394566	435.322845	66.900314	179.967224	0.000000	0.000000	7.125000	-113.609749	-255.509537
479	-264.700195	-1000.123596	-60.893967	-146.875183	0.000000	0.000000	7.125000	117.672676	324.594696
480	1046.032227	496.275787	163.194000	101.120300	0.000000	0.000000	7.125000	-395.109894	-182.429489
481	-186.538666	1099.869385	-35.583797	203.878326	0.000000	0.000000	7.125000	23.336174	-457.036255
482	442.426331	-857.721985	86.438614	-188.064682	0.000000	0.000000	7.125000	-279.168365	488.738647
483	-467.645264	-956.717896	-87.656189	-153.758820	0.000000	0.000000	7.125000	178.109039	434.053619
484	115.560242	330.305664	116.134674	152.894119	0.000000	0.000000	7.125000	-165.411591	-225.993317
485	-422.827179	112.081123	-148.949097	17.591738	0.000000	0.000000	7.125000	138.890793	-29.704296
486	-617.949524	-310.131439	-160.253052	-59.635952	0.000000	0.000000	7.125000	328.484589	155.144760
487	-544.981934	-706.706482	-109.139008	-186.370026	0.000000	0.000000	7.125000	128.344864	207.339890
488	164.468506	20.343716	177.885284	-42.381664	0.000000	0.000000	7.125000	-175.640488	138.904984
489	-462.445404	450.978882	-135.643372	104.124237	0.000000	0.000000	7.125000	189.673553	-166.131027
490	-1169.067871	-1102.221436	-143.977600	-140.254807	0.000000	0.000000	7.125000	288.661652	261.181763
491	-293.982300	-509.605286	-78.573227	-138.225525	0.000000	0.000000	7.125000	132.698395	284.181763
492	-1077.880493	700.465515	-173.848709	100.882599	0.000000	0.000000	7.125000	384.266449	-161.986130
493	-1294.738037	248.524902	-187.744064	52.646015	0.000000	0.000000	7.125000	488.137115	-66.668442
494	-251.833420	-297.920074	-106.175735	-134.019882	0.000000	0.000000	7.125000	142.687897	162.215469
495	641.182617	-680.841919	126.147362	-110.954132	0.000000	0.000000	7.125000	-230.665588	188.988098
496	-1015.668274	-480.373962	-148.304276	-90.999268	0.000000	0.000000	7.125000	400.182343	191.583237
497	-1052.094360	625.965576	-165.450500	84.835320	0.000000	0.000000	7.125000	532.601868	-156.726608
498	-365.057800	-769.068054	-120.369392	-186.533493	0.000000	0.000000	7.125000	319.546204	475.287720
499	574.550293	1137.475830	98.370987	143.514023	0.000000	0.000000	7.125000	-191.498550	-343.914398
500	1177.672607	-579.770020	155.941925	-83.731094	0.000000	0.000000	7.125000	-431.312256	217.130386
501	-75.728912	-804.595642	-3.790824	-164.956299	0.000000	0.000000	7.125000	25.042086	332.093872
502	261.751404	1387.421997	84.440575	195.545135	0.000000	0.000000	7.125000	-147.071564	-358.834625
503	-83.201317	-735.847900	29.939415	-213.904663	0.000000	0.000000	7.125000	38.642105	342.398224
504	-420.077515	1180.279053	-59.976536	182.364075	0.000000	0.000000	7.125000	80.970222	-369.824188
505	1096.452637	-538.100769	207.954132	-68.655632	0.000000	0.000000	7.125000	-398.879669	159.692780
506	1053.903320	-522.855774	153.121185	-88.782669	0.000000	0.000000	7.125000	-368.662598	186.933426
507	-15.213781	-1054.847900	35.475914	-145.744461	0.000000	0.000000	7.125000	-81.897018	362.897705
508	1330.635742	226.302368	188.563599	49.638851	0.000000	0.000000	7.125000	-365.147827	-65.440781
509	651.423279	-223.021072	167.578384	-110.894135	0.000000	0.000000	7.125000	-589.720032	303.719391
510	-1286.361450	-292.025360	-191.149200	-18.023746	0.000000	0.000000	7.125000	485.995453	22.260801
511	340.574982	-1013.678223	55.742180	-171.149658	0.000000	0.000000	7.125000	-173.657928	461.751617
512	510.962555	505.033264	151.673218	149.436737	0.000000	0.000000	7.125000	-281.613770	-362.959167
513	853.085510	-931.798523	111.235413	-141.512772	0.000000	0.000000	7.125000	-282.709930	422.603973
514	1402.877930	423.532898	198.599792	68.205887	0.000000	0.000000	7.125000	-552.933594	-97.754410
515	-1055.196899	1035.820312	-132.199188	135.071747	0.000000	0.000000	7.125000	819.135620	-772.099487
516	1139.875977	26.847561	184.861099	20.341866	0.000000	0.000000	7.125000	-792.010315	48.527138
517	-1045.873779	469.147003	-192.200775	58.794090	0.000000	0.000000	7.125000	464.338654	-175.219193
518	-148.966644	637.585083	-62.955612	203.470779	0.000000	0.000000	7.125000	78.461266	-386.469818
519	1037.173462	835.005737	165.610275	124.185287	0.000000	0.000000	7.125000	-389.417603	-280.912201
520	321.940918	1098.355225	58.274628	195.491714	0.000000	0.000000	7.125000	-149.098312	-477.679474
521	-926.744812	385.854034	-188.834122	7.847037	0.000000	0.000000	7.125000	369.905029	17.875488
522	-1101.588623	683.214783	-143.949203	92.299278	0.000000	0.000000	7.125000	309.838898	-146.714249
523	-61.125187	-1163.607300	7.261091	-188.855911	0.000000	0.000000	7.125000	0.302305	369.645447
524	-228.955795	-757.512817	-30.793930	-143.738312	0.000000	0.000000	7.125000	58.348900	274.319183
525	-194.729141	-129.252457	-127.447372	-139.403259	0.000000	0.000000	7.125000	62.550911	122.068161
526	336.032990	-852.439880	44.349689	-155.810928	0.000000	0.000000	7.125000	-57.864319	277.238525
527	55.832497	-572.125793	31.134203	-174.237473	0.000000	0.000000	7.125000	-60.520290	360.581696
528	842.583496	-309.814941	194.859848	-99.946548	0.000000	0.000000	7.125000	-324.570312	156.690826
529	-363.703461	674.139221	-76.443985	176.120331	0.000000	0.000000	7.125000	143.385010	-408.338623
530	-1116.114014	-162.488266	-178.974701	-19.170967	0.000000	0.000000	7.125000	450.095886	20.773590
531	336.865784	1004.763489	56.760536	142.061218	0.000000	0.000000	7.125000	-80.540611	-408.657288
532	-1380.458984	968.610474	-179.329376	125.665619	0.000000	0.000000	7.125000	469.132660	-229.477066
533	396.572479	31.641525	154.408875	-118.905632	0.000000	0.000000	7.125000	-124.618919	159.419113
534	-101.973686	-169.613617	195.284042	-53.998108	0.000000	0.000000	7.125000	-55.321270	41.743553
535	-661.887817	-1117.511475	-108.023613	-155.079590	0.000000	0.000000	7.125000	216.714096	377.690308
536	-800.343933	-288.274414	-165.159027	-63.619724	0.000000	0.000000	7.125000	232.694092	125.385757
537	199.044067	-469.865082	88.885536	-105.561203	0.000000	0.000000	7.125000	-181.011490	218.553360
538	-688.691223	-635.166199	-107.125259	-121.517334	0.000000	0.000000	7.125000	264.127167	346.732300
539	-616.236267	397.126923	-159.273392	163.113495	0.000000	0.000000	7.125000	201.114716	-249.036346
540	-513.767944	880.125977	-80.814079	160.825104	0.000000	0.000000	7.125000	133.205963	-309.454498
541	-990.392761	1171.247803	-128.125519	142.984680	0.000000	0.000000	7.125000	367.208374	-507.505432
542	1033.192627	212.253662	201.789429	58.139511	0.000000	0.000000	7.125000	-295.619568	-44.213268
543	-754.298096	537.986755	-188.137024	106.114563	0.000000	0.000000	7.125000	222.058289	-120.923897
544	1210.282593	470.199066	173.030853	59.531906	0.000000	0.000000	7.125000	-439.675018	-68.719894
545	-345.401154	-1121.254883	-46.274933	-177.051559	0.000000	0.000000	7.125000	89.137260	499.207550
546	-893.184814	-998.096924	-116.788528	-132.994568	0.000000	0.000000	7.125000	269.853241	371.817932
547	-1010.721985	-698.622803	-129.720413	-97.033836	0.000000	0.000000	7.125000	337.183075	209.446335
548	1326.800415	269.289581	206.539276	37.935448	0.000000	0.000000	7.125000	-528.996643	-20.824066
549	114.399300	-98.850052	137.190903	-59.788666	0.000000	0.000000	7.125000	-65.475830	81.667831
550	-1103.378784	813.570862	-154.995453	108.151871	0.000000	0.000000	7.125000	425.488647	-228.569870
551	0.650412	-554.450195	94.202301	-135.457397	0.000000	0.000000	7.125000	-191.804092	239.013809
552	-660.855103	-535.905640	-128.284409	-108.473740	0.000000	0.000000	7.125000	288.333191	200.985947
553	314.812805	-18.797405	123.277527	-55.002922	0.000000	0.000000	7.125000	-215.656128	116.195450
554	-237.166504	-1393.317017	-24.628546	-205.524078	0.000000	0.000000	7.125000	43.908543	577.902771
555	-1144.777954	636.617554	-157.927979	103.825195	0.000000	0.000000	7.125000	348.450958	-201.750961
556	817.887024	-877.578735	135.339340	-148.604385	0.000000	0.000000	7.125000	-301.634399	290.395752
557	551.258789	667.811768	152.410706	121.612991	0.000000	0.000000	7.125000	-115.286705	-297.983368
558	451.530396	-943.855103	70.565086	-132.362885	0.000000	0.000000	7.125000	-157.716217	336.229950
559	-577.165283	783.696167	-115.191162	146.035538	0.000000	0.000000	7.125000	181.744598	-275.447815
560	658.365295	473.648315	147.281128	145.402252	0.000000	0.000000	7.125000	-118.843712	-187.329041
561	567.556580	673.469055	86.511566	111.322411	0.000000	0.000000	7.125000	-183.497711	-318.666656
562	506.329559	653.687500	136.577499	134.938873	0.000000	0.000000	7.125000	-297.762817	-384.003754
563	1313.310547	560.062073	200.873703	87.237740	0.000000	0.000000	7.125000	-595.031433	-199.300446
564	-398.669220	232.409042	-209.783173	9.455141	0.000000	0.000000	7.125000	262.423676	9.739729
565	-870.447449	22.713472	-167.024216	-48.701340	0.000000	0.000000	7.125000	407.621765	74.585938
566	-334.957367	629.728027	-97.220428	147.901962	0.000000	0.000000	7.125000	157.440811	-201.445618
567	490.642792	158.371445	147.706345	26.129074	0.000000	0.000000	7.125000	-254.111923	-16.326029
568	-917.718262	-277.480560	-154.484329	-37.613251	0.000000	0.000000	7.125000	421.449280	70.420151
569	1228.265869	-224.482101	188.934250	-4.982800	0.000000	0.000000	7.125000	-478.522522	12.480941
570	-142.171509	-1325.063599	-42.141155	-205.726151	0.000000	0.000000	7.125000	114.914642	740.777954
571	-383.547119	-867.522522	-126.145798	-156.449707	0.000000	0.000000	7.125000	164.067917	298.306610
572	-801.398560	-1049.218628	-95.790207	-152.379684	0.000000	0.000000	7.125000	223.747375	470.415527
573	993.333252	1056.922363	133.745605	141.902695	0.000000	0.000000	7.125000	-402.877594	-400.995697
574	-1035.950684	-662.584961	-157.953094	-92.401917	0.000000	0.000000	7.125000	508.906433	255.455734
575	720.931641	798.605469	127.174576	178.290741	0.000000	0.000000	7.125000	-210.805573	-307.146973
576	1051.283447	-178.032211	177.681335	-28.795162	0.000000	0.000000	7.125000	-1546.110107	249.064087
577	319.360016	567.997620	65.364578	180.530807	0.000000	0.000000	7.125000	-96.920280	-257.595215
578	-708.267090	-28.894779	-167.920441	5.159750	0.000000	0.000000	7.125000	351.622559	-19.688604
579	-238.329407	17.774042	-208.946564	41.291214	0.000000	0.000000	7.125000	248.444321	-18.070360
580	-1173.396973	-104.087265	-191.203827	17.382263	0.000000	0.000000	7.125000	437.402344	-3.330622
581	1157.217896	-529.656433	175.317719	-70.571320	0.000000	0.000000	7.125000	-468.710144	197.793762
582	-457.285492	437.918823	-120.392914	112.823853	0.000000	0.000000	7.125000	771.567749	-788.384766
583	1056.777466	-398.797302	196.215149	-65.888779	0.000000	0.000000	7.125000	-357.834869	162.289413
584	-1175.151367	913.507935	-169.537796	128.935577	0.000000	0.000000	7.125000	462.609283	-285.346832
585	1161.666016	-120.338989	199.164917	-27.091770	0.000000	0.000000	7.125000	-411.568146	35.807270
586	968.829224	-661.447571	126.025360	-115.578873	0.000000	0.000000	7.125000	-438.034729	357.482788
587	303.064331	-994.479370	66.715683	-157.446228	0.000000	0.000000	7.125000	-194.996033	413.180328
588	-926.021301	228.727585	-185.772278	48.503853	0.000000	0.000000	7.125000	458.756226	-100.873604
589	-1129.668091	-814.554382	-165.528473	-103.071648	0.000000	0.000000	7.125000	446.378174	231.257034
590	852.135376	692.464355	172.412109	109.028931	0.000000	0.000000	7.125000	-234.262558	-119.247299
591	1155.333740	588.896057	171.754166	92.333351	0.000000	0.000000	7.125000	-420.839508	-213.075363
592	-940.062256	32.595848	-194.795258	8.877071	0.000000	0.000000	7.125000	435.289978	2.214623
593	-2.377447	-368.979828	-62.840889	-155.800629	0.000000	0.000000	7.125000	82.956909	262.221313
594	-1023.470154	631.054565	-151.874817	96.599640	0.000000	0.000000	7.125000	406.513885	-196.797867
595	916.010742	-954.940247	109.046616	-143.206772	0.000000	0.000000	7.125000	-257.784119	401.576233
596	-231.877090	728.696655	-97.688934	189.251648	0.000000	0.000000	7.125000	144.872238	-480.309326
597	-415.096527	510.718262	-102.545135	155.178909	0.000000	0.000000	7.125000	170.894775	-257.728668
598	-53.629402	-672.203857	-43.749054	-162.193802	0.000000	0.000000	7.125000	38.493427	273.399780
599	-822.585083	-42.618790	-152.820190	-7.266498	0.000000	0.000000	7.125000	356.077576	41.768230
600	-513.091003	861.777283	-99.670776	108.049698	0.000000	0.000000	7.125000	205.724350	-260.325684
601	868.008789	963.334290	105.930328	126.497330	0.000000	0.000000	7.125000	-252.774887	-378.659882
602	-1185.892212	316.772064	-208.536713	43.159988	0.000000	0.000000	7.125000	465.401093	-40.101494
603	-842.475830	-481.945343	-134.508392	-90.285599	0.000000	0.000000	7.125000	272.552887	193.398285
604	-681.553284	-999.300537	-122.254791	-151.913116	0.000000	0.000000	7.125000	529.667297	693.485474
605	0.723254	-957.253113	-22.188690	-148.349289	0.000000	0.000000	7.125000	51.854439	401.469513
606	862.207642	-406.333679	164.783249	-64.595543	0.000000	0.000000	7.125000	-351.248108	172.959671
607	668.183350	1195.620117	89.409767	169.866486	0.000000	0.000000	7.125000	-229.610901	-703.127747
608	1130.208618	-918.958130	167.732193	-136.094925	0.000000	0.000000	7.125000	-623.550720	419.143951
609	-514.514954	1280.761230	-100.397339	197.998627	0.000000	0.000000	7.125000	181.827057	-489.870880
610	1053.630859	-804.802551	142.182953	-105.408478	0.000000	0.000000	7.125000	-413.106720	248.869217
611	1179.733887	-248.295685	184.827744	-62.144814	0.000000	0.000000	7.125000	-473.468445	122.783684
612	1049.569580	-479.877350	179.117035	-69.139984	0.000000	0.000000	7.125000	-404.672638	188.396713
613	-1312.572510	-639.996277	-196.445557	-65.240402	0.000000	0.000000	7.125000	499.233826	134.041428
614	287.175720	-1353.313843	46.761688	-216.939728	0.000000	0.000000	7.125000	-115.049294	889.434814
615	928.327026	538.270813	162.469177	102.291321	0.000000	0.000000	7.125000	-1070.722412	-522.141663
616	-1296.843994	564.765259	-189.852081	89.655746	0.000000	0.000000	7.125000	404.553009	-88.485252
617	471.539337	-984.057617	78.523376	-161.969177	0.000000	0.000000	7.125000	-192.549164	384.557739
618	-104.379822	849.554993	-100.824326	180.774109	0.000000	0.000000	7.125000	147.570984	-297.794098
619	-336.408600	81.496925	-175.489456	23.041470	0.000000	0.000000	7.125000	357.790131	-81.852951
620	1173.674438	579.217896	174.776459	99.263329	0.000000	0.000000	7.125000	-398.011444	-190.884872
621	122.048882	356.422089	24.379177	163.188766	0.000000	0.000000	7.125000	-59.067898	-326.580444
622	-824.623169	-801.606567	-163.353180	-88.946800	0.000000	0.000000	7.125000	433.230896	222.786865
623	437.967896	-1286.285645	64.384262	-177.692917	0.000000	0.000000	7.125000	-140.299042	457.592926
624	-17.328682	1225.313477	-13.741416	191.506836	0.000000	0.000000	7.125000	67.045525	-668.474487
625	1089.060913	20.663876	178.909760	-19.771957	0.000000	0.000000	7.125000	-466.103821	55.463379
626	-1108.321655	998.552307	-147.396255	145.336655	0.000000	0.000000	7.125000	422.093170	-439.536591
627	675.867249	-1393.066650	106.325806	-187.931519	0.000000	0.000000	7.125000	-156.286118	334.235046
628	-751.186829	866.767883	-116.928116	140.770477	0.000000	0.000000	7.125000	265.067627	-310.122772
629	-184.330170	962.278198	-78.842140	178.336945	0.000000	0.000000	7.125000	133.970093	-417.078644
630	958.621887	-940.254089	147.334518	-123.111389	0.000000	0.000000	7.125000	-311.032257	250.705978
631	-48.605186	1253.937012	16.713846	215.346634	0.000000	0.000000	7.125000	15.058314	-415.088745
632	1217.440430	-1066.774536	188.927734	-122.185387	0.000000	0.000000	7.125000	-504.230072	278.968475
633	-986.292297	-752.350037	-159.710571	-83.009460	0.000000	0.000000	7.125000	399.647369	167.946899
634	-1226.315430	-476.943848	-181.964798	-70.060928	0.000000	0.000000	7.125000	549.465637	151.675934
635	936.231445	1062.567627	100.821854	159.859009	0.000000	0.000000	7.125000	-257.056732	-420.939484
636	-862.130066	-437.885529	-140.321655	-60.964493	0.000000	0.000000	7.125000	422.996674	132.679703
637	260.922119	-819.603149	58.324936	-138.195694	0.000000	0.000000	7.125000	-243.772812	622.052795
638	212.961975	-551.565430	89.035759	-180.184158	0.000000	0.000000	7.125000	-163.556381	304.371033
639	-750.862122	-1088.770630	-108.523239	-143.593475	0.000000	0.000000	7.125000	223.942413	389.789520
640	-520.628967	-1051.589111	-77.186928	-165.911865	0.000000	0.000000	7.125000	141.953705	448.576202
641	167.956345	-321.888184	-1.386533	-200.976761	0.000000	0.000000	7.125000	-44.478333	160.051910
642	990.905396	-234.527100	128.506699	-58.026070	0.000000	0.000000	7.125000	-327.852600	153.812256
643	-139.117126	-967.017700	-56.451862	-183.512848	0.000000	0.000000	7.125000	105.254974	416.798615
644	-895.219849	491.416992	-148.860703	95.752441	0.000000	0.000000	7.125000	438.350128	-158.845840
645	-931.678955	-1244.065796	-135.291977	-144.556473	0.000000	0.000000	7.125000	315.877106	363.998260
646	1261.449097	-27.924555	189.818863	28.604174	0.000000	0.000000	7.125000	-1205.981567	-20.500254
647	1071.497681	745.481201	137.465408	101.706749	0.000000	0.000000	7.125000	-417.773254	-331.384644
648	971.270874	1089.375000	111.912750	159.688736	0.000000	0.000000	7.125000	-197.619278	-297.005585
649	-1133.915039	763.646729	-149.820312	110.209007	0.000000	0.000000	7.125000	453.519440	-177.243668
650	-597.526123	955.534729	-119.298210	158.000793	0.000000	0.000000	7.125000	183.052994	-363.842743
651	822.028259	-776.669067	156.528091	-126.077972	0.000000	0.000000	7.125000	-305.169647	200.297897
652	-1019.080322	-431.892792	-203.903778	-50.175949	0.000000	0.000000	7.125000	528.879761	83.039513
653	224.724594	647.323120	-54.891735	177.713226	0.000000	0.000000	7.125000	165.024246	-337.627808
654	814.425781	173.521606	191.008362	71.601288	0.000000	0.000000	7.125000	-368.799255	-80.006996
655	694.593994	-1437.180786	98.592583	-198.820770	0.000000	0.000000	7.125000	-152.517197	409.183899
656	756.147827	-689.166870	111.718941	-170.683319	0.000000	0.000000	7.125000	-244.357971	345.999695
657	-10.450250	300.658997	-92.253967	168.383636	0.000000	0.000000	7.125000	137.295456	-236.652710
658	146.189011	912.428955	17.419506	188.187622	0.000000	0.000000	7.125000	-2.400545	-387.196960
659	1062.676392	460.389832	199.793152	82.064606	0.000000	0.000000	7.125000	-400.704041	-123.469711
660	492.109436	1109.897217	45.194763	186.602158	0.000000	0.000000	7.125000	-89.458366	-449.692139
661	596.476196	-188.708099	191.393768	14.987284	0.000000	0.000000	7.125000	-279.711456	-34.010124
662	-134.461014	291.779419	-105.020279	149.824768	0.000000	0.000000	7.125000	88.987000	-176.873016
663	-415.612579	-838.189209	-109.081772	-165.239990	0.000000	0.000000	7.125000	80.632133	103.838722
664	353.537079	-260.435974	41.623447	-190.505600	0.000000	0.000000	7.125000	-89.377975	273.731567
665	-989.779297	687.273743	-157.399033	99.091202	0.000000	0.000000	7.125000	250.925247	-130.814087
666	-465.768250	834.593018	-112.683243	132.563309	0.000000	0.000000	7.125000	218.565262	-327.499847
667	-1019.352783	-475.977295	-162.605988	-61.914970	0.000000	0.000000	7.125000	440.533508	120.153290
668	-581.041992	147.994171	-197.984741	1.946012	0.000000	0.000000	7.125000	848.335327	30.362860
669	-982.551392	1314.214722	-154.386688	151.061798	0.000000	0.000000	7.125000	359.777039	-315.789490
670	-812.668823	665.671204	-146.075287	99.954575	0.000000	0.000000	7.125000	615.483765	-411.258392
671	1385.570435	722.273499	186.525925	96.468506	0.000000	0.000000	7.125000	-497.606262	-208.941132
672	-982.915405	-143.434448	-157.083389	-24.584730	0.000000	0.000000	7.125000	418.169556	28.801754
673	-112.063705	-186.569427	-185.823166	97.718559	0.000000	0.000000	7.125000	240.643600	-163.633423
674	-398.360321	-921.032349	-135.489548	-156.488846	0.000000	0.000000	7.125000	206.899979	271.785431
675	-918.648560	1199.753296	-162.728409	188.455933	0.000000	0.000000	7.125000	290.038025	-395.356476
676	-893.598145	791.533569	-137.705307	115.918503	0.000000	0.000000	7.125000	307.410614	-261.198425
677	-224.402084	66.120667	-176.219971	36.689049	0.000000	0.000000	7.125000	253.146194	-52.984238
678	-53.656338	249.717697	-63.693649	161.885147	0.000000	0.000000	7.125000	146.086258	-225.301239
679	760.496216	888.393982	87.338036	147.006378	0.000000	0.000000	7.125000	-146.847198	-323.454254
680	-906.886230	906.500732	-150.167725	124.397141	0.000000	0.000000	7.125000	366.015869	-296.271759
681	689.278137	-683.224365	155.242020	-141.417709	0.000000	0.000000	7.125000	-250.523010	226.335617
682	698.223572	994.090942	106.539581	177.466080	0.000000	0.000000	7.125000	-152.274841	-325.258606
683	480.365875	1304.406250	61.471245	216.429199	0.000000	0.000000	7.125000	-96.713989	-549.858215
684	-636.084839	265.744507	-152.457413	116.693130	0.000000	0.000000	7.125000	233.217529	-198.370972
685	918.091736	-339.201324	178.665527	-51.713284	0.000000	0.000000	7.125000	-398.500580	140.108505
686	14.936359	1208.949463	-40.282478	212.208374	0.000000	0.000000	7.125000	31.894552	-381.273468
687	-803.397827	-219.350357	-169.392578	-23.340115	0.000000	0.000000	7.125000	378.920166	18.695536
688	-298.403168	95.084724	-182.567795	35.538784	0.000000	0.000000	7.125000	370.790924	-33.807404
689	-1427.634399	222.900116	-209.059174	19.826151	0.000000	0.000000	7.125000	469.520172	0.493883
690	847.943909	-757.251465	126.508987	-144.427429	0.000000	0.000000	7.125000	-233.185593	311.131561
691	-6.053361	759.825928	-44.448048	155.781921	0.000000	0.000000	7.125000	91.555817	-413.867706
692	-1291.666992	567.539856	-181.869873	98.812996	0.000000	0.000000	7.125000	1102.602539	-371.017365
693	-194.627045	-212.704315	-167.577545	-33.954117	0.000000	0.000000	7.125000	200.801224	22.669865
694	-210.190033	-767.492188	-25.648722	-153.876205	0.000000	0.000000	7.125000	53.499878	307.082733
695	-119.680710	167.181244	-199.915344	63.902908	0.000000	0.000000	7.125000	190.520279	-97.759148
696	-852.661011	-737.722351	-133.642731	-91.549377	0.000000	0.000000	7.125000	320.156433	181.093506
697	948.934204	409.297363	162.982834	95.590485	0.000000	0.000000	7.125000	-550.380981	-164.947006
698	1326.775024	-132.660400	198.774994	-29.813732	0.000000	0.000000	7.125000	-453.892853	89.474968
699	272.331024	-678.244263	71.736908	-174.856537	0.000000	0.000000	7.125000	-173.225372	437.201630
700	-944.816895	-141.452118	-179.850677	-7.053429	0.000000	0.000000	7.125000	642.751587	-94.107414
701	538.086487	-10.557745	205.994446	19.747089	0.000000	0.000000	7.125000	-118.797600	-119.913025
702	-310.075714	796.123291	-84.914703	175.477615	0.000000	0.000000	7.125000	204.633774	-769.687744
703	1125.486328	211.935898	169.495987	50.956146	0.000000	0.000000	7.125000	-443.122009	-85.176689
704	-212.171753	1095.049194	-56.030617	161.551559	0.000000	0.000000	7.125000	90.485901	-377.580383
705	-641.846802	-1068.961670	-114.976669	-153.737518	0.000000	0.000000	7.125000	242.965378	435.331818
706	-650.026978	100.976059	-168.123962	44.835381	0.000000	0.000000	7.125000	509.308289	-132.445160
707	1338.215454	-623.401917	169.799591	-107.545883	0.000000	0.000000	7.125000	-472.189606	248.647095
708	-315.626556	-486.987671	-120.424591	-117.094475	0.000000	0.000000	7.125000	271.306671	183.612823
709	584.289856	717.846252	97.223419	155.035339	0.000000	0.000000	7.125000	-259.390289	-505.010345
710	263.563019	-1152.485352	0.671550	-197.998230	0.000000	0.000000	7.125000	52.040520	432.031433
711	-273.885468	114.629105	-155.803253	7.365541	0.000000	0.000000	7.125000	230.025238	8.411345
712	-573.142456	-1002.504944	-99.774429	-167.537766	0.000000	0.000000	7.125000	213.057037	432.050781
713	-707.489258	-824.918884	-139.275131	-132.158051	0.000000	0.000000	7.125000	357.991089	326.874420
714	372.770721	778.513794	24.711205	181.297485	0.000000	0.000000	7.125000	8.411877	-367.787384
715	-12.055159	300.799072	-41.200344	196.682465	0.000000	0.000000	7.125000	44.655262	-231.101898
716	-176.926743	-1145.436890	-89.820786	-166.276215	0.000000	0.000000	7.125000	174.653152	454.959198
717	-643.207642	162.514664	-134.617615	51.123276	0.000000	0.000000	7.125000	312.000336	-117.215302
718	1209.533691	-959.514832	144.408188	-144.090149	0.000000	0.000000	7.125000	-351.304871	364.813843
719	-674.918274	-821.295898	-123.000366	-147.403168	0.000000	0.000000	7.125000	296.650513	498.137451
720	-1030.456177	-123.720734	-167.600525	-11.576985	0.000000	0.000000	7.125000	395.835846	23.889465
721	-429.222107	-935.928467	-97.070709	-172.561920	0.000000	0.000000	7.125000	142.266113	326.619324
722	-1169.854492	-722.928955	-196.785751	-89.046814	0.000000	0.000000	7.125000	535.687744	180.818237
723	-275.537292	-265.595123	-117.290100	-159.520340	0.000000	0.000000	7.125000	110.070183	173.915527
724	315.083801	-1012.377808	61.374283	-169.211060	0.000000	0.000000	7.125000	-165.934616	412.208527
725	-789.764771	-1139.332520	-138.481674	-161.832489	0.000000	0.000000	7.125000	290.966309	364.864838
726	-613.016418	-111.593216	-185.891815	-5.588174	0.000000	0.000000	7.125000	163.931732	73.749374
727	227.524063	-106.530754	164.412933	-13.821388	0.000000	0.000000	7.125000	-305.095123	71.421356
728	449.375275	953.827332	52.186752	169.130432	0.000000	0.000000	7.125000	-106.979027	-409.791138
729	694.978516	-1030.019531	106.261665	-174.139145	0.000000	0.000000	7.125000	-214.903610	367.360596
730	519.583801	-830.030457	82.139175	-160.163025	0.000000	0.000000	7.125000	-198.149109	346.485138
731	858.329468	1031.655151	103.557144	161.678436	0.000000	0.000000	7.125000	-149.628387	-300.071320
732	-677.494995	1323.907959	-94.378319	200.899857	0.000000	0.000000	7.125000	135.580231	-465.373993
733	180.401337	-714.187500	41.489117	-150.380829	0.000000	0.000000	7.125000	-100.381485	322.197174
734	-1112.149902	857.588318	-156.434402	116.403946	0.000000	0.000000	7.125000	421.375793	-298.390656
735	23.754066	-818.711304	-23.270336	-157.286697	0.000000	0.000000	7.125000	23.646044	406.538025
736	-613.417969	965.026672	-125.935745	204.297852	0.000000	0.000000	7.125000	482.963867	-759.506653
737	-522.988342	-461.422180	-190.300888	-108.381454	0.000000	0.000000	7.125000	247.123642	166.659286
738	-1133.875000	603.782410	-190.820404	101.114227	0.000000	0.000000	7.125000	341.519775	-82.557388
739	806.474487	543.084595	144.904800	106.780304	0.000000	0.000000	7.125000	-230.855042	-164.510284
740	955.418945	1384.516724	132.382767	185.630295	0.000000	0.000000	7.125000	-289.951385	-413.723572
741	1052.172852	-1023.216736	125.563469	-153.093567	0.000000	0.000000	7.125000	-332.491730	429.202148
742	12.278263	-95.926254	-143.870804	106.526718	0.000000	0.000000	7.125000	45.746674	-101.895882
743	308.736176	-1242.603271	25.362818	-208.441681	0.000000	0.000000	7.125000	-29.225677	725.071411
744	-244.004059	-777.112976	-89.492844	-166.436966	0.000000	0.000000	7.125000	109.850845	343.521729
745	-750.694885	-1092.047485	-85.807617	-165.006348	0.000000	0.000000	7.125000	159.095947	455.794159
746	137.906738	-1396.444214	-24.598736	-208.551743	0.000000	0.000000	7.125000	36.289307	578.908142
747	1237.315186	553.004700	179.080963	84.391708	0.000000	0.000000	7.125000	-606.212952	-175.584991
748	1169.241943	89.664444	178.675461	21.679668	0.000000	0.000000	7.125000	-488.549835	-14.413712
749	999.056885	920.266663	115.634659	130.017792	0.000000	0.000000	7.125000	-291.259064	-340.645569
750	-102.585426	-439.809845	-90.080673	-148.859894	0.000000	0.000000	7.125000	129.809509	213.410156
751	-1057.536743	645.716858	-174.253754	100.156387	0.000000	0.000000	7.125000	482.099854	-180.499237
752	-1082.774780	-457.633820	-210.380646	-70.859406	0.000000	0.000000	7.125000	800.700012	257.166565
753	-754.917053	-522.255127	-130.698257	-100.708847	0.000000	0.000000	7.125000	229.360580	153.767471
754	-1008.221924	1237.961670	-144.170578	168.779236	0.000000	0.000000	7.125000	195.261002	-362.667206
755	1290.693115	1003.379517	147.302444	153.848984	0.000000	0.000000	7.125000	-391.478882	-366.560516
756	1001.671875	753.325134	158.131180	108.889877	0.000000	0.000000	7.125000	-337.679108	-169.230209
757	-1259.799194	-226.393417	-199.998718	-40.178410	0.000000	0.000000	7.125000	513.196777	62.291359
758	-336.493958	56.167091	-166.815689	67.589554	0.000000	0.000000	7.125000	219.534149	-71.444763
759	29.112431	672.972839	-7.514620	188.850433	0.000000	0.000000	7.125000	6.766338	-257.239441
760	903.874939	757.285400	170.288055	117.683365	0.000000	0.000000	7.125000	-433.945007	-254.297668
761	542.141602	-387.072205	130.282944	-136.903168	0.000000	0.000000	7.125000	-180.866440	216.438477
762	808.396545	507.288635	150.468506	98.786865	0.000000	0.000000	7.125000	-243.299011	-147.747147
763	-1267.884644	527.417053	-181.873444	85.333588	0.000000	0.000000	7.125000	624.386536	-161.329163
764	-592.817993	1270.535522	-98.909225	181.811081	0.000000	0.000000	7.125000	167.697006	-475.699371
765	747.936157	346.652893	148.374710	107.093643	0.000000	0.000000	7.125000	-143.117477	-68.295898
766	-392.019623	906.310669	-87.529099	146.899399	0.000000	0.000000	7.125000	111.167671	-259.524445
767	-26.976604	-325.503723	-173.784882	-57.018375	0.000000	0.000000	7.125000	172.197723	11.909568
768	-793.468323	215.917465	-194.707428	35.936367	0.000000	0.000000	7.125000	530.153870	-28.571199
769	598.890564	-571.601074	120.458572	-137.729553	0.000000	0.000000	7.125000	-175.624008	222.700012
770	39.654560	247.240295	2.591240	182.969116	0.000000	0.000000	7.125000	2.066442	-201.650833
771	-680.636902	-110.927132	-180.683197	-55.448898	0.000000	0.000000	7.125000	309.183533	95.697792
772	22.689751	-555.338013	-50.564354	-153.895782	0.000000	0.000000	7.125000	43.315239	273.479828
773	740.457031	563.633362	132.523895	93.173447	0.000000	0.000000	7.125000	-277.589478	-168.871704
774	777.724304	-555.400513	152.117462	-78.107666	0.000000	0.000000	7.125000	-358.164795	202.897568
775	-231.128418	517.024719	-76.076576	159.816132	0.000000	0.000000	7.125000	129.196045	-282.542175
776	-1131.804199	-1036.320068	-155.548508	-136.565918	0.000000	0.000000	7.125000	324.628052	230.859390
777	1186.393677	777.101624	159.283096	107.200119	0.000000	0.000000	7.125000	-339.763397	-193.929657
778	575.960083	-1025.549805	80.979019	-136.822601	0.000000	0.000000	7.125000	-192.312042	369.016998
779	97.185478	-1111.200928	26.201143	-165.939560	0.000000	0.000000	7.125000	-31.742359	433.003265
780	1329.350098	-649.610596	191.086075	-79.587990	0.000000	0.000000	7.125000	-502.104980	179.556396
781	815.546692	-486.670197	132.639267	-134.637756	0.000000	0.000000	7.125000	-277.803040	335.516785
782	-947.720886	-879.040283	-133.160767	-125.526901	0.000000	0.000000	7.125000	326.666199	362.722656
783	1005.931946	-662.113892	161.480988	-138.890900	0.000000	0.000000	7.125000	-289.418793	226.750397
784	615.938477	-246.823303	169.555573	-39.017471	0.000000	0.000000	7.125000	-250.999725	87.218834
785	167.445694	-782.152466	29.580215	-174.510696	0.000000	0.000000	7.125000	-40.918854	393.509857
786	-966.257812	747.789185	-171.059326	126.913208	0.000000	0.000000	7.125000	480.035187	-313.224121
787	353.868164	-218.333939	169.104370	25.169044	0.000000	0.000000	7.125000	-146.881699	-58.397438
788	-932.776794	-184.974503	-162.856705	-26.496130	0.000000	0.000000	7.125000	438.829865	50.715042
789	-743.178101	1312.890381	-107.724480	187.202515	0.000000	0.000000	7.125000	211.200760	-494.058838
790	874.870667	426.867249	162.385345	96.704330	0.000000	0.000000	7.125000	-184.642303	-86.355820
791	500.296570	933.704834	87.991600	200.503265	0.000000	0.000000	7.125000	-136.150391	-476.896942
792	784.114441	27.416142	174.208145	87.484413	0.000000	0.000000	7.125000	-329.803528	-92.149246
793	373.799316	46.749302	185.559296	59.868370	0.000000	0.000000	7.125000	-264.701050	-129.438248
794	431.985962	-682.830505	82.740692	-149.649429	0.000000	0.000000	7.125000	-175.559799	306.635132
795	334.323944	378.025177	97.233551	151.459457	0.000000	0.000000	7.125000	-185.234665	-193.142944
796	58.330505	-669.680298	15.209685	-200.367157	0.000000	0.000000	7.125000	51.632183	285.766998
797	1020.072937	94.691772	156.955460	39.997044	0.000000	0.000000	7.125000	-300.316895	11.921629
798	-279.542206	484.472656	-84.698708	158.820312	0.000000	0.000000	7.125000	163.547760	-287.299591
799	1020.619751	-960.393188	125.301590	-137.460892	0.000000	0.000000	7.125000	-374.143219	399.328735
800	-882.624268	-320.487091	-177.081268	-32.281364	0.000000	0.000000	7.125000	440.603760	57.177860
801	-661.118713	-649.441284	-125.842102	-136.964920	0.000000	0.000000	7.125000	200.757370	257.810150
802	-657.458618	932.175537	-102.905762	147.669983	0.000000	0.000000	7.125000	182.001373	-386.754700
803	842.484863	-448.082703	150.094589	-104.665886	0.000000	0.000000	7.125000	-285.443054	161.277237
804	-214.494873	1030.722900	-56.035988	142.357315	0.000000	0.000000	7.125000	127.015144	-428.793762
805	-471.967041	-1222.621582	-85.490433	-161.785522	0.000000	0.000000	7.125000	167.048447	447.883881
806	416.863373	989.666931	63.399849	174.855438	0.000000	0.000000	7.125000	-112.541756	-445.752747
807	1251.934692	-469.849396	198.844513	-57.528572	0.000000	0.000000	7.125000	-343.863770	193.305679
808	330.391663	-99.531570	187.680695	-58.506657	0.000000	0.000000	7.125000	-9.784459	55.652161
809	1083.873901	-547.912781	137.271332	-96.844604	0.000000	0.000000	7.125000	-386.747528	230.243271
810	478.700989	92.326881	143.221466	14.952133	0.000000	0.000000	7.125000	-290.928192	-24.678556
811	988.164612	-747.262756	149.848221	-124.775925	0.000000	0.000000	7.125000	-405.226898	299.450684
812	839.758179	547.117371	133.889893	106.352997	0.000000	0.000000	7.125000	-274.828552	-209.864929
813	993.100952	-794.726807	142.706970	-119.290672	0.000000	0.000000	7.125000	-342.193970	271.165833
814	-266.584930	608.663208	-52.372292	175.345444	0.000000	0.000000	7.125000	77.395584	-309.890381
815	-497.469788	349.639709	-182.608215	68.404663	0.000000	0.000000	7.125000	322.488892	-144.505554
816	-857.167725	77.846474	-184.471252	23.742552	0.000000	0.000000	7.125000	424.805511	-5.521079
817	855.391113	-352.091309	179.522491	-48.657707	0.000000	0.000000	7.125000	-420.231750	115.420799
818	-128.348053	140.856430	-150.161606	142.478302	0.000000	0.000000	7.125000	171.266159	-184.203232
819	597.423767	789.474976	155.272629	145.781769	0.000000	0.000000	7.125000	-308.266846	-291.930542
820	211.757568	1214.002563	30.294239	180.473770	0.000000	0.000000	7.125000	-59.788155	-527.689331
821	593.022705	-806.993286	125.174026	-133.492722	0.000000	0.000000	7.125000	-433.950623	504.222107
822	979.692871	285.332550	188.574142	49.558372	0.000000	0.000000	7.125000	-269.822266	-1.394713
823	434.666870	-596.464478	160.578110	-125.783478	0.000000	0.000000	7.125000	-99.254936	115.267136
824	-1145.865723	47.612873	-200.913437	35.349648	0.000000	0.000000	7.125000	488.136993	-66.387665
825	381.887909	630.247314	42.694721	165.573380	0.000000	0.000000	7.125000	-86.635155	-97.040886
826	-1136.675293	-406.871796	-192.199310	-47.536381	0.000000	0.000000	7.125000	506.498474	89.349113
827	-1100.045898	1017.407898	-161.836670	143.047760	0.000000	0.000000	7.125000	538.923218	-405.430695
828	-822.461548	1121.056641	-130.580124	148.823593	0.000000	0.000000	7.125000	338.962372	-537.447632
829	-1193.981445	34.533112	-196.183655	26.641369	0.000000	0.000000	7.125000	440.716370	-13.680014
830	528.398682	-305.623474	143.770905	-117.997658	0.000000	0.000000	7.125000	-191.970825	174.395157
831	-556.388672	629.947632	-114.902710	105.509018	0.000000	0.000000	7.125000	298.692902	-315.611633
832	1089.893799	1093.561523	132.806839	146.854797	0.000000	0.000000	7.125000	-339.295990	-385.955994
833	-679.848328	-652.319275	-180.122726	-113.685944	0.000000	0.000000	7.125000	283.236725	191.511490
834	217.936676	914.296814	17.114456	155.056931	0.000000	0.000000	7.125000	-53.120647	-427.026367
835	-740.520386	-711.726746	-107.718857	-86.255478	0.000000	0.000000	7.125000	303.588013	217.492828
836	1097.903809	780.494995	157.986115	103.719864	0.000000	0.000000	7.125000	-527.033142	-242.931320
837	-269.699066	945.867615	-77.444687	185.449814	0.000000	0.000000	7.125000	100.394341	-452.231537
838	-190.524475	1074.315552	-30.700655	162.113739	0.000000	0.000000	7.125000	44.100307	-472.881378
839	-827.997437	237.111237	-206.922806	5.497253	0.000000	0.000000	7.125000	227.845520	-34.349964
840	162.424774	997.571167	34.036522	188.952255	0.000000	0.000000	7.125000	-20.034977	-395.954651
841	-213.738159	201.209167	-130.539276	110.444847	0.000000	0.000000	7.125000	211.447647	-174.966827
842	-920.126648	-611.467407	-234.853485	-91.326309	0.000000	0.000000	7.125000	505.374756	199.725937
843	114.331406	-684.598145	61.059135	-197.748810	0.000000	0.000000	7.125000	-195.529556	385.863129
844	-629.775452	330.129089	-177.796021	122.645660	0.000000	0.000000	7.125000	370.561676	-234.937637
845	839.191650	1116.737427	125.984207	140.884521	0.000000	0.000000	7.125000	-553.436096	-598.266052
846	-984.106079	-1117.402954	-137.951981	-133.541199	0.000000	0.000000	7.125000	591.283264	516.799011
847	790.959229	1181.300293	105.192978	174.782074	0.000000	0.000000	7.125000	-445.365234	-938.838135
848	-1101.251465	-1027.065063	-136.036118	-135.491562	0.000000	0.000000	7.125000	289.880951	335.071747
849	-576.569092	110.263588	-160.163544	39.655842	0.000000	0.000000	7.125000	219.482803	-50.705132
850	1305.884399	-697.926514	186.089859	-67.628654	0.000000	0.000000	7.125000	-477.877502	144.547729
851	465.041534	1311.022461	85.230309	198.458847	0.000000	0.000000	7.125000	-74.194145	-608.210022
852	-854.724304	-996.633911	-113.421265	-139.755554	0.000000	0.000000	7.125000	239.220993	387.207397
853	661.908081	41.523560	211.900543	21.250282	0.000000	0.000000	7.125000	-353.218384	32.928345
854	-870.210022	1067.855469	-128.919724	129.878235	0.000000	0.000000	7.125000	272.408966	-306.583679
855	-1116.134521	155.435150	-170.955429	32.376976	0.000000	0.000000	7.125000	602.774780	-67.417000
856	489.074310	-571.614990	157.921310	-79.930031	0.000000	0.000000	7.125000	-342.528748	159.617722
857	-412.890625	1047.507690	-76.523148	149.522659	0.000000	0.000000	7.125000	133.039764	-487.726013
858	433.677673	793.088806	127.112801	159.501663	0.000000	0.000000	7.125000	-174.298386	-331.670654
859	-300.758514	-1398.975830	-73.400192	-193.530518	0.000000	0.000000	7.125000	116.204918	507.708313
860	-96.150246	-860.596558	-38.647869	-178.857742	0.000000	0.000000	7.125000	34.246647	319.723358
861	1141.022949	-168.136032	176.316681	-15.528702	0.000000	0.000000	7.125000	-441.680634	23.503614
862	-780.311951	744.122925	-145.529388	147.207550	0.000000	0.000000	7.125000	257.701904	-291.924652
863	-98.057846	-566.628113	-70.643356	-181.732071	0.000000	0.000000	7.125000	95.443672	361.652069
864	708.951538	469.843079	152.252975	101.450775	0.000000	0.000000	7.125000	-559.066284	-258.547058
865	787.811279	347.403107	121.724213	92.694199	0.000000	0.000000	7.125000	-215.126862	-165.517532
866	-1333.676025	-18.358658	-194.992325	-1.727774	0.000000	0.000000	7.125000	497.187195	9.859258
867	463.286682	-981.695923	78.963806	-184.839218	0.000000	0.000000	7.125000	-116.444023	216.189240
868	31.500425	-339.130096	80.803299	-183.982758	0.000000	0.000000	7.125000	-122.720062	160.693909
869	464.781677	85.487419	153.751526	74.802536	0.000000	0.000000	7.125000	-269.385895	-204.426849
870	-370.171448	550.548645	-105.918190	152.896027	0.000000	0.000000	7.125000	196.335236	-268.545959
871	-898.413818	-994.469788	-138.497665	-149.780533	0.000000	0.000000	7.125000	326.545746	361.529144
872	-1166.770020	-326.618988	-188.486511	-36.530128	0.000000	0.000000	7.125000	499.424622	52.269741
873	-945.965942	852.566467	-146.341858	114.799408	0.000000	0.000000	7.125000	455.587402	-320.935181
874	-644.682434	-341.023010	-173.879150	-33.034809	0.000000	0.000000	7.125000	279.657379	-12.307871
875	884.422119	409.517456	187.189957	73.144875	0.000000	0.000000	7.125000	-525.816711	-118.147141
876	730.442261	784.536560	86.039200	178.318161	0.000000	0.000000	7.125000	-128.310120	-345.764130
877	-941.380981	967.368530	-134.325897	132.956757	0.000000	0.000000	7.125000	352.671265	-328.793518
878	166.469543	20.268188	170.262711	-12.663538	0.000000	0.000000	7.125000	-63.680122	-18.741959
879	-1098.718506	-475.687012	-195.555573	-98.562210	0.000000	0.000000	7.125000	404.499634	228.269684
880	-553.862122	1068.928101	-101.022629	148.961594	0.000000	0.000000	7.125000	149.225067	-318.436035
881	-1044.769653	-859.559875	-158.336945	-113.811752	0.000000	0.000000	7.125000	388.811462	254.529968
882	-181.902573	691.898926	-27.217920	211.124573	0.000000	0.000000	7.125000	-31.534761	-400.218506
883	-259.625061	-1111.889160	-59.173775	-160.421295	0.000000	0.000000	7.125000	100.117035	465.892914
884	-823.252563	1016.144287	-109.640152	138.919312	0.000000	0.000000	7.125000	222.826828	-432.329437
885	424.170288	-228.460648	173.533554	-47.323544	0.000000	0.000000	7.125000	-66.008995	58.785980
886	490.299683	383.626068	86.174919	130.036835	0.000000	0.000000	7.125000	-179.499573	-278.762085
887	555.516235	640.560791	94.454887	173.998093	0.000000	0.000000	7.125000	-183.653671	-475.226776
888	-831.692871	653.756409	-142.093750	100.420029	0.000000	0.000000	7.125000	295.195374	-186.879791
889	-54.713444	-368.362946	20.413733	-196.893829	0.000000	0.000000	7.125000	-169.731186	543.961060
890	-973.499878	-501.410187	-202.209946	-98.611168	0.000000	0.000000	7.125000	617.916443	197.718323
891	1039.061035	601.934814	145.545853	100.722168	0.000000	0.000000	7.125000	-289.864532	-214.740356
892	-938.563293	-1122.007690	-131.933258	-159.499786	0.000000	0.000000	7.125000	270.849701	397.603546
893	493.828552	627.145447	144.534958	130.883072	0.000000	0.000000	7.125000	-269.993683	-253.417419
894	214.879105	991.540955	32.550133	173.980255	0.000000	0.000000	7.125000	-101.335495	-363.097046
895	-965.732910	474.146179	-151.612427	79.026802	0.000000	0.000000	7.125000	317.408844	-92.413445
896	935.095825	-777.756592	118.533806	-127.379463	0.000000	0.000000	7.125000	-408.051331	420.075775
897	1196.542480	-389.094757	182.288422	-69.251488	0.000000	0.000000	7.125000	-443.012787	160.509171
898	1100.253174	-817.501038	178.812469	-141.422592	0.000000	0.000000	7.125000	-332.297211	201.168335
899	-391.359253	1114.023315	-62.157093	175.294922	0.000000	0.000000	7.125000	88.205811	-374.663422
900	-651.438354	969.155701	-97.688797	147.589737	0.000000	0.000000	7.125000	201.960632	-417.305756
901	-330.208160	1008.050171	-39.960800	181.650970	0.000000	0.000000	7.125000	65.582809	-385.853394
902	314.624329	-1185.290283	67.202553	-183.053329	0.000000	0.000000	7.125000	-150.980316	477.614136
903	418.260040	1109.018799	57.184608	192.693298	0.000000	0.000000	7.125000	-106.677170	-436.636688
904	769.870117	-1028.639160	114.882698	-161.260971	0.000000	0.000000	7.125000	-270.932190	458.410370
905	-721.006104	1348.098755	-113.847069	176.408981	0.000000	0.000000	7.125000	329.859863	-716.833923
906	114.208351	-745.100403	-22.944221	-154.301483	0.000000	0.000000	7.125000	37.598431	311.223267
907	960.127258	266.119415	207.779160	69.181747	0.000000	0.000000	7.125000	-512.847473	-84.669556
908	-584.767151	162.724625	-215.602478	38.366982	0.000000	0.000000	7.125000	332.359985	-35.862930
909	-601.429504	877.645142	-93.024765	178.166962	0.000000	0.000000	7.125000	157.337723	-414.331085
910	-334.907806	-342.120728	-74.781509	-189.787781	0.000000	0.000000	7.125000	116.549004	225.865814
911	184.330002	-683.411621	83.084274	-159.661255	0.000000	0.000000	7.125000	-168.939331	292.450104
912	45.418510	27.595642	-190.424469	113.764214	0.000000	0.000000	7.125000	103.929443	-96.271942
913	410.673584	-679.123413	119.641205	-176.216660	0.000000	0.000000	7.125000	-230.387039	303.002472
914	798.570068	1194.648071	87.167465	167.666992	0.000000	0.000000	7.125000	-167.050400	-533.967224
915	-728.236450	1149.418701	-97.875969	165.148087	0.000000	0.000000	7.125000	189.713867	-482.671753
916	965.159180	410.490387	176.615509	47.825092	0.000000	0.000000	7.125000	-506.154541	-50.522751
917	1042.438965	141.384109	201.927277	45.292732	0.000000	0.000000	7.125000	-630.397095	-33.439465
918	357.503418	-289.891205	189.880112	-55.846100	0.000000	0.000000	7.125000	-243.661713	109.472023
919	-95.071526	-174.602570	-122.861252	-96.114502	0.000000	0.000000	7.125000	143.103668	98.494949
920	237.676498	35.307072	114.108231	172.698807	0.000000	0.000000	7.125000	-149.850327	-172.601654
921	-83.116997	-901.959351	-32.725464	-152.528259	0.000000	0.000000	7.125000	59.766541	330.439636
922	627.434204	-700.859131	127.628159	-131.148270	0.000000	0.000000	7.125000	-348.911743	314.359222
923	248.052109	-976.944763	43.377544	-159.193298	0.000000	0.000000	7.125000	-39.679142	299.312103
924	714.168701	1276.791626	106.532745	198.150833	0.000000	0.000000	7.125000	-202.184753	-515.832520
925	840.206360	-705.774963	129.030182	-97.934509	0.000000	0.000000	7.125000	-483.879608	228.613785
926	-472.819763	-199.308899	-143.768036	-7.878482	0.000000	0.000000	7.125000	268.546692	47.537727
927	118.402977	604.154968	4.209756	176.949768	0.000000	0.000000	7.125000	3.392997	-306.758545
928	-1204.354004	-768.206299	-159.687531	-111.912582	0.000000	0.000000	7.125000	433.143463	253.401733
929	-1027.022583	323.695709	-150.403259	87.473160	0.000000	0.000000	7.125000	340.551941	-128.535110
930	-1116.527344	-758.000977	-181.842850	-137.526733	0.000000	0.000000	7.125000	595.806091	433.716614
931	642.632629	-1292.167603	109.774200	-182.531830	0.000000	0.000000	7.125000	-258.042145	487.305420
932	1172.700928	296.762634	219.182526	72.869453	0.000000	0.000000	7.125000	-427.653381	-138.297501
933	344.786102	73.672226	179.923309	3.654191	0.000000	0.000000	7.125000	-185.137772	33.474800
934	-932.165894	-1119.234741	-145.145142	-147.585495	0.000000	0.000000	7.125000	328.255554	340.141876
935	1150.007568	254.312256	165.253983	54.431572	0.000000	0.000000	7.125000	-379.101440	-94.424820
936	848.439026	-529.975952	158.120209	-138.192017	0.000000	0.000000	7.125000	-342.408691	350.544708
937	359.813477	-203.561966	174.773712	-27.947475	0.000000	0.000000	7.125000	-249.658325	52.323586
938	140.710968	-687.058472	45.358337	-195.741638	0.000000	0.000000	7.125000	-115.275635	284.243256
939	170.710602	-659.066528	28.738972	-208.023529	0.000000	0.000000	7.125000	-11.390878	156.017639
940	-690.496582	-160.942886	-182.723236	-48.294777	0.000000	0.000000	7.125000	333.362518	78.980148
941	-147.271423	-120.866684	-123.320602	201.873413	0.000000	0.000000	7.125000	64.809097	-196.078140
942	996.073242	1123.424805	128.916473	150.272919	0.000000	0.000000	7.125000	-308.559113	-433.921570
943	-497.300110	1028.243896	-75.837456	159.909973	0.000000	0.000000	7.125000	110.910507	-368.592957
944	-708.170776	-334.784668	-138.920822	-70.957619	0.000000	0.000000	7.125000	326.872955	133.149887
945	727.927124	-630.093079	136.533112	-130.689072	0.000000	0.000000	7.125000	-185.245285	174.356934
946	-5.228111	10.768771	126.026688	-118.102432	0.000000	0.000000	7.125000	-36.545544	121.362213
947	-312.245544	-349.514954	-167.470001	-121.658371	0.000000	0.000000	7.125000	206.167816	142.003006
948	-695.453186	-906.521362	-102.209656	-125.671585	0.000000	0.000000	7.125000	231.980118	387.180389
949	977.428528	-726.799988	142.444061	-110.031128	0.000000	0.000000	7.125000	-269.618011	207.881958
950	-990.499084	725.228210	-138.114548	120.049980	0.000000	0.000000	7.125000	400.533936	-413.921173
951	733.063110	746.508484	136.815598	116.956566	0.000000	0.000000	7.125000	-314.132355	-255.585556
952	-590.521362	-39.057575	-161.986816	-0.078773	0.000000	0.000000	7.125000	365.358948	22.920996
953	-863.442017	675.092834	-164.750946	153.238480	0.000000	0.000000	7.125000	357.331085	-285.772980
954	868.745972	756.250732	129.393188	125.114143	0.000000	0.000000	7.125000	-333.670959	-407.336670
955	-944.525269	-927.673950	-123.774597	-117.982216	0.000000	0.000000	7.125000	248.680161	235.185318
956	-839.185913	-64.768761	-215.870972	-7.088089	0.000000	0.000000	7.125000	524.170166	62.627373
957	324.480835	-1052.596558	33.933674	-195.058685	0.000000	0.000000	7.125000	-89.967041	639.454590
958	101.398468	645.425354	-10.674544	182.683228	0.000000	0.000000	7.125000	7.555923	-359.220703
959	-856.827820	145.609787	-150.745178	40.129200	0.000000	0.000000	7.125000	262.827911	-38.683701
960	-885.401123	779.182861	-152.109421	131.389435	0.000000	0.000000	7.125000	303.565857	-280.019684
961	1051.218140	460.593262	163.031174	83.113251	0.000000	0.000000	7.125000	-388.090515	-147.596558
962	-758.235779	-853.415955	-163.079269	-155.008286	0.000000	0.000000	7.125000	425.982056	365.804260
963	-1077.811646	-364.392822	-195.151382	-69.025085	0.000000	0.000000	7.125000	380.776978	158.322876
964	-539.518799	-1191.588745	-77.617325	-185.395660	0.000000	0.000000	7.125000	137.738113	503.720490
965	153.717178	-360.101501	56.060394	-132.626556	0.000000	0.000000	7.125000	-97.578697	177.387924
966	911.028748	-489.952576	183.710556	-65.269455	0.000000	0.000000	7.125000	-370.477173	215.460861
967	-586.925293	-1152.982422	-111.018631	-152.940186	0.000000	0.000000	7.125000	220.997467	404.947906
968	1036.285156	-246.462173	185.321548	-37.067360	0.000000	0.000000	7.125000	-530.451599	71.305542
969	770.695435	320.978241	145.193802	90.292892	0.000000	0.000000	7.125000	-260.500336	-85.233627
970	-713.829712	641.755432	-131.322906	131.720474	0.000000	0.000000	7.125000	275.036377	-271.444824
971	520.788757	-327.893433	162.498245	-62.205143	0.000000	0.000000	7.125000	-323.121124	109.312035
972	-507.710236	-674.327148	-123.782387	-126.509895	0.000000	0.000000	7.125000	237.661972	247.131516
973	-29.014221	523.384949	29.034332	162.423615	0.000000	0.000000	7.125000	-43.545517	-293.613037
974	-967.295654	185.072586	-182.668549	59.128258	0.000000	0.000000	7.125000	393.670746	-100.979942
975	-433.040497	-335.296753	-97.501045	-172.308212	0.000000	0.000000	7.125000	129.343567	394.143707
976	-110.892502	-854.634888	-88.112701	-193.872559	0.000000	0.000000	7.125000	88.260475	334.663361
977	-1386.024414	417.625519	-196.313858	65.595383	0.000000	0.000000	7.125000	533.711609	-102.188011
978	258.142670	-928.674316	33.727295	-176.811600	0.000000	0.000000	7.125000	-74.563400	360.189880
979	-907.920227	615.225708	-121.526741	92.948914	0.000000	0.000000	7.125000	469.512054	-289.843781
980	-625.272827	1.201534	-149.859924	30.765736	0.000000	0.000000	7.125000	368.553558	-43.095806
981	-708.542847	-1316.077637	-94.555573	-190.839905	0.000000	0.000000	7.125000	162.522110	494.284393
982	1032.265625	-80.112747	150.354935	-28.321712	0.000000	0.000000	7.125000	-393.508270	87.579887
983	-961.189270	683.010315	-140.589890	107.533363	0.000000	0.000000	7.125000	329.890320	-216.421967
984	886.942993	717.367493	133.242126	138.213943	0.000000	0.000000	7.125000	-296.651276	-377.100128
985	-126.108093	-802.814880	5.525132	-155.899673	0.000000	0.000000	7.125000	4.124204	376.603485
986	201.451019	-645.385193	78.382523	-151.976913	0.000000	0.000000	7.125000	-150.138550	303.482971
987	-41.181843	1073.393677	-19.778826	193.993683	0.000000	0.000000	7.125000	50.098858	-495.433044
988	195.239471	-1247.504150	7.251544	-191.862869	0.000000	0.000000	7.125000	-9.638515	458.483673
989	586.932190	627.200684	155.306610	122.810684	0.000000	0.000000	7.125000	-135.466446	-108.814430
990	223.491058	-1094.821777	50.869831	-172.661835	0.000000	0.000000	7.125000	-168.282944	557.758789
991	1125.444092	-924.232117	131.546387	-135.707062	0.000000	0.000000	7.125000	-311.626648	344.257568
992	-214.516129	1073.124634	-41.726715	172.004776	0.000000	0.000000	7.125000	65.865341	-446.962189
993	528.783875	1003.807251	65.125977	158.091034	0.000000	0.000000	7.125000	-116.129311	-448.490082
994	-943.052979	436.749756	-159.771286	89.202713	0.000000	0.000000	7.125000	426.135834	-167.559021
995	855.126404	-769.702087	147.733932	-112.961868	0.000000	0.000000	7.125000	-361.569824	189.459457
996	-437.032745	-1458.227295	-91.313469	-208.893600	0.000000	0.000000	7.125000	149.481918	511.019897
997	-473.922363	-686.708313	-119.598190	-122.217529	0.000000	0.000000	7.125000	187.602310	245.631439
998	-104.905045	-615.752808	-23.664610	-184.486282	0.000000	0.000000	7.125000	9.666568	284.040741
999	-825.784119	-401.732208	-152.828018	-69.750717	0.000000	0.000000	7.125000	435.167908	129.352234
