node	a_force.x	a_force.y	g_force.x	g_force.y	r_force.x	r_force.y	global_speed	move_node.x	move_node.y
0	-247.186905	-173.508942	-115.492432	-10.810017	0.000000	0.000000	3.750000	262.898346	11.261561
1	188.794098	446.846313	55.306026	139.430862	0.000000	0.000000	3.750000	-179.082031	-671.968140
2	-850.809937	-22.293247	-137.836884	6.698083	0.000000	0.000000	3.750000	1112.192383	86.619812
3	145.994019	-180.964127	113.872192	-22.110094	0.000000	0.000000	3.750000	-342.689758	118.319542
4	473.905518	503.655945	95.684082	112.909134	0.000000	0.000000	3.750000	-371.882660	-395.229126
5	153.128510	-185.587006	114.240608	-77.414680	0.000000	0.000000	3.750000	-402.841248	248.640228
6	-510.727814	-374.567322	-108.874344	-84.793137	0.000000	0.000000	3.750000	603.528687	316.463715
7	-199.691345	710.404846	-33.778069	117.230682	0.000000	0.000000	3.750000	222.643555	-907.915833
8	-189.128326	-55.456856	-110.160362	92.702545	0.000000	0.000000	3.750000	328.932373	-130.797302
9	-759.144653	-752.839600	-106.049271	-106.082016	0.000000	0.000000	3.750000	330.114990	359.066589
10	415.928619	-464.163086	108.399597	-85.402130	0.000000	0.000000	3.750000	-740.249084	548.746277
11	769.923340	-474.526306	121.278183	-65.845261	0.000000	0.000000	3.750000	-902.162964	493.431580
12	-991.765808	359.018982	-133.849731	63.151745	0.000000	0.000000	3.750000	1139.439941	-377.742340
13	542.003784	-151.504730	143.467850	-12.368164	0.000000	0.000000	3.750000	-805.044495	97.244377
14	405.075928	468.328247	61.090031	86.625671	0.000000	0.000000	3.750000	-504.146545	-755.247070
15	895.768799	-690.539917	127.592705	-89.755707	0.000000	0.000000	3.750000	-943.325439	606.205139
16	-343.724976	69.581039	-132.692017	37.872559	0.000000	0.000000	3.750000	343.477844	5.752162
17	839.597107	-208.372284	159.319870	-14.734409	0.000000	0.000000	3.750000	-1174.665649	8.867960
18	-978.751404	13.736118	-133.946686	23.541918	0.000000	0.000000	3.750000	1017.298340	-70.549026
19	767.784790	409.462616	119.490654	80.360916	0.000000	0.000000	3.750000	-1056.675537	-519.306396
20	-369.737518	144.329681	-125.340851	57.734764	0.000000	0.000000	3.750000	417.846252	-125.572021
21	-809.426453	403.592773	-139.614655	78.150192	0.000000	0.000000	3.750000	781.402344	-288.493103
22	604.892151	104.475708	113.995728	21.470192	0.000000	0.000000	3.750000	-868.326050	-129.520523
23	241.228821	-421.716797	69.007416	-112.520355	0.000000	0.000000	3.750000	-163.881348	546.556030
24	-924.942383	371.502502	-146.643951	73.426399	0.000000	0.000000	3.750000	926.883972	-362.863312
25	-137.006805	869.832520	-17.087717	149.023468	0.000000	0.000000	3.750000	124.819641	-935.077759
26	945.955688	-300.182373	159.344376	-29.211433	0.000000	0.000000	3.750000	-855.785583	105.262489
27	-729.066406	911.951172	-89.645096	132.528305	0.000000	0.000000	3.750000	678.724548	-1063.187622
28	-815.076172	888.205078	-98.257462	126.275352	0.000000	0.000000	3.750000	836.425354	-1019.547791
29	-202.152695	701.943481	-12.134448	127.423012	0.000000	0.000000	3.750000	6.978704	-699.266785
30	761.531250	-207.959763	152.045563	-42.965935	0.000000	0.000000	3.750000	-935.333801	180.599167
31	-815.825562	-491.927612	-124.286514	-76.607315	0.000000	0.000000	3.750000	980.053589	409.720428
32	638.405090	-811.589111	94.153152	-100.891693	0.000000	0.000000	3.750000	-611.660095	793.731140
33	303.789001	907.017944	59.020988	129.152252	0.000000	0.000000	3.750000	-300.481262	-1090.262085
34	199.409470	334.169861	90.915993	111.669243	0.000000	0.000000	3.750000	-444.974060	-448.430603
35	382.062622	890.682983	70.383720	125.626846	0.000000	0.000000	3.750000	-328.227203	-727.125671
36	-512.521729	804.749146	-70.847687	118.425522	0.000000	0.000000	3.750000	587.341187	-1000.193665
37	149.533936	-808.075195	53.428276	-129.403610	0.000000	0.000000	3.750000	-251.445786	920.740662
38	-24.682253	-580.765991	25.655876	-131.520782	0.000000	0.000000	3.750000	-70.664467	554.664185
39	-255.870285	279.006042	-12.003595	133.449295	0.000000	0.000000	3.750000	252.185776	-399.371338
40	575.521606	545.633057	81.277412	82.764626	0.000000	0.000000	3.750000	-789.439575	-818.152649
41	114.091667	610.133789	33.830357	123.448349	0.000000	0.000000	3.750000	-191.293686	-843.977539
42	-406.050232	315.511780	-52.578854	98.889450	0.000000	0.000000	3.750000	412.277405	-440.882599
43	654.913208	-22.951729	129.966675	-2.901170	0.000000	0.000000	3.750000	-564.093689	79.176056
44	394.660492	-438.287781	100.925362	-72.040680	0.000000	0.000000	3.750000	-570.847778	283.440735
45	-284.179352	85.242157	-78.255386	103.807831	0.000000	0.000000	3.750000	248.107925	-274.732056
46	500.846802	-7.810835	184.044556	26.878529	0.000000	0.000000	3.750000	-737.837769	43.344326
47	706.833618	60.657364	122.775604	48.476959	0.000000	0.000000	3.750000	-904.521790	-217.915970
48	73.480087	156.178375	91.590370	105.845963	0.000000	0.000000	3.750000	-68.185806	12.495279
49	142.103378	-535.569702	43.825657	-103.068375	0.000000	0.000000	3.750000	-113.519508	583.181763
50	-745.673096	-331.270935	-145.168701	-57.113625	0.000000	0.000000	3.750000	844.837952	399.654755
51	-741.230042	-146.618423	-156.907532	-18.544926	0.000000	0.000000	3.750000	852.938599	149.883438
52	-163.834442	483.506287	-41.541397	110.445953	0.000000	0.000000	3.750000	378.797516	-1015.116272
53	258.479095	911.238342	34.283611	152.186157	0.000000	0.000000	3.750000	-251.502930	-1026.672852
54	-852.702271	-639.263062	-100.419800	-100.398407	0.000000	0.000000	3.750000	829.428894	726.922668
55	96.983780	-1077.968872	35.028378	-166.351562	0.000000	0.000000	3.750000	-120.720390	1314.734741
56	-992.405762	-594.536499	-140.604950	-84.415977	0.000000	0.000000	3.750000	1250.053223	520.028625
57	828.337524	-57.372471	123.831406	-39.569672	0.000000	0.000000	3.750000	-753.610962	194.502533
58	922.256714	428.051819	130.452881	69.898788	0.000000	0.000000	3.750000	-1183.265747	-384.739014
59	561.000122	494.124084	120.725433	78.463913	0.000000	0.000000	3.750000	-158.235474	-98.415039
60	-843.027588	-351.189606	-125.793350	-65.878059	0.000000	0.000000	3.750000	1107.311646	399.997894
61	-443.741699	530.891907	-59.083534	113.547020	0.000000	0.000000	3.750000	546.492310	-690.668335
62	572.822876	-648.715454	116.930130	-106.260742	0.000000	0.000000	3.750000	-794.085999	727.357422
63	-143.669830	-272.708069	-46.776707	-114.834412	0.000000	0.000000	3.750000	223.333145	365.271759
64	426.348389	-820.870728	83.077698	-112.685745	0.000000	0.000000	3.750000	-496.206207	779.609375
65	88.021805	-967.003845	30.119213	-142.859131	0.000000	0.000000	3.750000	-111.174164	1114.942017
66	-308.215820	457.991058	-5.766639	135.877197	0.000000	0.000000	3.750000	15.393596	-374.966217
67	-173.991333	762.923340	5.499013	143.894516	0.000000	0.000000	3.750000	54.740425	-804.763550
68	119.964912	-816.822632	38.431644	-128.369385	0.000000	0.000000	3.750000	-84.397392	974.234741
69	380.314270	297.822449	102.861053	72.770813	0.000000	0.000000	3.750000	-644.438110	-420.277130
70	-728.542542	-335.849121	-139.030182	-50.740578	0.000000	0.000000	3.750000	886.497314	304.216431
71	198.664032	-709.368164	98.627159	-135.999191	0.000000	0.000000	3.750000	-289.790253	583.665466
72	84.543549	164.878937	85.633522	95.132355	0.000000	0.000000	3.750000	-224.695831	-145.838837
73	166.433990	165.756927	107.592224	101.470795	0.000000	0.000000	3.750000	-127.298912	71.589684
74	-287.534912	-228.429688	-123.033928	-47.807804	0.000000	0.000000	3.750000	349.983093	96.343834
75	-318.264740	-232.060822	-113.378296	-24.512501	0.000000	0.000000	3.750000	458.209015	206.474014
76	407.026733	363.070435	120.225052	79.256790	0.000000	0.000000	3.750000	-647.597290	-301.922119
77	-498.113037	44.260612	-142.742813	30.665028	0.000000	0.000000	3.750000	716.762512	-88.018265
78	773.385742	394.281158	138.637161	83.770149	0.000000	0.000000	3.750000	-227.951141	-111.229607
79	1063.848755	214.686218	160.723755	61.247181	0.000000	0.000000	3.750000	-1233.406006	-163.244553
80	371.864441	99.400192	130.967072	16.480375	0.000000	0.000000	3.750000	-1052.620605	-80.897423
81	304.906982	-370.805847	97.691826	-85.768524	0.000000	0.000000	3.750000	-425.357025	326.212708
82	-377.909851	-665.015320	-76.051407	-112.745163	0.000000	0.000000	3.750000	146.813553	228.886932
83	-787.247559	914.457642	-98.660370	128.491638	0.000000	0.000000	3.750000	779.674683	-904.082092
84	-282.593689	700.226013	-39.717430	117.466476	0.000000	0.000000	3.750000	119.205933	-672.767395
85	268.400482	-98.863464	137.310303	36.162384	0.000000	0.000000	3.750000	-376.186279	36.589371
86	-435.050018	-361.002930	-108.249237	-94.961380	0.000000	0.000000	3.750000	572.707275	357.989227
87	336.588318	768.905823	68.820084	119.615005	0.000000	0.000000	3.750000	-440.750885	-955.202881
88	653.700073	-346.545441	110.896881	-40.321888	0.000000	0.000000	3.750000	-1049.785522	292.977478
89	-87.179718	-356.461731	10.552917	-121.542488	0.000000	0.000000	3.750000	15.218725	566.723389
90	345.653229	583.340942	86.901489	102.000641	0.000000	0.000000	3.750000	-568.656921	-664.907471
91	723.192505	191.236755	169.843796	7.276004	0.000000	0.000000	3.750000	-887.463745	47.142258
92	-133.687073	-941.561768	-5.981804	-145.876114	0.000000	0.000000	3.750000	232.600784	1020.009399
93	-729.939453	-312.293945	-113.616974	-38.615158	0.000000	0.000000	3.750000	934.083984	204.969284
94	502.270325	-1097.777100	86.075729	-144.273483	0.000000	0.000000	3.750000	-518.639282	1194.852173
95	-1087.890503	41.527527	-152.039215	34.926323	0.000000	0.000000	3.750000	925.143860	-92.890137
96	46.283653	442.238464	25.025871	131.641190	0.000000	0.000000	3.750000	-11.203989	-645.915222
97	818.815552	754.364075	121.495621	107.156357	0.000000	0.000000	3.750000	-714.462585	-434.005371
98	578.819885	-635.287170	84.421524	-73.600250	0.000000	0.000000	3.750000	-876.023621	658.742615
99	565.751343	-392.711792	126.646362	-68.523453	0.000000	0.000000	3.750000	-648.654968	108.259598
100	-832.562500	-188.375519	-123.249649	-13.620661	0.000000	0.000000	3.750000	1059.387207	129.012009
101	640.817139	-243.667969	134.489105	-51.465103	0.000000	0.000000	3.750000	-914.588257	295.647339
102	574.776123	194.112808	113.778534	44.025955	0.000000	0.000000	3.750000	-658.859985	-159.118729
103	-640.145386	453.958221	-92.125000	113.263657	0.000000	0.000000	3.750000	642.299622	-554.327576
104	739.518494	529.914429	112.853561	75.894394	0.000000	0.000000	3.750000	-1025.014404	-477.515045
105	-772.243042	418.411682	-125.393616	70.797989	0.000000	0.000000	3.750000	998.637207	-418.855103
106	311.141663	926.651611	52.586182	155.340332	0.000000	0.000000	3.750000	-252.524353	-935.744324
107	-534.373718	-946.690247	-89.183487	-132.839386	0.000000	0.000000	3.750000	589.801575	901.291748
108	831.602844	-315.936279	130.662582	-55.599358	0.000000	0.000000	3.750000	-1090.483276	450.192413
109	-2.806128	482.278015	-17.363144	128.833527	0.000000	0.000000	3.750000	254.043503	-697.471130
110	-551.986023	-164.866623	-147.742798	-8.701063	0.000000	0.000000	3.750000	536.127930	140.995728
111	-281.198273	613.537476	-49.627998	130.908539	0.000000	0.000000	3.750000	307.150208	-970.279236
112	-575.976196	-563.250366	-116.586533	-97.526718	0.000000	0.000000	3.750000	860.613953	554.401428
113	243.895660	-543.862244	68.502907	-83.493591	0.000000	0.000000	3.750000	-411.617523	367.962036
114	-415.759613	89.781456	-149.644943	36.307922	0.000000	0.000000	3.750000	420.742767	36.930233
115	-31.028717	-443.062531	46.908516	-119.087418	0.000000	0.000000	3.750000	-38.468296	452.541412
116	875.540405	-215.273636	134.079788	-22.772934	0.000000	0.000000	3.750000	-1088.062500	144.619537
117	376.239319	578.935059	93.512833	112.121712	0.000000	0.000000	3.750000	-279.564026	-380.181427
118	-761.095947	-826.936890	-98.138626	-99.843895	0.000000	0.000000	3.750000	893.583069	993.100586
119	-142.834229	744.885254	11.161874	117.470673	0.000000	0.000000	3.750000	-18.317329	-983.828430
120	583.080811	223.781128	121.412338	51.796227	0.000000	0.000000	3.750000	-823.205383	-205.487961
121	359.339355	-216.281693	134.074860	-22.801853	0.000000	0.000000	3.750000	-576.191162	95.252029
122	-48.508049	746.293274	8.749974	129.704025	0.000000	0.000000	3.750000	102.092278	-799.720642
123	10.595520	-114.059669	136.190384	-22.037422	0.000000	0.000000	3.750000	-219.679611	130.403015
124	-609.138550	-853.500183	-68.053680	-129.169250	0.000000	0.000000	3.750000	301.210388	583.753784
125	-593.800598	70.938271	-128.826355	36.873352	0.000000	0.000000	3.750000	795.474609	-143.577271
126	-109.405640	-7.737722	33.883629	104.570953	0.000000	0.000000	3.750000	124.148117	-62.771801
127	-130.383179	579.693359	-29.281332	122.549072	0.000000	0.000000	3.750000	330.363373	-670.509644
128	720.907043	-806.103882	120.211884	-105.589294	0.000000	0.000000	3.750000	-807.281799	668.774658
129	861.216003	-533.802612	126.909363	-68.043991	0.000000	0.000000	3.750000	-1108.618774	497.441040
130	427.069366	19.804590	133.586777	25.499178	0.000000	0.000000	3.750000	-546.189575	-27.425764
131	109.776398	287.240906	64.680817	103.441864	0.000000	0.000000	3.750000	-317.700043	-397.313995
132	767.497620	-336.508423	125.890404	-39.692974	0.000000	0.000000	3.750000	-1080.127441	209.305817
133	-186.232361	853.156982	-8.071686	139.766968	0.000000	0.000000	3.750000	155.921082	-1165.904297
134	-289.190491	-1008.320557	-35.012291	-143.798767	0.000000	0.000000	3.750000	193.493210	1240.966553
135	907.274536	-465.913696	125.064392	-75.331787	0.000000	0.000000	3.750000	-1087.099609	578.310364
136	216.091431	220.449478	81.143219	93.762253	0.000000	0.000000	3.750000	-503.832123	-387.205139
137	118.696274	-746.679871	68.189156	-122.253082	0.000000	0.000000	3.750000	-70.106758	248.918915
138	363.295258	-680.690186	76.275665	-131.465103	0.000000	0.000000	3.750000	-57.282402	494.967041
139	228.069839	814.742126	61.622040	136.757889	0.000000	0.000000	3.750000	-409.946320	-954.462585
140	-217.489182	724.730957	-49.376503	107.172577	0.000000	0.000000	3.750000	417.409180	-879.901733
141	-49.417152	704.683716	-8.579122	149.753784	0.000000	0.000000	3.750000	180.899384	-935.765869
142	-108.361702	802.608276	9.489880	149.699493	0.000000	0.000000	3.750000	-30.493120	-847.874939
143	202.204712	-343.925751	100.913780	-81.951187	0.000000	0.000000	3.750000	-262.961090	291.958588
144	-841.078613	162.086121	-131.777069	33.627365	0.000000	0.000000	3.750000	1076.831299	-242.699997
145	258.888428	690.398926	78.669937	157.438889	0.000000	0.000000	3.750000	-388.708374	-852.953918
146	-713.271362	-551.278259	-119.194092	-80.800522	0.000000	0.000000	3.750000	1117.813599	622.295593
147	-79.721397	-918.156555	-10.187750	-145.643860	0.000000	0.000000	3.750000	158.209290	1029.168213
148	115.787056	823.343811	32.371807	125.904961	0.000000	0.000000	3.750000	-274.998138	-940.151123
149	-725.912720	604.144348	-78.394478	96.074478	0.000000	0.000000	3.750000	814.549622	-955.472107
150	692.231995	-714.556274	99.934776	-92.244446	0.000000	0.000000	3.750000	-994.986084	860.929016
151	-550.016174	235.582977	-111.994522	48.385742	0.000000	0.000000	3.750000	770.729004	-264.481323
152	613.650330	761.195435	90.187561	134.573853	0.000000	0.000000	3.750000	-408.257843	-727.424561
153	591.117004	-179.872772	139.966248	-41.537682	0.000000	0.000000	3.750000	-849.523499	183.643875
154	-884.245605	-183.392349	-155.993683	1.371747	0.000000	0.000000	3.750000	1002.385437	68.920555
155	-539.904846	-60.489563	-115.451538	-32.712456	0.000000	0.000000	3.750000	469.076508	270.448395
156	-294.145081	717.972046	-39.801773	159.096710	0.000000	0.000000	3.750000	293.015045	-934.916992
157	-393.344421	976.332214	-67.896820	147.085068	0.000000	0.000000	3.750000	570.448303	-1180.763794
158	433.044189	964.629211	71.555405	138.621140	0.000000	0.000000	3.750000	-501.412292	-963.996704
159	-201.410339	561.148682	-57.119400	119.000015	0.000000	0.000000	3.750000	443.073578	-545.533936
160	186.789902	-966.084961	3.556009	-147.957153	0.000000	0.000000	3.750000	51.504147	1219.122192
161	-29.459215	203.630844	51.379585	104.000633	0.000000	0.000000	3.750000	-142.240295	-317.877289
162	-429.449646	-923.951477	-68.827766	-131.021835	0.000000	0.000000	3.750000	358.137909	783.665771
163	552.756958	626.108643	74.142159	106.784477	0.000000	0.000000	3.750000	-580.854736	-784.685974
164	846.975830	595.402222	113.802414	81.541130	0.000000	0.000000	3.750000	-1027.005859	-584.141479
165	564.482544	796.193176	85.617493	105.667534	0.000000	0.000000	3.750000	-675.640808	-960.168152
166	639.452515	-739.242004	93.193413	-90.636566	0.000000	0.000000	3.750000	-848.737915	797.024658
167	-44.890301	227.103302	62.250065	134.271606	0.000000	0.000000	3.750000	-190.587296	-445.801453
168	918.470215	-186.131668	149.158554	-29.252766	0.000000	0.000000	3.750000	-1193.418823	239.724213
169	-706.716370	-660.994080	-97.408638	-92.018738	0.000000	0.000000	3.750000	783.861511	537.846680
170	625.599854	-153.732727	118.718063	-28.107246	0.000000	0.000000	3.750000	-766.941528	150.183197
171	-74.545998	-446.664124	47.558640	-129.542847	0.000000	0.000000	3.750000	-96.493279	639.147583
172	-498.015808	526.186401	-69.926102	79.663010	0.000000	0.000000	3.750000	666.208496	-481.362610
173	-520.823608	727.824036	-59.301880	115.686157	0.000000	0.000000	3.750000	435.924438	-825.251343
174	499.544098	200.687805	116.784027	69.694366	0.000000	0.000000	3.750000	-1290.839233	-525.217773
175	273.888062	-600.891418	94.693542	-111.126648	0.000000	0.000000	3.750000	-432.117828	501.084137
176	213.669312	-640.055298	76.616501	-107.486641	0.000000	0.000000	3.750000	-230.710983	252.607162
177	603.165649	724.358765	95.645782	93.849518	0.000000	0.000000	3.750000	-685.238831	-493.768005
178	-559.404907	169.911957	-86.700653	94.164284	0.000000	0.000000	3.750000	473.258392	-421.434448
179	501.496002	-436.243347	129.344452	-75.959473	0.000000	0.000000	3.750000	-1194.610107	471.837250
180	-81.036064	318.717834	31.374378	124.079689	0.000000	0.000000	3.750000	102.264206	-369.396973
181	-453.445312	-229.783691	-121.139305	-14.458776	0.000000	0.000000	3.750000	653.076599	168.351944
182	317.290039	641.990784	77.865631	111.503067	0.000000	0.000000	3.750000	-670.193604	-894.432129
183	-685.425293	397.836151	-109.453781	73.782471	0.000000	0.000000	3.750000	769.024292	-462.265808
184	-651.501404	-634.143921	-109.990555	-121.646812	0.000000	0.000000	3.750000	729.441040	708.153625
185	618.494995	-763.202881	121.298920	-110.374680	0.000000	0.000000	3.750000	-808.925659	749.318542
186	325.943054	-458.632751	109.620026	-69.881187	0.000000	0.000000	3.750000	-388.569611	267.910980
187	-141.622833	676.345703	13.081961	153.443253	0.000000	0.000000	3.750000	-89.897430	-809.109375
188	-486.281708	634.089478	-84.689590	108.955368	0.000000	0.000000	3.750000	699.562195	-542.481323
189	463.839783	-898.516479	66.912506	-129.763855	0.000000	0.000000	3.750000	-396.091217	1000.728394
190	22.864828	-2.629234	-63.093803	-138.282578	0.000000	0.000000	3.750000	99.824142	204.348495
191	-408.930237	-586.578674	-62.482059	-102.449951	0.000000	0.000000	3.750000	459.926666	768.944275
192	570.831238	-743.277283	98.382500	-128.704391	0.000000	0.000000	3.750000	-367.494507	529.987122
193	-662.413452	-720.306152	-91.080254	-92.759766	0.000000	0.000000	3.750000	813.789062	939.779114
194	637.756348	644.259766	106.730255	96.667717	0.000000	0.000000	3.750000	-918.633362	-765.741760
195	-312.929718	-142.270477	-119.900070	-55.194939	0.000000	0.000000	3.750000	278.568085	181.352844
196	-0.813730	289.453552	26.291119	137.467621	0.000000	0.000000	3.750000	204.674957	-331.667328
197	744.149841	-264.949738	114.681870	-56.851273	0.000000	0.000000	3.750000	-895.515259	421.706482
198	25.504210	-744.213989	8.154977	-125.735619	0.000000	0.000000	3.750000	6.617829	666.705750
199	-778.159729	452.402435	-104.543526	66.683014	0.000000	0.000000	3.750000	899.511353	-462.705750
200	-305.950348	682.894592	-53.210159	116.415970	0.000000	0.000000	3.750000	469.653229	-1072.130737
201	703.312134	839.881836	99.588943	98.397369	0.000000	0.000000	3.750000	-944.445190	-902.556702
202	-560.884705	19.100368	-125.255539	13.673292	0.000000	0.000000	3.750000	801.810730	-10.939230
203	595.733582	-95.467773	127.913551	4.697093	0.000000	0.000000	3.750000	-733.459839	36.467594
204	-407.334412	224.044510	-131.291473	84.252853	0.000000	0.000000	3.750000	494.149017	-318.330200
205	-69.095703	499.842529	9.019398	137.704895	0.000000	0.000000	3.750000	-27.881216	-930.059387
206	-714.357422	506.948730	-106.804749	70.545929	0.000000	0.000000	3.750000	881.508423	-499.237610
207	857.626587	438.010406	120.771088	70.811028	0.000000	0.000000	3.750000	-1048.829346	-409.718445
208	-844.756104	-875.447327	-110.656677	-107.103180	0.000000	0.000000	3.750000	1094.294189	971.745422
209	444.454895	688.530884	82.784943	102.813644	0.000000	0.000000	3.750000	-726.689880	-986.041321
210	646.543884	-609.360229	100.186310	-79.666183	0.000000	0.000000	3.750000	-822.385742	630.825134
211	-312.799133	-200.670654	-106.396576	-59.694267	0.000000	0.000000	3.750000	260.896484	174.857605
212	587.176514	-410.544922	109.961617	-73.022903	0.000000	0.000000	3.750000	-861.721802	426.291534
213	358.492920	-300.819336	113.418602	-63.526505	0.000000	0.000000	3.750000	-510.761200	160.549286
214	-276.486023	396.685547	-74.284576	106.682449	0.000000	0.000000	3.750000	584.123657	-489.252777
215	-782.213013	255.380875	-126.771545	72.420807	0.000000	0.000000	3.750000	856.312012	-342.643768
216	97.295959	-673.218628	36.217003	-131.087555	0.000000	0.000000	3.750000	-52.571980	777.619812
217	390.408661	616.939453	55.110130	113.308746	0.000000	0.000000	3.750000	-370.676208	-741.988525
218	450.850342	92.891830	145.813080	7.315720	0.000000	0.000000	3.750000	-652.583618	135.298279
219	-338.375916	-737.035522	-37.330795	-120.342514	0.000000	0.000000	3.750000	175.690109	1017.575684
220	-634.136963	592.909058	-84.231750	82.637711	0.000000	0.000000	3.750000	757.192322	-633.142456
221	557.096863	-591.774536	94.405960	-83.447662	0.000000	0.000000	3.750000	-982.849487	840.845947
222	406.771027	725.935974	64.327148	122.090027	0.000000	0.000000	3.750000	-470.115753	-763.701538
223	763.570190	366.777283	129.957794	57.226509	0.000000	0.000000	3.750000	-960.137817	-279.542145
224	724.313843	357.720642	117.436996	79.828270	0.000000	0.000000	3.750000	-761.899536	-486.241852
225	180.145218	517.818604	48.995094	135.408203	0.000000	0.000000	3.750000	-185.257950	-636.341309
226	740.162903	701.473389	103.457077	100.162971	0.000000	0.000000	3.750000	-901.966492	-783.240540
227	-651.393738	421.662354	-85.731384	78.141464	0.000000	0.000000	3.750000	764.680237	-559.930542
228	-551.730042	559.244507	-73.960358	91.944901	0.000000	0.000000	3.750000	613.700378	-729.312866
229	-732.673584	38.917625	-116.882370	16.199505	0.000000	0.000000	3.750000	719.376892	-14.904395
230	114.325409	-383.226746	78.729607	-98.368774	0.000000	0.000000	3.750000	-150.977676	357.864899
231	-516.389160	-578.916077	-82.787094	-92.314743	0.000000	0.000000	3.750000	311.009338	305.533081
232	-74.977158	633.242615	20.226765	124.365883	0.000000	0.000000	3.750000	-260.525726	-1361.900757
233	-945.654724	-317.838745	-133.356949	-64.186020	0.000000	0.000000	3.750000	1080.892578	371.028015
234	-402.153015	-286.942902	-103.432068	-105.849945	0.000000	0.000000	3.750000	454.800446	319.445343
235	-453.085144	-156.271103	-125.610535	9.857010	0.000000	0.000000	3.750000	434.641937	70.710388
236	-420.823364	-560.786987	-81.658279	-103.710724	0.000000	0.000000	3.750000	540.347717	646.282898
237	109.939384	772.423828	41.317177	114.790527	0.000000	0.000000	3.750000	-283.601501	-1043.067871
238	-849.182129	120.303925	-130.537445	30.262478	0.000000	0.000000	3.750000	857.701843	-73.509750
239	158.078766	797.103027	42.081963	118.764854	0.000000	0.000000	3.750000	-271.666565	-959.004456
240	-321.749756	-622.587036	-79.044434	-132.166458	0.000000	0.000000	3.750000	420.011505	685.467468
241	286.708588	-406.510925	84.836685	-82.016037	0.000000	0.000000	3.750000	-436.013794	334.352600
242	-581.255920	664.750244	-94.266006	111.489075	0.000000	0.000000	3.750000	1605.181030	-1491.174927
243	-767.272339	-338.659424	-130.930145	-36.786736	0.000000	0.000000	3.750000	995.249451	198.990494
244	449.278137	-442.939148	107.463829	-89.727737	0.000000	0.000000	3.750000	-475.249756	278.537598
245	972.017944	-239.866333	146.645264	-53.208427	0.000000	0.000000	3.750000	-1058.332275	321.571960
246	268.847046	-797.578003	62.416962	-125.314865	0.000000	0.000000	3.750000	-247.999481	864.038391
247	-124.389862	-726.377258	17.892214	-163.018219	0.000000	0.000000	3.750000	61.020672	685.588989
248	-916.238525	-36.808804	-146.378189	21.846489	0.000000	0.000000	3.750000	1189.533447	-8.760898
249	42.746777	-62.264992	38.966763	-128.194336	0.000000	0.000000	3.750000	-63.968395	189.254669
250	668.180908	477.339233	96.078598	71.895004	0.000000	0.000000	3.750000	-843.877808	-545.373169
251	808.290588	-589.310364	122.445328	-63.647987	0.000000	0.000000	3.750000	-1011.469116	402.477936
252	-863.180969	313.494629	-140.695526	45.920807	0.000000	0.000000	3.750000	1089.500488	-270.487976
253	-597.065186	-683.538574	-91.249695	-113.971306	0.000000	0.000000	3.750000	592.484497	850.866943
254	-492.798309	667.354980	-68.723755	100.802002	0.000000	0.000000	3.750000	610.129944	-867.968445
255	-681.962158	140.756393	-113.144257	25.580437	0.000000	0.000000	3.750000	771.066040	-121.679146
256	-925.837341	516.594299	-119.661194	103.175308	0.000000	0.000000	3.750000	888.070862	-656.071594
257	760.336792	-448.907379	126.341370	-55.514297	0.000000	0.000000	3.750000	-960.260254	357.395874
258	435.271240	816.367615	47.041584	129.734436	0.000000	0.000000	3.750000	-292.191650	-1176.065308
259	564.518005	-42.747681	149.155884	-52.120293	0.000000	0.000000	3.750000	-659.251221	230.323669
260	-465.623627	347.799805	-105.273804	76.269516	0.000000	0.000000	3.750000	590.883789	-281.989929
261	375.839874	854.760193	71.075455	125.236687	0.000000	0.000000	3.750000	-468.772797	-1029.570190
262	342.217499	-504.873871	103.471329	-68.334732	0.000000	0.000000	3.750000	-645.786987	342.080322
263	-648.210144	546.715027	-85.944748	102.807571	0.000000	0.000000	3.750000	1050.747437	-953.036926
264	681.458435	348.004730	123.915176	73.354378	0.000000	0.000000	3.750000	-339.188507	-189.496246
265	-396.431549	575.329956	-67.472992	118.081932	0.000000	0.000000	3.750000	585.068115	-829.692688
266	-49.034634	-467.771606	39.377365	-128.081482	0.000000	0.000000	3.750000	-56.516247	588.463806
267	-697.551025	245.264023	-114.598885	41.846039	0.000000	0.000000	3.750000	861.890015	-275.862122
268	721.304016	-421.885406	124.456009	-54.833260	0.000000	0.000000	3.750000	-965.266113	372.719086
269	552.432556	-692.984863	84.707397	-95.961594	0.000000	0.000000	3.750000	-610.903259	821.257324
270	-511.703003	763.239990	-78.991501	110.708076	0.000000	0.000000	3.750000	457.011383	-529.038574
271	571.933899	-337.690247	127.442825	-82.833649	0.000000	0.000000	3.750000	-755.515503	257.879608
272	515.452515	166.322372	121.963135	68.732956	0.000000	0.000000	3.750000	-742.136108	-209.033569
273	314.669678	-356.183167	144.600647	-73.020782	0.000000	0.000000	3.750000	-360.425903	72.906700
274	305.628052	-324.809967	130.659897	-114.905731	0.000000	0.000000	3.750000	-404.488892	461.723114
275	717.845886	743.094604	94.120865	119.353333	0.000000	0.000000	3.750000	-569.930298	-850.393799
276	-755.076416	80.672203	-115.239624	25.372467	0.000000	0.000000	3.750000	1178.792603	-125.471565
277	590.440430	458.542877	89.142700	77.314667	0.000000	0.000000	3.750000	-691.600647	-516.770569
278	552.088867	-632.209839	77.664917	-77.898376	0.000000	0.000000	3.750000	-751.366760	680.935547
279	368.607056	407.822052	84.622520	114.030792	0.000000	0.000000	3.750000	-474.989349	-677.380066
280	429.977753	-870.708374	71.043472	-111.251053	0.000000	0.000000	3.750000	-536.267090	1013.642700
281	117.114594	-140.988892	80.501816	-91.669342	0.000000	0.000000	3.750000	-175.049301	288.614807
282	-452.786621	442.606323	-129.095154	113.657654	0.000000	0.000000	3.750000	717.907104	-477.659882
283	-740.422974	-572.623779	-105.729050	-68.537323	0.000000	0.000000	3.750000	717.394836	409.321594
284	-857.398682	580.103760	-113.159920	78.986130	0.000000	0.000000	3.750000	1049.402832	-621.759521
285	-310.421875	-460.793518	-65.262352	-126.114159	0.000000	0.000000	3.750000	327.383362	739.672180
286	518.538147	-768.803711	70.884689	-111.352142	0.000000	0.000000	3.750000	-478.478729	972.414368
287	-36.440903	-12.003309	147.098938	-28.613144	0.000000	0.000000	3.750000	-96.285248	121.241432
288	327.052887	-603.544067	89.082146	-110.581375	0.000000	0.000000	3.750000	-458.935455	496.111359
289	624.400635	-228.600510	109.122055	-39.349018	0.000000	0.000000	3.750000	-1125.165161	300.669891
290	39.941364	278.122375	50.864510	113.087563	0.000000	0.000000	3.750000	-248.097610	-531.533630
291	-738.698914	400.738129	-141.068558	91.230072	0.000000	0.000000	3.750000	835.062805	-353.866516
292	-430.893707	-499.434509	-50.590317	-106.604919	0.000000	0.000000	3.750000	307.501251	721.442200
293	-217.993591	-586.771240	-7.826896	-145.789886	0.000000	0.000000	3.750000	72.962456	684.878296
294	-472.389099	-384.324127	-57.410347	-79.423157	0.000000	0.000000	3.750000	252.275238	315.119995
295	-806.465820	-615.475464	-101.001022	-84.986877	0.000000	0.000000	3.750000	967.159180	676.023865
296	-687.130554	266.190887	-135.565460	48.558846	0.000000	0.000000	3.750000	902.430237	-260.149780
297	-110.970474	-28.919588	-95.256439	-82.289375	0.000000	0.000000	3.750000	360.029480	117.560280
298	-376.308624	-216.963959	-139.909424	4.922303	0.000000	0.000000	3.750000	392.617401	78.392807
299	297.850525	-341.787476	94.764847	-103.051544	0.000000	0.000000	3.750000	-403.618164	444.822693
300	-175.247818	-788.509277	-37.069599	-120.423370	0.000000	0.000000	3.750000	167.700897	834.139526
301	-61.163033	-813.561951	7.789199	-131.769806	0.000000	0.000000	3.750000	18.073378	936.288757
302	-775.921814	-900.549561	-110.266937	-121.396431	0.000000	0.000000	3.750000	781.515137	1098.255249
303	297.408722	752.104309	52.786842	167.897430	0.000000	0.000000	3.750000	-276.335480	-939.677734
304	-347.302917	98.916260	-133.810974	7.112683	0.000000	0.000000	3.750000	367.653412	-15.324522
305	-588.992981	660.246216	-81.394524	106.446480	0.000000	0.000000	3.750000	697.132629	-722.511841
306	-549.315857	146.950104	-136.885971	-17.494204	0.000000	0.000000	3.750000	713.410645	171.348541
307	34.984402	145.995499	68.029022	129.174423	0.000000	0.000000	3.750000	50.845833	-1.518529
308	105.363853	-945.290466	39.011757	-128.194901	0.000000	0.000000	3.750000	-157.383820	1128.560059
309	735.714417	745.165649	97.953072	118.832626	0.000000	0.000000	3.750000	-676.329163	-865.508850
310	-499.998016	644.691284	-77.264160	96.984680	0.000000	0.000000	3.750000	579.660217	-481.599426
311	836.212769	-103.976669	120.212585	-20.807016	0.000000	0.000000	3.750000	-1085.816895	153.160507
312	-66.814781	-38.619343	-111.833824	-87.326843	0.000000	0.000000	3.750000	28.343637	-4.999029
313	675.164795	484.970520	118.874672	81.269943	0.000000	0.000000	3.750000	-832.237610	-509.618713
314	898.979248	162.565399	144.874176	18.095520	0.000000	0.000000	3.750000	-1147.362549	-86.060341
315	-839.002686	-304.994110	-132.211304	-51.808464	0.000000	0.000000	3.750000	978.782715	284.004395
316	143.510834	355.484009	90.140205	104.465904	0.000000	0.000000	3.750000	-137.994217	-24.158735
317	-154.156174	275.920013	-38.119789	140.934479	0.000000	0.000000	3.750000	208.946442	-397.303894
318	452.137024	-946.766724	55.788307	-141.391571	0.000000	0.000000	3.750000	-308.488647	1121.476440
319	50.343876	1050.413086	10.781719	157.630783	0.000000	0.000000	3.750000	104.968613	-1172.235962
320	-74.083229	285.808350	32.655128	117.546310	0.000000	0.000000	3.750000	-14.959749	-648.127441
321	593.566650	575.055176	103.674316	84.897522	0.000000	0.000000	3.750000	-817.926392	-544.536377
322	-575.069275	-143.661407	-129.119568	-27.423630	0.000000	0.000000	3.750000	890.064941	269.172089
323	-202.450439	730.533081	-38.184101	145.058365	0.000000	0.000000	3.750000	157.759140	-744.031250
324	-52.005615	-684.573792	-16.513126	-149.085815	0.000000	0.000000	3.750000	254.655029	761.171692
325	540.947083	174.367706	89.323082	70.833504	0.000000	0.000000	3.750000	-1031.955322	-865.851318
326	-775.137573	367.840149	-115.395309	71.971626	0.000000	0.000000	3.750000	945.859131	-534.107178
327	-828.274170	107.786942	-134.166000	22.258789	0.000000	0.000000	3.750000	986.995239	-91.164490
328	-449.314667	776.357666	-60.626339	108.168594	0.000000	0.000000	3.750000	528.952148	-1015.128845
329	-444.328339	-576.521606	-74.956665	-132.232605	0.000000	0.000000	3.750000	452.763367	897.458496
330	93.866058	-219.534805	87.661659	-140.962250	0.000000	0.000000	3.750000	-134.204453	318.630768
331	-26.309519	-662.418152	13.307026	-135.347290	0.000000	0.000000	3.750000	-29.387260	873.924744
332	-892.942688	900.697388	-112.735428	110.701019	0.000000	0.000000	3.750000	962.262878	-887.849365
333	788.451294	270.079468	135.373169	73.415405	0.000000	0.000000	3.750000	-938.292480	-321.014679
334	-860.911377	-121.158447	-129.382446	-34.872616	0.000000	0.000000	3.750000	1131.955444	165.095367
335	357.777771	271.460999	114.586563	69.461235	0.000000	0.000000	3.750000	-467.808716	-146.151886
336	-752.620972	232.531555	-131.217865	14.334116	0.000000	0.000000	3.750000	700.262207	71.642563
337	-218.265442	-391.591797	-49.769455	-122.257820	0.000000	0.000000	3.750000	282.983368	614.288879
338	753.600586	483.132172	101.241241	68.073181	0.000000	0.000000	3.750000	-948.960754	-327.156494
339	-594.194336	-106.758835	-117.156494	-14.083580	0.000000	0.000000	3.750000	958.062988	150.411697
340	-753.437500	546.681702	-95.753799	84.942383	0.000000	0.000000	3.750000	834.746765	-712.370422
341	-488.984802	-618.648865	-94.512161	-86.321709	0.000000	0.000000	3.750000	886.580566	745.048157
342	118.789490	-352.263519	54.585442	-109.101059	0.000000	0.000000	3.750000	-22.605761	547.984741
343	387.423859	700.221375	71.265854	99.021103	0.000000	0.000000	3.750000	-451.667847	-606.750549
344	-444.590698	-843.947327	-68.373856	-119.870827	0.000000	0.000000	3.750000	568.406311	980.096680
345	-874.340759	540.884460	-119.803299	83.445572	0.000000	0.000000	3.750000	935.255371	-594.509033
346	126.859322	303.463379	-30.164272	138.673859	0.000000	0.000000	3.750000	316.072845	-199.910599
347	764.138367	-154.522522	125.989738	-1.604321	0.000000	0.000000	3.750000	-995.228210	-36.227566
348	-16.690315	400.608673	23.417393	109.524544	0.000000	0.000000	3.750000	-168.164886	-835.257080
349	-665.349121	78.966888	-145.173737	45.038372	0.000000	0.000000	3.750000	882.778870	-182.437820
350	-630.121460	543.802734	-86.010452	89.320068	0.000000	0.000000	3.750000	794.687683	-591.522888
351	-742.367432	-300.004608	-105.232002	-79.686142	0.000000	0.000000	3.750000	859.720276	393.095245
352	-292.419708	280.697815	-113.984467	115.107147	0.000000	0.000000	3.750000	448.061493	-271.438110
353	260.929871	-260.087677	68.071709	-146.997894	0.000000	0.000000	3.750000	-113.897720	554.595215
354	-210.477875	397.393921	-40.880478	127.602577	0.000000	0.000000	3.750000	376.626282	-398.968964
355	766.641968	140.927444	145.726074	8.932949	0.000000	0.000000	3.750000	-853.359680	32.095894
356	217.084869	758.586548	15.586155	118.983490	0.000000	0.000000	3.750000	-115.960228	-968.373962
357	440.313538	-713.761108	67.623993	-106.314774	0.000000	0.000000	3.750000	-299.203186	695.154785
358	-415.915588	-151.461777	-117.722717	-23.265022	0.000000	0.000000	3.750000	798.345154	249.000946
359	-1099.204834	39.608055	-163.994934	-1.271978	0.000000	0.000000	3.750000	1413.601685	97.256081
360	30.913757	-897.199463	8.900242	-145.728455	0.000000	0.000000	3.750000	-35.522484	897.803101
361	-379.397278	-843.554871	-48.193924	-127.174347	0.000000	0.000000	3.750000	379.797302	1305.914307
362	405.912476	-400.035339	70.743576	-106.666649	0.000000	0.000000	3.750000	-76.951118	289.204834
363	-111.782410	-594.578552	2.248792	-143.981567	0.000000	0.000000	3.750000	99.382332	851.777832
364	-1008.634888	349.644531	-139.687286	59.927238	0.000000	0.000000	3.750000	1178.531738	-295.855591
365	622.256592	-376.553986	118.618057	-95.046059	0.000000	0.000000	3.750000	-715.323914	550.277893
366	5.686913	-893.295166	7.411361	-135.797882	0.000000	0.000000	3.750000	-29.811352	1200.899780
367	37.352226	815.855103	5.043478	141.909546	0.000000	0.000000	3.750000	106.446419	-919.375854
368	172.650909	-806.421509	41.139153	-131.724335	0.000000	0.000000	3.750000	-101.518585	949.294556
369	-322.544067	-838.646179	-67.206017	-131.860992	0.000000	0.000000	3.750000	398.257202	912.967651
370	420.089722	-639.054321	69.545502	-102.661659	0.000000	0.000000	3.750000	-551.130859	890.078491
371	341.104492	-380.473206	66.421127	-120.956688	0.000000	0.000000	3.750000	-117.855293	709.487366
372	-689.932129	-340.000366	-117.183701	-56.283302	0.000000	0.000000	3.750000	956.654785	259.661377
373	-109.100273	-415.659729	10.875019	-147.599915	0.000000	0.000000	3.750000	-21.214054	586.008423
374	750.979492	-101.635010	146.171509	23.177078	0.000000	0.000000	3.750000	-384.123322	3.017201
375	856.545166	-522.152466	133.730865	-94.931702	0.000000	0.000000	3.750000	-1016.602722	653.953918
376	69.235474	-620.328613	36.026394	-118.650024	0.000000	0.000000	3.750000	-85.754921	957.339294
377	-561.677551	-517.624634	-112.816879	-121.770752	0.000000	0.000000	3.750000	658.106934	555.063843
378	-382.419098	512.583008	-43.608780	133.033997	0.000000	0.000000	3.750000	346.430695	-660.299377
379	8.469411	-52.695335	-76.916061	-114.483261	0.000000	0.000000	3.750000	-1.813151	66.036537
380	-257.560699	-649.855042	-18.149117	-142.850815	0.000000	0.000000	3.750000	200.036087	786.160278
381	390.494202	-970.878174	60.286842	-135.164291	0.000000	0.000000	3.750000	-339.594208	1133.690552
382	-245.917145	-395.893707	-66.881775	-94.771271	0.000000	0.000000	3.750000	151.515488	179.228073
383	590.258301	685.488892	81.080612	88.464249	0.000000	0.000000	3.750000	-688.151672	-842.805664
384	-380.435791	-664.176636	-77.843048	-128.220306	0.000000	0.000000	3.750000	480.058167	736.810791
385	-703.973022	-699.759460	-96.015564	-84.646347	0.000000	0.000000	3.750000	982.222168	772.225952
386	-414.739899	440.187195	-124.639740	79.802208	0.000000	0.000000	3.750000	770.470154	-322.010284
387	-203.225800	-221.473785	-71.004387	-89.187141	0.000000	0.000000	3.750000	266.078247	308.586945
388	782.907166	675.392822	100.056610	100.760460	0.000000	0.000000	3.750000	-714.696228	-722.204224
389	382.179810	469.159790	104.292229	84.137573	0.000000	0.000000	3.750000	-434.533691	-332.103302
390	-79.625618	80.461075	-100.419449	88.721207	0.000000	0.000000	3.750000	188.326294	-134.894196
391	734.261230	-757.322693	98.893173	-93.360214	0.000000	0.000000	3.750000	-890.011597	760.206360
392	338.385284	-565.718872	72.066017	-122.348915	0.000000	0.000000	3.750000	-104.692116	496.612091
393	-257.687439	-683.924377	-39.326431	-111.253830	0.000000	0.000000	3.750000	283.302368	1022.851746
394	-840.547363	497.385559	-110.398674	75.948059	0.000000	0.000000	3.750000	1022.456055	-592.049805
395	106.433228	-24.737244	150.487000	-20.470407	0.000000	0.000000	3.750000	-19.549263	47.617401
396	-813.006958	-402.576172	-129.095062	-80.237244	0.000000	0.000000	3.750000	1022.171875	342.797974
397	-92.661591	-123.438927	-6.141623	-155.874207	0.000000	0.000000	3.750000	26.733213	239.615494
398	47.088394	-364.361359	12.923931	-141.394104	0.000000	0.000000	3.750000	79.193512	380.818146
399	-278.554932	751.363037	-40.864296	142.246628	0.000000	0.000000	3.750000	258.990112	-802.491516
400	127.634506	-91.184998	121.553116	-69.461075	0.000000	0.000000	3.750000	-345.464417	186.087616
401	688.455139	712.077881	93.622192	95.869003	0.000000	0.000000	3.750000	-661.718201	-747.045105
402	-740.010620	-382.367004	-117.049004	-46.642082	0.000000	0.000000	3.750000	1069.593750	299.962585
403	-293.508606	824.431580	-47.836418	123.026535	0.000000	0.000000	3.750000	207.238083	-918.671509
404	-399.509277	-990.565552	-65.736336	-125.867905	0.000000	0.000000	3.750000	449.038818	941.645081
405	465.565643	397.685669	91.840828	128.566116	0.000000	0.000000	3.750000	-382.989044	-507.765411
406	225.535278	187.796295	57.230545	121.049797	0.000000	0.000000	3.750000	47.299435	-44.495438
407	720.598022	-695.758728	116.523857	-112.544174	0.000000	0.000000	3.750000	-742.689209	733.412903
408	693.996216	-632.208862	100.265701	-108.861313	0.000000	0.000000	3.750000	-716.927368	736.959351
409	-654.632935	686.338501	-80.928177	128.664520	0.000000	0.000000	3.750000	377.324615	-505.439331
410	889.574951	615.718933	118.586029	81.690193	0.000000	0.000000	3.750000	-1735.981934	-937.662964
411	-325.327148	-788.340515	-49.965935	-126.488449	0.000000	0.000000	3.750000	278.044342	1040.133057
412	-808.767944	560.624878	-114.392746	97.027290	0.000000	0.000000	3.750000	899.188782	-714.438171
413	65.899391	243.113647	65.964600	121.197174	0.000000	0.000000	3.750000	-2.320347	-107.607536
414	-598.046753	908.668152	-67.791542	129.307007	0.000000	0.000000	3.750000	565.428833	-1038.906372
415	-149.293854	791.733948	-23.330761	129.921814	0.000000	0.000000	3.750000	159.579391	-880.006226
416	-318.258728	-314.991272	-70.973495	-111.295334	0.000000	0.000000	3.750000	363.468811	477.945526
417	496.626465	-267.650879	124.871986	-16.818134	0.000000	0.000000	3.750000	-716.720520	188.822800
418	315.269226	-663.472229	51.269028	-121.636696	0.000000	0.000000	3.750000	-319.961304	823.714905
419	-60.891716	907.619629	-17.637600	132.833542	0.000000	0.000000	3.750000	222.883133	-865.069275
420	-620.429321	-699.720032	-90.542160	-96.052094	0.000000	0.000000	3.750000	266.122498	362.715637
421	222.173965	391.606323	93.110199	117.600395	0.000000	0.000000	3.750000	-428.820404	-385.547089
422	392.111420	-174.962097	136.263214	-46.565140	0.000000	0.000000	3.750000	-578.490112	175.653702
423	768.173035	56.418709	131.683319	9.137538	0.000000	0.000000	3.750000	-967.968750	-29.477602
424	93.998413	-597.440552	29.679850	-134.768158	0.000000	0.000000	3.750000	27.129288	817.227417
425	-247.438446	181.342072	-132.239700	51.732162	0.000000	0.000000	3.750000	437.287415	-92.393173
426	892.221558	388.717804	120.864868	53.061981	0.000000	0.000000	3.750000	-1104.001953	-298.511475
427	330.037476	-1014.864197	58.200531	-153.322998	0.000000	0.000000	3.750000	-139.786789	869.329285
428	164.359665	-730.256531	31.412304	-148.717484	0.000000	0.000000	3.750000	-36.517231	705.018433
429	384.036041	760.298340	73.898071	116.546417	0.000000	0.000000	3.750000	-473.127136	-694.631897
430	-549.972656	-748.826721	-100.597725	-116.601868	0.000000	0.000000	3.750000	669.027161	962.689880
431	484.977264	219.017578	134.959305	60.740967	0.000000	0.000000	3.750000	-533.575195	-143.007065
432	-76.166679	-166.081451	-91.531548	-105.913864	0.000000	0.000000	3.750000	148.803848	133.959991
433	-823.384888	-590.041199	-105.888405	-82.119629	0.000000	0.000000	3.750000	923.775635	618.266357
434	199.901611	54.209045	150.745758	-19.139143	0.000000	0.000000	3.750000	-280.088135	211.370758
435	-700.675659	185.167648	-107.639084	48.350643	0.000000	0.000000	3.750000	867.303528	-298.701263
436	180.133057	321.624146	57.149521	125.609436	0.000000	0.000000	3.750000	-115.200249	-348.851562
437	-72.646606	-518.083862	-70.653381	-111.499084	0.000000	0.000000	3.750000	435.029236	594.316223
438	-755.995605	-614.369995	-126.467216	-84.320755	0.000000	0.000000	3.750000	912.335693	495.374176
439	782.859375	455.373718	130.803345	85.007103	0.000000	0.000000	3.750000	-830.129456	-404.069611
440	-25.093664	-531.154907	-29.420063	-116.337631	0.000000	0.000000	3.750000	223.520264	728.391785
441	-541.959167	-131.916382	-125.080017	-42.176460	0.000000	0.000000	3.750000	688.417419	308.488403
442	683.526001	729.014954	94.819427	94.684616	0.000000	0.000000	3.750000	-716.700806	-577.145630
443	-31.748394	-35.050453	47.080414	-85.879601	0.000000	0.000000	3.750000	-90.356995	106.545120
444	-760.096008	-489.242615	-109.063065	-84.553009	0.000000	0.000000	3.750000	807.892639	550.253662
445	-511.420593	-325.177490	-103.620583	-91.139565	0.000000	0.000000	3.750000	639.308167	392.094727
446	-362.278809	883.942139	-42.309235	133.453552	0.000000	0.000000	3.750000	242.443924	-1221.284302
447	692.089355	666.397217	113.231911	92.165009	0.000000	0.000000	3.750000	-996.031494	-575.377869
448	-114.397339	807.430664	-14.132533	131.241272	0.000000	0.000000	3.750000	109.650124	-1040.397339
449	671.654419	-645.644775	82.090652	-81.958054	0.000000	0.000000	3.750000	-882.441956	919.166138
450	-95.454010	-934.505920	-20.037552	-150.673370	0.000000	0.000000	3.750000	103.619858	738.320251
451	442.502228	-981.373291	63.886864	-135.714218	0.000000	0.000000	3.750000	-348.989746	1066.741577
452	431.500793	-702.028198	63.966885	-108.554779	0.000000	0.000000	3.750000	-395.146301	968.029663
453	-442.164978	695.202148	-59.841099	126.566330	0.000000	0.000000	3.750000	408.358582	-821.648621
454	-500.942566	-612.004211	-53.827065	-124.894547	0.000000	0.000000	3.750000	305.425598	718.874023
455	178.599304	584.828918	46.273415	148.977295	0.000000	0.000000	3.750000	-112.531769	-769.477173
456	-356.606506	775.171509	-65.311691	135.034515	0.000000	0.000000	3.750000	545.340149	-911.569275
457	-584.730713	-607.481934	-115.448204	-92.604706	0.000000	0.000000	3.750000	768.532349	506.043304
458	409.692841	450.736633	104.588028	80.528671	0.000000	0.000000	3.750000	-423.996185	-250.631165
459	318.454590	564.798889	56.652092	98.926941	0.000000	0.000000	3.750000	-427.775604	-743.928162
460	640.787720	-913.082031	93.162506	-109.803055	0.000000	0.000000	3.750000	-711.601013	1022.210815
461	-617.556152	-550.142090	-106.076431	-85.110336	0.000000	0.000000	3.750000	658.717712	459.776489
462	765.959229	-628.076843	99.579483	-80.423286	0.000000	0.000000	3.750000	-986.639221	662.483093
463	-971.383423	6.003111	-170.344254	-23.808342	0.000000	0.000000	3.750000	1039.275024	155.532501
464	-718.778687	-626.317444	-89.103180	-86.235840	0.000000	0.000000	3.750000	894.625122	806.538269
465	-109.732780	-136.636292	-126.957291	-41.715111	0.000000	0.000000	3.750000	184.361160	6.943038
466	-759.165466	-592.759399	-105.834946	-82.188141	0.000000	0.000000	3.750000	984.273987	586.978699
467	46.430069	577.044922	6.751365	133.829559	0.000000	0.000000	3.750000	34.551746	-930.270996
468	-623.117371	808.826782	-94.040314	144.008148	0.000000	0.000000	3.750000	506.165894	-391.729218
469	452.042969	221.633621	120.338715	67.540939	0.000000	0.000000	3.750000	-576.176270	-147.816238
470	928.156189	-344.276306	129.968155	-52.041084	0.000000	0.000000	3.750000	-955.348694	389.538330
471	-324.944427	-333.780884	-67.660950	-120.271408	0.000000	0.000000	3.750000	135.980942	350.045044
472	-640.404785	152.276260	-122.647568	28.871578	0.000000	0.000000	3.750000	784.917114	-154.482513
473	291.514893	808.386230	24.633377	156.067825	0.000000	0.000000	3.750000	-97.603821	-883.707947
474	-513.750000	-442.241943	-87.535355	-84.978027	0.000000	0.000000	3.750000	569.100464	369.633453
475	629.433167	-601.662231	101.834824	-104.621216	0.000000	0.000000	3.750000	-585.225037	720.761658
476	-234.566284	816.626282	-47.084404	119.025116	0.000000	0.000000	3.750000	271.316956	-1063.943115
477	-106.644249	-547.679565	-28.471500	-139.115295	0.000000	0.000000	3.750000	243.081207	688.373596
478	-866.683105	231.794479	-145.077118	16.378571	0.000000	0.000000	3.750000	1532.206543	140.698578
479	295.420563	-709.366821	77.982880	-116.269775	0.000000	0.000000	3.750000	-519.767578	842.669739
480	132.428497	-688.435852	52.485947	-144.777298	0.000000	0.000000	3.750000	-73.615852	710.993835
481	376.651367	447.473328	79.265884	122.608459	0.000000	0.000000	3.750000	-361.469452	-632.630493
482	-236.431229	-589.778870	-41.623451	-133.668518	0.000000	0.000000	3.750000	163.904785	481.821747
483	118.545319	307.514465	43.461761	130.972107	0.000000	0.000000	3.750000	-28.849514	-581.535828
484	969.323792	-297.768768	131.997635	-57.555351	0.000000	0.000000	3.750000	-1091.971680	438.983643
485	-423.969940	982.348145	-55.673656	134.968231	0.000000	0.000000	3.750000	318.332520	-775.874512
486	123.876129	243.569107	56.338848	125.972214	0.000000	0.000000	3.750000	-71.526505	-412.720337
487	-417.268738	443.158203	-96.428711	112.272324	0.000000	0.000000	3.750000	698.314880	-545.164612
488	-491.848633	671.270325	-81.130913	133.243317	0.000000	0.000000	3.750000	474.837067	-770.733948
489	438.883423	40.971336	136.517578	57.137920	0.000000	0.000000	3.750000	-586.748840	-59.144924
490	-783.167664	-97.223007	-144.169312	-23.046616	0.000000	0.000000	3.750000	840.814697	212.626282
491	535.670044	46.067974	133.350189	-26.713947	0.000000	0.000000	3.750000	-708.309326	212.305588
492	-80.316193	-657.642822	-27.609070	-137.250320	0.000000	0.000000	3.750000	194.797226	653.180969
493	454.280701	243.458771	143.285400	28.022217	0.000000	0.000000	3.750000	-650.846436	-124.552483
494	517.736084	-78.684914	117.424576	-11.636854	0.000000	0.000000	3.750000	-652.899841	122.189560
495	505.751678	-277.877991	126.710793	-80.276871	0.000000	0.000000	3.750000	-526.693420	339.192535
496	270.368622	-326.471802	111.955185	-102.810448	0.000000	0.000000	3.750000	-470.486633	386.958160
497	-707.027222	-762.262573	-99.830299	-103.778183	0.000000	0.000000	3.750000	934.110474	1016.078003
498	-76.422745	274.708832	-9.660957	145.646698	0.000000	0.000000	3.750000	257.948578	-294.377380
499	568.281372	-192.776184	133.891418	-5.382854	0.000000	0.000000	3.750000	-685.106445	92.806374
500	780.427490	-832.829346	103.906403	-108.182510	0.000000	0.000000	3.750000	-967.676270	975.896912
501	-134.820145	-155.488159	-126.660812	83.947479	0.000000	0.000000	3.750000	326.213165	-90.611511
502	418.317017	437.509796	80.997482	85.809998	0.000000	0.000000	3.750000	-601.882629	-524.126648
503	-575.994202	-877.501648	-70.998230	-141.149017	0.000000	0.000000	3.750000	766.514343	2401.023682
504	239.741074	816.846008	40.128349	132.036743	0.000000	0.000000	3.750000	-265.513977	-1028.264526
505	276.343079	614.853394	48.094238	139.967651	0.000000	0.000000	3.750000	-240.933380	-660.477600
506	-268.465515	-354.429779	-96.344177	-95.987961	0.000000	0.000000	3.750000	529.793457	442.822937
507	-668.243530	500.048187	-108.463821	114.887924	0.000000	0.000000	3.750000	781.772705	-562.410828
508	210.775818	1201.994873	28.597704	177.712463	0.000000	0.000000	3.750000	-237.304108	-895.221863
509	-389.753418	-353.883301	-105.074203	-109.833565	0.000000	0.000000	3.750000	491.446960	502.123474
510	-137.239685	-891.658630	-19.802917	-134.548706	0.000000	0.000000	3.750000	153.101135	535.157837
511	368.129333	-588.229492	55.485710	-101.868896	0.000000	0.000000	3.750000	-386.110260	955.941040
512	-242.969162	425.642670	-53.567719	131.507263	0.000000	0.000000	3.750000	425.462189	-666.022095
513	-553.948486	794.395142	-98.625053	115.658493	0.000000	0.000000	3.750000	618.850403	-546.508484
514	-159.177704	788.073547	-15.836941	131.046387	0.000000	0.000000	3.750000	170.629639	-902.147400
515	-370.083984	-146.360138	-111.369766	-97.470589	0.000000	0.000000	3.750000	477.865173	335.498474
516	780.283447	537.446167	105.540665	72.423203	0.000000	0.000000	3.750000	-790.221802	-418.807159
517	783.724976	369.974396	109.174881	62.902905	0.000000	0.000000	3.750000	-880.562378	-384.554169
518	235.754150	-628.094482	40.850197	-142.250534	0.000000	0.000000	3.750000	-141.324570	843.829712
519	393.626526	-437.160828	82.325821	-87.306702	0.000000	0.000000	3.750000	-535.646240	565.121521
520	-915.818848	-125.739838	-130.824707	-43.917915	0.000000	0.000000	3.750000	897.503967	161.369034
521	855.169128	-133.541367	120.698311	-17.772533	0.000000	0.000000	3.750000	-1025.107422	43.639397
522	367.182739	-575.326355	74.129433	-101.884659	0.000000	0.000000	3.750000	-206.215149	414.766357
523	-726.476318	-379.356262	-127.476662	-99.965057	0.000000	0.000000	3.750000	707.335754	330.358002
524	-628.448364	200.155121	-140.921448	29.614656	0.000000	0.000000	3.750000	890.425049	-90.735970
525	219.017578	301.280365	108.049133	98.166412	0.000000	0.000000	3.750000	-301.893097	-107.963882
526	221.131592	-339.350159	83.097710	-127.272461	0.000000	0.000000	3.750000	-267.485962	583.424561
527	384.403503	828.590576	50.393066	111.105606	0.000000	0.000000	3.750000	-279.813232	-915.439819
528	-768.216431	713.487122	-97.893288	108.318520	0.000000	0.000000	3.750000	841.818054	-890.751526
529	646.325073	164.518295	128.969894	28.119926	0.000000	0.000000	3.750000	-921.121399	-128.057388
530	683.912354	-479.708984	96.442749	-77.940491	0.000000	0.000000	3.750000	-508.720490	460.647430
531	759.835327	534.409546	101.516731	71.206009	0.000000	0.000000	3.750000	-911.276794	-478.729980
532	-914.944519	550.077332	-113.211884	92.190346	0.000000	0.000000	3.750000	961.838013	-716.790649
533	17.590801	388.474487	53.302074	150.860443	0.000000	0.000000	3.750000	-14.907423	-173.884537
534	-788.779175	-249.128235	-112.154465	-42.676899	0.000000	0.000000	3.750000	1069.713623	255.607819
535	726.084717	-690.387451	90.059219	-96.505630	0.000000	0.000000	3.750000	-754.611328	845.895508
536	298.621765	546.376099	52.093201	112.526810	0.000000	0.000000	3.750000	-374.749481	-702.190613
537	-99.408287	-185.598221	22.239864	-138.210403	0.000000	0.000000	3.750000	69.060097	468.780640
538	-711.607544	372.464966	-110.051109	65.366150	0.000000	0.000000	3.750000	877.342468	-442.416199
539	352.838135	-551.026917	93.082916	-135.023712	0.000000	0.000000	3.750000	-197.762756	375.633636
540	-364.395447	-395.264832	-91.036095	-106.359764	0.000000	0.000000	3.750000	594.439392	629.822205
541	681.762329	606.899353	84.723251	95.947601	0.000000	0.000000	3.750000	-647.643677	-869.614563
542	270.383362	66.250153	96.019577	81.537872	0.000000	0.000000	3.750000	-292.576691	-0.193764
543	752.604187	483.412659	122.567551	71.701614	0.000000	0.000000	3.750000	-962.434326	-430.645538
544	52.931801	554.545044	4.232330	137.935089	0.000000	0.000000	3.750000	-31.893227	-719.424866
545	-365.917145	-375.473450	-111.211426	-94.591614	0.000000	0.000000	3.750000	539.087097	339.318481
546	-914.444214	-403.887695	-128.369781	-55.866581	0.000000	0.000000	3.750000	1158.094727	307.691528
547	-491.086365	-838.103516	-83.859268	-112.105057	0.000000	0.000000	3.750000	563.780212	1004.181885
548	-646.181030	228.864258	-108.079575	68.576599	0.000000	0.000000	3.750000	846.868835	-423.038391
549	416.290222	-677.238037	77.481636	-118.997055	0.000000	0.000000	3.750000	-312.147766	713.092224
550	-882.697815	270.067871	-134.955536	28.824753	0.000000	0.000000	3.750000	1055.148315	-66.160469
551	-587.074585	534.951904	-114.689087	102.772202	0.000000	0.000000	3.750000	767.292358	-509.395233
552	-155.001541	809.104370	-16.970701	157.081635	0.000000	0.000000	3.750000	211.578247	-585.757751
553	-800.085144	172.578232	-144.410461	21.483292	0.000000	0.000000	3.750000	922.968140	-41.331505
554	-18.885746	588.789551	12.418476	131.414398	0.000000	0.000000	3.750000	-14.786750	-631.018372
555	595.892273	642.835938	94.309250	97.988541	0.000000	0.000000	3.750000	-758.133362	-722.823669
556	-793.301941	314.390045	-126.343842	55.507988	0.000000	0.000000	3.750000	870.916748	-242.971359
557	623.555786	423.787048	132.957169	77.703461	0.000000	0.000000	3.750000	-610.877441	-222.788803
558	-319.531097	169.129883	-105.300377	95.266800	0.000000	0.000000	3.750000	636.492981	-491.735046
559	-277.382355	540.913086	-41.304054	127.474922	0.000000	0.000000	3.750000	350.228363	-753.476013
560	-255.440094	483.792908	-28.127508	145.298950	0.000000	0.000000	3.750000	347.683228	-685.505432
561	-877.556274	51.318893	-163.014999	-17.945496	0.000000	0.000000	3.750000	916.553772	158.962387
562	-715.777405	-269.473358	-104.179901	-35.305725	0.000000	0.000000	3.750000	999.820251	188.211380
563	68.938850	-551.160400	8.330701	-113.694672	0.000000	0.000000	3.750000	62.587086	846.876038
564	-864.120972	-533.978333	-121.475319	-69.596695	0.000000	0.000000	3.750000	1037.421631	476.538635
565	-296.453766	-791.651978	-61.591110	-132.372543	0.000000	0.000000	3.750000	373.583893	1002.645569
566	757.266602	209.502930	138.829437	29.838985	0.000000	0.000000	3.750000	-837.602356	-136.614624
567	674.907654	-387.127533	137.589005	-77.671188	0.000000	0.000000	3.750000	-765.723755	264.988220
568	-300.537415	824.708496	-45.697418	132.331909	0.000000	0.000000	3.750000	295.081757	-1007.104492
569	646.085693	782.832825	103.106659	103.368027	0.000000	0.000000	3.750000	-529.928162	-461.439453
570	471.641693	467.967377	90.528862	101.491302	0.000000	0.000000	3.750000	-438.732513	-441.274048
571	348.734558	587.396362	89.469543	91.537964	0.000000	0.000000	3.750000	-516.047363	-525.481506
572	-247.522034	-19.626259	-151.132675	-29.531929	0.000000	0.000000	3.750000	332.102173	120.788803
573	-475.269592	368.299683	-78.172554	132.680145	0.000000	0.000000	3.750000	450.053680	-451.447113
574	-519.884583	440.191284	-87.914520	72.574142	0.000000	0.000000	3.750000	707.645081	-479.664703
575	60.961651	198.834427	15.441555	131.025253	0.000000	0.000000	3.750000	197.612564	-169.320862
576	-141.423431	475.124146	1.472237	161.978973	0.000000	0.000000	3.750000	188.260834	-459.671936
577	-719.601196	58.573689	-135.961563	3.204905	0.000000	0.000000	3.750000	1054.131958	136.401321
578	-868.957642	168.587463	-123.006203	27.301685	0.000000	0.000000	3.750000	1333.416748	-118.178551
579	306.773621	-762.367004	45.921997	-123.754120	0.000000	0.000000	3.750000	-254.704529	1055.145996
580	505.747070	850.090698	80.344803	107.241379	0.000000	0.000000	3.750000	-286.652557	-470.415466
581	-862.234497	406.077148	-132.925003	81.650681	0.000000	0.000000	3.750000	823.009155	-398.163513
582	51.182270	1187.553711	16.647705	167.172348	0.000000	0.000000	3.750000	8.214041	-1082.919678
583	-753.045837	801.167358	-105.548988	88.901123	0.000000	0.000000	3.750000	917.408875	-744.329224
584	743.961731	769.166870	105.538780	100.883606	0.000000	0.000000	3.750000	-903.640686	-681.032471
585	600.866577	78.982697	119.778313	39.103176	0.000000	0.000000	3.750000	-788.335327	-171.081711
586	118.565842	-166.930511	131.945435	3.341252	0.000000	0.000000	3.750000	-325.522644	102.045319
587	-312.754578	-854.081787	-43.910950	-120.231918	0.000000	0.000000	3.750000	193.297180	972.915588
588	927.735962	262.939301	131.771240	52.916027	0.000000	0.000000	3.750000	-1110.412720	-217.157257
589	419.308350	-698.625000	70.843628	-118.426918	0.000000	0.000000	3.750000	-309.997894	818.088684
590	-167.922165	-630.236328	-11.943720	-135.473755	0.000000	0.000000	3.750000	162.842941	734.667664
591	372.641479	789.228394	56.313324	101.413605	0.000000	0.000000	3.750000	-317.167053	-857.070862
592	727.070068	570.371826	100.166946	85.967567	0.000000	0.000000	3.750000	-718.943726	-431.572052
593	11.652866	770.068665	-2.770939	131.970535	0.000000	0.000000	3.750000	119.900879	-879.544495
594	42.588402	-789.250305	-17.321775	-151.007248	0.000000	0.000000	3.750000	271.241058	804.226318
595	1080.051147	-155.998932	146.290253	-54.176453	0.000000	0.000000	3.750000	-1313.822388	360.314392
596	-590.748901	-618.907410	-96.121033	-87.523087	0.000000	0.000000	3.750000	385.105347	244.426239
597	-798.762756	322.606537	-112.422379	41.965797	0.000000	0.000000	3.750000	1056.677856	-232.552719
598	-560.237549	-711.094604	-75.667709	-100.748871	0.000000	0.000000	3.750000	592.701111	1070.611816
599	194.241394	-1021.771362	27.882652	-143.312302	0.000000	0.000000	3.750000	-69.935104	1083.846680
600	870.395813	-203.260590	130.460632	-38.418568	0.000000	0.000000	3.750000	-1005.671875	206.750778
601	374.610870	51.517151	129.012421	27.910788	0.000000	0.000000	3.750000	-416.730072	6.878654
602	850.666199	787.231445	92.396164	118.164703	0.000000	0.000000	3.750000	-610.144409	-950.298950
603	-10.471539	558.590637	14.387579	127.188736	0.000000	0.000000	3.750000	-157.068115	-890.472717
604	439.124390	-684.796448	96.649117	-137.414734	0.000000	0.000000	3.750000	-422.794220	701.311157
605	-1012.868164	-648.841431	-132.281097	-93.518135	0.000000	0.000000	3.750000	1215.343872	683.752502
606	-134.133438	554.534302	-9.447250	137.673874	0.000000	0.000000	3.750000	109.814163	-469.558746
607	-621.503052	-311.811218	-138.020447	-41.064869	0.000000	0.000000	3.750000	947.422729	211.120132
608	347.870514	255.426682	112.197098	105.475090	0.000000	0.000000	3.750000	-453.209351	-212.560669
609	-362.912170	-873.031006	-59.598858	-126.680450	0.000000	0.000000	3.750000	361.618652	952.537598
610	563.519531	-416.420685	119.163452	-87.772415	0.000000	0.000000	3.750000	-618.582397	378.070374
611	-128.133179	789.051025	-28.914261	132.890671	0.000000	0.000000	3.750000	197.377930	-697.652588
612	-34.771729	-158.360596	-90.504059	-127.055557	0.000000	0.000000	3.750000	273.949158	299.035431
613	243.582062	173.508469	104.372223	123.894348	0.000000	0.000000	3.750000	-134.097137	-126.094398
614	57.258720	-694.669983	-11.636373	-133.493286	0.000000	0.000000	3.750000	278.175262	1268.134888
615	246.859177	-162.364883	114.809662	-60.981457	0.000000	0.000000	3.750000	-259.825012	135.541809
616	-36.686409	-248.761017	30.054169	-116.172409	0.000000	0.000000	3.750000	-14.112401	655.019836
617	773.375854	-154.216034	120.116730	-21.349171	0.000000	0.000000	3.750000	-766.612915	19.460787
618	-395.092133	-101.270531	-137.403778	-12.693077	0.000000	0.000000	3.750000	343.780334	160.049988
619	-422.384796	941.212952	-60.206734	133.008087	0.000000	0.000000	3.750000	491.033752	-1120.113159
620	619.910950	-438.390442	115.078720	-102.336357	0.000000	0.000000	3.750000	-504.871552	518.193237
621	-784.450684	-549.219727	-131.686615	-101.066589	0.000000	0.000000	3.750000	1144.740112	641.373840
622	-1012.070740	-484.195801	-150.240753	-79.545685	0.000000	0.000000	3.750000	1145.826904	412.408112
623	220.669144	459.986084	65.838303	119.001328	0.000000	0.000000	3.750000	-241.588318	-440.788391
624	818.872314	838.158569	108.490562	114.864159	0.000000	0.000000	3.750000	-833.138794	-1007.604309
625	703.349792	438.009277	123.783707	73.576569	0.000000	0.000000	3.750000	-629.473633	-302.540527
626	-553.545959	-391.046234	-85.177094	-87.343140	0.000000	0.000000	3.750000	677.037476	570.556213
627	219.170578	435.132263	73.645821	146.533875	0.000000	0.000000	3.750000	-159.240936	-278.049225
628	316.067230	-759.512146	52.918404	-129.611923	0.000000	0.000000	3.750000	-148.429749	791.901672
629	-469.852142	-954.654602	-83.980782	-143.189484	0.000000	0.000000	3.750000	697.037964	1144.693848
630	-94.997879	901.541870	-48.448944	137.726883	0.000000	0.000000	3.750000	418.038239	-1205.404663
631	27.177502	861.125427	7.181170	167.846146	0.000000	0.000000	3.750000	44.702080	-907.249023
632	-609.295410	-157.185272	-141.815491	-24.969954	0.000000	0.000000	3.750000	628.587830	260.758362
633	-496.800903	197.170471	-120.788475	53.236477	0.000000	0.000000	3.750000	515.795349	-201.258347
634	742.041748	259.717682	127.487511	25.434900	0.000000	0.000000	3.750000	-1018.525696	-197.532913
635	113.271652	444.944000	53.259888	144.492279	0.000000	0.000000	3.750000	-42.434090	-486.111237
636	728.444397	367.178955	119.767090	64.431641	0.000000	0.000000	3.750000	-1160.727295	-286.802185
637	620.240479	866.933655	93.625259	104.087784	0.000000	0.000000	3.750000	-725.829468	-994.806213
638	916.223633	-174.258484	147.932739	4.459951	0.000000	0.000000	3.750000	-1398.052002	-94.178146
639	401.343201	720.600525	53.087936	133.856598	0.000000	0.000000	3.750000	-396.114044	-786.252258
640	-256.352905	-214.345795	-98.698059	-87.641403	0.000000	0.000000	3.750000	323.541351	205.530151
641	133.499390	78.652985	43.525787	147.677490	0.000000	0.000000	3.750000	198.634155	-288.143829
642	268.011719	-599.417419	42.312222	-112.291664	0.000000	0.000000	3.750000	-114.320267	775.343445
643	-342.719391	-289.754700	-77.308441	-89.147812	0.000000	0.000000	3.750000	474.788696	440.009247
644	-424.306763	113.462372	-132.403778	51.310890	0.000000	0.000000	3.750000	611.259827	-151.329544
645	-247.340622	239.201614	-75.352074	98.461243	0.000000	0.000000	3.750000	102.143250	-125.767891
646	-38.426735	633.943115	6.591465	125.827408	0.000000	0.000000	3.750000	-14.878236	-1225.657959
647	152.725037	583.954224	16.011875	145.119324	0.000000	0.000000	3.750000	-86.262596	-903.405762
648	-204.918610	646.096680	-52.212975	132.051880	0.000000	0.000000	3.750000	326.105560	-651.116516
649	-312.529480	-415.965668	-72.280151	-112.833221	0.000000	0.000000	3.750000	371.504883	447.640381
650	-135.849915	1002.102539	-24.567600	158.102524	0.000000	0.000000	3.750000	227.426285	-1193.697266
651	983.655518	-353.585724	141.972961	-54.292427	0.000000	0.000000	3.750000	-1050.336304	346.163361
652	271.507141	829.403076	52.433487	134.114609	0.000000	0.000000	3.750000	-305.595581	-807.504395
653	-622.951355	316.689941	-121.259201	65.878250	0.000000	0.000000	3.750000	734.694092	-267.900726
654	-74.564514	881.805298	-30.169369	142.848877	0.000000	0.000000	3.750000	367.809998	-1925.562378
655	92.029480	663.143250	1.280300	129.992569	0.000000	0.000000	3.750000	148.820084	-786.763855
656	-217.266388	-704.765442	-40.903458	-117.059227	0.000000	0.000000	3.750000	242.730591	968.360779
657	-157.240662	914.568787	-2.779727	127.969711	0.000000	0.000000	3.750000	100.260269	-1111.118408
658	-542.642395	528.131958	-95.341469	88.373878	0.000000	0.000000	3.750000	734.946167	-543.419983
659	-635.356079	-73.533409	-161.304016	-14.998505	0.000000	0.000000	3.750000	603.236511	69.103210
660	-161.032211	284.587585	-93.560272	112.078522	0.000000	0.000000	3.750000	298.260132	-259.338440
661	-668.617188	666.332397	-93.691994	98.578796	0.000000	0.000000	3.750000	816.816528	-734.576233
662	117.608627	160.392426	33.032688	104.888542	0.000000	0.000000	3.750000	18.591845	-116.183479
663	390.012421	755.743408	56.534775	121.489929	0.000000	0.000000	3.750000	-387.981934	-955.723572
664	-24.752279	-922.830078	-1.938093	-161.988007	0.000000	0.000000	3.750000	130.718262	1237.347168
665	-619.671509	804.324341	-76.826523	121.793587	0.000000	0.000000	3.750000	579.508728	-871.103149
666	-1003.036377	-484.738739	-137.218811	-78.324982	0.000000	0.000000	3.750000	1295.609009	488.889709
667	-451.406830	368.487000	-102.054695	70.432297	0.000000	0.000000	3.750000	643.556580	-330.699677
668	-794.272278	-29.401043	-143.968475	-2.989445	0.000000	0.000000	3.750000	978.776917	127.996773
669	-437.533508	145.309525	-136.382141	31.619083	0.000000	0.000000	3.750000	575.468933	-76.918915
670	-133.038589	517.345642	-39.438107	121.772163	0.000000	0.000000	3.750000	310.495453	-640.163391
671	-53.724152	422.287598	-54.162159	115.974785	0.000000	0.000000	3.750000	391.747711	-530.666443
672	684.519104	591.544189	93.695343	95.797501	0.000000	0.000000	3.750000	-593.950134	-656.190002
673	393.493958	-978.654541	67.575912	-136.152359	0.000000	0.000000	3.750000	-443.223145	1054.619629
674	332.877502	854.770874	47.317230	129.634216	0.000000	0.000000	3.750000	-291.180847	-1117.790039
675	16.087065	-1018.876892	10.179759	-151.658722	0.000000	0.000000	3.750000	-89.436699	1044.036011
676	308.565491	442.884155	87.181786	96.424576	0.000000	0.000000	3.750000	-401.552826	-223.456146
677	737.598450	-324.679993	95.566093	-65.750443	0.000000	0.000000	3.750000	-1307.786987	818.470154
678	-500.599243	252.380325	-119.009468	91.304665	0.000000	0.000000	3.750000	743.192932	-444.242188
679	-597.439819	459.411133	-93.768219	71.634537	0.000000	0.000000	3.750000	817.608276	-548.482971
680	470.851196	-256.409973	122.026077	-87.231964	0.000000	0.000000	3.750000	-586.844849	319.439484
681	411.101898	404.985779	93.815674	103.916374	0.000000	0.000000	3.750000	-536.863464	-571.498657
682	346.024780	856.867310	19.036112	134.661133	0.000000	0.000000	3.750000	-98.549797	-614.435547
683	-112.123962	361.463715	-42.893501	124.824242	0.000000	0.000000	3.750000	326.703186	-338.615082
684	9.791486	413.223236	-21.006039	118.142731	0.000000	0.000000	3.750000	279.682739	-458.098633
685	-546.893188	638.780334	-77.589401	104.306580	0.000000	0.000000	3.750000	638.212097	-703.270752
686	-73.543381	208.344421	78.429398	137.152161	0.000000	0.000000	3.750000	-80.651543	-257.551270
687	237.469925	-298.951813	134.761551	-78.579025	0.000000	0.000000	3.750000	-191.808258	178.717117
688	-84.295799	-295.438354	3.172495	-129.956223	0.000000	0.000000	3.750000	89.137154	417.243195
689	-190.985794	-521.740784	-1.386204	-131.992432	0.000000	0.000000	3.750000	95.200424	936.813843
690	-335.144409	-953.826904	-56.095581	-134.793396	0.000000	0.000000	3.750000	326.371063	964.620850
691	-523.701477	953.809082	-82.879532	139.194000	0.000000	0.000000	3.750000	585.878784	-1049.550049
692	525.713257	-700.891663	86.243332	-146.497650	0.000000	0.000000	3.750000	-100.227722	267.302887
693	-724.042847	873.382874	-93.294174	120.000824	0.000000	0.000000	3.750000	789.509949	-999.645996
694	538.817139	-462.342590	94.495903	-73.962509	0.000000	0.000000	3.750000	-535.413635	354.233582
695	603.023865	145.403198	128.281342	31.108871	0.000000	0.000000	3.750000	-814.765869	-101.642502
696	103.063698	145.611969	125.742271	23.792986	0.000000	0.000000	3.750000	-199.541779	63.436005
697	-397.933289	-717.834167	-58.902840	-122.582436	0.000000	0.000000	3.750000	425.923004	907.814941
698	-49.979576	560.966309	-12.016739	137.475250	0.000000	0.000000	3.750000	198.383072	-976.797241
699	681.262207	995.723145	96.837067	129.871033	0.000000	0.000000	3.750000	-648.024414	-1125.774048
700	-100.229408	-945.843384	4.097686	-155.946106	0.000000	0.000000	3.750000	46.627140	2072.472900
701	456.670227	-751.315002	75.432594	-108.322845	0.000000	0.000000	3.750000	-556.129639	1038.646729
702	507.025970	-203.673981	126.265160	-77.207314	0.000000	0.000000	3.750000	-538.034241	266.492126
703	-32.647781	-724.864746	15.058704	-149.241302	0.000000	0.000000	3.750000	30.909546	924.713989
704	262.536072	-710.706421	52.164223	-123.429115	0.000000	0.000000	3.750000	-274.187195	1113.829468
705	-212.549545	-997.327698	-36.024239	-149.727081	0.000000	0.000000	3.750000	197.389771	1256.222290
706	-843.657776	245.582367	-135.245056	36.176628	0.000000	0.000000	3.750000	1138.564697	-230.298340
707	958.412109	506.388428	136.066284	72.123810	0.000000	0.000000	3.750000	-1087.170044	-409.895355
708	581.573303	-999.304565	96.354912	-135.171829	0.000000	0.000000	3.750000	-549.223145	1142.833984
709	627.904907	567.214905	139.843170	100.138184	0.000000	0.000000	3.750000	-664.258057	-365.178162
710	-326.858795	61.103500	-131.981720	2.018306	0.000000	0.000000	3.750000	472.803436	84.902451
711	-542.743042	731.250305	-91.895020	121.075523	0.000000	0.000000	3.750000	703.243469	-823.825378
712	-760.752197	52.464821	-121.360138	12.475136	0.000000	0.000000	3.750000	1116.915405	33.230022
713	958.727600	90.646347	151.997055	-0.941283	0.000000	0.000000	3.750000	-1263.314087	-33.285778
714	-459.362671	710.069946	-84.894882	140.314713	0.000000	0.000000	3.750000	767.809631	-755.406433
715	-162.742157	689.203247	-26.760365	127.215851	0.000000	0.000000	3.750000	145.653229	-810.075745
716	978.804382	-606.392029	138.805450	-101.572845	0.000000	0.000000	3.750000	-742.256470	522.281372
717	736.220825	172.148453	128.183273	21.654987	0.000000	0.000000	3.750000	-1069.513306	-37.151592
718	187.338593	-117.164597	110.777954	-64.125603	0.000000	0.000000	3.750000	-582.974854	421.888763
719	504.566650	-314.520996	97.130188	-70.466492	0.000000	0.000000	3.750000	-605.223022	295.733368
720	-130.995209	-814.906860	-14.049679	-153.357025	0.000000	0.000000	3.750000	132.946976	660.774170
721	-464.860352	-58.575806	-138.866455	17.778721	0.000000	0.000000	3.750000	674.928345	-47.101143
722	628.420898	-678.505371	117.500732	-111.523819	0.000000	0.000000	3.750000	-664.067993	593.061096
723	-543.756836	209.626114	-118.096161	37.804871	0.000000	0.000000	3.750000	688.819458	-155.979599
724	-426.852112	911.035889	-53.790741	137.878159	0.000000	0.000000	3.750000	322.739227	-1372.156250
725	-630.607666	229.766937	-154.470352	60.784126	0.000000	0.000000	3.750000	857.254272	-247.449799
726	-143.319702	-123.012222	-54.730873	-120.089012	0.000000	0.000000	3.750000	78.059570	155.671738
727	-114.140289	-75.795380	-113.838379	5.275691	0.000000	0.000000	3.750000	253.069031	-38.235664
728	-887.747681	4.414616	-131.474152	-11.770451	0.000000	0.000000	3.750000	1207.765991	89.376961
729	914.975525	-427.400513	130.184784	-45.779488	0.000000	0.000000	3.750000	-1058.866455	192.181351
730	-519.160522	-95.839928	-139.152527	-44.182465	0.000000	0.000000	3.750000	611.787415	301.688141
731	-799.661194	-523.617432	-107.332939	-104.783684	0.000000	0.000000	3.750000	884.243896	983.645691
732	321.372345	-905.511230	45.734001	-136.543823	0.000000	0.000000	3.750000	-187.892044	1069.392212
733	445.922852	-562.070068	92.166702	-100.006500	0.000000	0.000000	3.750000	-441.842712	457.468811
734	-89.306808	-55.097725	-94.715042	-95.551636	0.000000	0.000000	3.750000	6.604673	-70.658539
735	67.530617	932.160217	18.441488	138.779602	0.000000	0.000000	3.750000	-46.894524	-758.140259
736	195.167130	553.682434	43.493950	120.383743	0.000000	0.000000	3.750000	-302.292664	-1049.494019
737	25.408617	-70.701462	-22.438480	-144.251984	0.000000	0.000000	3.750000	144.312134	371.673340
738	-873.642212	585.813232	-134.592255	86.515259	0.000000	0.000000	3.750000	909.983948	-514.384216
739	936.224487	-139.831345	144.596832	-20.190319	0.000000	0.000000	3.750000	-1263.217651	20.592422
740	346.437561	-628.575134	94.101112	-121.905609	0.000000	0.000000	3.750000	-531.810425	699.660217
741	-734.911255	-333.526642	-101.278580	-64.362839	0.000000	0.000000	3.750000	1452.189209	643.319092
742	312.372925	-57.241478	135.992798	0.145214	0.000000	0.000000	3.750000	-515.398682	172.768463
743	490.027039	488.967682	111.896622	102.874390	0.000000	0.000000	3.750000	-546.402954	-512.433594
744	654.929626	403.487244	108.008316	47.520134	0.000000	0.000000	3.750000	-870.164368	-280.978485
745	-773.873291	-438.205872	-105.374886	-57.410793	0.000000	0.000000	3.750000	1058.984619	320.313110
746	-613.159119	-568.436035	-93.581383	-87.329872	0.000000	0.000000	3.750000	414.441772	337.250427
747	-156.339584	364.250000	-48.182945	118.583374	0.000000	0.000000	3.750000	403.250793	-555.396912
748	-365.842041	-593.865601	-64.422592	-86.681717	0.000000	0.000000	3.750000	495.282928	745.855591
749	-933.240417	345.333038	-126.465424	55.229698	0.000000	0.000000	3.750000	650.685669	-170.125809
750	135.934418	285.530640	100.751709	97.137177	0.000000	0.000000	3.750000	-197.385559	-3.374715
751	336.614716	-578.631775	72.191429	-117.610214	0.000000	0.000000	3.750000	-331.614044	887.060364
752	-166.574753	-824.209961	-10.752295	-145.603424	0.000000	0.000000	3.750000	49.257835	1035.439575
753	353.550598	111.749336	132.769440	89.243301	0.000000	0.000000	3.750000	-470.681244	-56.461842
754	744.587097	284.547791	127.109756	35.595154	0.000000	0.000000	3.750000	-987.174255	-161.870544
755	-800.924072	304.452850	-122.347038	30.119778	0.000000	0.000000	3.750000	958.694275	-211.445755
756	734.672241	-916.889526	95.172134	-128.616699	0.000000	0.000000	3.750000	-542.484863	816.419617
757	692.209106	32.178425	157.993042	-1.366040	0.000000	0.000000	3.750000	-1013.998108	162.970734
758	145.891571	72.147850	113.266777	45.328056	0.000000	0.000000	3.750000	-128.719986	-26.106298
759	-625.554016	-20.787184	-121.673378	8.915405	0.000000	0.000000	3.750000	892.672668	35.368477
760	-631.274170	-586.466064	-93.760422	-103.966187	0.000000	0.000000	3.750000	839.816345	806.750916
761	591.945435	-131.969757	130.425446	-69.945923	0.000000	0.000000	3.750000	-763.268494	200.262329
762	-148.121414	-878.405762	-55.729340	-139.262817	0.000000	0.000000	3.750000	321.607330	1171.218262
763	-737.669556	337.295441	-141.646133	25.926580	0.000000	0.000000	3.750000	830.658447	-36.989670
764	-585.726562	-782.832642	-104.179993	-129.210175	0.000000	0.000000	3.750000	110.184647	152.023849
765	-512.599487	778.553162	-88.011757	133.617004	0.000000	0.000000	3.750000	568.889709	-613.191284
766	390.698883	718.766846	63.881462	96.825378	0.000000	0.000000	3.750000	-413.229614	-672.547852
767	-874.536255	-635.292542	-143.403046	-83.615097	0.000000	0.000000	3.750000	1134.463257	524.850098
768	-834.796326	446.545135	-123.580856	65.784927	0.000000	0.000000	3.750000	1005.566956	-370.239532
769	694.350098	908.789856	92.304749	125.758400	0.000000	0.000000	3.750000	-289.265381	-650.911011
770	-229.862778	616.618469	-51.663841	119.293037	0.000000	0.000000	3.750000	328.313141	-875.206970
771	223.653717	-706.492004	38.339676	-145.013733	0.000000	0.000000	3.750000	-1.720074	656.723022
772	750.862244	-84.416367	119.730453	-23.422199	0.000000	0.000000	3.750000	-852.168579	185.724106
773	425.948547	-22.017454	163.831100	7.219694	0.000000	0.000000	3.750000	-459.756805	126.581970
774	767.470520	523.224976	102.594101	79.839790	0.000000	0.000000	3.750000	-944.543884	-561.966797
775	-884.968628	-626.907959	-124.139923	-87.711212	0.000000	0.000000	3.750000	1094.090454	664.740295
776	-932.466675	631.832214	-128.815369	80.687134	0.000000	0.000000	3.750000	1193.745850	-502.287506
777	117.101303	-255.094940	38.015091	-134.732483	0.000000	0.000000	3.750000	-9.080616	533.510498
778	862.068665	197.345856	139.349472	55.509811	0.000000	0.000000	3.750000	-1233.591919	-192.045837
779	735.028931	-455.355408	100.966812	-68.481323	0.000000	0.000000	3.750000	-913.433777	546.270874
780	674.093384	-536.279907	112.423904	-83.431458	0.000000	0.000000	3.750000	-772.962524	473.313385
781	-878.510742	158.050125	-131.883713	40.627899	0.000000	0.000000	3.750000	1135.015991	-239.652451
782	-821.483337	-788.727173	-117.158783	-131.338318	0.000000	0.000000	3.750000	749.394226	984.698914
783	765.686707	-467.213135	113.759674	-70.814651	0.000000	0.000000	3.750000	-869.404419	462.702148
784	724.608643	443.396576	119.465607	87.361038	0.000000	0.000000	3.750000	-802.471191	-658.666016
785	-626.201599	-618.596680	-91.745323	-105.746368	0.000000	0.000000	3.750000	272.885895	373.611328
786	216.134827	598.855225	49.508221	115.866028	0.000000	0.000000	3.750000	-305.672516	-726.070496
787	-285.468567	239.574951	-114.453911	57.303352	0.000000	0.000000	3.750000	537.543396	-146.057297
788	-456.071930	-772.213745	-62.510078	-116.260399	0.000000	0.000000	3.750000	557.383240	1177.991333
789	-601.234253	-511.137573	-84.601486	-67.130905	0.000000	0.000000	3.750000	892.947327	556.868713
790	581.908691	-689.159546	90.113113	-99.174721	0.000000	0.000000	3.750000	-616.564941	711.690674
791	-273.727051	701.778748	-49.860023	122.220642	0.000000	0.000000	3.750000	242.599533	-852.122681
792	1017.614990	836.902405	136.260941	123.648499	0.000000	0.000000	3.750000	-927.551636	-808.182373
793	-548.531738	665.995972	-84.432648	133.547668	0.000000	0.000000	3.750000	379.588684	-408.098450
794	125.884636	-627.761719	24.637278	-143.903748	0.000000	0.000000	3.750000	39.592304	718.351685
795	-731.437866	73.259094	-113.617783	-23.387714	0.000000	0.000000	3.750000	974.460876	128.482635
796	11.183786	-1086.821045	-5.294919	-151.907501	0.000000	0.000000	3.750000	87.462929	752.216553
797	-777.748047	257.142883	-111.952637	37.290756	0.000000	0.000000	3.750000	907.136780	-254.079330
798	-603.041992	837.923523	-85.721550	123.092705	0.000000	0.000000	3.750000	703.661377	-990.431946
799	665.382080	-792.838501	90.449326	-104.225174	0.000000	0.000000	3.750000	-701.544861	970.821350
800	357.140839	-703.930603	74.055885	-137.300598	0.000000	0.000000	3.750000	-306.426666	860.152710
801	-489.625458	-255.542007	-100.222733	-58.406693	0.000000	0.000000	3.750000	632.764832	279.444641
802	815.252319	88.135391	128.413635	20.246220	0.000000	0.000000	3.750000	-1200.208252	-107.694145
803	662.976929	-545.151062	99.511566	-77.288078	0.000000	0.000000	3.750000	-929.259155	687.816284
804	160.078613	-1073.580811	21.716845	-150.440399	0.000000	0.000000	3.750000	-60.655109	1107.431152
805	-346.229950	-70.480270	-106.091843	-56.071487	0.000000	0.000000	3.750000	312.383392	133.376038
806	-682.843079	186.152374	-105.665588	52.523209	0.000000	0.000000	3.750000	847.502625	-269.492401
807	-365.825745	-713.471924	-47.557381	-114.517548	0.000000	0.000000	3.750000	462.319916	1398.538452
808	55.552086	217.085495	87.181671	131.689453	0.000000	0.000000	3.750000	-8.587680	22.587276
809	638.204224	-728.274048	98.487122	-105.053741	0.000000	0.000000	3.750000	-755.613342	776.526978
810	595.176514	684.966736	79.979355	92.126556	0.000000	0.000000	3.750000	-580.363647	-646.512024
811	23.023090	-368.075775	0.494369	-149.985474	0.000000	0.000000	3.750000	205.318192	546.023743
812	793.551270	113.799980	135.296341	13.815077	0.000000	0.000000	3.750000	-1010.647278	-30.859573
813	717.190857	-594.092468	103.266693	-75.630493	0.000000	0.000000	3.750000	-959.890137	611.649780
814	25.677389	704.919983	-2.261549	133.980164	0.000000	0.000000	3.750000	152.932999	-872.931458
815	-559.738037	-534.207031	-101.052109	-96.894043	0.000000	0.000000	3.750000	846.950562	739.845032
816	-826.362610	22.389193	-120.107513	-21.404852	0.000000	0.000000	3.750000	1182.550049	134.388519
817	-9.811325	1130.785889	13.494076	161.437012	0.000000	0.000000	3.750000	-153.402985	-1968.104492
818	950.436890	-78.053497	137.444946	-12.363770	0.000000	0.000000	3.750000	-1174.903198	29.441608
819	-774.267395	30.210617	-146.526108	20.828876	0.000000	0.000000	3.750000	899.015625	22.151300
820	-105.743423	-47.751659	-106.425430	-70.981445	0.000000	0.000000	3.750000	49.353523	17.004496
821	974.510498	78.466736	143.548187	26.644169	0.000000	0.000000	3.750000	-1132.022461	-179.964386
822	-916.537659	-478.537903	-142.706390	-92.382339	0.000000	0.000000	3.750000	946.006287	378.416016
823	263.589783	429.267365	64.442902	115.200027	0.000000	0.000000	3.750000	-276.306915	-582.307312
824	852.389893	-128.590256	147.991470	-1.576542	0.000000	0.000000	3.750000	-557.850220	-3.122957
825	659.958740	289.266571	114.316238	77.302971	0.000000	0.000000	3.750000	-487.995392	-373.841827
826	-311.286652	-454.432617	-78.285179	-127.948547	0.000000	0.000000	3.750000	373.048859	476.069702
827	-917.418884	-260.996460	-134.978699	-44.098190	0.000000	0.000000	3.750000	1087.208984	214.225906
828	508.232056	-739.802734	74.857765	-96.334213	0.000000	0.000000	3.750000	-629.391479	1020.000244
829	71.988815	-66.014267	-5.538996	-151.889343	0.000000	0.000000	3.750000	174.346619	549.177673
830	684.808716	252.777069	115.197479	51.043041	0.000000	0.000000	3.750000	-978.867065	-234.712982
831	139.186707	874.950989	20.753700	140.474915	0.000000	0.000000	3.750000	-48.607620	-713.919678
832	-874.704407	-873.939636	-118.679665	-116.063393	0.000000	0.000000	3.750000	475.087067	378.957489
833	685.693054	-754.967285	94.302422	-108.825554	0.000000	0.000000	3.750000	-666.705872	936.067261
834	92.222321	1056.658325	17.437656	150.996277	0.000000	0.000000	3.750000	-125.557739	-851.500183
835	166.446869	-976.479248	37.986595	-140.971207	0.000000	0.000000	3.750000	-153.745972	1156.385376
836	24.845100	274.143402	-53.657860	154.926666	0.000000	0.000000	3.750000	279.608154	-243.232178
837	325.297058	189.294312	91.501625	108.587601	0.000000	0.000000	3.750000	-274.040436	-269.920593
838	718.878967	-452.533875	109.383141	-77.402519	0.000000	0.000000	3.750000	-725.036316	387.865570
839	-364.712830	424.659149	-83.846214	133.914246	0.000000	0.000000	3.750000	582.509216	-576.659973
840	535.688782	-703.458252	80.834396	-121.580421	0.000000	0.000000	3.750000	-308.354065	478.904388
841	-60.517838	-746.909241	-13.127834	-147.416016	0.000000	0.000000	3.750000	231.751312	1062.223999
842	-18.992123	-176.367111	-121.631821	97.596252	0.000000	0.000000	3.750000	132.190231	-113.273888
843	-45.753151	-241.170715	-28.427797	-118.637970	0.000000	0.000000	3.750000	214.297012	421.522797
844	-62.231255	878.751831	10.379934	129.584732	0.000000	0.000000	3.750000	-2.319255	-979.444153
845	558.987549	-233.766541	143.773193	-35.117935	0.000000	0.000000	3.750000	-659.700623	158.551071
846	297.713654	-489.943207	87.238876	-134.117706	0.000000	0.000000	3.750000	-223.875137	1301.733887
847	-322.272156	374.054260	-57.832268	100.554413	0.000000	0.000000	3.750000	392.892273	-463.495789
848	-246.950592	-631.402039	-62.393471	-140.794312	0.000000	0.000000	3.750000	302.223114	740.623047
849	476.645691	686.333557	68.937424	95.768036	0.000000	0.000000	3.750000	-357.865051	-719.961548
850	-727.456238	-129.125793	-164.952316	-31.852943	0.000000	0.000000	3.750000	720.842651	192.329163
851	798.115234	372.625793	129.151672	54.033012	0.000000	0.000000	3.750000	-1363.254272	-245.339035
852	-799.803955	230.614944	-128.885803	16.970724	0.000000	0.000000	3.750000	852.816772	90.358627
853	-455.212067	882.117249	-56.212311	134.744812	0.000000	0.000000	3.750000	398.426880	-1065.421631
854	693.426208	139.865250	124.029587	69.138687	0.000000	0.000000	3.750000	-806.044739	-247.117310
855	417.926178	15.507508	149.641083	10.339468	0.000000	0.000000	3.750000	-571.020447	63.270500
856	557.623535	-543.931091	84.866600	-90.408119	0.000000	0.000000	3.750000	-826.453003	767.459106
857	168.299149	-455.876129	70.975761	-104.106384	0.000000	0.000000	3.750000	-228.276138	494.646118
858	243.619507	-602.858276	41.681923	-103.954742	0.000000	0.000000	3.750000	-161.949921	604.973999
859	274.174927	-410.838074	60.219933	-110.674835	0.000000	0.000000	3.750000	-99.886971	485.523315
860	-931.020508	-390.597809	-148.997375	-38.930862	0.000000	0.000000	3.750000	1113.398438	123.185661
861	398.339996	224.481964	83.353081	114.961395	0.000000	0.000000	3.750000	-416.304291	-480.975342
862	268.723602	-1145.607178	49.842796	-149.931824	0.000000	0.000000	3.750000	-242.236389	1198.549438
863	-122.150261	-883.807007	-16.967663	-140.982193	0.000000	0.000000	3.750000	41.753433	823.888062
864	-575.212158	-508.749969	-95.343124	-88.372375	0.000000	0.000000	3.750000	723.187256	602.401062
865	916.280090	-207.943161	135.714172	-8.807943	0.000000	0.000000	3.750000	-1103.315918	-49.970890
866	304.825836	962.388611	63.502060	133.684204	0.000000	0.000000	3.750000	-396.685181	-978.725037
867	-629.472595	394.151642	-103.487633	78.678329	0.000000	0.000000	3.750000	784.230164	-504.377533
868	-83.101395	85.026070	2.841194	-121.391403	0.000000	0.000000	3.750000	-55.837646	83.542091
869	392.731964	-345.604095	84.772552	-93.217239	0.000000	0.000000	3.750000	-375.863647	343.672546
870	-588.134705	-397.209473	-128.419510	-44.770874	0.000000	0.000000	3.750000	934.284607	313.563538
871	405.359131	733.286682	61.530243	95.968742	0.000000	0.000000	3.750000	-599.447266	-1180.241821
872	-60.923882	-202.656403	52.484810	-136.237793	0.000000	0.000000	3.750000	-99.940285	378.703857
873	-441.011169	-791.889343	-95.494202	-135.782166	0.000000	0.000000	3.750000	365.591339	628.854736
874	80.949280	853.734802	8.384992	143.754425	0.000000	0.000000	3.750000	157.368591	-1144.546875
875	-191.207764	297.062988	-109.155380	84.424866	0.000000	0.000000	3.750000	549.082581	-226.240112
876	-323.060028	-811.004761	-44.002785	-120.198608	0.000000	0.000000	3.750000	272.948822	1047.312866
877	-344.384003	926.178467	-56.050961	132.643433	0.000000	0.000000	3.750000	499.613922	-1353.822510
878	-902.918579	393.591339	-124.290192	64.435432	0.000000	0.000000	3.750000	1074.450684	-473.164337
879	-820.772339	-318.128174	-122.142853	-55.108589	0.000000	0.000000	3.750000	1152.907959	284.427277
880	974.856750	-822.329712	114.943130	-111.301735	0.000000	0.000000	3.750000	-921.483154	884.099731
881	517.384216	414.116882	111.095245	88.439926	0.000000	0.000000	3.750000	-314.170258	-285.317566
882	713.264282	629.150513	93.147461	84.849831	0.000000	0.000000	3.750000	-931.064514	-645.546326
883	-254.005371	-64.325279	-89.536407	-102.324074	0.000000	0.000000	3.750000	189.163513	119.897514
884	-146.094727	-694.050354	-40.859257	-140.164398	0.000000	0.000000	3.750000	88.474083	495.739563
885	428.074677	2.454883	104.691055	16.590597	0.000000	0.000000	3.750000	-368.422638	37.841190
886	93.986824	32.462128	83.325836	138.826965	0.000000	0.000000	3.750000	50.944843	-63.374752
887	-82.270966	-1109.538208	3.307119	-163.966309	0.000000	0.000000	3.750000	51.667351	938.051331
888	802.192932	539.277588	112.952591	68.305046	0.000000	0.000000	3.750000	-1052.681519	-408.578796
889	-709.518677	-252.629654	-159.968185	3.170618	0.000000	0.000000	3.750000	912.156372	53.581902
890	551.998352	253.391174	134.127350	75.663330	0.000000	0.000000	3.750000	-555.073914	-159.454987
891	-642.487549	-800.583435	-95.656914	-102.223404	0.000000	0.000000	3.750000	669.537964	965.248718
892	342.123413	-265.194519	102.611229	-69.619461	0.000000	0.000000	3.750000	-411.862213	323.399475
893	-1089.469971	433.357147	-152.078476	75.973953	0.000000	0.000000	3.750000	1168.970215	-444.525970
894	-845.532715	-775.053894	-112.978836	-118.877167	0.000000	0.000000	3.750000	361.451721	420.295624
895	-705.940674	-543.613770	-92.732384	-72.970398	0.000000	0.000000	3.750000	1006.295471	638.092773
896	-749.555542	754.256592	-129.249374	90.876793	0.000000	0.000000	3.750000	939.214417	-624.864929
897	643.837463	-708.140259	81.439972	-108.919815	0.000000	0.000000	3.750000	-732.517456	1083.248657
898	478.562164	-486.652832	89.162125	-105.328476	0.000000	0.000000	3.750000	-406.649689	544.458008
899	-5.369172	-682.378967	9.110512	-117.647415	0.000000	0.000000	3.750000	-94.875237	617.104065
900	-51.067795	-450.595886	-38.833115	-132.423248	0.000000	0.000000	3.750000	248.319870	674.708435
901	253.857666	939.262268	35.601616	133.328613	0.000000	0.000000	3.750000	-251.982590	-1032.801270
902	456.922485	-562.822327	76.218781	-87.444763	0.000000	0.000000	3.750000	-545.989258	875.870605
903	-805.186707	515.542664	-110.575531	68.358421	0.000000	0.000000	3.750000	1325.840942	-487.025818
904	804.890259	-303.380951	115.644058	-63.643135	0.000000	0.000000	3.750000	-916.290283	460.961761
905	-323.843597	258.078033	-101.842728	83.976532	0.000000	0.000000	3.750000	483.094696	-380.699005
906	850.944946	-222.066162	135.587753	-34.870590	0.000000	0.000000	3.750000	-941.760803	218.275085
907	507.851196	116.466713	114.157364	36.986946	0.000000	0.000000	3.750000	-587.788818	-119.975517
908	546.427612	463.277435	92.019104	94.638611	0.000000	0.000000	3.750000	-625.896545	-579.778320
909	-412.162781	749.305481	-68.770355	133.306473	0.000000	0.000000	3.750000	633.412903	-1055.992310
910	712.804504	-413.776306	112.650764	-56.442871	0.000000	0.000000	3.750000	-586.752991	265.339478
911	-693.080139	-940.780884	-103.886032	-105.411972	0.000000	0.000000	3.750000	857.106506	962.283569
912	-876.139771	497.710236	-113.934402	88.062111	0.000000	0.000000	3.750000	927.819580	-641.711609
913	-829.904114	315.449615	-120.623177	74.926910	0.000000	0.000000	3.750000	923.466858	-519.871948
914	-900.567932	150.199097	-157.617828	45.305672	0.000000	0.000000	3.750000	1186.535889	-290.774658
915	664.032715	-55.416893	124.973198	16.052385	0.000000	0.000000	3.750000	-867.551758	-63.736683
916	791.877197	-214.246231	125.584717	-10.221500	0.000000	0.000000	3.750000	-897.959839	67.336647
917	10.734118	346.645294	4.305472	125.922668	0.000000	0.000000	3.750000	113.749512	-452.895874
918	232.584152	64.318932	135.189194	36.325741	0.000000	0.000000	3.750000	-674.921143	89.022560
919	-74.760239	114.577400	29.277958	146.863220	0.000000	0.000000	3.750000	85.131226	-107.236855
920	753.847839	638.760437	112.915329	118.937469	0.000000	0.000000	3.750000	-787.132751	-792.871277
921	-617.126038	322.157715	-121.810837	76.799095	0.000000	0.000000	3.750000	746.409912	-430.534515
922	-673.421021	878.092834	-90.582809	129.455505	0.000000	0.000000	3.750000	717.029053	-1113.125244
923	-497.663879	883.917908	-60.405457	128.511353	0.000000	0.000000	3.750000	485.673737	-949.075745
924	433.278107	47.301418	137.133331	43.934582	0.000000	0.000000	3.750000	-628.421631	-125.682152
925	712.157043	185.732758	128.473145	30.308077	0.000000	0.000000	3.750000	-936.201111	-124.361519
926	829.911743	783.676086	113.305344	121.317268	0.000000	0.000000	3.750000	-748.655945	-862.917664
927	254.771622	740.167297	28.147530	128.964020	0.000000	0.000000	3.750000	-218.203949	-986.243591
928	620.675354	334.768372	110.169281	86.387077	0.000000	0.000000	3.750000	-461.782654	-335.686737
929	449.053955	753.161499	73.262711	119.300301	0.000000	0.000000	3.750000	-508.699738	-759.275818
930	-455.323395	-13.578768	-128.265991	31.173122	0.000000	0.000000	3.750000	640.565552	-102.487816
931	-295.416748	-688.846313	-50.223099	-137.089905	0.000000	0.000000	3.750000	307.695801	825.218445
932	-740.639465	617.777527	-99.359467	80.694969	0.000000	0.000000	3.750000	1021.836792	-710.179565
933	805.137512	180.352325	118.306412	37.142498	0.000000	0.000000	3.750000	-937.134338	-220.910629
934	-271.440155	-233.571060	-74.278564	-99.290474	0.000000	0.000000	3.750000	345.955048	523.902161
935	-391.548187	-522.429504	-80.794617	-65.484558	0.000000	0.000000	3.750000	769.761169	573.808960
936	-518.994202	-252.731445	-98.225800	-53.810928	0.000000	0.000000	3.750000	661.734924	259.429108
937	988.560242	-110.334793	166.422867	-34.686760	0.000000	0.000000	3.750000	-1126.048462	95.297791
938	-438.609070	-550.147766	-82.442230	-110.633278	0.000000	0.000000	3.750000	103.642052	159.990768
939	-164.102783	781.903015	-25.784630	119.244080	0.000000	0.000000	3.750000	194.285294	-1048.851929
940	487.616180	-550.862610	103.419411	-88.319893	0.000000	0.000000	3.750000	-468.907623	367.006927
941	-9.344953	303.667999	48.592087	124.837738	0.000000	0.000000	3.750000	78.894844	-172.413193
942	-577.216553	-577.386353	-89.469521	-99.755707	0.000000	0.000000	3.750000	1356.482056	1597.281982
943	275.986084	813.219238	24.667389	145.929153	0.000000	0.000000	3.750000	-190.471283	-660.035583
944	697.247986	-260.972626	110.670227	-75.550537	0.000000	0.000000	3.750000	-660.887939	288.809967
945	441.494507	-829.617126	85.032234	-130.787903	0.000000	0.000000	3.750000	-495.213013	911.537842
946	660.394958	-559.809204	90.096596	-101.875351	0.000000	0.000000	3.750000	-440.399231	574.353027
947	-553.657837	596.060181	-70.971451	120.677444	0.000000	0.000000	3.750000	509.314697	-872.353516
948	-842.441528	-550.131042	-111.755127	-73.937363	0.000000	0.000000	3.750000	1014.842224	512.116516
949	-175.044739	-103.444778	-78.083374	-139.652069	0.000000	0.000000	3.750000	168.769226	254.638214
950	269.024658	136.363831	72.944412	112.404953	0.000000	0.000000	3.750000	-109.815308	-206.234680
951	330.640991	520.643921	54.898941	97.622154	0.000000	0.000000	3.750000	-325.570007	-502.813385
952	794.643188	119.783501	138.398041	21.117516	0.000000	0.000000	3.750000	-1071.688110	-97.202461
953	-459.367310	-487.152832	-78.284821	-74.400635	0.000000	0.000000	3.750000	1000.990051	758.065063
954	406.429626	215.017975	116.277184	43.074268	0.000000	0.000000	3.750000	-626.204163	-133.235855
955	-782.717468	-106.906006	-139.996414	0.959408	0.000000	0.000000	3.750000	1399.129761	126.255104
956	724.108521	528.793091	125.151993	71.223557	0.000000	0.000000	3.750000	-1272.503296	-513.806335
957	-648.706299	-600.422668	-78.235352	-90.989990	0.000000	0.000000	3.750000	596.866028	937.199585
958	753.957153	402.122131	129.465851	67.484833	0.000000	0.000000	3.750000	-860.095520	-221.162201
959	882.191650	362.360687	128.080444	51.372471	0.000000	0.000000	3.750000	-1200.739746	-199.099457
960	874.681458	423.471283	129.801086	62.350380	0.000000	0.000000	3.750000	-1097.224854	-358.851379
961	733.273254	604.788818	109.019211	103.027939	0.000000	0.000000	3.750000	-743.123474	-599.311584
962	490.067902	-714.533081	86.143768	-94.674408	0.000000	0.000000	3.750000	-716.829651	853.092834
963	254.618576	648.901489	43.114285	116.263313	0.000000	0.000000	3.750000	-241.067017	-686.491760
964	-462.320435	-821.097107	-77.546280	-144.508026	0.000000	0.000000	3.750000	539.379517	1074.071411
965	-444.646545	642.779480	-60.212872	124.170670	0.000000	0.000000	3.750000	561.044250	-950.003723
966	302.677490	786.966858	48.615242	103.114273	0.000000	0.000000	3.750000	-278.454315	-610.355103
967	297.843140	364.347321	81.664139	98.562180	0.000000	0.000000	3.750000	-578.905640	-458.896851
968	141.123566	710.418884	21.118408	140.420532	0.000000	0.000000	3.750000	-200.630768	-795.828674
969	584.291626	-266.227753	105.408836	-53.037506	0.000000	0.000000	3.750000	-460.360687	236.428558
970	-78.111641	-1034.519897	-23.169445	-162.354767	0.000000	0.000000	3.750000	350.154510	1440.663452
971	582.759827	-246.207321	120.762192	-70.826424	0.000000	0.000000	3.750000	-631.674927	276.192596
972	470.908905	866.231689	80.426376	126.615555	0.000000	0.000000	3.750000	-558.193359	-1160.958618
973	-183.825333	212.501343	-98.092087	116.076660	0.000000	0.000000	3.750000	193.794891	-121.861656
974	101.716591	-249.117294	78.673332	-87.944855	0.000000	0.000000	3.750000	-335.983093	514.448364
975	-338.678101	118.211021	-128.905853	72.711868	0.000000	0.000000	3.750000	491.185822	-208.819412
976	-742.977722	-591.026794	-103.418182	-88.321259	0.000000	0.000000	3.750000	903.933105	638.658325
977	-166.457886	876.369812	-32.037228	128.053162	0.000000	0.000000	3.750000	240.643753	-1056.669067
978	-563.206970	-814.297974	-64.911156	-124.042488	0.000000	0.000000	3.750000	450.517487	832.080750
979	660.106995	26.051031	140.720474	19.019669	0.000000	0.000000	3.750000	-799.477417	-100.678635
980	-717.421936	-653.212769	-107.426483	-104.687729	0.000000	0.000000	3.750000	632.401489	693.248657
981	-94.730019	512.301147	-21.886276	89.358765	0.000000	0.000000	3.750000	195.061752	-702.028442
982	-471.164886	-546.139343	-64.123962	-76.733627	0.000000	0.000000	3.750000	391.752655	754.667542
983	-26.397753	399.761108	29.664196	124.498199	0.000000	0.000000	3.750000	62.633297	-306.523315
984	963.952881	-60.473373	148.152084	-23.471127	0.000000	0.000000	3.750000	-1009.024109	73.572151
985	806.967346	-316.651794	127.320938	-41.776138	0.000000	0.000000	3.750000	-1070.113159	175.678131
986	34.942425	526.127563	-3.440860	137.957092	0.000000	0.000000	3.750000	40.479832	-691.188354
987	290.429596	-384.330322	67.152969	-99.448090	0.000000	0.000000	3.750000	-141.139557	375.055939
988	359.114258	-925.641907	63.884068	-131.281235	0.000000	0.000000	3.750000	-386.253632	1040.772827
989	873.916443	-434.936432	142.662872	-52.452698	0.000000	0.000000	3.750000	-835.114380	253.213074
990	-211.717239	-380.990967	-36.102722	-95.397034	0.000000	0.000000	3.750000	225.977386	571.195679
991	608.112854	-24.325306	111.981781	-2.018322	0.000000	0.000000	3.750000	-890.160522	-29.077154
992	-167.716263	-493.805664	-61.297958	-96.115074	0.000000	0.000000	3.750000	319.740143	334.737396
993	-260.259766	336.882202	-56.294441	128.175156	0.000000	0.000000	3.750000	338.463104	-368.488190
994	-385.151489	-573.113037	-78.445953	-132.522552	0.000000	0.000000	3.750000	452.153748	724.025269
995	-504.147339	-31.025394	-115.996758	-0.821868	0.000000	0.000000	3.750000	954.149963	107.641945
996	-89.518387	170.090271	-79.643425	89.747009	0.000000	0.000000	3.750000	295.191650	-152.287003
997	-307.337463	108.317467	-126.634804	37.235992	0.000000	0.000000	3.750000	531.466187	-7.304397
998	262.424927	810.800964	46.796028	119.139099	0.000000	0.000000	3.750000	-338.663849	-962.442993
999	-702.556274	132.600891	-154.209412	34.396748	0.000000	0.000000	3.750000	850.704346	-72.780746
