node	a_force.x	a_force.y	g_force.x	g_force.y	r_force.x	r_force.y	global_speed	move_node.x	move_node.y
0	-372.309540	-259.284119	-173.318268	-15.301422	0.000000	0.000000	7.125000	222.176331	12.730745
1	283.209869	686.125366	81.071739	209.866135	0.000000	0.000000	7.125000	-91.261177	-282.638275
2	-1296.553711	-41.126812	-206.820908	8.182637	0.000000	0.000000	7.125000	495.018463	49.240227
3	223.532501	-275.232208	170.462799	-34.818489	0.000000	0.000000	7.125000	-183.461548	62.694981
4	707.064636	742.516724	143.986359	168.970612	0.000000	0.000000	7.125000	-365.717926	-383.109192
5	245.800583	-282.862732	171.762924	-115.522194	0.000000	0.000000	7.125000	-209.674789	169.618134
6	-780.962646	-560.726440	-165.018463	-124.903458	0.000000	0.000000	7.125000	340.724487	160.812332
7	-295.057373	1073.288330	-50.229095	175.970490	0.000000	0.000000	7.125000	87.025169	-410.297821
8	-298.737183	-79.014893	-169.788895	133.056458	0.000000	0.000000	7.125000	301.604980	-113.269531
9	-1123.486084	-1118.772949	-158.773895	-159.421616	0.000000	0.000000	7.125000	208.421173	265.226990
10	639.050537	-706.128174	162.858185	-127.772659	0.000000	0.000000	7.125000	-307.150177	238.969910
11	1153.361816	-718.296021	181.890381	-98.817406	0.000000	0.000000	7.125000	-438.126465	231.109268
12	-1503.285645	536.650146	-201.504547	93.132164	0.000000	0.000000	7.125000	506.741302	-157.702911
13	832.261597	-229.440430	215.153137	-19.092770	0.000000	0.000000	7.125000	-397.189026	57.893661
14	613.817749	704.535095	91.455078	130.064880	0.000000	0.000000	7.125000	-242.873932	-344.254791
15	1357.866455	-1040.059937	191.733185	-134.140381	0.000000	0.000000	7.125000	-466.128418	292.968811
16	-527.173218	100.842751	-200.267365	51.821491	0.000000	0.000000	7.125000	322.507507	-12.418462
17	1293.835205	-304.725861	239.105408	-20.588423	0.000000	0.000000	7.125000	-662.638794	7.660384
18	-1478.846436	15.937779	-201.143829	33.960377	0.000000	0.000000	7.125000	469.542511	-16.754385
19	1172.746826	613.891479	180.265839	118.966309	0.000000	0.000000	7.125000	-430.204437	-209.736374
20	-562.764160	220.366882	-188.923065	84.535942	0.000000	0.000000	7.125000	311.988983	-107.235313
21	-1227.497803	607.246460	-210.642883	114.960403	0.000000	0.000000	7.125000	474.862244	-183.476242
22	915.567383	157.087234	171.067108	31.807396	0.000000	0.000000	7.125000	-401.553314	-48.649967
23	366.911407	-648.161072	99.624557	-170.989059	0.000000	0.000000	7.125000	-74.123161	257.890137
24	-1401.552002	560.623230	-220.643036	108.755371	0.000000	0.000000	7.125000	876.598694	-397.621246
25	-203.053207	1316.526611	-25.923632	223.501160	0.000000	0.000000	7.125000	50.116421	-505.844849
26	1420.965454	-447.460236	239.162613	-42.997253	0.000000	0.000000	7.125000	-629.862976	58.450237
27	-1095.540527	1384.244385	-134.142410	199.011292	0.000000	0.000000	7.125000	297.562561	-471.005035
28	-1231.928223	1342.551758	-147.701172	189.166687	0.000000	0.000000	7.125000	326.550507	-405.284973
29	-294.248108	1046.554810	-17.307846	191.213577	0.000000	0.000000	7.125000	63.512535	-357.586273
30	1160.906738	-308.518463	228.437927	-63.095673	0.000000	0.000000	7.125000	-447.615540	83.485825
31	-1239.391602	-735.536377	-187.595062	-112.953255	0.000000	0.000000	7.125000	442.645905	187.412415
32	948.547852	-1220.522217	140.514175	-151.996063	0.000000	0.000000	7.125000	-312.612152	363.303436
33	447.046753	1377.562744	86.577957	194.586288	0.000000	0.000000	7.125000	-328.016724	-1081.875854
34	316.057922	514.634399	137.790848	166.320389	0.000000	0.000000	7.125000	-198.832169	-186.071518
35	560.205261	1330.352783	104.844864	188.844177	0.000000	0.000000	7.125000	-161.123581	-333.907196
36	-768.408203	1216.487915	-106.182297	177.691589	0.000000	0.000000	7.125000	281.860168	-466.452362
37	223.412796	-1225.179321	78.493637	-194.762054	0.000000	0.000000	7.125000	-71.950439	233.884598
38	-37.217152	-876.635620	37.648510	-197.438736	0.000000	0.000000	7.125000	-24.092957	297.914307
39	-399.864746	425.482605	-24.826000	199.210876	0.000000	0.000000	7.125000	118.717430	-231.595551
40	865.647644	822.263611	121.857986	124.203941	0.000000	0.000000	7.125000	-336.454559	-333.079041
41	168.647858	920.854675	50.227673	185.312134	0.000000	0.000000	7.125000	-95.791626	-402.668365
42	-618.710327	468.419250	-81.077393	147.095612	0.000000	0.000000	7.125000	188.375076	-223.776642
43	972.957275	-41.812450	194.912476	-5.554863	0.000000	0.000000	7.125000	-231.498413	-73.268044
44	603.019104	-654.845459	152.447281	-106.529694	0.000000	0.000000	7.125000	-344.855927	163.566483
45	-428.039215	134.287277	-118.355072	154.964600	0.000000	0.000000	7.125000	165.217484	-155.391724
46	784.028198	-18.773531	276.646790	35.470589	0.000000	0.000000	7.125000	-1072.376831	105.264328
47	1079.839966	89.603279	184.812805	71.002182	0.000000	0.000000	7.125000	-464.460510	-120.992661
48	102.468132	219.827789	140.858307	155.571915	0.000000	0.000000	7.125000	-84.955788	-36.316040
49	209.390991	-801.609314	63.933113	-155.333954	0.000000	0.000000	7.125000	-58.259060	410.185272
50	-1138.990479	-512.235474	-217.234268	-86.955772	0.000000	0.000000	7.125000	368.557892	153.745300
51	-1126.770386	-227.299500	-235.231522	-28.857649	0.000000	0.000000	7.125000	391.483948	74.478546
52	-250.471771	759.669983	-62.261696	165.687866	0.000000	0.000000	7.125000	174.170090	-464.560211
53	396.166626	1385.761841	51.726299	228.210846	0.000000	0.000000	7.125000	-116.047897	-509.834900
54	-1286.691650	-951.828613	-151.177719	-150.043472	0.000000	0.000000	7.125000	324.539337	306.847626
55	144.424896	-1636.590454	50.423416	-249.945770	0.000000	0.000000	7.125000	-64.525955	617.042297
56	-1508.702148	-886.178345	-212.132385	-124.513687	0.000000	0.000000	7.125000	523.306946	214.750443
57	1249.584839	-79.669037	185.935349	-58.755615	0.000000	0.000000	7.125000	-407.879547	112.804001
58	1404.102661	638.076904	196.831985	102.606796	0.000000	0.000000	7.125000	-556.985352	-185.080246
59	779.582947	732.387573	180.548477	118.528915	0.000000	0.000000	7.125000	-439.884521	-255.128082
60	-1287.119385	-525.794678	-189.605286	-97.007408	0.000000	0.000000	7.125000	516.713074	184.667542
61	-678.931763	801.851318	-90.862930	169.099426	0.000000	0.000000	7.125000	210.370026	-298.556824
62	875.269653	-993.189941	175.351440	-159.439224	0.000000	0.000000	7.125000	-404.307739	366.287079
63	-223.015930	-417.391846	-72.865547	-171.078278	0.000000	0.000000	7.125000	116.061417	188.282913
64	636.082825	-1234.359131	123.996841	-169.480316	0.000000	0.000000	7.125000	-258.770203	404.619965
65	130.318787	-1465.812744	43.577824	-214.607758	0.000000	0.000000	7.125000	-58.541115	554.333069
66	-459.506531	676.220581	-8.479278	203.823059	0.000000	0.000000	7.125000	5.382855	-227.313599
67	-268.949554	1151.490723	6.754874	215.883560	0.000000	0.000000	7.125000	75.451164	-413.136108
68	171.108002	-1243.783447	54.964836	-193.297455	0.000000	0.000000	7.125000	-61.068012	511.028687
69	578.351257	457.344482	154.557434	108.777542	0.000000	0.000000	7.125000	-221.258392	-162.238129
70	-1109.048828	-508.335205	-208.656036	-75.805290	0.000000	0.000000	7.125000	452.140198	161.435226
71	287.210358	-1071.198486	145.925949	-205.416962	0.000000	0.000000	7.125000	-226.484863	411.766602
72	131.596039	247.151077	130.498871	140.773346	0.000000	0.000000	7.125000	-159.127838	-125.380844
73	248.525787	232.731506	168.380478	143.670197	0.000000	0.000000	7.125000	-127.534698	31.966045
74	-436.067719	-339.411713	-185.160126	-70.086372	0.000000	0.000000	7.125000	250.914581	76.117722
75	-478.078033	-354.817383	-169.430923	-39.415611	0.000000	0.000000	7.125000	335.658722	143.183578
76	628.388794	547.777710	181.563766	116.960403	0.000000	0.000000	7.125000	-359.861877	-150.809982
77	-763.820679	67.032326	-214.436157	44.415134	0.000000	0.000000	7.125000	401.267334	-37.041786
78	1126.232422	570.954163	208.766632	124.302292	0.000000	0.000000	7.125000	-265.124969	-94.346397
79	1629.922119	306.829559	242.521820	87.800423	0.000000	0.000000	7.125000	-599.604004	-75.823341
80	600.338013	153.623306	196.548828	23.898743	0.000000	0.000000	7.125000	-841.500244	-48.061031
81	460.126404	-551.287109	147.026840	-128.089401	0.000000	0.000000	7.125000	-333.223450	239.213318
82	-557.024536	-982.648682	-113.655136	-169.401672	0.000000	0.000000	7.125000	165.645828	227.582703
83	-1190.859985	1379.695679	-148.671967	192.208527	0.000000	0.000000	7.125000	338.058289	-400.460449
84	-413.236755	1047.592285	-58.326836	176.607758	0.000000	0.000000	7.125000	82.898361	-324.225464
85	413.377808	-155.171844	207.162201	48.879032	0.000000	0.000000	7.125000	-208.000595	-25.696459
86	-670.988220	-544.863525	-164.211609	-140.262726	0.000000	0.000000	7.125000	214.253311	139.191483
87	500.004456	1164.156982	102.237045	179.983109	0.000000	0.000000	7.125000	-220.532837	-441.741486
88	994.458984	-517.004761	166.634537	-59.669083	0.000000	0.000000	7.125000	-477.680359	144.078979
89	-131.821030	-546.710205	14.066569	-182.441208	0.000000	0.000000	7.125000	14.176314	236.617645
90	523.109619	880.127136	130.367416	152.988022	0.000000	0.000000	7.125000	-264.011627	-301.278046
91	1117.204590	286.695465	254.827225	8.954389	0.000000	0.000000	7.125000	-435.185547	20.009636
92	-213.074432	-1423.581299	-11.728230	-218.649597	0.000000	0.000000	7.125000	48.622700	559.080139
93	-1095.935547	-463.662689	-170.804276	-56.770386	0.000000	0.000000	7.125000	429.164917	99.598534
94	752.705933	-1670.058105	127.311798	-217.455353	0.000000	0.000000	7.125000	-234.921722	544.402893
95	-1636.231201	50.563412	-228.424240	50.716442	0.000000	0.000000	7.125000	449.131012	-63.026180
96	67.691559	678.476990	35.101906	197.879211	0.000000	0.000000	7.125000	-22.505899	-306.111176
97	1231.522217	1105.661621	183.589050	159.169861	0.000000	0.000000	7.125000	-357.254883	-252.944443
98	869.278931	-949.773071	127.037239	-109.930695	0.000000	0.000000	7.125000	-354.242157	267.931610
99	858.064819	-566.095947	191.803436	-99.159294	0.000000	0.000000	7.125000	-381.875305	102.252441
100	-1258.733765	-285.655579	-184.859390	-20.566114	0.000000	0.000000	7.125000	499.125092	46.399166
101	980.447449	-365.926361	202.010162	-76.463257	0.000000	0.000000	7.125000	-503.026184	169.158173
102	869.380066	289.866760	171.197647	64.618317	0.000000	0.000000	7.125000	-368.741821	-95.211319
103	-977.094177	683.697327	-140.266754	168.139618	0.000000	0.000000	7.125000	304.473602	-264.197968
104	1124.118774	793.708252	170.330811	112.231224	0.000000	0.000000	7.125000	-519.116028	-231.352798
105	-1167.039185	628.975952	-188.890915	104.740494	0.000000	0.000000	7.125000	524.800354	-222.065536
106	467.736023	1406.032471	77.873703	233.343811	0.000000	0.000000	7.125000	-122.538956	-514.150757
107	-804.104797	-1435.314941	-133.627686	-199.357910	0.000000	0.000000	7.125000	252.981689	401.364105
108	1263.311279	-479.863861	196.052429	-83.261032	0.000000	0.000000	7.125000	-450.759125	206.957733
109	-18.943470	744.388428	-29.321014	192.724136	0.000000	0.000000	7.125000	161.255646	-422.861023
110	-840.172852	-255.402679	-221.332962	-16.478443	0.000000	0.000000	7.125000	615.189941	165.956406
111	-423.131073	942.062866	-73.652924	196.656555	0.000000	0.000000	7.125000	122.044273	-424.732330
112	-890.510986	-851.137756	-176.280167	-144.565735	0.000000	0.000000	7.125000	386.833344	240.314194
113	370.134186	-805.677856	103.704285	-124.443100	0.000000	0.000000	7.125000	-198.538574	179.790344
114	-631.216370	126.510025	-225.657013	48.602875	0.000000	0.000000	7.125000	222.474457	46.668026
115	-49.883266	-682.388611	65.584137	-180.301971	0.000000	0.000000	7.125000	-33.324825	192.564697
116	1330.506226	-322.092987	201.194321	-33.710911	0.000000	0.000000	7.125000	-460.361664	56.346333
117	544.864990	861.559998	139.805054	168.566650	0.000000	0.000000	7.125000	-176.753250	-270.102814
118	-1143.957642	-1252.160156	-146.822021	-150.142288	0.000000	0.000000	7.125000	328.122620	368.942444
119	-218.898056	1124.428711	15.917369	176.278717	0.000000	0.000000	7.125000	-11.694378	-423.209290
120	899.024414	334.527130	182.914673	75.743324	0.000000	0.000000	7.125000	-453.386047	-106.601250
121	550.035217	-322.356262	201.128204	-34.108864	0.000000	0.000000	7.125000	-353.501526	63.237492
122	-82.142052	1117.252686	11.064688	194.662796	0.000000	0.000000	7.125000	22.056948	-450.857880
123	25.124794	-176.774933	202.861908	-39.811241	0.000000	0.000000	7.125000	-148.158325	-16.154869
124	-911.401245	-1269.205933	-102.006134	-193.793015	0.000000	0.000000	7.125000	186.340302	340.697937
125	-907.905640	105.490234	-193.667145	53.745613	0.000000	0.000000	7.125000	378.250427	-67.216934
126	-177.892563	-19.332439	42.396942	158.908081	0.000000	0.000000	7.125000	104.785728	-89.090004
127	-206.812805	880.475098	-46.901901	183.034729	0.000000	0.000000	7.125000	144.107452	-312.908844
128	1090.525024	-1214.085083	180.587463	-158.075394	0.000000	0.000000	7.125000	-495.456909	407.417542
129	1304.941040	-800.991028	190.808258	-101.224289	0.000000	0.000000	7.125000	-488.327087	217.172363
130	657.182129	29.023663	200.746872	36.153839	0.000000	0.000000	7.125000	-257.825256	-26.853359
131	172.174667	433.370361	98.232986	154.385483	0.000000	0.000000	7.125000	-150.332016	-207.952835
132	1168.315186	-498.141022	189.263016	-58.129669	0.000000	0.000000	7.125000	-494.379364	102.250351
133	-287.305969	1299.203247	-13.173740	209.580780	0.000000	0.000000	7.125000	61.531578	-548.030029
134	-426.716217	-1533.187988	-51.237183	-215.998169	0.000000	0.000000	7.125000	93.592407	551.418640
135	1380.940552	-698.670532	187.974731	-112.362717	0.000000	0.000000	7.125000	-477.579163	249.211929
136	338.442505	332.842590	123.721924	138.829468	0.000000	0.000000	7.125000	-349.426575	-234.474625
137	157.692810	-1096.828003	100.470245	-184.365326	0.000000	0.000000	7.125000	-83.782570	249.283051
138	531.222412	-1025.895630	109.867310	-199.638428	0.000000	0.000000	7.125000	-64.237694	300.068634
139	347.414246	1238.484131	92.192451	205.244751	0.000000	0.000000	7.125000	-162.956482	-400.921112
140	-324.237122	1092.375366	-74.178596	160.706268	0.000000	0.000000	7.125000	180.964005	-406.049591
141	-81.325447	1079.735718	-15.142422	224.466064	0.000000	0.000000	7.125000	87.557083	-443.438385
142	-161.621552	1215.835449	13.871122	224.571411	0.000000	0.000000	7.125000	-16.584730	-417.811768
143	311.169708	-522.952759	149.903748	-124.671005	0.000000	0.000000	7.125000	-135.150513	189.557632
144	-1276.975952	248.442108	-197.761261	50.061657	0.000000	0.000000	7.125000	481.969360	-64.365028
145	397.133972	1064.086548	117.321823	236.496033	0.000000	0.000000	7.125000	-187.344208	-353.120209
146	-1100.006348	-834.047241	-179.615372	-119.957504	0.000000	0.000000	7.125000	951.363770	564.798523
147	-120.824829	-1397.173584	-16.598608	-218.361816	0.000000	0.000000	7.125000	48.612995	441.324219
148	178.570831	1244.481934	48.940659	188.757751	0.000000	0.000000	7.125000	-139.497665	-502.087128
149	-1093.964600	910.296753	-117.767258	143.967957	0.000000	0.000000	7.125000	351.550903	-412.021362
150	1053.323120	-1079.597412	150.167328	-138.077744	0.000000	0.000000	7.125000	-390.337433	335.011536
151	-833.229858	359.343658	-168.387268	71.642097	0.000000	0.000000	7.125000	379.359985	-132.592468
152	914.306458	1141.957764	134.392899	202.447906	0.000000	0.000000	7.125000	-190.272675	-330.209412
153	906.805664	-268.923431	210.282318	-61.150185	0.000000	0.000000	7.125000	-424.191437	90.967758
154	-1347.937256	-280.038757	-233.990463	0.663323	0.000000	0.000000	7.125000	379.744598	12.039534
155	-813.128296	-98.790703	-172.157455	-52.319565	0.000000	0.000000	7.125000	293.777252	154.453354
156	-449.302063	1104.804688	-60.895168	238.337280	0.000000	0.000000	7.125000	109.856476	-407.000000
157	-600.733459	1493.642456	-102.125290	220.497681	0.000000	0.000000	7.125000	215.196747	-492.734863
158	663.420593	1459.675537	107.386925	207.903900	0.000000	0.000000	7.125000	-233.798920	-448.792755
159	-310.993896	842.775085	-88.273926	177.184158	0.000000	0.000000	7.125000	228.125046	-294.895721
160	280.047180	-1468.312012	4.317072	-221.953247	0.000000	0.000000	7.125000	27.928282	467.915924
161	-43.635254	310.352661	76.785614	156.140198	0.000000	0.000000	7.125000	-46.131462	-207.909897
162	-636.673462	-1387.518311	-102.681625	-196.823944	0.000000	0.000000	7.125000	596.281860	1398.341187
163	840.173645	944.205566	111.531815	159.954147	0.000000	0.000000	7.125000	-146.825729	-212.807556
164	1283.601074	893.145081	171.423859	121.287445	0.000000	0.000000	7.125000	-427.443115	-243.404114
165	850.896912	1207.135986	127.805748	158.998108	0.000000	0.000000	7.125000	-320.192474	-469.790497
166	964.942749	-1112.116577	139.926010	-135.814713	0.000000	0.000000	7.125000	-368.268738	357.959961
167	-65.212425	347.447021	92.908997	201.621658	0.000000	0.000000	7.125000	-128.679581	-164.044296
168	1403.476807	-283.224579	223.725815	-43.940285	0.000000	0.000000	7.125000	-556.992432	118.097603
169	-1066.078857	-984.618408	-147.203003	-136.846436	0.000000	0.000000	7.125000	485.879089	404.313446
170	941.829346	-228.351044	178.165329	-41.782856	0.000000	0.000000	7.125000	-318.015747	36.872089
171	-113.314697	-695.171753	67.584625	-195.572845	0.000000	0.000000	7.125000	-34.093567	285.422852
172	-751.362976	785.845093	-106.291985	118.218460	0.000000	0.000000	7.125000	279.638489	-239.023331
173	-781.331482	1098.569214	-89.086395	173.460571	0.000000	0.000000	7.125000	180.955536	-323.859192
174	807.407898	311.675903	176.807312	101.650650	0.000000	0.000000	7.125000	-758.952026	-257.393433
175	417.648163	-903.690857	142.110153	-166.630371	0.000000	0.000000	7.125000	-268.055756	307.347351
176	319.669006	-949.597412	115.876953	-160.539612	0.000000	0.000000	7.125000	-174.853317	230.056839
177	903.730286	1076.877319	144.429169	139.775330	0.000000	0.000000	7.125000	-325.962158	-315.996216
178	-845.455078	258.376953	-131.012894	140.342484	0.000000	0.000000	7.125000	231.592712	-202.270386
179	803.931213	-664.459595	195.569580	-111.162216	0.000000	0.000000	7.125000	-680.309448	311.561340
180	-134.631531	485.110229	40.930420	187.362244	0.000000	0.000000	7.125000	109.354942	-124.624817
181	-692.404602	-353.400360	-181.436707	-23.690441	0.000000	0.000000	7.125000	310.617981	77.185738
182	500.013855	986.673279	117.191681	166.977936	0.000000	0.000000	7.125000	-586.951843	-691.401062
183	-1033.819946	602.057983	-164.544144	110.128754	0.000000	0.000000	7.125000	375.704071	-224.194580
184	-994.612793	-969.565063	-165.979126	-181.557404	0.000000	0.000000	7.125000	345.831360	298.273102
185	943.923767	-1159.333252	181.844421	-165.676056	0.000000	0.000000	7.125000	-428.365540	383.180664
186	499.486511	-693.287537	164.126099	-105.294296	0.000000	0.000000	7.125000	-291.781158	211.932877
187	-209.051178	1025.249756	20.047409	230.127563	0.000000	0.000000	7.125000	-52.830379	-403.098541
188	-740.427795	950.847107	-129.546890	161.384583	0.000000	0.000000	7.125000	338.778778	-275.567749
189	694.936890	-1346.140137	99.255386	-195.208008	0.000000	0.000000	7.125000	-208.349075	507.325287
190	40.774601	-10.094508	-94.758720	-207.371887	0.000000	0.000000	7.125000	98.856850	233.313690
191	-613.955200	-884.410889	-93.644409	-153.722839	0.000000	0.000000	7.125000	227.479401	383.847107
192	854.717529	-1108.182983	147.063904	-193.443268	0.000000	0.000000	7.125000	-186.454330	273.146484
193	-993.253540	-1089.970703	-136.115570	-139.630020	0.000000	0.000000	7.125000	346.629242	387.882446
194	974.064331	983.223999	160.465363	144.589935	0.000000	0.000000	7.125000	-532.413574	-416.546783
195	-466.802979	-218.395020	-178.880615	-84.814102	0.000000	0.000000	7.125000	197.093094	117.912018
196	-22.371471	438.601746	28.807571	207.422363	0.000000	0.000000	7.125000	90.851913	-209.275879
197	1125.706055	-400.615295	172.125793	-85.068214	0.000000	0.000000	7.125000	-426.087402	199.099579
198	37.793423	-1109.547607	11.512778	-188.646072	0.000000	0.000000	7.125000	-37.625576	671.152710
199	-1168.338257	675.957214	-157.299927	99.252365	0.000000	0.000000	7.125000	382.522156	-203.539841
200	-462.292694	1049.666992	-79.595566	174.723862	0.000000	0.000000	7.125000	393.299927	-994.294678
201	1059.478760	1265.333740	149.518188	147.459259	0.000000	0.000000	7.125000	-379.719147	-362.124847
202	-859.766052	27.446018	-188.033005	18.963785	0.000000	0.000000	7.125000	322.396942	2.067692
203	897.874512	-145.027817	191.900238	6.002666	0.000000	0.000000	7.125000	-395.925507	13.728546
204	-623.902100	351.754303	-196.902924	126.432663	0.000000	0.000000	7.125000	482.196594	-308.888000
205	-96.403427	773.425049	12.957923	206.592407	0.000000	0.000000	7.125000	-10.974859	-386.693909
206	-1070.528076	763.225830	-160.603989	105.210632	0.000000	0.000000	7.125000	430.279999	-235.355042
207	1299.289795	648.564514	182.151917	104.462082	0.000000	0.000000	7.125000	-517.105469	-193.195465
208	-1277.134766	-1319.163086	-166.405197	-160.217224	0.000000	0.000000	7.125000	399.258789	357.563812
209	681.003418	1050.240967	123.734848	154.573715	0.000000	0.000000	7.125000	-279.825134	-381.480804
210	978.114502	-917.310669	150.408096	-119.336983	0.000000	0.000000	7.125000	-405.849274	300.411072
211	-461.238281	-299.542297	-159.127777	-90.360535	0.000000	0.000000	7.125000	204.238525	148.069595
212	894.163391	-613.895325	165.822113	-108.174103	0.000000	0.000000	7.125000	-457.091949	216.773468
213	550.020752	-440.363922	171.384705	-92.936234	0.000000	0.000000	7.125000	-265.281769	83.858185
214	-429.584778	598.312378	-114.567223	157.695282	0.000000	0.000000	7.125000	266.134399	-228.292389
215	-1188.000732	383.647949	-191.208496	106.726501	0.000000	0.000000	7.125000	427.088501	-168.687302
216	139.290115	-1021.188965	51.606071	-197.323318	0.000000	0.000000	7.125000	-40.815876	420.171356
217	592.557007	931.136230	82.775986	169.909103	0.000000	0.000000	7.125000	-157.120178	-312.400635
218	704.306641	130.554733	218.806931	6.368191	0.000000	0.000000	7.125000	-388.955688	61.019180
219	-501.835266	-1116.432251	-54.480293	-180.963425	0.000000	0.000000	7.125000	74.791862	458.309570
220	-955.709717	890.638794	-126.873871	123.413307	0.000000	0.000000	7.125000	320.729126	-272.846252
221	850.088257	-900.921936	141.749664	-125.011765	0.000000	0.000000	7.125000	-347.547272	284.591858
222	624.050537	1096.225830	97.290443	182.707031	0.000000	0.000000	7.125000	-207.828354	-348.625946
223	1157.514771	546.443054	195.611588	84.255737	0.000000	0.000000	7.125000	-473.268188	-119.508575
224	1094.666504	538.854919	176.343933	119.463768	0.000000	0.000000	7.125000	-339.001190	-187.249985
225	273.896790	788.725586	72.550636	203.445969	0.000000	0.000000	7.125000	-98.610870	-385.801666
226	1116.979736	1053.525513	155.637833	149.773132	0.000000	0.000000	7.125000	-391.359406	-341.363770
227	-985.366272	633.151367	-129.350342	116.369553	0.000000	0.000000	7.125000	359.187958	-269.630890
228	-823.500610	836.365662	-111.108040	137.782104	0.000000	0.000000	7.125000	332.582153	-335.960999
229	-1106.425659	54.874908	-175.494705	22.951870	0.000000	0.000000	7.125000	337.663513	-4.017892
230	168.199265	-583.594360	115.150238	-149.774399	0.000000	0.000000	7.125000	-72.678566	192.832809
231	-759.448059	-857.379028	-124.626541	-138.069092	0.000000	0.000000	7.125000	247.917145	239.336319
232	-97.550186	994.688232	30.805180	186.471405	0.000000	0.000000	7.125000	-186.227112	-874.526489
233	-1435.231323	-473.148682	-200.736771	-94.779495	0.000000	0.000000	7.125000	527.444641	174.149841
234	-623.728149	-440.494995	-158.046753	-155.782257	0.000000	0.000000	7.125000	233.869629	175.197647
235	-685.076965	-241.093155	-188.592590	11.360371	0.000000	0.000000	7.125000	261.163452	47.226902
236	-636.135132	-850.010376	-122.810120	-155.310394	0.000000	0.000000	7.125000	316.467712	422.125366
237	165.451797	1170.320435	61.115761	172.488159	0.000000	0.000000	7.125000	-131.937637	-496.929382
238	-1277.823730	174.120697	-196.168945	43.734936	0.000000	0.000000	7.125000	389.870911	-48.104710
239	236.453430	1204.019775	62.426048	178.389664	0.000000	0.000000	7.125000	-137.164215	-469.868835
240	-486.700043	-951.888489	-118.738586	-198.146561	0.000000	0.000000	7.125000	370.400360	639.903137
241	435.472992	-608.435181	128.077545	-122.156143	0.000000	0.000000	7.125000	-266.549103	218.261322
242	-943.307495	1049.921143	-143.492584	165.394028	0.000000	0.000000	7.125000	693.280701	-691.273804
243	-1166.955444	-507.044739	-196.678925	-54.138885	0.000000	0.000000	7.125000	464.268280	86.207855
244	680.489380	-652.674500	162.419724	-133.084991	0.000000	0.000000	7.125000	-329.612640	209.147293
245	1480.699463	-356.855164	220.251541	-79.017647	0.000000	0.000000	7.125000	-519.617249	168.564987
246	399.790985	-1211.111328	91.313744	-189.072021	0.000000	0.000000	7.125000	-141.354202	391.793396
247	-196.795288	-1104.464233	23.267134	-244.841873	0.000000	0.000000	7.125000	52.588993	495.522064
248	-1397.782959	-61.740917	-219.864746	30.548477	0.000000	0.000000	7.125000	530.132202	-6.013895
249	72.725021	-96.399551	59.656380	-191.919846	0.000000	0.000000	7.125000	-49.623356	170.940842
250	1002.441772	712.219543	144.494431	107.333771	0.000000	0.000000	7.125000	-452.342651	-280.478790
251	1225.549072	-880.497620	184.242172	-94.342438	0.000000	0.000000	7.125000	-467.918304	210.170135
252	-1313.679443	473.007843	-211.387253	67.799561	0.000000	0.000000	7.125000	496.996765	-120.453018
253	-899.849854	-1041.784180	-136.103409	-171.565964	0.000000	0.000000	7.125000	236.863098	333.364471
254	-744.825806	1008.700195	-103.226929	151.106384	0.000000	0.000000	7.125000	243.896072	-361.879181
255	-1020.645142	213.005951	-169.858765	37.723961	0.000000	0.000000	7.125000	403.674133	-75.555534
256	-1402.868652	782.967224	-180.253799	153.865906	0.000000	0.000000	7.125000	421.901611	-332.735931
257	1157.667603	-675.629822	189.831131	-82.533745	0.000000	0.000000	7.125000	-554.197998	224.125717
258	655.156616	1239.939209	69.240273	195.066040	0.000000	0.000000	7.125000	-134.918976	-560.421082
259	869.856079	-66.812660	223.732971	-78.182877	0.000000	0.000000	7.125000	-358.237976	119.864525
260	-706.553406	525.285400	-159.375839	112.296860	0.000000	0.000000	7.125000	216.144119	-107.017448
261	562.547058	1297.896729	105.587189	188.426407	0.000000	0.000000	7.125000	-721.735474	-1574.578125
262	513.836426	-756.715820	155.781082	-101.616714	0.000000	0.000000	7.125000	-324.804688	179.551224
263	-1004.774109	842.553650	-130.606018	152.751251	0.000000	0.000000	7.125000	679.533081	-655.867371
264	1003.531982	511.654816	186.040878	109.746658	0.000000	0.000000	7.125000	-575.569397	-272.642792
265	-604.474243	877.660217	-102.417046	176.416428	0.000000	0.000000	7.125000	311.495209	-487.739746
266	-79.502647	-717.302246	56.255127	-192.920837	0.000000	0.000000	7.125000	-28.167494	345.850830
267	-1049.283325	369.470734	-172.048828	62.352264	0.000000	0.000000	7.125000	372.473572	-107.300720
268	1094.914795	-634.830627	186.929947	-81.684830	0.000000	0.000000	7.125000	-484.015472	199.691925
269	831.314575	-1050.029053	126.299950	-144.603760	0.000000	0.000000	7.125000	-164.701874	378.128906
270	-761.784790	1130.705200	-119.170975	165.567993	0.000000	0.000000	7.125000	253.922668	-320.855225
271	886.170410	-497.243439	193.402481	-120.587112	0.000000	0.000000	7.125000	-444.168304	155.981857
272	796.405029	248.154053	184.790436	99.599289	0.000000	0.000000	7.125000	-745.894165	-195.618362
273	475.007385	-519.786133	218.630341	-105.893341	0.000000	0.000000	7.125000	-365.120514	74.113045
274	478.780396	-508.095398	193.893402	-174.659576	0.000000	0.000000	7.125000	-209.827438	235.825867
275	1076.274536	1121.483154	140.398621	179.639069	0.000000	0.000000	7.125000	-277.705139	-427.604797
276	-1146.313721	118.235718	-173.138702	36.716904	0.000000	0.000000	7.125000	691.212769	-32.430984
277	884.630249	679.129944	134.140930	115.474327	0.000000	0.000000	7.125000	-376.133484	-305.565460
278	835.066711	-947.224609	116.805229	-116.538208	0.000000	0.000000	7.125000	-330.811707	298.205994
279	560.137756	632.261719	126.609947	171.285095	0.000000	0.000000	7.125000	-226.651413	-349.289917
280	639.469910	-1312.633789	105.777138	-167.372101	0.000000	0.000000	7.125000	-225.865067	438.766144
281	175.215088	-212.470459	119.205040	-138.818680	0.000000	0.000000	7.125000	-106.446785	192.473404
282	-699.537537	675.836182	-195.451508	168.364471	0.000000	0.000000	7.125000	363.183167	-239.523254
283	-1104.523682	-856.347046	-158.853973	-102.400925	0.000000	0.000000	7.125000	410.850739	223.845200
284	-1294.158691	872.703308	-170.257019	117.727859	0.000000	0.000000	7.125000	460.206207	-270.300964
285	-463.783203	-701.210815	-97.075928	-189.587738	0.000000	0.000000	7.125000	189.762283	417.773529
286	781.070007	-1166.725708	105.154129	-167.757858	0.000000	0.000000	7.125000	-204.718735	425.406281
287	-55.083698	-24.197430	217.110977	-55.507641	0.000000	0.000000	7.125000	-117.269432	143.590714
288	493.995331	-898.354187	134.321564	-165.302429	0.000000	0.000000	7.125000	-397.384644	526.754883
289	960.734314	-341.425232	164.045059	-57.989372	0.000000	0.000000	7.125000	-1025.700195	283.636292
290	65.668343	422.134277	76.461639	169.556915	0.000000	0.000000	7.125000	-120.678993	-271.363739
291	-1138.079468	610.866821	-213.636688	133.536880	0.000000	0.000000	7.125000	372.219330	-178.435120
292	-648.211975	-752.940125	-75.479202	-160.098312	0.000000	0.000000	7.125000	154.173279	397.516449
293	-326.967010	-895.772705	-12.604539	-218.633377	0.000000	0.000000	7.125000	39.513378	376.293610
294	-705.690857	-565.118164	-86.248695	-119.038177	0.000000	0.000000	7.125000	185.874710	277.773315
295	-1217.404541	-924.094177	-152.114670	-126.740860	0.000000	0.000000	7.125000	408.116821	288.277832
296	-1051.098877	403.678986	-203.698624	71.836983	0.000000	0.000000	7.125000	474.478973	-147.472961
297	-186.824234	-43.412533	-150.282532	-112.967216	0.000000	0.000000	7.125000	349.077209	60.489113
298	-555.108093	-335.390137	-209.906830	4.319682	0.000000	0.000000	7.125000	323.794495	42.820690
299	456.291840	-513.323181	142.102509	-154.618439	0.000000	0.000000	7.125000	-239.465637	272.860596
300	-257.715118	-1172.715210	-54.651085	-180.920410	0.000000	0.000000	7.125000	84.690971	459.621765
301	-91.308472	-1233.515503	10.624100	-197.708893	0.000000	0.000000	7.125000	37.759407	394.611633
302	-1162.199097	-1377.377930	-163.949036	-183.382172	0.000000	0.000000	7.125000	331.185486	518.890198
303	460.197815	1155.280518	78.832245	251.954773	0.000000	0.000000	7.125000	-125.784050	-427.500275
304	-511.859924	153.213623	-200.718185	10.637705	0.000000	0.000000	7.125000	238.812775	-8.497802
305	-886.171570	988.049438	-123.148468	158.845032	0.000000	0.000000	7.125000	325.464600	-371.092926
306	-834.165466	215.860901	-205.079102	-28.015493	0.000000	0.000000	7.125000	325.608521	68.690323
307	41.028252	205.110703	98.334862	195.586441	0.000000	0.000000	7.125000	54.085140	-31.671221
308	149.884598	-1432.594604	56.497868	-192.872833	0.000000	0.000000	7.125000	-76.873688	465.186310
309	1116.028198	1124.439453	146.655365	178.473938	0.000000	0.000000	7.125000	-399.310272	-469.059692
310	-752.243713	960.768921	-117.421196	144.222504	0.000000	0.000000	7.125000	330.755371	-295.392792
311	1264.261963	-154.052368	180.377029	-30.868793	0.000000	0.000000	7.125000	-517.612854	75.426743
312	-85.461639	-44.580818	-169.609543	-128.593857	0.000000	0.000000	7.125000	83.316872	4.941588
313	1022.654297	730.300476	178.672272	121.372910	0.000000	0.000000	7.125000	-380.012512	-217.878815
314	1367.312500	245.705887	217.398529	26.415319	0.000000	0.000000	7.125000	-543.600708	-39.766735
315	-1268.378174	-455.458008	-198.760437	-76.551430	0.000000	0.000000	7.125000	520.005615	154.455048
316	218.230225	519.769775	139.094971	153.091309	0.000000	0.000000	7.125000	-145.834045	-71.391174
317	-236.229736	417.338745	-60.051987	210.561905	0.000000	0.000000	7.125000	131.295273	-262.818604
318	677.989685	-1440.071045	82.128738	-212.681000	0.000000	0.000000	7.125000	-132.184387	481.836670
319	62.813805	1599.312012	13.583689	236.581085	0.000000	0.000000	7.125000	27.932726	-529.868164
320	-120.134323	442.601196	45.647919	177.146545	0.000000	0.000000	7.125000	-33.184578	-271.541626
321	898.810669	861.200989	156.235016	126.447166	0.000000	0.000000	7.125000	-420.979736	-263.532776
322	-875.170898	-217.247162	-193.387680	-42.443920	0.000000	0.000000	7.125000	380.204834	116.756409
323	-295.567383	1103.793091	-56.583031	217.766541	0.000000	0.000000	7.125000	77.079880	-368.619537
324	-88.579865	-1051.402100	-28.780476	-223.075760	0.000000	0.000000	7.125000	112.296593	402.893250
325	844.695007	300.507568	133.689438	106.619339	0.000000	0.000000	7.125000	-765.614136	-663.960144
326	-1167.018677	553.434998	-173.397675	107.464249	0.000000	0.000000	7.125000	466.311157	-273.611908
327	-1256.242920	162.201263	-201.409210	32.375706	0.000000	0.000000	7.125000	474.603851	-66.884880
328	-671.769287	1172.439941	-90.649307	162.414536	0.000000	0.000000	7.125000	246.056686	-470.293823
329	-670.984802	-888.901184	-111.665710	-198.779175	0.000000	0.000000	7.125000	271.410706	598.782227
330	147.153107	-337.908997	128.618744	-213.153107	0.000000	0.000000	7.125000	-71.437820	193.036469
331	-38.906738	-1008.516541	19.062685	-203.103271	0.000000	0.000000	7.125000	-18.295103	429.096985
332	-1345.086670	1357.279053	-169.390564	165.757324	0.000000	0.000000	7.125000	419.835480	-384.347931
333	1209.137573	401.142334	204.328079	107.682304	0.000000	0.000000	7.125000	-642.001099	-238.001297
334	-1305.582275	-173.204422	-194.471130	-50.761681	0.000000	0.000000	7.125000	542.556396	83.443748
335	548.660095	410.284729	173.649246	101.093468	0.000000	0.000000	7.125000	-262.454285	-107.850174
336	-1124.420410	341.082886	-197.033875	19.258877	0.000000	0.000000	7.125000	316.096313	23.094179
337	-334.304108	-600.910522	-75.319504	-183.111694	0.000000	0.000000	7.125000	144.474167	296.983398
338	1138.762817	715.035339	153.201965	100.027580	0.000000	0.000000	7.125000	-457.468781	-199.311188
339	-902.584229	-164.482468	-175.678131	-21.581398	0.000000	0.000000	7.125000	417.861694	72.898071
340	-1131.002808	820.712524	-143.772522	127.253159	0.000000	0.000000	7.125000	388.356903	-324.451813
341	-743.544495	-938.658813	-142.137299	-129.075027	0.000000	0.000000	7.125000	459.659851	368.334137
342	166.989319	-532.150146	77.632347	-165.579727	0.000000	0.000000	7.125000	-32.987782	384.994568
343	582.998840	1053.404053	107.023773	148.441452	0.000000	0.000000	7.125000	-238.965347	-301.646393
344	-675.996094	-1276.253174	-102.653351	-179.753357	0.000000	0.000000	7.125000	368.918610	648.784424
345	-1315.981445	815.742920	-180.011139	124.725281	0.000000	0.000000	7.125000	449.546143	-276.662323
346	172.338593	464.725708	-62.215466	202.027802	0.000000	0.000000	7.125000	230.328140	-165.636063
347	1156.626465	-228.541290	188.989349	-1.826667	0.000000	0.000000	7.125000	-490.245697	-19.919214
348	-21.975351	616.358093	34.985451	164.316696	0.000000	0.000000	7.125000	-75.569504	-330.575073
349	-1013.841980	119.211853	-218.231995	65.978546	0.000000	0.000000	7.125000	434.269379	-94.251060
350	-945.297974	809.891846	-130.337601	132.668701	0.000000	0.000000	7.125000	352.437958	-290.586121
351	-1131.643433	-442.870331	-159.627182	-117.064804	0.000000	0.000000	7.125000	412.718567	189.991226
352	-454.991089	429.264435	-174.514954	168.931473	0.000000	0.000000	7.125000	637.878479	-370.595947
353	397.292938	-413.785706	97.082047	-222.624603	0.000000	0.000000	7.125000	-39.763660	250.244690
354	-329.895538	605.047852	-67.700584	189.000305	0.000000	0.000000	7.125000	29.404835	-91.619865
355	1171.868164	212.520721	218.668900	11.821445	0.000000	0.000000	7.125000	-340.950592	-40.801155
356	329.891205	1139.570801	23.276247	178.488647	0.000000	0.000000	7.125000	-52.927090	-359.849121
357	659.991699	-1076.156982	99.899223	-160.419388	0.000000	0.000000	7.125000	-158.438400	388.108032
358	-639.265381	-234.244965	-176.253510	-36.461517	0.000000	0.000000	7.125000	261.329651	111.791908
359	-1681.308960	53.960094	-245.974396	-3.106870	0.000000	0.000000	7.125000	616.437561	23.552101
360	48.961853	-1348.024048	13.053376	-218.610214	0.000000	0.000000	7.125000	-21.830307	494.943085
361	-565.043762	-1285.673950	-71.208069	-191.161453	0.000000	0.000000	7.125000	158.321701	589.019653
362	591.327881	-579.887878	103.976601	-161.361862	0.000000	0.000000	7.125000	-91.149940	315.667206
363	-173.326904	-910.648499	1.055557	-215.971680	0.000000	0.000000	7.125000	49.047218	427.303131
364	-1533.114258	521.527954	-210.516113	87.482239	0.000000	0.000000	7.125000	1038.900024	-219.553482
365	948.181946	-567.353882	178.106308	-142.344574	0.000000	0.000000	7.125000	-308.292877	265.473480
366	11.025060	-1351.244751	10.694353	-203.718597	0.000000	0.000000	7.125000	-7.962490	471.844177
367	47.647968	1238.826538	5.477418	212.908234	0.000000	0.000000	7.125000	42.670578	-450.799103
368	251.571198	-1219.243042	59.275002	-198.298279	0.000000	0.000000	7.125000	-74.809601	523.671570
369	-478.557190	-1265.466064	-100.081024	-198.157562	0.000000	0.000000	7.125000	144.291351	473.668518
370	635.191223	-967.596313	103.918648	-154.260941	0.000000	0.000000	7.125000	-226.173340	380.673920
371	512.950317	-594.753479	93.851196	-184.270126	0.000000	0.000000	7.125000	-43.176380	355.005371
372	-1039.745239	-503.167999	-176.696198	-82.422623	0.000000	0.000000	7.125000	407.745972	130.778915
373	-159.568542	-638.356384	15.666197	-221.444641	0.000000	0.000000	7.125000	20.281874	331.940277
374	1127.085938	-157.915771	219.531982	32.884857	0.000000	0.000000	7.125000	-232.410492	-39.484383
375	1318.971436	-796.709839	201.126572	-141.641647	0.000000	0.000000	7.125000	-600.799194	358.500916
376	98.018227	-947.142334	51.467808	-178.696365	0.000000	0.000000	7.125000	-56.610905	470.880157
377	-862.358887	-782.908142	-170.883560	-181.077240	0.000000	0.000000	7.125000	367.082733	274.395508
378	-584.324646	777.191833	-67.680740	198.764816	0.000000	0.000000	7.125000	159.267395	-319.140656
379	25.285461	-77.855545	-106.175522	-176.972336	0.000000	0.000000	7.125000	36.265980	112.694344
380	-394.565216	-1002.095337	-29.823971	-213.897964	0.000000	0.000000	7.125000	70.690483	331.171875
381	583.122681	-1469.274780	88.794777	-203.452637	0.000000	0.000000	7.125000	-154.483124	516.666382
382	-347.963562	-567.276978	-101.020752	-141.659760	0.000000	0.000000	7.125000	186.236008	184.451172
383	884.161133	1034.986572	121.216095	133.064056	0.000000	0.000000	7.125000	-320.153656	-369.677948
384	-578.228638	-1011.111267	-117.193626	-192.068024	0.000000	0.000000	7.125000	201.114929	361.399719
385	-1062.276978	-1051.042969	-144.432053	-126.501389	0.000000	0.000000	7.125000	384.551086	316.104523
386	-652.895874	673.038208	-188.803192	116.667511	0.000000	0.000000	7.125000	371.017059	-132.601562
387	-306.147827	-336.140869	-106.928802	-133.441360	0.000000	0.000000	7.125000	114.796501	114.497849
388	1178.185059	1013.771912	150.051575	151.173798	0.000000	0.000000	7.125000	-392.515228	-374.721954
389	576.334473	710.364075	156.621674	125.978104	0.000000	0.000000	7.125000	-213.281311	-147.242920
390	-127.263359	132.400452	-152.111893	131.346207	0.000000	0.000000	7.125000	128.342010	-92.620552
391	1107.851807	-1134.116943	148.732071	-139.621246	0.000000	0.000000	7.125000	-395.300537	340.613037
392	498.365662	-847.659424	105.025337	-185.235184	0.000000	0.000000	7.125000	-51.147530	176.932220
393	-384.325897	-1037.517090	-58.227608	-167.144318	0.000000	0.000000	7.125000	119.328537	404.989960
394	-1265.496094	741.486633	-166.114975	113.159531	0.000000	0.000000	7.125000	438.533417	-247.404999
395	157.083069	-40.725452	223.774384	-40.594040	0.000000	0.000000	7.125000	-68.206284	72.941246
396	-1243.412231	-593.985474	-195.506973	-117.189346	0.000000	0.000000	7.125000	457.441498	156.128036
397	-133.812256	-194.125336	-10.445230	-233.755402	0.000000	0.000000	7.125000	6.992697	215.240875
398	66.987061	-563.883850	12.580738	-212.393280	0.000000	0.000000	7.125000	55.023609	220.691544
399	-419.493591	1144.622803	-61.766403	213.233246	0.000000	0.000000	7.125000	188.815674	-490.596954
400	203.019165	-136.503311	182.519272	-103.857697	0.000000	0.000000	7.125000	-106.074951	62.339870
401	1032.498413	1071.634521	140.059875	144.165390	0.000000	0.000000	7.125000	-300.114288	-329.543457
402	-1121.196777	-571.106750	-176.049133	-68.732460	0.000000	0.000000	7.125000	458.416534	125.364655
403	-423.502899	1232.752197	-70.233078	185.110275	0.000000	0.000000	7.125000	116.987862	-417.630890
404	-596.190369	-1494.824097	-98.219299	-189.001541	0.000000	0.000000	7.125000	192.205811	427.602203
405	705.457214	602.283020	138.107574	192.600403	0.000000	0.000000	7.125000	-211.809036	-289.036011
406	329.097656	275.587646	80.290680	183.956314	0.000000	0.000000	7.125000	63.422707	-113.742203
407	1095.098877	-1056.711670	174.652054	-168.954391	0.000000	0.000000	7.125000	-371.425110	391.754913
408	1051.424683	-950.843872	150.672241	-163.038620	0.000000	0.000000	7.125000	-299.072083	360.865601
409	-978.516174	1026.398438	-122.143974	192.517929	0.000000	0.000000	7.125000	187.646378	-273.486877
410	1374.434448	932.450439	179.007797	120.846413	0.000000	0.000000	7.125000	-558.224304	-296.251312
411	-486.506561	-1203.396973	-73.405151	-190.321075	0.000000	0.000000	7.125000	123.758026	481.907135
412	-1220.738281	848.613281	-171.880020	145.195892	0.000000	0.000000	7.125000	422.878326	-327.373596
413	90.953506	362.493317	95.944519	183.343811	0.000000	0.000000	7.125000	-31.652946	-322.478729
414	-900.633057	1375.899414	-101.887581	193.855133	0.000000	0.000000	7.125000	261.372986	-478.985626
415	-220.314606	1200.405640	-35.017300	194.878906	0.000000	0.000000	7.125000	89.692825	-437.991638
416	-487.924133	-481.744720	-107.642822	-166.171188	0.000000	0.000000	7.125000	72.925972	212.064713
417	756.148438	-408.084290	187.063889	-26.876335	0.000000	0.000000	7.125000	-359.891632	82.950615
418	480.612518	-990.156494	76.634399	-182.567795	0.000000	0.000000	7.125000	-159.123795	487.588623
419	-96.475861	1370.819336	-27.972084	199.031708	0.000000	0.000000	7.125000	133.865479	-517.624756
420	-905.975708	-1031.906738	-135.262421	-144.591736	0.000000	0.000000	7.125000	236.363525	319.038269
421	348.719696	593.726685	141.856476	174.598648	0.000000	0.000000	7.125000	-266.464630	-259.893982
422	606.568481	-262.563202	204.582581	-69.291016	0.000000	0.000000	7.125000	-308.270416	90.100502
423	1170.298218	86.019852	197.560059	13.169521	0.000000	0.000000	7.125000	-462.828430	-12.119578
424	130.786713	-903.949585	41.045166	-202.825714	0.000000	0.000000	7.125000	-0.372646	474.862823
425	-386.203308	278.804871	-199.403076	74.755623	0.000000	0.000000	7.125000	349.198822	-84.993027
426	1351.784912	577.859863	182.001282	77.928406	0.000000	0.000000	7.125000	-498.382263	-140.234619
427	480.720795	-1536.532959	84.415497	-231.019684	0.000000	0.000000	7.125000	-117.094673	514.762512
428	246.607330	-1108.779053	44.682465	-223.549988	0.000000	0.000000	7.125000	-12.320528	414.092102
429	583.774170	1150.993896	111.215607	174.584351	0.000000	0.000000	7.125000	-221.027603	-319.113861
430	-823.853027	-1145.248535	-149.635666	-175.967514	0.000000	0.000000	7.125000	251.752213	399.520294
431	745.011536	333.899170	203.504654	88.625298	0.000000	0.000000	7.125000	-331.262451	-105.606834
432	-117.380791	-252.241730	-139.988068	-156.430847	0.000000	0.000000	7.125000	105.512085	75.558846
433	-1240.967773	-883.509277	-159.312790	-122.552719	0.000000	0.000000	7.125000	430.178070	298.049866
434	318.593933	68.364662	223.373077	-41.528252	0.000000	0.000000	7.125000	-21.629381	143.181549
435	-1048.195190	273.995422	-161.831329	71.678764	0.000000	0.000000	7.125000	301.220612	-130.105179
436	267.440063	479.433777	84.632515	188.899918	0.000000	0.000000	7.125000	-110.046555	-314.255463
437	-115.024628	-787.114807	-106.877625	-166.669769	0.000000	0.000000	7.125000	160.860748	230.381348
438	-1142.001709	-923.201965	-190.449509	-125.336197	0.000000	0.000000	7.125000	302.104889	145.264862
439	1191.998535	682.882568	197.288086	125.796555	0.000000	0.000000	7.125000	-615.872559	-384.926971
440	-42.957172	-808.633545	-44.727760	-174.352066	0.000000	0.000000	7.125000	84.297562	317.930206
441	-823.697876	-205.774216	-187.114914	-64.708023	0.000000	0.000000	7.125000	334.127991	149.351990
442	1028.773926	1089.636108	142.987564	141.255325	0.000000	0.000000	7.125000	-271.763031	-281.659851
443	-38.808830	-55.402168	74.151489	-126.722679	0.000000	0.000000	7.125000	-76.140526	133.720001
444	-1156.286743	-737.873413	-164.076035	-126.201202	0.000000	0.000000	7.125000	294.371368	193.986008
445	-780.210938	-485.112427	-157.137146	-134.693878	0.000000	0.000000	7.125000	391.729370	216.844971
446	-531.605652	1346.324341	-61.920036	200.650391	0.000000	0.000000	7.125000	100.716537	-534.081421
447	1058.757690	1001.211243	171.221863	136.506470	0.000000	0.000000	7.125000	-567.816956	-314.418121
448	-168.073868	1221.541504	-21.172342	196.864746	0.000000	0.000000	7.125000	56.997746	-445.945679
449	1013.410278	-971.541809	122.989334	-123.083450	0.000000	0.000000	7.125000	-323.145721	350.852814
450	-140.139908	-1378.616333	-30.049118	-226.011063	0.000000	0.000000	7.125000	98.233414	389.743835
451	659.178467	-1481.489990	94.246399	-204.294815	0.000000	0.000000	7.125000	-147.776642	480.865906
452	644.495544	-1065.882080	94.453178	-163.687225	0.000000	0.000000	7.125000	-172.207840	414.063141
453	-664.602173	1047.638184	-90.004089	189.734314	0.000000	0.000000	7.125000	167.895554	-318.386200
454	-755.533997	-917.660583	-80.691025	-187.363159	0.000000	0.000000	7.125000	145.528824	413.254425
455	266.266235	900.812256	66.706993	224.253250	0.000000	0.000000	7.125000	-75.811035	-386.092987
456	-547.574219	1184.222168	-99.316177	201.882812	0.000000	0.000000	7.125000	260.766388	-470.292786
457	-888.116455	-913.333313	-174.017548	-137.833359	0.000000	0.000000	7.125000	376.254578	236.408432
458	610.292480	672.988403	157.678543	119.738327	0.000000	0.000000	7.125000	-304.573364	-192.115585
459	478.260925	845.905151	84.996811	148.379715	0.000000	0.000000	7.125000	-187.726700	-335.602356
460	957.889832	-1380.821899	138.840576	-165.458374	0.000000	0.000000	7.125000	-303.283783	433.741608
461	-930.278625	-825.496094	-159.628281	-127.017372	0.000000	0.000000	7.125000	433.942566	274.057587
462	1159.511841	-935.191772	149.952698	-119.901627	0.000000	0.000000	7.125000	-430.284760	292.844788
463	-1474.562012	8.057354	-255.491394	-35.889923	0.000000	0.000000	7.125000	562.797913	76.375641
464	-1084.285767	-940.962524	-133.910828	-129.087616	0.000000	0.000000	7.125000	350.622986	316.693237
465	-170.731949	-201.982193	-192.873688	-53.716351	0.000000	0.000000	7.125000	128.239319	9.218337
466	-1153.471191	-895.803162	-159.715225	-122.011703	0.000000	0.000000	7.125000	446.689758	278.890350
467	66.110008	885.723511	8.824673	200.797470	0.000000	0.000000	7.125000	-40.703724	-384.653809
468	-943.045349	1193.997925	-144.657654	213.534302	0.000000	0.000000	7.125000	297.847046	-220.807129
469	691.273926	325.976776	182.197021	98.111351	0.000000	0.000000	7.125000	-452.141754	-141.062927
470	1397.807129	-517.657959	194.915176	-78.153992	0.000000	0.000000	7.125000	-507.962555	177.397186
471	-481.295227	-497.783875	-99.928955	-181.261368	0.000000	0.000000	7.125000	95.914093	237.132233
472	-963.802002	232.595016	-184.071320	42.875977	0.000000	0.000000	7.125000	436.409180	-79.153534
473	438.797974	1218.845581	36.257725	234.207916	0.000000	0.000000	7.125000	-144.889252	-815.435852
474	-780.783447	-656.166748	-132.881882	-125.778664	0.000000	0.000000	7.125000	345.187592	224.150101
475	949.837036	-913.545898	151.849777	-157.795502	0.000000	0.000000	7.125000	-261.166046	345.061859
476	-337.971619	1235.541016	-69.266747	179.057968	0.000000	0.000000	7.125000	133.738495	-372.162506
477	-168.135727	-843.308838	-45.244080	-208.105743	0.000000	0.000000	7.125000	108.926559	286.190399
478	-1346.641357	329.727386	-217.969208	20.346363	0.000000	0.000000	7.125000	888.185303	27.314764
479	450.550629	-1075.614990	116.530640	-174.699814	0.000000	0.000000	7.125000	-204.124115	346.926270
480	192.718796	-1044.770020	75.233170	-218.340637	0.000000	0.000000	7.125000	-71.938263	511.885895
481	574.701233	691.922974	118.081894	184.433350	0.000000	0.000000	7.125000	-176.042633	-318.194702
482	-355.335541	-873.357971	-62.838356	-200.376312	0.000000	0.000000	7.125000	132.939209	355.745117
483	174.186768	487.290741	60.689137	197.786911	0.000000	0.000000	7.125000	43.084156	-290.845947
484	1467.877930	-445.874146	198.152161	-85.973282	0.000000	0.000000	7.125000	-510.764618	205.331924
485	-632.807495	1475.674561	-83.545044	202.438110	0.000000	0.000000	7.125000	195.776581	-484.943756
486	177.402634	363.236511	81.695465	190.144196	0.000000	0.000000	7.125000	-0.854051	-291.907959
487	-649.160522	672.174927	-147.137451	166.166885	0.000000	0.000000	7.125000	326.128815	-244.609238
488	-736.924683	1017.175049	-121.759094	199.826721	0.000000	0.000000	7.125000	289.981110	-405.276398
489	688.003723	57.147633	206.910355	79.960213	0.000000	0.000000	7.125000	-334.352753	-60.865475
490	-1179.915283	-153.687164	-216.032257	-35.880844	0.000000	0.000000	7.125000	418.415802	111.498909
491	820.875183	67.094658	199.725372	-41.490154	0.000000	0.000000	7.125000	-392.432343	114.957870
492	-122.351288	-994.827454	-42.688099	-205.606903	0.000000	0.000000	7.125000	121.914803	393.429596
493	698.107788	374.379181	214.923126	42.059143	0.000000	0.000000	7.125000	-463.987030	-62.852917
494	786.675171	-121.247940	176.022018	-18.517212	0.000000	0.000000	7.125000	-376.332123	65.651184
495	773.137939	-421.623383	190.000961	-120.518066	0.000000	0.000000	7.125000	-274.240448	167.966324
496	420.570374	-491.586731	168.532104	-153.555435	0.000000	0.000000	7.125000	-276.347992	221.130096
497	-1065.394531	-1153.649536	-149.528427	-155.875168	0.000000	0.000000	7.125000	296.008606	329.901459
498	-132.880981	414.569031	-24.872107	217.044327	0.000000	0.000000	7.125000	164.486496	-228.068405
499	870.027832	-294.098572	200.763000	-9.528963	0.000000	0.000000	7.125000	-403.400604	34.558247
500	1182.759399	-1253.126221	156.033035	-162.106659	0.000000	0.000000	7.125000	-359.469482	401.007935
501	-225.753082	-222.366898	-195.495422	116.162315	0.000000	0.000000	7.125000	525.886230	-123.164017
502	638.704163	658.772888	122.288673	127.953056	0.000000	0.000000	7.125000	-336.127991	-295.383942
503	-866.919983	-1414.682861	-102.817261	-213.457733	0.000000	0.000000	7.125000	156.184418	408.055542
504	363.643005	1242.254272	59.609703	198.229462	0.000000	0.000000	7.125000	-124.289322	-457.026184
505	423.001526	932.796753	72.409348	209.858826	0.000000	0.000000	7.125000	-120.372307	-336.512634
506	-420.561646	-538.686584	-145.599869	-142.869476	0.000000	0.000000	7.125000	290.046326	233.865509
507	-1017.864014	749.094055	-164.851227	170.218384	0.000000	0.000000	7.125000	375.374023	-286.717560
508	333.885315	1811.277344	44.584930	266.281128	0.000000	0.000000	7.125000	-87.895218	-581.139832
509	-598.558899	-544.232056	-157.759659	-164.608032	0.000000	0.000000	7.125000	295.209320	282.536713
510	-204.844925	-1315.494873	-30.937632	-201.630875	0.000000	0.000000	7.125000	91.957443	334.784210
511	555.613037	-895.391479	82.057709	-153.423996	0.000000	0.000000	7.125000	-156.779739	385.364441
512	-375.517517	646.274780	-82.809517	196.205933	0.000000	0.000000	7.125000	220.174957	-363.342102
513	-831.538574	1181.757935	-149.216705	172.372559	0.000000	0.000000	7.125000	274.188080	-250.654190
514	-242.387909	1186.568848	-24.565689	196.466644	0.000000	0.000000	7.125000	106.867569	-442.131836
515	-571.234741	-221.731293	-168.363495	-144.669266	0.000000	0.000000	7.125000	316.502838	210.417801
516	1171.101807	797.381714	158.888611	107.778503	0.000000	0.000000	7.125000	-400.812592	-214.157837
517	1183.302734	552.267944	164.387863	93.243095	0.000000	0.000000	7.125000	-295.989868	-136.965378
518	354.489014	-949.552002	59.659927	-213.820038	0.000000	0.000000	7.125000	-106.604980	650.704712
519	594.641052	-661.690491	123.510185	-130.939804	0.000000	0.000000	7.125000	-274.420197	311.400330
520	-1381.058350	-178.519073	-196.782166	-64.181496	0.000000	0.000000	7.125000	496.317902	101.819969
521	1291.731445	-191.336380	181.203171	-25.528902	0.000000	0.000000	7.125000	-375.618652	42.793972
522	540.813538	-857.511963	110.017082	-153.663773	0.000000	0.000000	7.125000	-286.719666	415.666382
523	-1107.716675	-558.132019	-193.353851	-147.094635	0.000000	0.000000	7.125000	350.206421	164.004654
524	-959.682617	300.398865	-211.711548	42.758484	0.000000	0.000000	7.125000	409.925323	-35.182243
525	337.471222	447.391541	165.522964	143.174850	0.000000	0.000000	7.125000	-202.644913	-99.274017
526	338.543640	-528.671387	122.217102	-192.431290	0.000000	0.000000	7.125000	-58.168461	205.189758
527	572.943604	1249.506592	74.423218	167.173004	0.000000	0.000000	7.125000	-127.272850	-317.257935
528	-1151.184448	1069.339355	-147.067551	162.271194	0.000000	0.000000	7.125000	343.881104	-354.962799
529	988.371216	247.202133	193.671234	41.148224	0.000000	0.000000	7.125000	-429.454895	-64.520439
530	1027.644043	-717.176636	144.299301	-117.358124	0.000000	0.000000	7.125000	-305.882385	319.392365
531	1146.255859	798.459778	153.010284	105.737350	0.000000	0.000000	7.125000	-429.594635	-246.983002
532	-1380.956543	828.570557	-170.178589	137.838943	0.000000	0.000000	7.125000	435.670654	-324.247101
533	19.997646	577.375122	78.197144	226.888306	0.000000	0.000000	7.125000	-36.966133	-370.432343
534	-1193.419189	-370.839172	-168.725159	-62.670837	0.000000	0.000000	7.125000	488.830963	116.301735
535	1095.919189	-1038.618896	134.901382	-144.932693	0.000000	0.000000	7.125000	-323.141510	377.159393
536	450.606903	817.059814	78.688667	168.532898	0.000000	0.000000	7.125000	-172.624573	-349.094238
537	-157.546463	-295.942200	27.079685	-208.042877	0.000000	0.000000	7.125000	46.927536	238.059860
538	-1069.246460	559.537292	-165.475098	97.369003	0.000000	0.000000	7.125000	389.372223	-181.002151
539	518.486511	-811.100952	138.482010	-203.309311	0.000000	0.000000	7.125000	-175.311874	300.685059
540	-563.576782	-605.506958	-137.182007	-158.995834	0.000000	0.000000	7.125000	646.790100	650.402283
541	1021.868530	920.002930	126.402626	144.515396	0.000000	0.000000	7.125000	-319.780426	-430.049896
542	416.709137	83.344498	148.691010	116.102600	0.000000	0.000000	7.125000	-181.053574	-25.282785
543	1141.025879	723.079102	184.572845	106.289803	0.000000	0.000000	7.125000	-406.309113	-203.612411
544	84.960709	844.240967	6.548000	206.896210	0.000000	0.000000	7.125000	-10.960813	-406.522034
545	-561.524475	-564.548035	-168.347443	-140.028107	0.000000	0.000000	7.125000	443.958191	251.799515
546	-1385.045044	-597.444641	-193.328445	-81.950531	0.000000	0.000000	7.125000	532.062866	141.856674
547	-726.833374	-1269.885742	-124.441391	-169.140945	0.000000	0.000000	7.125000	281.715515	500.515839
548	-978.718018	341.442688	-162.781036	101.799332	0.000000	0.000000	7.125000	427.615479	-216.300415
549	617.711731	-1019.930054	114.474205	-179.598618	0.000000	0.000000	7.125000	-279.312012	566.487793
550	-1329.278198	404.399719	-202.818878	41.297375	0.000000	0.000000	7.125000	552.519714	-23.339161
551	-897.586304	812.894531	-173.724564	152.207123	0.000000	0.000000	7.125000	366.759125	-248.255692
552	-243.545044	1217.998657	-29.169594	235.134094	0.000000	0.000000	7.125000	86.804344	-281.024902
553	-1206.765747	255.832626	-216.816376	30.777554	0.000000	0.000000	7.125000	461.133423	4.391034
554	-25.657585	893.344482	17.679655	197.204376	0.000000	0.000000	7.125000	0.745932	-342.523010
555	905.159302	970.265686	141.865356	146.593231	0.000000	0.000000	7.125000	-316.483856	-305.542664
556	-1183.002441	464.243713	-190.138107	81.800430	0.000000	0.000000	7.125000	634.107117	-233.277573
557	946.388550	633.127319	200.718964	114.273102	0.000000	0.000000	7.125000	-296.392517	-105.325912
558	-491.293274	267.114624	-158.830780	141.909027	0.000000	0.000000	7.125000	282.643066	-219.274216
559	-422.707123	822.260498	-63.603722	190.655014	0.000000	0.000000	7.125000	806.890198	336.293915
560	-407.558533	752.382080	-47.420624	216.739670	0.000000	0.000000	7.125000	176.125671	-202.238892
561	-1336.266846	75.436821	-244.388855	-28.059652	0.000000	0.000000	7.125000	456.423706	76.928062
562	-1078.431519	-398.473724	-156.681213	-51.695114	0.000000	0.000000	7.125000	480.178558	82.928261
563	98.627808	-837.132996	10.778711	-170.642090	0.000000	0.000000	7.125000	29.768194	422.526123
564	-1306.441650	-799.400940	-182.804047	-103.342621	0.000000	0.000000	7.125000	545.882874	253.681030
565	-441.768524	-1204.642578	-91.307739	-199.050293	0.000000	0.000000	7.125000	126.288605	394.960785
566	1149.744507	317.951416	208.392700	44.049957	0.000000	0.000000	7.125000	-449.512878	-83.714043
567	1030.495972	-574.803589	207.691925	-114.093460	0.000000	0.000000	7.125000	-328.088348	115.137428
568	-448.451782	1252.236816	-67.914490	198.712646	0.000000	0.000000	7.125000	197.046890	-576.739258
569	960.464355	1168.310425	155.147308	154.561493	0.000000	0.000000	7.125000	-312.782867	-276.580109
570	717.645935	706.803162	136.343033	151.741302	0.000000	0.000000	7.125000	-263.933472	-272.569092
571	530.663513	890.490967	134.226196	137.285553	0.000000	0.000000	7.125000	-275.316803	-264.598297
572	-380.828278	-31.429899	-225.935455	-47.795158	0.000000	0.000000	7.125000	233.480804	73.987068
573	-730.512390	558.613586	-120.894264	196.741486	0.000000	0.000000	7.125000	239.168411	-232.125671
574	-777.292664	660.577637	-132.456848	108.140717	0.000000	0.000000	7.125000	311.892395	-214.065491
575	76.514099	299.788361	11.285675	196.894287	0.000000	0.000000	7.125000	135.907227	-151.494186
576	-228.452820	729.649780	-5.279202	242.697113	0.000000	0.000000	7.125000	92.117561	-296.938660
577	-1095.044678	78.297821	-203.958893	2.601508	0.000000	0.000000	7.125000	494.758362	53.331974
578	-1319.831665	249.585831	-184.872772	39.198189	0.000000	0.000000	7.125000	430.987335	-46.077034
579	459.303467	-1157.272339	67.406876	-186.159241	0.000000	0.000000	7.125000	-119.648277	443.736572
580	730.109009	1260.061157	120.092056	161.177963	0.000000	0.000000	7.125000	-195.822830	-349.412689
581	-1307.300659	612.297424	-200.203674	121.116882	0.000000	0.000000	7.125000	410.825531	-194.878128
582	66.550751	1794.969482	23.220388	250.914810	0.000000	0.000000	7.125000	-22.943161	-523.567932
583	-1129.987549	1212.544922	-158.458725	133.190613	0.000000	0.000000	7.125000	403.594513	-328.578766
584	1126.793579	1152.717163	159.318344	150.247147	0.000000	0.000000	7.125000	-742.088440	-523.782654
585	917.979492	117.638504	180.096909	57.287441	0.000000	0.000000	7.125000	-381.645874	-68.684021
586	189.503143	-258.125153	197.812592	-0.843985	0.000000	0.000000	7.125000	-158.640869	34.851273
587	-456.361755	-1287.729126	-64.305038	-180.895599	0.000000	0.000000	7.125000	98.706039	412.364502
588	1406.007812	381.815277	198.548065	77.037689	0.000000	0.000000	7.125000	-608.816772	-188.179169
589	625.903137	-1061.248047	104.293869	-178.776581	0.000000	0.000000	7.125000	-181.281021	396.900482
590	-257.832855	-957.537231	-19.931931	-203.002930	0.000000	0.000000	7.125000	67.309807	381.465851
591	552.037964	1189.162476	83.279167	152.763809	0.000000	0.000000	7.125000	-146.734451	-474.294037
592	1090.184082	845.726379	151.295837	127.702896	0.000000	0.000000	7.125000	-367.840179	-247.832794
593	14.796637	1164.429688	-5.566701	197.911285	0.000000	0.000000	7.125000	61.756420	-454.345215
594	51.908058	-1193.253662	-29.327568	-226.052979	0.000000	0.000000	7.125000	129.179184	446.852600
595	1644.432983	-232.192764	219.935150	-79.875259	0.000000	0.000000	7.125000	-898.642456	235.740845
596	-866.556946	-904.978455	-144.990997	-130.380127	0.000000	0.000000	7.125000	294.774384	179.231171
597	-1208.073364	479.671173	-169.156219	61.491989	0.000000	0.000000	7.125000	509.677002	-123.329468
598	-840.327393	-1079.602417	-112.215256	-152.064331	0.000000	0.000000	7.125000	256.090149	454.805298
599	287.152649	-1549.132446	39.922760	-215.312546	0.000000	0.000000	7.125000	-40.841370	566.612366
600	1318.928101	-303.002777	195.992981	-56.570995	0.000000	0.000000	7.125000	-494.818024	101.773941
601	571.887939	76.373596	194.131836	38.656147	0.000000	0.000000	7.125000	-269.450653	-9.776875
602	1279.360229	1187.488159	137.676147	177.953690	0.000000	0.000000	7.125000	-270.948914	-469.925323
603	-6.229186	851.825684	22.402203	190.684937	0.000000	0.000000	7.125000	-56.382618	-357.607544
604	669.879700	-1043.837769	143.857712	-206.893860	0.000000	0.000000	7.125000	-159.069321	275.082336
605	-1539.561768	-973.367737	-199.352432	-138.932175	0.000000	0.000000	7.125000	486.627930	272.057037
606	-199.978256	824.510132	-16.087162	206.353653	0.000000	0.000000	7.125000	47.438896	-254.272491
607	-945.019958	-468.040527	-207.324646	-60.582222	0.000000	0.000000	7.125000	431.269745	101.674194
608	545.504395	386.647705	172.007385	153.969727	0.000000	0.000000	7.125000	-219.985489	-123.766945
609	-538.949097	-1316.155396	-88.448631	-190.458893	0.000000	0.000000	7.125000	211.644104	534.234619
610	856.040039	-622.928955	179.437515	-130.703003	0.000000	0.000000	7.125000	-380.972931	252.254822
611	-189.359177	1184.706299	-44.031147	199.189087	0.000000	0.000000	7.125000	88.503288	-339.307007
612	-61.866577	-247.587357	-138.445374	-188.583038	0.000000	0.000000	7.125000	174.631454	178.872940
613	366.007416	253.084579	157.618561	184.933899	0.000000	0.000000	7.125000	-143.360825	-190.248245
614	66.213348	-1086.697266	-19.953644	-199.975037	0.000000	0.000000	7.125000	329.380280	1555.633179
615	365.011688	-238.175751	172.231766	-91.439667	0.000000	0.000000	7.125000	-164.719879	83.074089
616	-60.176460	-391.658234	41.239799	-175.120544	0.000000	0.000000	7.125000	-5.593720	263.572906
617	1159.305908	-223.506363	180.416046	-30.568302	0.000000	0.000000	7.125000	-415.441040	3.525309
618	-582.741211	-160.720459	-205.561920	-23.438629	0.000000	0.000000	7.125000	194.362762	81.996323
619	-633.553894	1427.626953	-90.161690	199.579102	0.000000	0.000000	7.125000	235.378754	-618.221436
620	940.520752	-667.699829	171.847534	-154.358490	0.000000	0.000000	7.125000	-398.477325	398.680573
621	-1212.244507	-830.477539	-199.164978	-149.395370	0.000000	0.000000	7.125000	722.598267	440.179749
622	-1541.144775	-719.459717	-226.498871	-117.091629	0.000000	0.000000	7.125000	565.593384	208.695099
623	332.459351	695.278748	98.695450	178.536255	0.000000	0.000000	7.125000	-135.148682	-256.704315
624	1237.018188	1272.310669	162.003036	172.979691	0.000000	0.000000	7.125000	-507.589630	-609.193848
625	1064.666016	661.556763	186.260544	109.362663	0.000000	0.000000	7.125000	-261.876007	-122.606583
626	-839.604736	-584.291565	-128.546387	-130.239578	0.000000	0.000000	7.125000	287.796814	276.709778
627	333.711395	654.906006	111.155167	219.451965	0.000000	0.000000	7.125000	-200.462875	-353.202179
628	468.804657	-1146.855713	76.790810	-195.415482	0.000000	0.000000	7.125000	-107.703087	460.855469
629	-720.437927	-1464.659180	-126.241516	-214.624985	0.000000	0.000000	7.125000	327.308044	471.347931
630	-143.536560	1378.623535	-72.634399	206.604034	0.000000	0.000000	7.125000	125.267944	-500.265472
631	36.138348	1311.667358	9.235442	251.821014	0.000000	0.000000	7.125000	20.148691	-542.860657
632	-928.446228	-246.994171	-211.964539	-41.190613	0.000000	0.000000	7.125000	334.672577	129.138123
633	-753.892883	303.424255	-181.433014	79.279526	0.000000	0.000000	7.125000	336.394745	-124.231819
634	1121.044800	395.061035	191.243103	38.092865	0.000000	0.000000	7.125000	-460.204590	-81.510246
635	161.464050	683.969116	75.793777	218.121246	0.000000	0.000000	7.125000	-41.261227	-263.837860
636	1118.870972	541.637573	181.373627	93.217674	0.000000	0.000000	7.125000	-427.501129	-146.591705
637	923.933655	1313.571533	139.488037	156.970734	0.000000	0.000000	7.125000	-382.878601	-539.373291
638	1411.142578	-250.400070	221.876816	7.336308	0.000000	0.000000	7.125000	-631.705872	-47.481144
639	614.555298	1087.362549	80.782257	200.317291	0.000000	0.000000	7.125000	-176.614197	-417.161255
640	-396.833893	-320.731323	-150.199615	-128.915955	0.000000	0.000000	7.125000	194.915863	122.406860
641	172.090134	118.226898	52.396965	224.164764	0.000000	0.000000	7.125000	98.742104	-256.263092
642	398.630463	-901.566650	61.344696	-169.193024	0.000000	0.000000	7.125000	-80.700676	392.206299
643	-520.104248	-431.576477	-116.883621	-132.906311	0.000000	0.000000	7.125000	185.265411	151.669617
644	-654.579346	174.852936	-199.367950	74.907478	0.000000	0.000000	7.125000	320.237915	-85.323509
645	-356.049286	351.412811	-112.460602	148.129715	0.000000	0.000000	7.125000	153.647217	-175.473618
646	-55.124821	979.733948	9.266409	188.770599	0.000000	0.000000	7.125000	6.703365	-704.949707
647	236.301666	898.502319	23.769264	217.705994	0.000000	0.000000	7.125000	-36.369259	-357.762329
648	-306.949524	962.427002	-79.368889	197.653381	0.000000	0.000000	7.125000	174.345230	-349.055756
649	-476.266937	-623.981628	-109.947845	-168.242111	0.000000	0.000000	7.125000	236.492981	293.231537
650	-205.540192	1534.453247	-37.459167	237.056992	0.000000	0.000000	7.125000	72.114944	-528.585876
651	1488.972534	-530.149658	213.186157	-80.838219	0.000000	0.000000	7.125000	-433.322144	149.295990
652	413.156433	1249.846558	78.519814	201.222748	0.000000	0.000000	7.125000	-177.644409	-428.403229
653	-950.271423	480.137115	-182.980392	96.724564	0.000000	0.000000	7.125000	335.238495	-109.117943
654	-119.574478	1394.395264	-44.796959	214.368347	0.000000	0.000000	7.125000	119.599251	-677.855286
655	129.309769	1006.997192	-0.618133	194.964844	0.000000	0.000000	7.125000	52.289700	-323.034241
656	-322.715057	-1057.052124	-60.376610	-175.921753	0.000000	0.000000	7.125000	133.396027	497.284363
657	-240.186783	1378.322876	-5.028198	191.930206	0.000000	0.000000	7.125000	40.039928	-505.643402
658	-819.128296	793.597351	-143.893127	131.591187	0.000000	0.000000	7.125000	360.994019	-274.719574
659	-961.588440	-109.727341	-241.914825	-22.929272	0.000000	0.000000	7.125000	385.660065	43.970528
660	-242.432526	429.142578	-142.054016	166.643677	0.000000	0.000000	7.125000	222.122940	-196.946915
661	-1005.431152	1000.699829	-141.214081	147.216751	0.000000	0.000000	7.125000	345.980103	-316.149475
662	170.586914	227.002502	46.757801	158.148483	0.000000	0.000000	7.125000	22.393156	-148.926849
663	589.694214	1143.357788	84.217392	182.503647	0.000000	0.000000	7.125000	-172.927521	-441.870239
664	-43.312904	-1418.659912	-4.707206	-242.940659	0.000000	0.000000	7.125000	68.658493	1188.937378
665	-932.060913	1215.418823	-115.515991	182.515289	0.000000	0.000000	7.125000	280.425598	-412.809418
666	-1537.355225	-724.979980	-207.093140	-115.183868	0.000000	0.000000	7.125000	666.633789	243.144196
667	-681.501160	554.156189	-153.957947	104.344704	0.000000	0.000000	7.125000	323.012268	-172.537247
668	-1206.734863	-49.063175	-215.895798	-6.223608	0.000000	0.000000	7.125000	436.385406	100.371140
669	-675.034851	223.377869	-204.924561	45.829575	0.000000	0.000000	7.125000	410.252228	-73.334190
670	-204.752884	777.999023	-60.731209	182.126160	0.000000	0.000000	7.125000	-772.003113	-408.688782
671	-87.722878	639.412048	-83.646561	172.778564	0.000000	0.000000	7.125000	191.434219	-267.687805
672	1020.585571	885.416748	140.236908	143.993805	0.000000	0.000000	7.125000	-577.909851	-624.649719
673	596.150757	-1481.359985	100.522736	-204.639648	0.000000	0.000000	7.125000	-226.546188	450.350586
674	494.984924	1292.207275	69.792725	194.871109	0.000000	0.000000	7.125000	-140.322800	-559.265808
675	31.388702	-1544.781982	15.560974	-227.467972	0.000000	0.000000	7.125000	-24.273697	478.844025
676	476.466492	663.039978	133.842087	141.677383	0.000000	0.000000	7.125000	-180.040848	-117.926796
677	1127.569214	-494.711853	143.662109	-98.166061	0.000000	0.000000	7.125000	-446.970551	257.590881
678	-775.808899	392.612244	-179.914932	135.071381	0.000000	0.000000	7.125000	809.165100	-519.016907
679	-898.412598	691.747192	-141.033859	106.946854	0.000000	0.000000	7.125000	375.176514	-267.502045
680	719.781616	-378.634644	184.124084	-129.289520	0.000000	0.000000	7.125000	-383.610138	187.229477
681	625.182190	611.955750	140.927948	155.689285	0.000000	0.000000	7.125000	-316.160095	-249.760986
682	531.136841	1269.040771	28.731056	201.966461	0.000000	0.000000	7.125000	-32.201862	-335.323639
683	-176.132904	540.830322	-69.739700	185.117538	0.000000	0.000000	7.125000	414.193024	-390.092621
684	6.157864	619.971008	-35.533356	176.357483	0.000000	0.000000	7.125000	63.024757	-237.441345
685	-828.983765	963.260437	-117.299744	155.766174	0.000000	0.000000	7.125000	356.815186	-387.659851
686	-117.139671	315.918579	114.913185	207.223083	0.000000	0.000000	7.125000	-97.750298	-282.080414
687	359.981323	-453.111908	200.307816	-120.860077	0.000000	0.000000	7.125000	-173.992249	213.275162
688	-133.492706	-445.648773	1.572118	-194.936523	0.000000	0.000000	7.125000	41.787155	201.026489
689	-292.001160	-804.203552	-3.515147	-197.958084	0.000000	0.000000	7.125000	46.128750	425.502991
690	-499.384155	-1433.380981	-83.337997	-202.519684	0.000000	0.000000	7.125000	157.400467	442.640411
691	-789.854431	1451.153198	-123.924026	209.024872	0.000000	0.000000	7.125000	269.964630	-441.732910
692	777.568726	-1012.658386	128.756317	-220.102310	0.000000	0.000000	7.125000	-144.494186	299.642731
693	-1091.324219	1319.110352	-140.025513	179.935638	0.000000	0.000000	7.125000	357.267761	-470.125702
694	806.509827	-681.044861	142.178848	-110.381401	0.000000	0.000000	7.125000	-333.137665	200.500961
695	923.825256	216.427719	192.806061	44.985458	0.000000	0.000000	7.125000	-370.192413	-46.320683
696	161.389648	216.285721	189.615646	27.816957	0.000000	0.000000	7.125000	-303.149567	117.597702
697	-601.390747	-1085.796753	-88.230331	-183.933044	0.000000	0.000000	7.125000	184.326797	413.635742
698	-82.710114	880.568115	-20.252480	205.981979	0.000000	0.000000	7.125000	87.580841	-522.367126
699	1021.958496	1513.943115	143.702728	195.936234	0.000000	0.000000	7.125000	-454.486053	-768.193604
700	-150.516281	-1497.524902	4.905092	-233.941925	0.000000	0.000000	7.125000	43.515141	1488.042480
701	687.724182	-1142.797974	111.880859	-163.345779	0.000000	0.000000	7.125000	-235.160889	454.850128
702	776.450073	-302.071808	190.162186	-114.532509	0.000000	0.000000	7.125000	-280.137024	137.722534
703	-55.498028	-1108.097656	20.151197	-224.068207	0.000000	0.000000	7.125000	12.526574	439.570862
704	389.521851	-1076.374756	76.352654	-185.910477	0.000000	0.000000	7.125000	-123.457291	480.972107
705	-311.310150	-1517.108032	-52.781830	-224.881470	0.000000	0.000000	7.125000	96.355370	587.289856
706	-1279.433594	371.454865	-203.097076	53.384285	0.000000	0.000000	7.125000	476.720886	-102.668907
707	1459.301025	760.542236	204.984161	106.465118	0.000000	0.000000	7.125000	-503.153076	-188.903595
708	869.624756	-1528.891602	142.179626	-204.375122	0.000000	0.000000	7.125000	-256.719116	504.417419
709	962.413574	861.987854	211.103149	148.283966	0.000000	0.000000	7.125000	-454.372345	-267.454193
710	-489.341248	87.218033	-197.962006	0.405135	0.000000	0.000000	7.125000	297.166718	45.393562
711	-821.763245	1104.620605	-138.540146	181.077454	0.000000	0.000000	7.125000	304.050262	-348.523499
712	-1148.823242	72.902390	-182.182236	17.130449	0.000000	0.000000	7.125000	489.359711	5.644224
713	1462.596924	141.992630	227.997040	-0.883988	0.000000	0.000000	7.125000	-570.971741	-0.086251
714	-722.272827	1074.769775	-131.345184	207.889618	0.000000	0.000000	7.125000	1068.870239	-1092.943481
715	-237.426697	1048.719482	-39.737888	190.907166	0.000000	0.000000	7.125000	45.784397	-360.514130
716	1480.046997	-904.720947	208.335159	-152.185303	0.000000	0.000000	7.125000	-449.777344	319.442932
717	1127.520264	252.674423	192.556976	30.656479	0.000000	0.000000	7.125000	-555.191406	-31.984711
718	312.979462	-193.834030	164.900650	-98.283066	0.000000	0.000000	7.125000	-216.330093	150.471024
719	765.044373	-468.166748	146.782288	-104.151337	0.000000	0.000000	7.125000	-340.252625	178.271347
720	-200.323395	-1221.005981	-22.527996	-229.888840	0.000000	0.000000	7.125000	44.472767	302.718414
721	-715.978760	-82.618706	-208.426392	25.615480	0.000000	0.000000	7.125000	958.020996	-35.549332
722	961.052734	-1031.176636	176.604874	-166.910645	0.000000	0.000000	7.125000	-349.806549	333.026093
723	-827.960693	320.291962	-177.513153	55.514191	0.000000	0.000000	7.125000	377.744965	-94.110931
724	-633.521484	1399.139160	-78.485168	207.636200	0.000000	0.000000	7.125000	402.549957	-1858.324585
725	-972.957825	353.938751	-232.399994	89.349297	0.000000	0.000000	7.125000	394.552338	-108.577515
726	-215.034409	-187.853561	-81.780655	-180.291245	0.000000	0.000000	7.125000	44.009377	123.733406
727	-179.572083	-110.262421	-170.547943	11.022341	0.000000	0.000000	7.125000	171.252838	-17.555376
728	-1349.232666	12.923307	-197.229935	-17.442902	0.000000	0.000000	7.125000	509.667938	41.258724
729	1385.413452	-632.548157	195.902328	-66.808136	0.000000	0.000000	7.125000	-464.861115	102.327675
730	-789.382019	-153.468979	-207.891174	-68.758858	0.000000	0.000000	7.125000	334.462891	156.757782
731	-1225.523438	-823.096313	-160.254791	-157.927612	0.000000	0.000000	7.125000	466.343109	424.304413
732	478.883698	-1370.397949	66.579453	-205.460205	0.000000	0.000000	7.125000	-93.361267	486.345032
733	671.334900	-843.616333	138.436111	-149.837631	0.000000	0.000000	7.125000	-295.444580	306.804840
734	-130.558304	-69.153870	-161.272049	-81.617325	0.000000	0.000000	7.125000	21.009636	-59.367588
735	99.259018	1395.379150	26.842676	208.273621	0.000000	0.000000	7.125000	-15.519439	-606.623718
736	298.747650	854.606201	64.334167	180.895599	0.000000	0.000000	7.125000	-215.538040	-602.557373
737	32.853195	-112.147072	-38.411781	-215.482971	0.000000	0.000000	7.125000	100.978706	243.252991
738	-1319.786133	887.326904	-202.371719	129.011658	0.000000	0.000000	7.125000	434.289948	-247.283447
739	1429.040405	-197.846497	217.137146	-28.369740	0.000000	0.000000	7.125000	-806.742981	21.004412
740	531.766968	-956.146362	141.052963	-182.934494	0.000000	0.000000	7.125000	-812.544312	1051.670044
741	-1131.225464	-504.191864	-152.996628	-94.780663	0.000000	0.000000	7.125000	810.775696	422.543915
742	485.007172	-98.571983	203.776398	-5.275479	0.000000	0.000000	7.125000	-287.691437	77.001472
743	748.337158	750.125244	167.717194	154.450195	0.000000	0.000000	7.125000	-292.658020	-276.779083
744	986.295471	603.681091	162.403915	70.370033	0.000000	0.000000	7.125000	-397.814606	-115.631927
745	-1164.193848	-643.599976	-159.050781	-84.223076	0.000000	0.000000	7.125000	408.820404	140.884216
746	-888.379578	-831.139404	-140.606613	-130.742172	0.000000	0.000000	7.125000	345.886658	334.371643
747	-241.207733	546.631409	-75.025047	176.682434	0.000000	0.000000	7.125000	191.861526	-284.308441
748	-544.409790	-894.473999	-96.251862	-130.303925	0.000000	0.000000	7.125000	211.437714	304.959961
749	-1397.006714	511.571259	-190.249802	81.546097	0.000000	0.000000	7.125000	289.229462	-83.473663
750	205.989075	414.509796	155.963974	140.167465	0.000000	0.000000	7.125000	-152.234589	-26.049868
751	504.534271	-895.694641	105.535461	-178.018616	0.000000	0.000000	7.125000	-243.516434	623.275940
752	-246.485519	-1261.057129	-15.637941	-218.439758	0.000000	0.000000	7.125000	45.710182	580.895020
753	556.371094	156.449097	203.782135	126.083450	0.000000	0.000000	7.125000	-211.014557	-60.927368
754	1132.327026	426.442932	191.055130	51.934986	0.000000	0.000000	7.125000	-464.356964	-85.115761
755	-1204.134521	461.698334	-183.576813	44.949337	0.000000	0.000000	7.125000	552.675903	-94.883324
756	1104.794312	-1372.098755	142.235367	-193.308685	0.000000	0.000000	7.125000	-216.866592	349.261871
757	1071.434326	37.932171	236.907288	-5.046192	0.000000	0.000000	7.125000	-392.172302	202.153748
758	222.513092	111.465584	170.492798	66.451080	0.000000	0.000000	7.125000	-101.462433	14.562135
759	-950.275879	-36.558842	-182.606110	11.779452	0.000000	0.000000	7.125000	382.133087	20.342209
760	-965.072021	-889.899292	-141.479584	-155.180267	0.000000	0.000000	7.125000	376.292511	456.504761
761	915.424011	-186.086304	197.397491	-101.422043	0.000000	0.000000	7.125000	-397.983612	106.792801
762	-222.975891	-1358.019897	-81.647919	-209.641998	0.000000	0.000000	7.125000	132.941208	489.854675
763	-1113.744507	507.598480	-212.794144	36.970192	0.000000	0.000000	7.125000	473.749725	-23.715246
764	-850.885559	-1125.029297	-157.133026	-193.124008	0.000000	0.000000	7.125000	210.909271	204.089371
765	-774.123657	1161.475708	-133.986298	199.087158	0.000000	0.000000	7.125000	289.990692	-317.562805
766	575.723083	1072.369263	95.593521	145.388184	0.000000	0.000000	7.125000	-182.980194	-323.117279
767	-1335.027710	-956.237732	-215.945190	-123.946686	0.000000	0.000000	7.125000	479.196838	229.202164
768	-1268.907715	671.605896	-186.217209	97.036934	0.000000	0.000000	7.125000	495.032990	-187.461884
769	1022.709290	1358.117554	136.744400	189.860794	0.000000	0.000000	7.125000	-209.055923	-442.537872
770	-338.974365	937.199341	-76.912033	179.189011	0.000000	0.000000	7.125000	147.354172	-398.086029
771	329.168457	-1060.803955	54.287224	-218.298615	0.000000	0.000000	7.125000	-32.704803	377.266571
772	1129.016724	-126.623993	179.544205	-35.393616	0.000000	0.000000	7.125000	-467.442078	132.345642
773	657.101807	-42.140129	245.785461	4.483883	0.000000	0.000000	7.125000	-299.879364	61.990135
774	1163.453613	781.344421	154.738403	118.646637	0.000000	0.000000	7.125000	-438.190765	-275.808685
775	-1341.226440	-946.972778	-186.779572	-130.749268	0.000000	0.000000	7.125000	489.937317	293.417236
776	-1418.727173	946.495300	-194.503616	118.910873	0.000000	0.000000	7.125000	605.060425	-241.660797
777	175.580978	-408.871918	50.997002	-203.518158	0.000000	0.000000	7.125000	4.108446	212.765121
778	1326.589722	289.302673	210.309174	79.793983	0.000000	0.000000	7.125000	-528.891968	-101.895744
779	1109.950806	-679.762451	151.775131	-102.238022	0.000000	0.000000	7.125000	-373.884369	219.137436
780	1018.804993	-802.067444	169.296326	-124.242348	0.000000	0.000000	7.125000	-404.316956	285.434387
781	-1331.722290	232.949738	-198.189911	59.719467	0.000000	0.000000	7.125000	594.725586	-132.996262
782	-1235.424927	-1207.365356	-174.669647	-197.945374	0.000000	0.000000	7.125000	354.805969	517.494507
783	1158.409058	-698.100830	171.068146	-105.524002	0.000000	0.000000	7.125000	-453.458069	245.107544
784	1097.203979	681.898315	178.704987	131.708481	0.000000	0.000000	7.125000	-387.765015	-273.375519
785	-926.834351	-915.438721	-136.947021	-159.195480	0.000000	0.000000	7.125000	233.780212	307.298889
786	328.353027	904.324890	74.201553	173.824982	0.000000	0.000000	7.125000	-124.626358	-331.739380
787	-439.222870	362.871857	-173.059296	83.021225	0.000000	0.000000	7.125000	315.067444	-82.300415
788	-684.408691	-1169.265747	-93.181343	-174.700745	0.000000	0.000000	7.125000	193.726501	426.575867
789	-909.141113	-764.325256	-127.555321	-99.856552	0.000000	0.000000	7.125000	416.624786	287.507629
790	872.933350	-1029.508423	134.976334	-148.937073	0.000000	0.000000	7.125000	-335.610077	413.327393
791	-396.157715	1063.413330	-73.534210	183.828537	0.000000	0.000000	7.125000	118.533455	-402.802399
792	1540.625000	1271.317261	204.596893	185.245544	0.000000	0.000000	7.125000	-452.829254	-280.968292
793	-812.741821	974.630493	-128.241974	199.287643	0.000000	0.000000	7.125000	213.559708	-240.426910
794	183.080307	-959.851624	33.169365	-216.403442	0.000000	0.000000	7.125000	29.882824	645.074280
795	-1098.079346	116.482407	-170.569473	-34.365181	0.000000	0.000000	7.125000	470.771423	49.572525
796	16.851545	-1634.422363	-8.926670	-227.820679	0.000000	0.000000	7.125000	16.794262	341.047089
797	-1170.403931	388.439911	-168.080948	55.473511	0.000000	0.000000	7.125000	470.629761	-123.039528
798	-906.551514	1269.942871	-128.692230	184.562378	0.000000	0.000000	7.125000	313.292053	-438.094360
799	995.216370	-1198.364258	134.867569	-157.026886	0.000000	0.000000	7.125000	-314.818298	440.293152
800	533.920776	-1067.969482	109.098061	-206.985931	0.000000	0.000000	7.125000	-191.527039	482.691925
801	-732.748413	-378.319611	-150.939056	-86.546585	0.000000	0.000000	7.125000	333.339844	160.140549
802	1244.364258	132.324310	192.763016	29.419979	0.000000	0.000000	7.125000	-261.384399	-199.431793
803	1004.339417	-823.396423	149.433701	-115.716980	0.000000	0.000000	7.125000	-385.079041	281.830536
804	236.968048	-1624.110840	31.293877	-225.834564	0.000000	0.000000	7.125000	-28.227283	534.078369
805	-516.214478	-103.464996	-159.631760	-83.154274	0.000000	0.000000	7.125000	298.829803	130.345276
806	-1030.812256	274.510101	-159.217834	77.285217	0.000000	0.000000	7.125000	235.745270	-58.275272
807	-552.290955	-1103.931152	-70.335754	-172.181625	0.000000	0.000000	7.125000	294.750244	828.573303
808	78.112991	308.859589	133.934708	195.369537	0.000000	0.000000	7.125000	-38.657684	-9.106373
809	966.135071	-1090.758667	147.899094	-157.422211	0.000000	0.000000	7.125000	-382.498016	391.720612
810	898.925903	1030.708862	120.080612	138.092728	0.000000	0.000000	7.125000	-282.767548	-338.595001
811	19.195049	-562.154358	-6.578378	-224.651230	0.000000	0.000000	7.125000	151.649582	369.905914
812	1199.295410	166.927643	203.032745	19.796686	0.000000	0.000000	7.125000	-487.206268	-11.402253
813	1080.896606	-888.769409	155.310455	-112.878952	0.000000	0.000000	7.125000	-434.820801	293.506531
814	28.423252	1062.462646	-5.481157	200.902771	0.000000	0.000000	7.125000	61.633678	-416.037201
815	-857.905273	-806.210693	-152.059875	-144.833664	0.000000	0.000000	7.125000	189.642776	248.088669
816	-1250.088135	38.878399	-180.292114	-31.345352	0.000000	0.000000	7.125000	500.791870	61.695450
817	-2.386797	1757.084961	20.101337	242.167084	0.000000	0.000000	7.125000	-69.155235	-1285.833008
818	1442.826172	-108.787720	206.242767	-17.642111	0.000000	0.000000	7.125000	-559.802917	8.665906
819	-1170.792236	36.362278	-220.097717	28.779896	0.000000	0.000000	7.125000	473.556610	-13.670948
820	-157.775070	-67.425758	-161.343597	-103.844704	0.000000	0.000000	7.125000	41.446934	37.854317
821	1476.268188	118.796127	215.391357	39.588623	0.000000	0.000000	7.125000	-528.216736	-82.946259
822	-1397.179810	-708.171570	-215.874359	-135.642578	0.000000	0.000000	7.125000	523.263855	212.876770
823	401.099121	655.894897	95.812469	173.268524	0.000000	0.000000	7.125000	-132.731003	-264.474030
824	1272.316284	-189.521347	221.989410	-2.127148	0.000000	0.000000	7.125000	-474.716736	0.500476
825	988.174561	434.469360	171.115051	116.480713	0.000000	0.000000	7.125000	-240.361099	-229.035980
826	-476.757416	-686.752014	-119.260361	-190.766022	0.000000	0.000000	7.125000	185.392731	287.260956
827	-1387.611084	-384.217682	-202.975098	-64.530746	0.000000	0.000000	7.125000	483.587616	95.411545
828	760.747803	-1116.015869	111.375839	-145.195557	0.000000	0.000000	7.125000	-255.878326	425.230225
829	98.044159	-117.709030	-14.668465	-227.339020	0.000000	0.000000	7.125000	87.117073	255.084732
830	1038.773560	372.420013	173.651306	74.540924	0.000000	0.000000	7.125000	-454.153381	-101.379532
831	209.064819	1311.954102	30.232708	210.839310	0.000000	0.000000	7.125000	-0.944657	-283.438873
832	-1302.433350	-1292.109253	-178.770493	-173.318024	0.000000	0.000000	7.125000	462.983002	364.045013
833	1029.418579	-1138.851807	140.519318	-164.034241	0.000000	0.000000	7.125000	-302.670746	422.051819
834	145.762772	1577.012451	26.594227	226.442657	0.000000	0.000000	7.125000	-49.664631	-505.289764
835	247.007324	-1480.304077	55.133858	-211.928741	0.000000	0.000000	7.125000	-75.650063	532.507751
836	24.067739	418.048798	-91.107124	227.875641	0.000000	0.000000	7.125000	202.930206	-200.158752
837	497.303284	289.633636	138.279892	161.999146	0.000000	0.000000	7.125000	-175.962387	-191.016373
838	1083.173584	-664.181885	164.865692	-114.961639	0.000000	0.000000	7.125000	-466.909943	260.432892
839	-567.458496	644.344971	-129.223770	198.581696	0.000000	0.000000	7.125000	297.320984	-290.824097
840	800.156372	-1042.581787	121.158432	-182.432480	0.000000	0.000000	7.125000	-217.683167	363.078827
841	-100.309959	-1142.855469	-21.827545	-220.902847	0.000000	0.000000	7.125000	108.998680	465.380371
842	-33.403000	-255.305115	-181.046097	148.132812	0.000000	0.000000	7.125000	183.092468	-103.810326
843	-75.885742	-368.097473	-46.127274	-177.013733	0.000000	0.000000	7.125000	119.975044	238.401688
844	-96.607430	1328.893188	14.625340	194.445938	0.000000	0.000000	7.125000	-4.148344	-424.998047
845	863.730896	-353.229523	215.677689	-52.603443	0.000000	0.000000	7.125000	-400.279663	88.870705
846	451.612213	-832.337524	121.278137	-206.514725	0.000000	0.000000	7.125000	-18.115437	341.848633
847	-485.281219	562.883850	-88.490761	149.789124	0.000000	0.000000	7.125000	219.404556	-237.040649
848	-372.212311	-968.700562	-93.114044	-211.400589	0.000000	0.000000	7.125000	152.855148	387.725220
849	707.701843	1031.710205	102.295776	144.432404	0.000000	0.000000	7.125000	-213.942947	-355.772491
850	-1106.059204	-197.996643	-247.168091	-49.074066	0.000000	0.000000	7.125000	475.003235	91.693123
851	1231.758179	551.812195	194.980072	77.836807	0.000000	0.000000	7.125000	-347.353821	-97.517586
852	-1199.361206	334.587189	-193.621094	22.831041	0.000000	0.000000	7.125000	390.493652	0.086572
853	-680.242065	1341.186279	-83.798347	202.331879	0.000000	0.000000	7.125000	166.093582	-445.850708
854	1060.916382	203.299026	187.538773	100.881142	0.000000	0.000000	7.125000	-348.786346	-98.664062
855	647.908081	18.042688	224.618744	12.169415	0.000000	0.000000	7.125000	-305.351776	25.666136
856	851.823425	-818.407715	127.925606	-135.016663	0.000000	0.000000	7.125000	-516.989929	447.821350
857	251.644058	-691.589539	104.663147	-157.343216	0.000000	0.000000	7.125000	-116.245216	251.220856
858	363.345367	-890.649536	61.693237	-156.257202	0.000000	0.000000	7.125000	-271.233490	1005.957703
859	398.733521	-607.220154	88.013153	-167.212769	0.000000	0.000000	7.125000	-180.087585	524.637268
860	-1416.066284	-578.540833	-224.045273	-56.159119	0.000000	0.000000	7.125000	543.652832	71.392456
861	612.689392	336.583252	126.101303	171.649933	0.000000	0.000000	7.125000	-178.971359	-228.139969
862	398.426971	-1737.133667	72.921089	-225.485733	0.000000	0.000000	7.125000	-109.339233	529.179810
863	-173.254410	-1328.224854	-24.584610	-211.572449	0.000000	0.000000	7.125000	76.643501	550.900208
864	-875.020508	-770.494141	-143.519485	-132.007660	0.000000	0.000000	7.125000	334.093353	256.000488
865	1387.976685	-305.853455	203.650726	-11.744635	0.000000	0.000000	7.125000	-505.132507	-13.899261
866	459.132904	1455.517212	94.514816	200.872070	0.000000	0.000000	7.125000	-139.489471	-420.007599
867	-947.021240	590.499878	-155.806290	117.249802	0.000000	0.000000	7.125000	387.650635	-236.471619
868	-114.210464	128.704819	18.374151	-180.380615	0.000000	0.000000	7.125000	-23.661186	102.129158
869	594.053223	-510.381653	127.907570	-139.134232	0.000000	0.000000	7.125000	-266.946259	285.754120
870	-896.164307	-599.687195	-192.681152	-67.006950	0.000000	0.000000	7.125000	430.090363	145.929672
871	609.530090	1114.952759	91.330658	144.558197	0.000000	0.000000	7.125000	-243.981644	-514.475769
872	-82.573318	-319.224030	76.053444	-205.328461	0.000000	0.000000	7.125000	-17.940462	159.826004
873	-656.068481	-1199.907227	-142.242584	-204.364883	0.000000	0.000000	7.125000	497.785339	747.187256
874	104.749924	1303.689209	9.552796	215.744949	0.000000	0.000000	7.125000	80.648376	-876.539551
875	-310.452393	454.171051	-167.018478	122.012924	0.000000	0.000000	7.125000	438.288940	-190.235641
876	-475.470825	-1224.308228	-64.906502	-180.688568	0.000000	0.000000	7.125000	140.195740	503.978180
877	-514.239380	1414.157715	-83.402969	199.245743	0.000000	0.000000	7.125000	178.164474	-492.991669
878	-1365.740479	594.488525	-186.831665	95.876877	0.000000	0.000000	7.125000	469.431030	-212.241806
879	-1246.740479	-465.363617	-184.167084	-80.446190	0.000000	0.000000	7.125000	529.997253	141.707474
880	1471.952637	-1231.823608	172.457077	-166.908813	0.000000	0.000000	7.125000	-409.324768	398.103516
881	760.170288	622.265198	166.193848	133.218765	0.000000	0.000000	7.125000	-224.223541	-195.897903
882	1079.723022	938.213623	140.625519	126.260399	0.000000	0.000000	7.125000	-408.352142	-292.180603
883	-386.890686	-92.434433	-138.580597	-149.426819	0.000000	0.000000	7.125000	164.525116	138.602753
884	-210.811066	-1032.931152	-60.116535	-210.578583	0.000000	0.000000	7.125000	85.317902	372.934662
885	634.131165	-0.947153	157.318039	22.867599	0.000000	0.000000	7.125000	-166.678085	4.793945
886	134.113861	52.606827	113.628296	213.945282	0.000000	0.000000	7.125000	84.393661	-75.417442
887	-126.660210	-1673.445679	3.786157	-245.964905	0.000000	0.000000	7.125000	-4.576362	426.525116
888	1210.514526	806.031616	170.448593	100.711983	0.000000	0.000000	7.125000	-526.280334	-203.366089
889	-1092.464478	-384.902313	-239.968079	3.037251	0.000000	0.000000	7.125000	383.915039	29.070509
890	839.263794	376.592529	202.793030	110.506180	0.000000	0.000000	7.125000	-221.859283	-87.924332
891	-953.074829	-1215.664673	-142.164902	-154.539810	0.000000	0.000000	7.125000	311.780029	343.385010
892	519.780945	-401.132416	153.387451	-105.197189	0.000000	0.000000	7.125000	-212.031448	155.677826
893	-1659.051025	652.762329	-228.901154	112.350822	0.000000	0.000000	7.125000	586.261292	-202.730255
894	-1242.664429	-1133.192261	-169.194916	-178.574341	0.000000	0.000000	7.125000	288.729004	381.730469
895	-1062.633911	-809.108521	-139.714783	-108.658684	0.000000	0.000000	7.125000	401.331879	265.345367
896	-1133.684082	1147.786255	-194.110275	135.977386	0.000000	0.000000	7.125000	436.094238	-279.544281
897	978.769226	-1075.066406	121.636391	-163.767319	0.000000	0.000000	7.125000	-373.738586	579.633057
898	725.729004	-737.970520	133.097168	-158.532898	0.000000	0.000000	7.125000	-232.910889	328.462524
899	-4.429276	-1012.963928	14.351214	-176.414200	0.000000	0.000000	7.125000	-61.712978	500.950653
900	-80.206863	-689.132874	-59.351334	-198.301941	0.000000	0.000000	7.125000	127.131760	328.527466
901	387.770325	1421.593872	53.130486	200.064941	0.000000	0.000000	7.125000	-122.076714	-539.370850
902	684.730103	-856.710205	113.020622	-132.273605	0.000000	0.000000	7.125000	-309.769165	469.953247
903	-1227.999023	768.051819	-167.244476	100.195992	0.000000	0.000000	7.125000	502.075836	-205.188034
904	1219.972900	-456.449951	173.677399	-95.077713	0.000000	0.000000	7.125000	-460.093719	228.974121
905	-483.371948	395.858551	-152.949829	125.738518	0.000000	0.000000	7.125000	208.405914	-155.687408
906	1291.690308	-335.492279	203.462372	-51.988903	0.000000	0.000000	7.125000	-773.207031	183.808167
907	776.449097	173.329865	171.649261	54.153267	0.000000	0.000000	7.125000	-341.300995	-88.945335
908	827.800049	694.597229	138.482269	141.512634	0.000000	0.000000	7.125000	-297.040741	-281.653564
909	-634.461731	1146.174438	-104.100319	199.463806	0.000000	0.000000	7.125000	530.632568	-887.418945
910	1066.193970	-616.281677	169.132919	-84.349266	0.000000	0.000000	7.125000	-646.086914	217.154999
911	-1031.974609	-1423.091675	-155.391312	-158.545822	0.000000	0.000000	7.125000	357.255951	399.494202
912	-1324.240356	746.800171	-171.323242	131.542236	0.000000	0.000000	7.125000	441.349335	-297.601868
913	-1247.701904	473.125061	-181.231415	111.908546	0.000000	0.000000	7.125000	458.300842	-250.850723
914	-1381.249023	232.598923	-236.637421	67.212402	0.000000	0.000000	7.125000	499.338440	-117.390678
915	1010.768799	-83.362022	187.547470	23.364033	0.000000	0.000000	7.125000	-557.423340	-54.673077
916	1202.576416	-321.494141	188.383789	-15.249121	0.000000	0.000000	7.125000	-431.792999	22.524353
917	10.611927	524.719910	2.980932	188.908752	0.000000	0.000000	7.125000	51.768070	-293.232269
918	393.950745	88.525620	204.792862	43.764141	0.000000	0.000000	7.125000	-207.402512	60.092842
919	-118.036331	181.607910	22.089962	221.517975	0.000000	0.000000	7.125000	99.695564	-74.353127
920	1148.390137	974.130310	169.663651	178.128922	0.000000	0.000000	7.125000	-324.934540	-329.031982
921	-930.493896	487.814392	-183.020386	114.712044	0.000000	0.000000	7.125000	353.199371	-210.051712
922	-1017.926941	1342.341064	-135.318893	194.568359	0.000000	0.000000	7.125000	366.535889	-504.189148
923	-747.130127	1323.900024	-90.994614	192.583984	0.000000	0.000000	7.125000	206.332657	-417.135712
924	672.550232	71.796989	206.271057	64.033714	0.000000	0.000000	7.125000	-324.322693	-78.916542
925	1080.814697	278.947906	193.002777	44.161873	0.000000	0.000000	7.125000	-452.281067	-71.627129
926	1258.632324	1186.971680	169.540634	182.363098	0.000000	0.000000	7.125000	-373.716400	-419.924988
927	386.764587	1119.322632	42.261383	193.437256	0.000000	0.000000	7.125000	-119.097633	-579.946167
928	937.053162	503.772278	165.516144	129.244095	0.000000	0.000000	7.125000	-223.473267	-171.583557
929	682.735962	1135.208984	110.359520	178.662125	0.000000	0.000000	7.125000	-236.847321	-349.475525
930	-693.351257	-20.061798	-192.687286	45.522202	0.000000	0.000000	7.125000	374.399994	-50.115589
931	-446.394104	-1043.719604	-75.421616	-205.602936	0.000000	0.000000	7.125000	223.910889	644.918579
932	-1118.519287	930.677246	-149.563873	120.387772	0.000000	0.000000	7.125000	454.068878	-307.813293
933	1219.006226	267.660797	177.724548	54.847969	0.000000	0.000000	7.125000	-446.879944	-105.161026
934	-416.910828	-372.207306	-110.436264	-149.655350	0.000000	0.000000	7.125000	257.033356	366.134583
935	-589.419800	-789.074341	-121.426727	-97.934998	0.000000	0.000000	7.125000	318.736053	200.454483
936	-785.566528	-377.885529	-147.958466	-79.553139	0.000000	0.000000	7.125000	362.906952	151.980179
937	1513.171387	-155.997604	250.074524	-49.766582	0.000000	0.000000	7.125000	-593.869324	58.064106
938	-629.387634	-800.765564	-122.447716	-166.852142	0.000000	0.000000	7.125000	116.297920	186.685913
939	-242.687515	1182.560547	-38.330666	178.939957	0.000000	0.000000	7.125000	78.946709	-418.770233
940	736.392822	-828.193359	155.447983	-132.103760	0.000000	0.000000	7.125000	-281.951752	202.253632
941	-28.385792	456.154297	65.794754	189.591644	0.000000	0.000000	7.125000	71.809189	-180.345917
942	-908.011841	-928.077087	-133.779312	-150.011490	0.000000	0.000000	7.125000	607.222839	754.118958
943	428.283783	1207.611816	38.319706	218.658890	0.000000	0.000000	7.125000	-75.611649	-313.098755
944	1053.696655	-375.173828	167.138367	-111.610886	0.000000	0.000000	7.125000	-289.788605	169.500000
945	665.948547	-1260.148438	126.546280	-196.822617	0.000000	0.000000	7.125000	-222.987503	443.616150
946	978.596130	-817.694580	134.655884	-153.241394	0.000000	0.000000	7.125000	-239.467056	212.118530
947	-831.411072	914.985718	-106.387550	181.057068	0.000000	0.000000	7.125000	334.725189	-557.553894
948	-1275.451660	-824.680176	-168.374176	-109.760315	0.000000	0.000000	7.125000	385.682678	204.395935
949	-268.226044	-167.862579	-118.765152	-208.535980	0.000000	0.000000	7.125000	131.183273	194.364151
950	405.070435	205.617584	108.574135	169.145798	0.000000	0.000000	7.125000	-138.045212	-269.433563
951	500.119019	780.859924	82.860970	146.141479	0.000000	0.000000	7.125000	-157.428711	-269.450897
952	1205.321289	177.076889	207.721466	30.826422	0.000000	0.000000	7.125000	-342.530548	138.855728
953	-708.956970	-736.753174	-118.392395	-110.558380	0.000000	0.000000	7.125000	225.286987	189.066727
954	621.537537	322.958496	175.032013	62.869999	0.000000	0.000000	7.125000	-356.341766	-67.902275
955	-1218.093262	-167.299698	-209.978729	-0.614063	0.000000	0.000000	7.125000	944.149841	40.306789
956	1122.715820	801.187927	188.872772	104.744637	0.000000	0.000000	7.125000	-409.640625	-151.827866
957	-970.976868	-905.143005	-116.239883	-137.419022	0.000000	0.000000	7.125000	271.761200	431.821075
958	1146.313721	595.712891	195.575623	98.444450	0.000000	0.000000	7.125000	-697.288147	-218.025574
959	1345.206665	531.696838	193.172607	74.263748	0.000000	0.000000	7.125000	-555.495300	-8.971077
960	1325.717041	632.681763	195.463257	91.888145	0.000000	0.000000	7.125000	-495.113251	-160.483154
961	1117.213379	910.010498	164.300308	153.713257	0.000000	0.000000	7.125000	-330.568878	-273.145416
962	737.794800	-1077.881958	128.874481	-142.319824	0.000000	0.000000	7.125000	-284.274139	364.419586
963	382.312622	973.305359	64.515671	174.452484	0.000000	0.000000	7.125000	-96.423927	-281.365173
964	-702.958130	-1259.760742	-115.885452	-216.993256	0.000000	0.000000	7.125000	213.802902	378.892456
965	-679.890015	980.280212	-91.449280	185.695358	0.000000	0.000000	7.125000	433.456299	-710.252075
966	451.085388	1177.846558	72.877281	154.692886	0.000000	0.000000	7.125000	-211.061188	-476.812561
967	468.821747	556.031799	125.009262	145.649338	0.000000	0.000000	7.125000	-128.290390	-144.273926
968	225.000748	1075.792236	33.063820	210.408447	0.000000	0.000000	7.125000	-95.435341	-389.180054
969	861.132996	-388.728455	158.084900	-79.612534	0.000000	0.000000	7.125000	-250.261200	110.458961
970	-135.134186	-1602.324097	-36.767071	-243.219498	0.000000	0.000000	7.125000	109.132278	789.416138
971	880.044373	-361.072784	181.855438	-104.996819	0.000000	0.000000	7.125000	-301.239136	123.731857
972	713.830078	1330.843872	119.066345	190.895813	0.000000	0.000000	7.125000	-336.269653	-628.686279
973	-266.244720	306.411499	-149.926788	171.656906	0.000000	0.000000	7.125000	193.137085	-160.199692
974	160.581711	-387.278198	116.274048	-133.411163	0.000000	0.000000	7.125000	-116.727280	179.271088
975	-517.536804	184.805939	-194.283966	107.377434	0.000000	0.000000	7.125000	299.908569	-132.455536
976	-1121.095703	-885.006714	-155.839752	-131.633820	0.000000	0.000000	7.125000	456.205597	332.567841
977	-247.276657	1329.238647	-47.783012	192.147400	0.000000	0.000000	7.125000	109.055626	-457.316284
978	-843.026062	-1216.855835	-97.518799	-185.983932	0.000000	0.000000	7.125000	224.574417	472.439453
979	1004.709839	44.910648	211.098709	28.395441	0.000000	0.000000	7.125000	-303.808441	-52.090981
980	-1076.984741	-977.761230	-160.617722	-157.562042	0.000000	0.000000	7.125000	252.126007	234.587250
981	-139.083313	770.084229	-33.068359	133.978943	0.000000	0.000000	7.125000	93.561165	-357.523315
982	-690.144165	-820.116028	-95.041168	-116.029007	0.000000	0.000000	7.125000	199.885071	321.280243
983	-48.369705	596.132507	39.964371	187.663910	0.000000	0.000000	7.125000	-52.539288	-212.169418
984	1469.225220	-83.610466	222.423676	-33.898472	0.000000	0.000000	7.125000	-462.996460	12.950730
985	1223.286133	-462.896545	191.550674	-60.842903	0.000000	0.000000	7.125000	-530.507874	100.135651
986	56.148140	801.836243	-5.602718	206.923218	0.000000	0.000000	7.125000	25.819374	-308.196075
987	423.038696	-562.745239	99.045471	-150.270020	0.000000	0.000000	7.125000	-89.766357	262.810455
988	536.366455	-1401.705811	94.613655	-197.498245	0.000000	0.000000	7.125000	-149.260010	447.217468
989	1316.446167	-649.154175	214.255859	-77.956474	0.000000	0.000000	7.125000	-395.259430	122.706238
990	-315.966919	-570.878723	-54.285332	-143.045670	0.000000	0.000000	7.125000	118.154343	288.592712
991	913.838745	-32.511200	167.979477	-2.526459	0.000000	0.000000	7.125000	-447.213379	-11.522202
992	-253.649155	-735.553406	-93.840637	-142.912231	0.000000	0.000000	7.125000	246.750153	143.877396
993	-403.927155	515.754578	-89.615593	189.735703	0.000000	0.000000	7.125000	225.288437	-268.642151
994	-587.356140	-877.395203	-118.051224	-198.556046	0.000000	0.000000	7.125000	163.012482	317.870453
995	-772.114319	-50.277714	-173.965042	-2.739603	0.000000	0.000000	7.125000	383.057312	42.456936
996	-139.928040	255.428665	-122.894836	131.332047	0.000000	0.000000	7.125000	232.328827	-106.761040
997	-475.579498	160.203888	-191.187683	50.980988	0.000000	0.000000	7.125000	273.102753	-73.900612
998	394.991425	1231.845337	69.769501	178.873672	0.000000	0.000000	7.125000	-132.094406	-385.099213
999	-1074.416992	199.384048	-231.831360	49.087994	0.000000	0.000000	7.125000	408.675568	-36.713585
