node	a_force.x	a_force.y	g_force.x	g_force.y	r_force.x	r_force.y	global_speed	move_node.x	move_node.y
0	-967.069458	1106.786987	-150.570038	133.152786	0.000000	0.000000	7.125000	250.956131	-343.099457
1	988.936279	555.336792	205.121399	112.609360	0.000000	0.000000	7.125000	-771.825500	-404.505341
2	-128.206558	-739.083801	-31.318588	-234.889191	0.000000	0.000000	7.125000	17.719572	337.238495
3	-661.221191	77.748581	-197.959152	-3.726217	0.000000	0.000000	7.125000	315.829468	-10.950745
4	767.707153	-1292.034912	112.402786	-170.220062	0.000000	0.000000	7.125000	-242.213547	489.224792
5	-736.864258	821.044739	-154.736069	163.333954	0.000000	0.000000	7.125000	233.435532	-279.138519
6	-739.036987	120.768311	-158.379105	34.050240	0.000000	0.000000	7.125000	383.773621	-65.906364
7	-794.022034	-991.434570	-141.927765	-170.705856	0.000000	0.000000	7.125000	245.677551	276.937805
8	-48.397331	1221.976074	-20.261892	202.987137	0.000000	0.000000	7.125000	22.376911	-507.319092
9	268.385803	-101.016678	234.615479	-30.123226	0.000000	0.000000	7.125000	-256.938141	-39.677303
10	560.975525	1334.804077	66.826920	224.250565	0.000000	0.000000	7.125000	-60.675186	-470.189117
11	113.332176	-354.326141	125.355896	-175.563660	0.000000	0.000000	7.125000	-118.981277	91.709755
12	-42.371952	713.238403	-93.288689	210.798492	0.000000	0.000000	7.125000	4.012440	-267.534668
13	-1185.986328	-533.794067	-189.931290	-55.944817	0.000000	0.000000	7.125000	468.071320	140.765335
14	-571.396484	-1128.792725	-130.989075	-186.611008	0.000000	0.000000	7.125000	213.746201	378.459198
15	-595.478394	-436.608704	-146.852310	-118.946442	0.000000	0.000000	7.125000	187.804916	120.840645
16	1131.889160	-925.636536	147.599396	-136.435898	0.000000	0.000000	7.125000	-353.107574	394.208374
17	-1256.832153	-362.710052	-187.850800	-39.694241	0.000000	0.000000	7.125000	311.572205	45.361637
18	-222.310654	-368.225372	-59.068550	-176.292572	0.000000	0.000000	7.125000	49.770042	282.629089
19	1172.973389	-834.582153	196.492249	-137.752747	0.000000	0.000000	7.125000	-443.553894	210.912613
20	-358.415863	-1208.647705	-74.617889	-186.623352	0.000000	0.000000	7.125000	115.226532	423.159912
21	-1225.539429	141.771652	-191.973663	-3.117079	0.000000	0.000000	7.125000	498.020813	27.348364
22	512.097290	-854.752686	134.318604	-165.206894	0.000000	0.000000	7.125000	-574.982788	543.342346
23	722.808105	-1542.782715	127.525986	-237.981995	0.000000	0.000000	7.125000	-265.497803	661.685669
24	-948.379150	-501.122375	-164.978256	-109.464745	0.000000	0.000000	7.125000	317.668915	161.052994
25	384.415802	886.693054	78.771973	191.418213	0.000000	0.000000	7.125000	-156.932877	-377.716583
26	-774.377563	-849.238037	-131.271759	-131.770294	0.000000	0.000000	7.125000	330.114105	307.340393
27	-970.554565	359.774353	-220.948441	76.995232	0.000000	0.000000	7.125000	410.581635	-115.300583
28	1180.822754	-578.906433	176.568375	-113.677086	0.000000	0.000000	7.125000	-325.529572	177.950943
29	1178.190674	-1234.348633	149.641083	-151.578247	0.000000	0.000000	7.125000	-361.981415	363.673035
30	-372.497986	-475.844788	-75.004829	-166.872391	0.000000	0.000000	7.125000	42.258369	258.361053
31	-489.107819	-604.026367	-129.270187	-180.273193	0.000000	0.000000	7.125000	247.596909	130.025970
32	-490.360291	-238.975220	-129.677658	-153.568695	0.000000	0.000000	7.125000	116.128716	169.880997
33	621.702820	1110.558350	123.246124	181.018860	0.000000	0.000000	7.125000	-323.133026	-419.246613
34	681.442810	429.727936	200.620453	120.407959	0.000000	0.000000	7.125000	-283.903992	-158.174850
35	-1005.707031	-1365.000366	-149.561493	-164.038620	0.000000	0.000000	7.125000	355.612762	495.684937
36	641.205566	-1216.282837	92.542175	-185.158844	0.000000	0.000000	7.125000	-193.926254	441.717926
37	237.978729	-24.482719	26.248707	-217.386200	0.000000	0.000000	7.125000	-16.234402	212.917542
38	-519.473267	-896.361938	-114.070908	-186.942322	0.000000	0.000000	7.125000	196.902786	388.442352
39	233.111588	-117.031677	226.636566	55.225704	0.000000	0.000000	7.125000	-178.534851	-132.577774
40	139.643173	-1133.374146	-4.658731	-221.939423	0.000000	0.000000	7.125000	18.329702	489.488892
41	-346.502747	786.192078	-153.581558	138.777252	0.000000	0.000000	7.125000	273.377747	-321.700073
42	-476.386230	217.962326	-219.779480	47.692142	0.000000	0.000000	7.125000	144.160278	-10.096464
43	-769.942139	-1134.845215	-120.032028	-183.167099	0.000000	0.000000	7.125000	320.369171	709.036499
44	1008.407471	-658.242737	155.789978	-117.248360	0.000000	0.000000	7.125000	-378.599152	206.696976
45	-1043.533691	-649.851746	-177.032013	-133.913895	0.000000	0.000000	7.125000	592.980042	418.906860
46	139.573456	305.830627	100.627357	156.405777	0.000000	0.000000	7.125000	-165.750610	-165.478485
47	168.677002	1444.186401	36.952324	218.903000	0.000000	0.000000	7.125000	-102.202759	-533.624207
48	1689.587646	-377.549927	221.823105	-91.437195	0.000000	0.000000	7.125000	-623.194824	145.582260
49	1129.594604	413.738831	189.143250	91.231979	0.000000	0.000000	7.125000	-418.989227	-180.801682
50	1376.905762	1129.643677	196.951294	157.162140	0.000000	0.000000	7.125000	-621.212341	-367.744202
51	536.767456	552.154053	170.868378	146.371002	0.000000	0.000000	7.125000	-305.208954	-248.098373
52	1244.257080	-859.593689	167.954605	-135.799683	0.000000	0.000000	7.125000	-431.267944	266.175079
53	-1119.869629	-599.015259	-164.746246	-98.542145	0.000000	0.000000	7.125000	418.161469	183.397827
54	-210.876221	287.111450	-146.323944	109.888214	0.000000	0.000000	7.125000	278.884766	-196.707718
55	727.140320	1298.133057	117.054565	195.658325	0.000000	0.000000	7.125000	-262.068970	-438.766998
56	856.572021	-1629.608032	128.275909	-230.716003	0.000000	0.000000	7.125000	-203.808914	526.375854
57	115.546989	-1007.033691	19.209167	-178.971680	0.000000	0.000000	7.125000	-36.664612	409.267029
58	121.549759	955.271912	42.573364	162.507874	0.000000	0.000000	7.125000	-102.876572	-306.216339
59	-1027.870850	-164.438324	-264.245361	-79.458069	0.000000	0.000000	7.125000	468.776306	91.322495
60	-1589.469727	-275.285828	-260.922974	-40.175941	0.000000	0.000000	7.125000	721.837280	107.088715
61	638.725647	313.926331	209.433075	104.369385	0.000000	0.000000	7.125000	-504.464508	-221.482391
62	1526.487549	-578.128784	195.654694	-98.289787	0.000000	0.000000	7.125000	-477.841339	130.711273
63	146.159012	1243.816895	14.506443	191.451111	0.000000	0.000000	7.125000	-35.036434	-497.604553
64	206.480469	-1051.928589	51.900925	-203.442963	0.000000	0.000000	7.125000	-132.210403	282.422791
65	216.200653	-397.108765	187.417450	-94.674294	0.000000	0.000000	7.125000	-233.252289	57.821442
66	-877.754150	-700.318115	-158.033417	-114.226723	0.000000	0.000000	7.125000	243.958466	141.678986
67	-1113.008179	-1226.343018	-153.053207	-168.979858	0.000000	0.000000	7.125000	297.427124	419.811493
68	-176.444519	-995.168213	-42.500538	-202.579651	0.000000	0.000000	7.125000	-7.915753	656.315125
69	-490.805298	833.014038	-111.845245	148.601318	0.000000	0.000000	7.125000	312.550415	-624.806946
70	782.714355	1738.311768	104.028877	236.080139	0.000000	0.000000	7.125000	-191.062347	-562.058716
71	799.989380	9.686041	212.666351	-11.516080	0.000000	0.000000	7.125000	-316.388031	-31.085320
72	-1627.504028	-585.501953	-207.628265	-120.294853	0.000000	0.000000	7.125000	553.946350	172.717346
73	370.822571	439.773682	145.551834	167.625809	0.000000	0.000000	7.125000	-303.057159	-324.388763
74	-1294.095947	1105.844482	-183.139450	130.673889	0.000000	0.000000	7.125000	505.288788	-253.238098
75	-1044.370605	-1052.899902	-149.632660	-134.196869	0.000000	0.000000	7.125000	431.370667	303.065613
76	-548.582764	691.934875	-147.179230	127.918182	0.000000	0.000000	7.125000	299.747803	-268.573059
77	433.124634	-672.742493	120.959976	-182.547409	0.000000	0.000000	7.125000	-229.205627	268.737854
78	1429.870850	-767.554993	181.800705	-127.376495	0.000000	0.000000	7.125000	-503.830627	244.160995
79	-735.608765	43.554016	-212.500580	-14.575237	0.000000	0.000000	7.125000	480.060913	40.747402
80	264.984222	1044.049805	2.216954	275.984619	0.000000	0.000000	7.125000	10.031727	-412.944641
81	1100.899780	583.801697	174.481293	64.437790	0.000000	0.000000	7.125000	-492.673309	-182.768051
82	-910.701965	-1142.262939	-132.097000	-139.335464	0.000000	0.000000	7.125000	522.462708	645.912170
83	862.644043	44.612301	211.075729	-28.140732	0.000000	0.000000	7.125000	-334.710266	-8.362086
84	-738.575012	1121.624023	-109.990601	153.696045	0.000000	0.000000	7.125000	227.198547	-405.194458
85	-512.190857	1142.185181	-106.485321	173.990814	0.000000	0.000000	7.125000	186.638367	-394.581940
86	1374.478516	1331.081787	179.525269	163.758179	0.000000	0.000000	7.125000	-428.355316	-331.143402
87	-253.924957	-1268.557495	-52.339989	-194.063263	0.000000	0.000000	7.125000	100.165077	481.230835
88	-985.132202	1165.062744	-128.383286	173.694168	0.000000	0.000000	7.125000	386.195435	-605.678284
89	360.057068	-1124.556030	85.902565	-240.091904	0.000000	0.000000	7.125000	-151.936203	381.587189
90	1024.669312	494.185333	196.482941	89.724243	0.000000	0.000000	7.125000	-394.987518	-180.581985
91	-655.822754	-1067.380981	-97.725952	-172.155823	0.000000	0.000000	7.125000	130.577164	462.032928
92	-346.886414	1348.335571	-83.423187	208.946655	0.000000	0.000000	7.125000	135.844498	-466.950775
93	-715.269897	-830.609680	-139.867676	-206.004913	0.000000	0.000000	7.125000	260.277771	373.223480
94	-1162.432739	363.008911	-202.004211	28.465641	0.000000	0.000000	7.125000	577.088379	-77.768173
95	681.585449	395.416718	190.666656	72.537994	0.000000	0.000000	7.125000	-569.285339	-191.653717
96	-536.910156	672.983459	-116.454102	163.680130	0.000000	0.000000	7.125000	80.917206	-274.398041
97	-869.728394	-421.803101	-211.576416	-84.912468	0.000000	0.000000	7.125000	220.516052	121.493454
98	630.759521	1407.557861	84.101501	192.416687	0.000000	0.000000	7.125000	-163.768555	-551.969177
99	1056.046997	961.809082	148.704819	143.999496	0.000000	0.000000	7.125000	-371.596344	-215.300156
100	1365.998413	-997.333923	175.879440	-140.321930	0.000000	0.000000	7.125000	-457.537750	308.802368
101	673.092224	1133.953979	97.663437	175.677460	0.000000	0.000000	7.125000	-177.988861	-386.390137
102	-1023.700134	-853.422729	-135.053253	-127.892761	0.000000	0.000000	7.125000	337.924164	317.455078
103	1048.679688	-770.088440	169.992477	-101.444748	0.000000	0.000000	7.125000	-498.153625	161.547348
104	-1306.203125	189.405701	-203.246552	17.438755	0.000000	0.000000	7.125000	386.463287	-14.542465
105	-229.854401	1089.225098	-47.358009	210.733978	0.000000	0.000000	7.125000	59.517002	-482.878326
106	-844.885986	400.206543	-159.707916	83.025894	0.000000	0.000000	7.125000	503.815491	-185.667221
107	1053.802124	-90.027969	164.935425	4.520395	0.000000	0.000000	7.125000	-477.479004	19.367277
108	426.027252	-586.770447	81.312965	-225.734238	0.000000	0.000000	7.125000	-201.110870	367.762848
109	1192.838013	703.229919	208.169098	119.423126	0.000000	0.000000	7.125000	-298.220276	-217.898193
110	791.227600	295.994049	184.774292	21.257660	0.000000	0.000000	7.125000	-399.648193	-56.293877
111	-761.236816	-839.934753	-131.950302	-159.493240	0.000000	0.000000	7.125000	332.979858	482.732513
112	-809.019043	-73.974213	-194.848419	7.667433	0.000000	0.000000	7.125000	980.218628	-48.135544
113	458.864685	1123.975586	47.412174	186.052261	0.000000	0.000000	7.125000	-75.804161	-460.241150
114	122.965363	209.912338	-143.481842	-121.388268	0.000000	0.000000	7.125000	7.830142	106.454163
115	1096.216309	-371.719818	219.140076	-50.779182	0.000000	0.000000	7.125000	-475.779877	8.567177
116	552.153137	87.784271	196.275528	43.287384	0.000000	0.000000	7.125000	-434.124878	-125.167679
117	-483.767365	605.980469	-141.773926	200.936218	0.000000	0.000000	7.125000	135.417084	-361.375824
118	453.145599	-437.208069	118.209358	-191.379150	0.000000	0.000000	7.125000	-239.803497	249.439697
119	1154.414185	527.228149	176.200989	76.270302	0.000000	0.000000	7.125000	-473.269806	-195.181107
120	1201.806396	-641.501465	201.024002	-94.198463	0.000000	0.000000	7.125000	-414.594177	166.870132
121	245.929382	-1503.117432	22.376236	-214.837738	0.000000	0.000000	7.125000	-52.593807	531.985718
122	-1626.554688	-171.248596	-230.994843	-1.527504	0.000000	0.000000	7.125000	599.917542	-14.055694
123	77.205963	74.835426	28.569489	153.352783	0.000000	0.000000	7.125000	-91.322365	-198.009842
124	738.790039	-581.867554	183.105728	-125.513550	0.000000	0.000000	7.125000	-354.094452	209.127151
125	-775.245178	424.273376	-196.183319	103.897354	0.000000	0.000000	7.125000	536.977112	-280.876770
126	876.876221	55.460335	182.964691	3.469214	0.000000	0.000000	7.125000	-246.884460	-21.538124
127	895.355835	-1228.026489	126.173119	-164.101410	0.000000	0.000000	7.125000	-193.878220	287.117279
128	-1288.896606	32.375034	-187.899368	-20.363384	0.000000	0.000000	7.125000	493.688324	52.922859
129	1787.770996	-139.091675	269.970093	-3.918797	0.000000	0.000000	7.125000	-629.585388	-9.125662
130	1214.750610	758.745300	175.011505	110.473946	0.000000	0.000000	7.125000	-510.055542	-216.435730
131	1005.509155	196.370270	181.409805	24.054916	0.000000	0.000000	7.125000	-454.932220	-30.389742
132	-429.076447	-640.206665	-147.458038	-177.777298	0.000000	0.000000	7.125000	259.788483	247.516876
133	-724.089661	1387.011475	-105.312256	195.427750	0.000000	0.000000	7.125000	291.349976	-643.956238
134	154.885681	-1184.060303	35.535713	-213.032745	0.000000	0.000000	7.125000	-65.549316	289.020203
135	420.350769	-360.669495	147.516266	-145.189331	0.000000	0.000000	7.125000	-221.543579	177.164795
136	308.776123	-779.143188	27.774008	-205.127502	0.000000	0.000000	7.125000	-27.743982	279.997894
137	-348.995392	61.842419	-184.516235	86.965652	0.000000	0.000000	7.125000	197.732162	-141.292847
138	477.446716	1147.500977	87.594727	184.234497	0.000000	0.000000	7.125000	-222.694138	-400.850494
139	-1280.120361	-25.162914	-247.681870	-25.542383	0.000000	0.000000	7.125000	520.825317	62.789146
140	-1072.816406	-157.685913	-194.287766	-62.162796	0.000000	0.000000	7.125000	459.023102	106.524559
141	-960.662476	-1056.047607	-116.397507	-141.190720	0.000000	0.000000	7.125000	251.954559	467.800751
142	1081.191406	1134.856323	140.732742	151.798569	0.000000	0.000000	7.125000	-309.503937	-311.196869
143	-1123.541504	1169.027100	-152.539001	152.927795	0.000000	0.000000	7.125000	373.067871	-387.292694
144	-251.977158	-1453.415161	-57.842484	-220.515442	0.000000	0.000000	7.125000	49.232994	494.384583
145	-207.224228	-456.740631	-88.302292	-183.844116	0.000000	0.000000	7.125000	59.414738	431.174683
146	938.231995	-274.638123	164.779739	-79.589729	0.000000	0.000000	7.125000	-434.703430	164.669632
147	935.941772	-717.571838	136.448486	-117.376907	0.000000	0.000000	7.125000	-305.124176	241.400238
148	201.816681	-1317.185913	57.467575	-229.925171	0.000000	0.000000	7.125000	-122.556557	508.597900
149	-945.970886	-985.954468	-144.901932	-134.928818	0.000000	0.000000	7.125000	381.025787	416.934174
150	-546.881531	894.478088	-116.891914	170.802094	0.000000	0.000000	7.125000	140.285095	-353.151825
151	-66.152771	1088.747925	2.362115	191.985443	0.000000	0.000000	7.125000	-12.760391	-416.628510
152	1178.714966	1061.843018	166.810730	141.883347	0.000000	0.000000	7.125000	-440.169098	-327.287781
153	-261.654785	633.766907	-110.427109	208.856400	0.000000	0.000000	7.125000	-16.927773	-257.674957
154	802.632202	434.900360	204.522415	59.458076	0.000000	0.000000	7.125000	-406.744568	-84.891159
155	-1196.956909	1314.470825	-165.526001	173.781372	0.000000	0.000000	7.125000	342.335358	-336.242157
156	1222.403564	-883.021423	166.657364	-112.340317	0.000000	0.000000	7.125000	-580.671997	257.592316
157	1579.923950	1314.455322	211.617676	167.669281	0.000000	0.000000	7.125000	-498.706848	-335.171326
158	-977.425842	-1298.806396	-137.250824	-162.853241	0.000000	0.000000	7.125000	250.770386	489.221497
159	1085.600342	94.271042	221.875137	-7.442543	0.000000	0.000000	7.125000	-733.982178	60.739819
160	-982.716064	-852.692627	-151.708862	-122.507233	0.000000	0.000000	7.125000	495.664978	328.436249
161	775.847168	1189.340576	106.250687	170.612793	0.000000	0.000000	7.125000	-229.441223	-460.013611
162	249.442459	734.897339	25.632477	241.587234	0.000000	0.000000	7.125000	-98.668114	-316.637909
163	-805.002686	-1087.511841	-123.783798	-146.727173	0.000000	0.000000	7.125000	185.241089	131.753372
164	931.122314	-669.560181	168.682556	-125.084045	0.000000	0.000000	7.125000	-301.824371	226.319626
165	-526.964722	-841.339905	-93.910431	-135.658844	0.000000	0.000000	7.125000	274.852081	529.380493
166	-1389.761597	780.358093	-204.243729	101.266846	0.000000	0.000000	7.125000	565.219482	-180.954422
167	-1238.768433	1047.154419	-151.508850	136.604187	0.000000	0.000000	7.125000	386.035217	-313.651825
168	349.060455	-241.677643	176.254578	-90.071304	0.000000	0.000000	7.125000	-259.858215	76.911224
169	228.213928	-345.832123	102.427856	-203.669617	0.000000	0.000000	7.125000	-188.866257	132.150009
170	-1465.154053	297.045837	-211.338440	57.386795	0.000000	0.000000	7.125000	557.573303	-100.177261
171	-504.934052	1163.350342	-64.915085	177.489609	0.000000	0.000000	7.125000	106.741356	-434.328156
172	798.312622	-491.769226	152.763992	-106.099289	0.000000	0.000000	7.125000	-349.646393	196.258972
173	1147.959839	1078.391724	141.641510	167.028214	0.000000	0.000000	7.125000	-342.047577	-407.346436
174	-423.749207	575.497437	-151.647736	127.304596	0.000000	0.000000	7.125000	128.347717	-136.572449
175	-340.151886	-120.750534	-197.654297	-100.991669	0.000000	0.000000	7.125000	164.808441	78.866241
176	1152.964844	-811.039062	170.789261	-141.798752	0.000000	0.000000	7.125000	-389.818146	248.703537
177	-182.746811	-569.761475	-98.356377	-218.917419	0.000000	0.000000	7.125000	21.438005	91.947578
178	1461.972534	209.584244	207.700928	47.215073	0.000000	0.000000	7.125000	-573.649597	-139.890945
179	-131.460770	710.125916	-42.876900	226.936615	0.000000	0.000000	7.125000	-32.270073	-362.486206
180	1088.671997	792.959656	205.196716	112.464584	0.000000	0.000000	7.125000	-546.556213	-251.941696
181	879.796326	1054.804199	141.430542	155.226685	0.000000	0.000000	7.125000	-421.257965	-400.965454
182	59.367146	971.772461	-28.363916	189.892288	0.000000	0.000000	7.125000	32.349514	-349.213531
183	776.564270	-1292.986084	124.290329	-169.240158	0.000000	0.000000	7.125000	-486.143433	808.744202
184	-568.692566	-571.572693	-184.229172	-94.382568	0.000000	0.000000	7.125000	347.919830	175.269470
185	-222.858856	-456.213013	-37.766342	-160.547607	0.000000	0.000000	7.125000	-1.958230	322.906311
186	-1184.513672	693.326904	-163.735641	88.225891	0.000000	0.000000	7.125000	482.832672	-180.605698
187	-545.784546	890.732056	-111.654793	170.701355	0.000000	0.000000	7.125000	125.871918	-295.804352
188	-1411.874268	-973.142151	-188.622543	-148.361359	0.000000	0.000000	7.125000	453.934021	250.047714
189	897.665588	-553.428894	218.435379	-113.139107	0.000000	0.000000	7.125000	-399.211365	221.955017
190	1001.932129	-1191.205078	154.366241	-187.665146	0.000000	0.000000	7.125000	-361.634399	388.909912
191	953.635559	201.698608	184.118576	64.221115	0.000000	0.000000	7.125000	-329.946533	-110.706757
192	-429.109985	-804.075500	-88.851295	-180.286514	0.000000	0.000000	7.125000	87.519699	308.819000
193	1417.543701	-497.443573	191.793915	-92.602051	0.000000	0.000000	7.125000	-493.849915	137.938934
194	1361.966553	-195.395050	234.409958	-51.233082	0.000000	0.000000	7.125000	-512.862183	41.161621
195	1772.435791	707.208984	237.098312	101.726837	0.000000	0.000000	7.125000	-531.745361	-204.121796
196	-925.904297	812.689941	-147.411194	118.262390	0.000000	0.000000	7.125000	505.456848	-290.933990
197	279.462372	319.326477	175.642273	140.622437	0.000000	0.000000	7.125000	-259.803955	-202.752914
198	547.317688	-384.199646	196.567444	-109.363327	0.000000	0.000000	7.125000	-291.760376	113.020180
199	481.002106	1315.060913	61.443863	207.071381	0.000000	0.000000	7.125000	-118.764725	-636.398682
200	832.223755	-1106.182861	104.608810	-153.783859	0.000000	0.000000	7.125000	-244.532166	460.048431
201	-923.717468	961.214050	-144.876312	172.128830	0.000000	0.000000	7.125000	217.669525	-329.010132
202	1115.672363	10.211025	212.990784	-0.716627	0.000000	0.000000	7.125000	-281.016022	-13.708051
203	476.141907	1063.196045	74.329178	193.190689	0.000000	0.000000	7.125000	-158.811615	-376.248322
204	485.171265	-394.110382	172.279190	-119.997971	0.000000	0.000000	7.125000	-278.835754	135.679382
205	-750.946655	-314.048798	-180.685791	-64.926651	0.000000	0.000000	7.125000	84.806305	127.354050
206	291.990082	-1316.534546	32.560593	-204.412872	0.000000	0.000000	7.125000	-98.838478	507.095673
207	-1366.287964	1254.597168	-174.708847	160.143112	0.000000	0.000000	7.125000	420.359772	-364.319733
208	-366.002563	1491.711914	-67.939102	201.833282	0.000000	0.000000	7.125000	91.589348	-576.713684
209	-655.242554	-818.832764	-127.684113	-143.388290	0.000000	0.000000	7.125000	307.267120	336.059235
210	-202.849182	-1033.586670	-72.582275	-231.890076	0.000000	0.000000	7.125000	99.958588	456.436584
211	1245.495850	75.662720	230.878448	7.195653	0.000000	0.000000	7.125000	-428.165710	27.965714
212	1385.609619	166.103622	188.398361	-15.034468	0.000000	0.000000	7.125000	-484.552917	12.968705
213	-1271.688965	568.548645	-203.417694	72.543579	0.000000	0.000000	7.125000	436.369415	-71.038498
214	1387.015991	735.903564	204.825043	119.229607	0.000000	0.000000	7.125000	-372.713715	-230.216827
215	133.361511	717.569031	99.647118	171.080536	0.000000	0.000000	7.125000	-108.989647	-198.998276
216	719.325256	980.460571	135.310242	144.456635	0.000000	0.000000	7.125000	-162.837234	-37.010464
217	-48.317707	470.174164	-31.437721	210.325989	0.000000	0.000000	7.125000	-81.827705	-303.386017
218	-216.029480	-1168.345459	-82.698364	-183.191116	0.000000	0.000000	7.125000	154.380417	440.273621
219	210.113327	1469.293579	6.068527	215.913696	0.000000	0.000000	7.125000	-33.094555	-566.780518
220	136.733795	807.092285	17.377977	209.265961	0.000000	0.000000	7.125000	-4.273173	-418.395660
221	-575.990906	-1572.287354	-75.442261	-237.296021	0.000000	0.000000	7.125000	107.234344	485.474274
222	1182.114624	-683.082275	209.628128	-63.259159	0.000000	0.000000	7.125000	-293.671631	33.630482
223	-1442.856079	-923.053467	-193.450500	-131.576508	0.000000	0.000000	7.125000	474.992523	216.328873
224	-429.900208	-888.918213	-95.469604	-197.055023	0.000000	0.000000	7.125000	323.009125	892.272034
225	-335.870239	926.074036	-103.427910	182.698273	0.000000	0.000000	7.125000	133.711777	-419.563934
226	-185.212708	-678.110840	-42.158066	-165.716309	0.000000	0.000000	7.125000	57.480896	326.935455
227	-631.511780	-396.830444	-192.880661	-66.429985	0.000000	0.000000	7.125000	279.532776	-41.829563
228	667.031433	-346.697815	173.562424	-133.526382	0.000000	0.000000	7.125000	-293.157501	173.152954
229	-1236.979004	149.765854	-214.955704	21.212553	0.000000	0.000000	7.125000	477.735168	-60.688549
230	-1207.769775	451.851562	-188.798447	77.255005	0.000000	0.000000	7.125000	451.355774	-156.397186
231	-721.493225	1162.690308	-136.445892	167.432556	0.000000	0.000000	7.125000	242.831894	-354.996643
232	-150.623749	698.574951	5.328804	233.917618	0.000000	0.000000	7.125000	-58.269615	-455.726715
233	-3.376495	912.104858	-5.079661	200.934875	0.000000	0.000000	7.125000	38.554047	-464.297699
234	756.572021	-1331.802979	105.739243	-181.427002	0.000000	0.000000	7.125000	-239.064621	426.967712
235	826.030396	-266.389832	178.530518	-110.566528	0.000000	0.000000	7.125000	-491.208710	239.225494
236	799.395386	-996.631287	146.781158	-189.874115	0.000000	0.000000	7.125000	-356.972321	512.094788
237	-223.034180	544.523315	-148.483185	169.022552	0.000000	0.000000	7.125000	71.979668	-246.819839
238	365.587708	-113.986938	116.446213	-132.722931	0.000000	0.000000	7.125000	-102.588921	15.140625
239	966.995667	1293.697021	122.439957	185.181442	0.000000	0.000000	7.125000	-338.424988	-506.115143
240	644.418213	-1068.421997	88.960152	-193.527222	0.000000	0.000000	7.125000	-217.779053	499.093536
241	706.905823	-1649.805420	117.033440	-259.845978	0.000000	0.000000	7.125000	-167.008743	461.842987
242	-546.850159	1517.035889	-74.763824	218.545135	0.000000	0.000000	7.125000	88.233940	-382.396545
243	97.894699	-1463.331055	13.288435	-221.601562	0.000000	0.000000	7.125000	-18.272028	525.573547
244	-551.245361	356.800720	-166.885681	106.542709	0.000000	0.000000	7.125000	264.587891	-156.090866
245	-121.114304	-170.602539	109.548889	-210.138092	0.000000	0.000000	7.125000	-146.597076	211.585281
246	-590.272705	648.791077	-109.488335	131.350830	0.000000	0.000000	7.125000	257.113037	-313.443756
247	-585.506592	711.160889	-121.047340	141.176270	0.000000	0.000000	7.125000	160.630081	-196.028915
248	-139.894958	924.766113	-66.815033	230.453094	0.000000	0.000000	7.125000	46.959019	-437.195160
249	403.266937	-905.385559	98.012360	-222.323456	0.000000	0.000000	7.125000	-219.780670	390.247131
250	692.991455	-6.146263	199.107849	-66.664238	0.000000	0.000000	7.125000	-307.159729	60.031769
251	292.781708	126.956421	154.743103	137.374924	0.000000	0.000000	7.125000	-153.256470	-161.301010
252	234.293076	1279.177734	28.182007	192.950439	0.000000	0.000000	7.125000	-48.981693	-570.590210
253	-732.551392	-1226.931519	-147.329498	-157.952942	0.000000	0.000000	7.125000	414.099518	457.579376
254	-301.104523	1508.179321	-62.920860	225.361603	0.000000	0.000000	7.125000	128.741608	-656.953796
255	-1315.924316	-1401.136719	-177.704865	-165.740417	0.000000	0.000000	7.125000	433.312439	377.168182
256	-1150.796875	346.750519	-154.082672	66.926651	0.000000	0.000000	7.125000	487.925903	-154.550919
257	-1157.747070	-407.673370	-231.309662	-92.163948	0.000000	0.000000	7.125000	558.332031	157.205917
258	568.034424	483.141541	143.962067	152.814819	0.000000	0.000000	7.125000	-204.062576	-178.364487
259	-343.617462	1655.676880	-53.819786	224.623444	0.000000	0.000000	7.125000	61.688366	-563.853638
260	-529.046997	1137.900024	-83.491226	189.398468	0.000000	0.000000	7.125000	152.146759	-462.124908
261	-73.632103	290.334137	-168.836563	157.600693	0.000000	0.000000	7.125000	217.425323	-211.388489
262	680.827820	642.941650	165.548950	152.375885	0.000000	0.000000	7.125000	-405.097717	-285.076172
263	-163.205872	-1199.467529	-50.202255	-191.524277	0.000000	0.000000	7.125000	102.843620	625.377014
264	-434.850464	-1617.102905	-39.210503	-239.805374	0.000000	0.000000	7.125000	44.983994	547.497314
265	-459.568054	-1108.086060	-117.551437	-202.327805	0.000000	0.000000	7.125000	211.723557	416.918610
266	-411.874115	1140.312500	-48.237701	216.687393	0.000000	0.000000	7.125000	48.478897	-431.142303
267	476.042419	1369.945068	77.909882	191.764648	0.000000	0.000000	7.125000	-133.718124	-505.879883
268	768.989868	1057.344727	139.529205	164.884705	0.000000	0.000000	7.125000	-269.415070	-339.673859
269	-1165.360107	-818.848389	-158.586884	-128.260574	0.000000	0.000000	7.125000	438.152985	238.648178
270	714.737976	-808.977173	97.657387	-147.613922	0.000000	0.000000	7.125000	-181.471283	318.596558
271	-782.476440	667.772827	-138.274292	141.712997	0.000000	0.000000	7.125000	372.551575	-511.721741
272	968.086121	-309.873413	212.896744	-72.778641	0.000000	0.000000	7.125000	-296.017059	88.264618
273	-1028.643799	147.275864	-209.892975	6.677188	0.000000	0.000000	7.125000	436.936859	-5.865394
274	-1489.068848	-130.368225	-236.876892	6.600722	0.000000	0.000000	7.125000	496.924286	-6.012604
275	7.302037	-377.613647	18.184645	-176.062683	0.000000	0.000000	7.125000	-30.570833	185.374878
276	60.547325	1407.541260	-27.863491	214.185898	0.000000	0.000000	7.125000	22.853449	-461.326172
277	1197.611450	-1016.075195	158.401154	-123.732178	0.000000	0.000000	7.125000	-422.531281	314.656647
278	251.999695	-354.136658	129.638733	-198.093155	0.000000	0.000000	7.125000	-177.930374	174.754028
279	-791.436768	1672.987915	-124.382721	215.691528	0.000000	0.000000	7.125000	241.500854	-545.023010
280	-488.567719	86.593338	-196.522186	42.093281	0.000000	0.000000	7.125000	157.085175	-40.607235
281	-1122.455811	1072.449829	-177.754929	165.679382	0.000000	0.000000	7.125000	425.845398	-543.271545
282	-365.307800	1276.560791	-88.929565	251.730408	0.000000	0.000000	7.125000	115.141014	-478.237152
283	1068.316284	-948.908447	143.358627	-169.503540	0.000000	0.000000	7.125000	-268.973358	380.494141
284	595.568298	1008.972839	84.926735	165.477051	0.000000	0.000000	7.125000	-80.525436	-343.653290
285	-527.643738	-105.881889	-184.102127	-42.747162	0.000000	0.000000	7.125000	303.767700	63.548645
286	-1578.552002	115.516655	-239.231140	19.168034	0.000000	0.000000	7.125000	563.446167	-33.129326
287	-920.566589	1074.647461	-125.113350	176.066162	0.000000	0.000000	7.125000	231.482208	-403.259979
288	1308.208374	-345.446808	203.310287	-52.386314	0.000000	0.000000	7.125000	-496.164398	36.575459
289	-479.554047	-1514.828125	-50.645912	-209.960846	0.000000	0.000000	7.125000	75.669228	560.580627
290	1038.359009	975.756226	142.762436	137.190475	0.000000	0.000000	7.125000	-449.792175	-386.397308
291	-373.231995	-250.602020	-113.536232	-173.080353	0.000000	0.000000	7.125000	213.696014	207.862579
292	863.844604	-328.994629	176.556625	-67.435951	0.000000	0.000000	7.125000	-494.306793	194.112503
293	-74.115562	-269.828339	-63.256210	-212.772491	0.000000	0.000000	7.125000	48.433105	202.335205
294	817.208801	448.408630	152.423004	101.267059	0.000000	0.000000	7.125000	-325.964111	-237.678131
295	-467.660645	-1021.255615	-81.939423	-209.514801	0.000000	0.000000	7.125000	94.443085	471.706177
296	-936.133057	73.838928	-212.204315	18.197340	0.000000	0.000000	7.125000	256.622986	-45.880363
297	1496.084595	20.589104	223.240875	28.070602	0.000000	0.000000	7.125000	-518.566040	-49.391880
298	-361.116943	783.852417	-90.603119	225.368744	0.000000	0.000000	7.125000	79.834274	-422.682617
299	375.021393	-1205.801392	93.029572	-178.173889	0.000000	0.000000	7.125000	-206.455429	360.339783
300	283.888580	-1086.588989	51.564262	-159.881851	0.000000	0.000000	7.125000	-88.227295	447.901886
301	205.438721	772.906616	54.746094	190.274918	0.000000	0.000000	7.125000	-126.533546	-335.283905
302	395.419373	990.414551	51.086971	212.945618	0.000000	0.000000	7.125000	-88.731689	-326.156036
303	93.605888	82.467873	203.141571	-11.960824	0.000000	0.000000	7.125000	-155.907669	-75.275833
304	-1018.435913	1090.295410	-127.473595	163.093445	0.000000	0.000000	7.125000	235.356857	-264.048218
305	-8.851302	-1152.582153	0.517429	-182.997543	0.000000	0.000000	7.125000	23.646105	470.120148
306	835.162720	1247.669067	131.758972	171.158905	0.000000	0.000000	7.125000	-265.282684	-276.689117
307	-127.841614	495.773193	-129.783707	176.177551	0.000000	0.000000	7.125000	-2.533810	-139.162460
308	-624.050415	823.294556	-91.838455	161.732559	0.000000	0.000000	7.125000	166.842667	-422.977905
309	1396.738770	-1252.621948	177.221100	-166.253769	0.000000	0.000000	7.125000	-505.594666	462.005829
310	301.231232	-626.311890	54.998768	-205.763977	0.000000	0.000000	7.125000	-95.901405	262.042328
311	-856.336731	545.180298	-163.615433	126.797577	0.000000	0.000000	7.125000	309.080383	-235.992081
312	887.333740	-835.230347	135.153992	-127.785599	0.000000	0.000000	7.125000	-286.695221	235.538818
313	-693.256836	-731.592407	-138.682007	-169.470566	0.000000	0.000000	7.125000	317.604675	310.840271
314	1235.379761	-1519.619385	157.640854	-188.830246	0.000000	0.000000	7.125000	-319.797455	467.628113
315	-526.989807	94.904350	-167.411209	81.052246	0.000000	0.000000	7.125000	314.908234	-154.466141
316	-1317.381836	1179.955688	-178.426041	146.708359	0.000000	0.000000	7.125000	480.169220	-370.328613
317	-666.072266	331.019836	-176.027130	68.696777	0.000000	0.000000	7.125000	425.025604	-131.182663
318	568.262146	821.598022	108.304893	183.393158	0.000000	0.000000	7.125000	-322.895325	-474.354706
319	-992.453857	960.842285	-151.696548	127.237846	0.000000	0.000000	7.125000	397.189240	-293.255676
320	776.943970	261.162933	202.864731	82.494835	0.000000	0.000000	7.125000	-415.789642	-160.467209
321	1228.985229	168.044907	194.216644	17.398247	0.000000	0.000000	7.125000	-542.739258	-8.398181
322	5.243973	-572.708679	-1.209866	-167.967728	0.000000	0.000000	7.125000	-37.568249	238.702667
323	-1060.271851	1007.259766	-170.946136	136.887466	0.000000	0.000000	7.125000	315.430328	-235.250595
324	-855.411743	-1172.101685	-148.717010	-184.529099	0.000000	0.000000	7.125000	151.878479	466.280273
325	1078.863281	933.229309	191.908432	139.067780	0.000000	0.000000	7.125000	-413.574768	-283.907593
326	-50.086781	-1433.370972	-16.839750	-221.358368	0.000000	0.000000	7.125000	25.683647	532.839905
327	-2.758984	-654.144897	-23.302114	-199.579742	0.000000	0.000000	7.125000	-65.119614	253.201187
328	-806.649719	640.383423	-137.955017	120.236359	0.000000	0.000000	7.125000	254.492554	-247.302200
329	213.475708	-1357.936646	36.129852	-222.079468	0.000000	0.000000	7.125000	-94.485809	459.560272
330	832.429688	1025.089600	114.829315	164.967102	0.000000	0.000000	7.125000	-251.204361	-396.631195
331	808.028442	1067.024170	132.817474	210.579102	0.000000	0.000000	7.125000	-264.306885	-297.145325
332	886.454712	1263.667725	114.517227	179.592804	0.000000	0.000000	7.125000	-281.627258	-491.525360
333	-601.840454	-105.018379	-211.519958	-67.079201	0.000000	0.000000	7.125000	181.245560	25.160240
334	944.130493	111.284088	212.976807	1.641009	0.000000	0.000000	7.125000	-302.877289	-39.778221
335	-624.368408	-16.317055	-227.679688	-11.359365	0.000000	0.000000	7.125000	292.174774	-35.295033
336	-1090.249512	-642.412720	-166.851089	-106.531006	0.000000	0.000000	7.125000	444.958191	197.102264
337	-1300.708496	390.153381	-200.453674	37.872509	0.000000	0.000000	7.125000	491.546692	-87.779846
338	120.935287	-993.357178	34.332581	-176.670471	0.000000	0.000000	7.125000	-70.282890	171.879242
339	-332.398926	640.253540	-78.049423	158.825439	0.000000	0.000000	7.125000	63.491859	-321.758850
340	-411.518524	-808.138306	-107.185028	-162.898743	0.000000	0.000000	7.125000	226.793335	326.211578
341	183.405884	922.510315	-5.177510	185.927017	0.000000	0.000000	7.125000	8.243814	-277.231628
342	-751.302246	1257.672363	-102.695984	176.257278	0.000000	0.000000	7.125000	212.049469	-466.839752
343	-1180.806396	-109.098015	-187.848587	-39.709961	0.000000	0.000000	7.125000	462.402130	90.907951
344	873.636230	561.515808	181.610733	111.292786	0.000000	0.000000	7.125000	-290.515869	-153.829056
345	26.036463	323.719757	169.161591	113.491623	0.000000	0.000000	7.125000	-107.188400	-93.744209
346	217.244995	-828.688171	41.670891	-254.606125	0.000000	0.000000	7.125000	-67.334312	257.705261
347	-658.125549	-336.162537	-131.184113	-118.820679	0.000000	0.000000	7.125000	209.862167	150.453964
348	-867.418152	820.339111	-176.292236	114.088821	0.000000	0.000000	7.125000	435.426056	-202.809982
349	741.100220	825.144104	100.412163	138.412964	0.000000	0.000000	7.125000	-323.050903	-346.675781
350	-874.217041	-1215.067261	-132.234375	-189.397491	0.000000	0.000000	7.125000	219.573547	303.614288
351	-315.883606	-558.624023	-101.966782	-183.578674	0.000000	0.000000	7.125000	129.785995	217.933487
352	-204.201279	-235.309372	-165.364166	-78.364655	0.000000	0.000000	7.125000	169.525970	82.005302
353	1349.628662	1094.495605	167.555878	158.906937	0.000000	0.000000	7.125000	-295.159332	-246.087082
354	514.116882	-663.937256	94.214264	-187.602661	0.000000	0.000000	7.125000	-177.969757	260.981110
355	637.367798	1277.830811	79.190399	210.592896	0.000000	0.000000	7.125000	-259.946777	-820.830994
356	-50.491726	-881.350464	-12.484034	-179.566528	0.000000	0.000000	7.125000	13.563435	457.724823
357	729.612671	774.828064	137.233734	158.953079	0.000000	0.000000	7.125000	-229.992462	-229.879410
358	-964.012390	432.879150	-143.660248	92.731674	0.000000	0.000000	7.125000	387.183228	-201.424866
359	-1041.292725	859.369873	-153.610519	138.753250	0.000000	0.000000	7.125000	202.725266	-170.402039
360	-338.837128	630.503784	-133.783691	177.147934	0.000000	0.000000	7.125000	112.688499	-235.596878
361	-264.579132	1294.697510	-56.086945	189.873672	0.000000	0.000000	7.125000	97.927422	-483.578094
362	1053.323120	652.869385	187.410675	101.223648	0.000000	0.000000	7.125000	-415.322418	-230.274948
363	-499.528931	1493.491943	-90.002960	209.468201	0.000000	0.000000	7.125000	158.164734	-442.850739
364	-234.160767	-1318.111084	-46.957378	-220.042404	0.000000	0.000000	7.125000	92.392197	279.271088
365	1246.795898	268.947083	193.433868	64.795204	0.000000	0.000000	7.125000	-490.870056	-170.383453
366	-962.909363	-387.952606	-179.969299	-108.137848	0.000000	0.000000	7.125000	4101.585938	1739.629272
367	1585.355347	20.440086	230.002838	21.325834	0.000000	0.000000	7.125000	-601.444763	-14.690648
368	937.110535	1313.050415	137.564362	203.930786	0.000000	0.000000	7.125000	-305.989105	-404.409698
369	50.881489	-215.008575	-59.542023	-179.370239	0.000000	0.000000	7.125000	93.953468	141.001633
370	-907.213867	-1098.405273	-141.826492	-158.899643	0.000000	0.000000	7.125000	289.864136	381.989166
371	-568.262573	428.756409	-196.973083	95.715469	0.000000	0.000000	7.125000	326.439667	-146.741882
372	-460.267487	1194.946289	-92.183197	161.546982	0.000000	0.000000	7.125000	211.664032	-416.886017
373	-549.445618	-369.649078	-159.121735	-112.715553	0.000000	0.000000	7.125000	335.167725	217.545212
374	861.352173	-447.791748	226.600723	-87.720734	0.000000	0.000000	7.125000	-359.029327	101.389870
375	-633.363647	-1299.614258	-120.327217	-186.541229	0.000000	0.000000	7.125000	223.979599	446.700470
376	-1635.989746	371.230225	-241.578552	46.429272	0.000000	0.000000	7.125000	545.463928	-98.355408
377	-1005.713867	835.424744	-134.000061	110.992035	0.000000	0.000000	7.125000	238.977097	-176.451843
378	-918.433777	-546.434692	-154.987915	-127.971703	0.000000	0.000000	7.125000	306.206024	209.654648
379	1246.714600	603.471680	191.773819	85.573280	0.000000	0.000000	7.125000	-452.568298	-198.759232
380	-320.529083	956.070312	-76.442444	217.952484	0.000000	0.000000	7.125000	102.329987	-482.363373
381	-431.750183	-19.525177	-195.288666	92.275467	0.000000	0.000000	7.125000	300.336334	-130.536560
382	-1103.664062	-766.288818	-173.891464	-100.677505	0.000000	0.000000	7.125000	578.802246	174.484802
383	-1096.831665	1092.290894	-164.980347	165.911652	0.000000	0.000000	7.125000	380.275085	-440.722748
384	-1040.356079	396.557434	-208.150696	45.164753	0.000000	0.000000	7.125000	433.693512	-61.318703
385	-964.714233	-674.517517	-188.449799	-143.713821	0.000000	0.000000	7.125000	346.929779	223.624939
386	545.813843	-85.587845	203.014008	-40.291641	0.000000	0.000000	7.125000	-345.409973	16.344479
387	1107.894531	933.479614	129.965088	149.370377	0.000000	0.000000	7.125000	-306.108154	-356.549438
388	-480.369324	-1089.044312	-80.592850	-210.041321	0.000000	0.000000	7.125000	92.901749	422.221252
389	-524.817627	-1285.336548	-77.926804	-191.751801	0.000000	0.000000	7.125000	112.445923	26.534248
390	492.803528	301.211426	223.523956	68.618965	0.000000	0.000000	7.125000	-236.038132	-122.271271
391	-844.638611	641.813354	-166.465820	89.475090	0.000000	0.000000	7.125000	334.975769	-140.620758
392	-1132.601318	-950.840820	-169.935165	-147.448608	0.000000	0.000000	7.125000	533.670166	313.494965
393	484.589722	-288.787476	130.494904	-140.682068	0.000000	0.000000	7.125000	-230.299057	147.755005
394	-91.887421	-24.358778	-214.486420	-14.767180	0.000000	0.000000	7.125000	37.558235	-15.908671
395	-898.978882	731.593872	-125.991791	101.831085	0.000000	0.000000	7.125000	431.217590	-283.226929
396	-454.889130	-530.149963	-152.943268	-94.911850	0.000000	0.000000	7.125000	223.933578	105.449280
397	-146.110062	-51.153828	-103.408569	-150.898849	0.000000	0.000000	7.125000	93.300957	213.221695
398	783.610779	173.568909	213.971466	115.112045	0.000000	0.000000	7.125000	-259.748566	-134.880493
399	-893.616211	770.069092	-134.954544	176.191864	0.000000	0.000000	7.125000	220.395477	-407.484924
400	-1017.786011	-59.725422	-203.838364	-8.119374	0.000000	0.000000	7.125000	435.202698	15.467299
401	-1016.014343	951.654724	-155.884094	117.132690	0.000000	0.000000	7.125000	459.407410	-260.562805
402	1389.790161	1271.201294	171.592056	167.792496	0.000000	0.000000	7.125000	-394.051788	-345.448822
403	1014.937134	-482.785767	180.091782	-102.001923	0.000000	0.000000	7.125000	-476.108276	190.962601
404	-1026.588989	-929.071655	-131.563187	-151.929733	0.000000	0.000000	7.125000	311.767548	546.959961
405	-200.365723	1181.510620	-85.948593	240.024445	0.000000	0.000000	7.125000	88.289162	-470.033905
406	296.190063	42.811638	166.673416	38.185738	0.000000	0.000000	7.125000	-233.554718	-87.901741
407	178.209152	623.949402	-12.684481	185.551361	0.000000	0.000000	7.125000	39.364380	-401.759796
408	661.809937	-1590.948853	103.603340	-226.411880	0.000000	0.000000	7.125000	-301.865387	911.573059
409	-865.009827	-914.111450	-147.855774	-140.547241	0.000000	0.000000	7.125000	363.109863	305.751312
410	452.370056	-1122.285889	65.995613	-227.561096	0.000000	0.000000	7.125000	-150.087570	488.247375
411	-1138.621094	1035.872314	-161.598984	124.488754	0.000000	0.000000	7.125000	512.758301	-322.240509
412	350.660706	-164.642883	176.348755	-67.297989	0.000000	0.000000	7.125000	-207.276978	-10.006863
413	-424.584961	-653.235962	-121.246948	-160.312683	0.000000	0.000000	7.125000	229.381699	280.417297
414	-1454.856445	400.084381	-219.120148	35.620819	0.000000	0.000000	7.125000	589.892151	-55.757862
415	-1340.296509	-625.046692	-164.014603	-99.772621	0.000000	0.000000	7.125000	485.957367	196.800995
416	-1125.541870	-1511.378662	-167.760437	-171.627747	0.000000	0.000000	7.125000	431.627441	360.677521
417	-1157.432251	-1308.644409	-149.745209	-159.801712	0.000000	0.000000	7.125000	329.188904	394.891083
418	1522.947021	822.646667	194.117569	125.177979	0.000000	0.000000	7.125000	-505.648987	-235.908218
419	-424.803680	-935.626709	-82.400101	-183.331268	0.000000	0.000000	7.125000	147.854248	405.527496
420	1344.773315	646.304138	188.670761	98.849564	0.000000	0.000000	7.125000	-468.375275	-208.291794
421	1352.340088	439.128082	216.002045	36.037685	0.000000	0.000000	7.125000	-672.060974	-57.141045
422	-648.411621	-632.958740	-224.731995	-75.248230	0.000000	0.000000	7.125000	653.451050	230.876770
423	-492.602020	1442.985107	-75.828789	224.508667	0.000000	0.000000	7.125000	238.685013	-1524.935181
424	303.511292	-158.282013	121.349983	-180.751129	0.000000	0.000000	7.125000	-65.181381	-5.335489
425	-950.852539	-1102.702148	-139.436996	-157.009933	0.000000	0.000000	7.125000	289.207153	412.373108
426	782.035034	-1247.682129	121.380508	-217.404572	0.000000	0.000000	7.125000	-182.634293	366.283661
427	1239.165771	-528.685791	177.737030	-80.188042	0.000000	0.000000	7.125000	-443.390808	116.574463
428	348.129974	-800.001587	84.332321	-205.336426	0.000000	0.000000	7.125000	-164.069717	328.998016
429	143.703674	317.880096	39.817863	221.398590	0.000000	0.000000	7.125000	-107.736389	-279.175629
430	972.941528	-3.370893	221.104050	19.892536	0.000000	0.000000	7.125000	-472.608154	-49.711674
431	1010.195801	983.649780	133.312210	162.250519	0.000000	0.000000	7.125000	-351.531982	-369.142273
432	304.669861	1072.865967	41.702499	178.184845	0.000000	0.000000	7.125000	-75.404655	-390.860199
433	1430.927734	615.952271	238.489655	46.592697	0.000000	0.000000	7.125000	-960.169556	-150.084503
434	731.484253	-884.008423	127.570435	-170.570709	0.000000	0.000000	7.125000	-242.610001	269.618835
435	641.832092	597.905579	203.650940	109.019653	0.000000	0.000000	7.125000	-369.428619	-170.612152
436	1558.482666	433.367859	225.035339	74.342163	0.000000	0.000000	7.125000	-539.828064	-141.382523
437	-860.971497	-820.388184	-171.454346	-150.289429	0.000000	0.000000	7.125000	356.722198	343.072052
438	-1294.647949	42.095001	-233.181320	19.473427	0.000000	0.000000	7.125000	386.639404	8.305297
439	-1084.588745	178.080963	-218.180756	54.921669	0.000000	0.000000	7.125000	384.282135	-51.856697
440	-1393.508301	-354.001221	-188.156876	-70.594215	0.000000	0.000000	7.125000	575.052734	149.647171
441	641.805847	699.477905	108.887024	150.788513	0.000000	0.000000	7.125000	-118.509583	-161.381668
442	-47.199093	385.255188	-70.533989	203.658386	0.000000	0.000000	7.125000	-78.663971	-256.904114
443	-1340.103027	-1139.561035	-162.996140	-150.716812	0.000000	0.000000	7.125000	396.712891	344.645447
444	1619.251953	138.100815	271.834778	25.194674	0.000000	0.000000	7.125000	-409.828979	-40.819477
445	446.824707	608.018433	131.177307	148.290039	0.000000	0.000000	7.125000	-257.327332	-229.496124
446	-1310.726685	-1.356900	-200.988358	-1.369074	0.000000	0.000000	7.125000	459.295685	58.798233
447	636.383484	476.713867	131.976562	178.450195	0.000000	0.000000	7.125000	-204.213531	-312.405518
448	-328.941620	79.835587	-212.200958	18.432262	0.000000	0.000000	7.125000	307.904327	14.399546
449	-558.387695	-1435.131592	-110.474655	-189.066208	0.000000	0.000000	7.125000	201.865631	515.628662
450	781.493774	1360.229370	109.909103	192.883316	0.000000	0.000000	7.125000	-256.826263	-521.741028
451	633.498291	488.294220	129.627472	176.510315	0.000000	0.000000	7.125000	-234.240540	-279.638672
452	398.418152	1204.178955	65.208839	212.206238	0.000000	0.000000	7.125000	-86.537575	-395.514954
453	1412.503052	534.044006	203.439178	81.055878	0.000000	0.000000	7.125000	-533.452087	-164.554398
454	-205.581680	-1140.049561	-64.084518	-246.792389	0.000000	0.000000	7.125000	84.044258	435.251312
455	-666.777344	-315.002808	-194.242096	-51.520317	0.000000	0.000000	7.125000	412.217499	46.041229
456	-4.725488	1198.489258	-6.067735	203.894470	0.000000	0.000000	7.125000	-36.060493	-500.155609
457	-912.905396	1448.090210	-147.762192	189.118958	0.000000	0.000000	7.125000	422.812927	-540.505859
458	78.141884	-1167.293945	38.642673	-252.054871	0.000000	0.000000	7.125000	-71.505203	290.333344
459	1504.086060	-145.996521	207.537476	-32.039757	0.000000	0.000000	7.125000	-511.016998	48.342659
460	832.100891	517.992249	198.480621	150.354370	0.000000	0.000000	7.125000	-364.686951	-270.659119
461	-1281.057251	836.638306	-204.334656	147.475998	0.000000	0.000000	7.125000	497.264832	-290.631592
462	-1054.258057	735.668823	-180.443466	124.100204	0.000000	0.000000	7.125000	1069.155884	-783.695801
463	-160.353302	-29.258211	-193.537567	53.232216	0.000000	0.000000	7.125000	110.316528	-89.183319
464	-994.615601	434.976776	-177.626526	106.241745	0.000000	0.000000	7.125000	249.196030	-195.383774
465	143.475784	-1361.691895	27.931063	-202.076874	0.000000	0.000000	7.125000	-89.225372	518.730469
466	164.483658	-664.034119	76.481651	-192.333496	0.000000	0.000000	7.125000	-177.457245	353.063171
467	891.590759	-785.213135	146.707123	-170.586029	0.000000	0.000000	7.125000	-288.170837	286.359436
468	-974.077271	650.570496	-179.366943	97.158310	0.000000	0.000000	7.125000	481.037170	-189.946243
469	1396.013916	-19.408194	218.835251	8.270086	0.000000	0.000000	7.125000	-509.256348	32.266438
470	1155.765991	-1059.739258	182.761047	-146.081482	0.000000	0.000000	7.125000	-415.111237	225.977692
471	1494.967529	-137.138947	228.568298	-62.494118	0.000000	0.000000	7.125000	-517.282104	56.214123
472	-1205.233521	-1102.164429	-160.014740	-162.412964	0.000000	0.000000	7.125000	252.294830	251.183533
473	-415.586426	374.520386	-170.970520	141.607742	0.000000	0.000000	7.125000	247.230499	-194.757706
474	-698.180237	-554.080688	-156.072113	-157.840378	0.000000	0.000000	7.125000	323.294312	256.988312
475	-1360.049438	1708.376221	-170.952881	208.979553	0.000000	0.000000	7.125000	337.583405	-475.453278
476	1336.516235	-837.221741	191.541809	-117.957993	0.000000	0.000000	7.125000	-509.174744	177.696838
477	853.887695	-1212.559326	118.987915	-183.846100	0.000000	0.000000	7.125000	-213.070053	416.834229
478	1356.312744	-963.165100	181.521912	-122.455757	0.000000	0.000000	7.125000	-507.387634	218.530502
479	394.457245	-1092.885254	80.840988	-209.967255	0.000000	0.000000	7.125000	-157.015472	370.571228
480	972.381714	-1010.128662	146.207916	-142.264679	0.000000	0.000000	7.125000	-466.635651	483.877747
481	-1058.302368	-325.054718	-201.813583	-46.002548	0.000000	0.000000	7.125000	406.397583	63.758877
482	-287.332123	1339.061646	-38.188091	221.711029	0.000000	0.000000	7.125000	34.339092	-595.699219
483	303.178833	55.789547	180.448990	30.395992	0.000000	0.000000	7.125000	-203.514267	-51.941998
484	694.524658	155.257797	215.939178	73.170303	0.000000	0.000000	7.125000	-315.604126	33.208263
485	-1294.833130	181.263687	-214.904144	21.722752	0.000000	0.000000	7.125000	492.290985	-44.234440
486	425.298065	1044.190796	75.449303	160.112656	0.000000	0.000000	7.125000	-170.660492	-430.989014
487	1145.947754	797.998047	158.550598	133.071533	0.000000	0.000000	7.125000	-371.991241	-256.004120
488	-1102.084595	-808.648193	-178.146500	-127.339233	0.000000	0.000000	7.125000	543.953369	211.456100
489	175.105865	-299.138733	45.252129	-208.101410	0.000000	0.000000	7.125000	-83.580048	188.107605
490	142.516891	277.330048	-3.148682	176.867523	0.000000	0.000000	7.125000	-76.452240	-249.439240
491	-64.598732	-155.741074	-176.486771	-113.731705	0.000000	0.000000	7.125000	261.880585	119.315361
492	891.665649	-797.683838	131.062805	-136.164490	0.000000	0.000000	7.125000	-275.589264	331.968872
493	265.647888	884.452026	17.400581	197.231110	0.000000	0.000000	7.125000	-6.100944	-337.930267
494	-51.629631	-1145.522827	-75.733337	-186.165909	0.000000	0.000000	7.125000	134.175995	457.346100
495	1581.149414	-925.616211	203.766891	-132.324463	0.000000	0.000000	7.125000	-495.082153	216.031693
496	-459.299316	-942.712036	-101.726303	-180.268402	0.000000	0.000000	7.125000	160.827698	398.133850
497	340.971283	1010.978577	103.716667	226.368744	0.000000	0.000000	7.125000	-237.410248	-426.854279
498	-1103.194092	-795.302002	-185.787308	-121.483673	0.000000	0.000000	7.125000	596.217407	276.482452
499	-572.294312	797.608643	-127.175674	163.301331	0.000000	0.000000	7.125000	151.802017	-210.832611
500	1263.473877	-700.834473	205.791565	-123.377151	0.000000	0.000000	7.125000	-492.034515	226.766479
501	-410.486664	32.718590	-237.992859	73.033508	0.000000	0.000000	7.125000	58.148193	-51.226131
502	-430.145050	-670.256836	-120.326363	-149.608917	0.000000	0.000000	7.125000	235.591537	244.733856
503	-303.793213	-188.888977	-164.765961	-130.193787	0.000000	0.000000	7.125000	122.093582	117.963997
504	41.423565	1345.431763	-14.063391	218.538544	0.000000	0.000000	7.125000	-7.239518	-519.453857
505	940.006897	1299.104736	125.748856	182.949142	0.000000	0.000000	7.125000	-286.669250	-481.531342
506	118.109718	-934.046265	16.708382	-221.341919	0.000000	0.000000	7.125000	5.945415	261.239258
507	-494.973938	-339.311951	-130.930069	-159.481567	0.000000	0.000000	7.125000	204.936203	169.458008
508	-125.312325	1327.236938	-54.587437	208.958313	0.000000	0.000000	7.125000	30.270210	-372.486176
509	-1161.014648	736.781860	-183.103394	114.573593	0.000000	0.000000	7.125000	359.035828	-199.354752
510	-1209.194092	-797.907349	-152.628632	-130.772125	0.000000	0.000000	7.125000	383.578339	247.501144
511	1195.474854	-362.180115	182.080597	-50.561462	0.000000	0.000000	7.125000	-463.709686	50.448776
512	-660.892212	-142.005997	-254.101532	21.319609	0.000000	0.000000	7.125000	368.140289	-55.737434
513	-1424.037598	-192.352570	-221.551880	-39.231438	0.000000	0.000000	7.125000	471.082428	95.743851
514	861.950134	-371.969788	183.308472	-82.449623	0.000000	0.000000	7.125000	-334.009796	135.977036
515	-903.251587	268.720703	-220.910675	56.265408	0.000000	0.000000	7.125000	420.926453	-48.145893
516	740.952515	354.961609	197.708466	70.787155	0.000000	0.000000	7.125000	-86.495430	-141.721268
517	-912.519592	1144.151611	-119.011070	154.469513	0.000000	0.000000	7.125000	290.321350	-422.488129
518	1266.812256	39.575245	230.723389	11.298687	0.000000	0.000000	7.125000	-708.081116	-28.741880
519	-395.852295	-726.041687	-71.425125	-181.374451	0.000000	0.000000	7.125000	13.019184	290.544556
520	-14.789062	-641.368530	-46.927837	-192.345734	0.000000	0.000000	7.125000	43.598827	312.007385
521	-493.726318	1410.415039	-99.265182	188.450867	0.000000	0.000000	7.125000	131.851105	-314.077606
522	-34.163136	681.805969	-50.991898	188.015274	0.000000	0.000000	7.125000	-21.581526	-258.347961
523	-551.758423	929.186951	-102.914833	189.867432	0.000000	0.000000	7.125000	149.055359	-428.250732
524	252.327774	-77.385788	156.417679	-105.865089	0.000000	0.000000	7.125000	-165.442139	79.110863
525	414.491455	465.373962	98.535561	202.270615	0.000000	0.000000	7.125000	-106.830826	-361.240143
526	383.619049	-244.523285	163.139969	-49.243103	0.000000	0.000000	7.125000	-109.071815	-15.564493
527	-1162.123291	1121.358643	-162.262283	118.591232	0.000000	0.000000	7.125000	486.483307	-258.891113
528	1221.554321	-842.544617	156.527649	-116.270561	0.000000	0.000000	7.125000	-475.387207	244.018875
529	-609.256165	813.327332	-120.696014	160.673569	0.000000	0.000000	7.125000	156.589890	-416.397186
530	29.004230	122.719414	46.455914	183.201416	0.000000	0.000000	7.125000	-41.012695	-113.715111
531	-358.321503	-631.012085	-74.099037	-140.656372	0.000000	0.000000	7.125000	116.559120	361.627411
532	-1152.185913	-203.445770	-199.511963	-24.411531	0.000000	0.000000	7.125000	487.896545	58.441860
533	-691.676514	1072.592896	-104.776794	138.911011	0.000000	0.000000	7.125000	483.566925	-742.727600
534	1519.714111	450.146851	232.484650	46.022087	0.000000	0.000000	7.125000	-568.436279	-77.671700
535	-1249.812256	-701.407349	-256.085083	-85.487228	0.000000	0.000000	7.125000	409.500732	107.437813
536	1046.729248	-214.440308	205.765961	-22.530386	0.000000	0.000000	7.125000	-493.579559	18.010191
537	-549.945618	-681.155701	-127.381897	-192.701843	0.000000	0.000000	7.125000	207.075928	354.564270
538	-1340.046631	734.257751	-216.033722	89.863274	0.000000	0.000000	7.125000	496.424530	-177.070541
539	-1180.121582	594.641479	-197.374924	94.889977	0.000000	0.000000	7.125000	357.133453	-118.513206
540	-957.813599	582.574707	-177.506744	80.707230	0.000000	0.000000	7.125000	342.262299	-88.427010
541	-450.430267	478.312500	-140.527710	143.627106	0.000000	0.000000	7.125000	185.783981	-274.740753
542	-901.074219	-648.521362	-189.105759	-91.313744	0.000000	0.000000	7.125000	616.975464	202.620056
543	325.881927	-1272.517456	28.495897	-235.280579	0.000000	0.000000	7.125000	-58.643875	395.962555
544	20.518629	1329.795776	-24.899643	232.653015	0.000000	0.000000	7.125000	20.269306	-543.045105
545	1434.999146	1350.048096	164.975800	194.434235	0.000000	0.000000	7.125000	-316.969330	-446.769318
546	-214.810089	-945.237732	-92.637459	-195.085022	0.000000	0.000000	7.125000	45.689419	228.907318
547	-952.500366	-159.304581	-190.487350	-24.003538	0.000000	0.000000	7.125000	411.334137	59.145660
548	597.991943	-647.285645	157.552979	-134.247375	0.000000	0.000000	7.125000	-276.151276	205.299896
549	-342.889282	387.807159	-130.128799	160.918106	0.000000	0.000000	7.125000	96.456360	-225.937454
550	1312.785278	418.755615	203.462280	38.103924	0.000000	0.000000	7.125000	-325.469543	-42.243237
551	-1335.196289	689.251465	-184.913162	105.702614	0.000000	0.000000	7.125000	482.687378	-217.250458
552	-1376.316162	-115.735611	-202.526062	-42.801491	0.000000	0.000000	7.125000	771.840881	133.374329
553	-1352.459473	-960.367065	-184.029022	-134.562088	0.000000	0.000000	7.125000	374.310547	165.681366
554	-1374.348145	-862.350281	-175.432617	-135.998596	0.000000	0.000000	7.125000	579.297485	326.039246
555	859.628174	-937.576782	159.825897	-145.272095	0.000000	0.000000	7.125000	-351.387451	258.205627
556	1054.526489	-994.667236	148.775558	-152.423462	0.000000	0.000000	7.125000	-321.280609	368.026703
557	915.430115	1360.200562	128.463959	177.356430	0.000000	0.000000	7.125000	-281.317017	-464.957733
558	-107.062431	-357.112671	-25.238968	-214.463226	0.000000	0.000000	7.125000	52.319458	203.915131
559	-878.366577	1195.750122	-124.662849	153.827545	0.000000	0.000000	7.125000	346.515015	-427.565308
560	-914.983276	-1336.604126	-99.125443	-188.482239	0.000000	0.000000	7.125000	152.950256	517.738281
561	1109.608276	350.431793	171.080750	45.389839	0.000000	0.000000	7.125000	-412.038483	-124.174469
562	-640.399780	-1227.924561	-95.910286	-183.380356	0.000000	0.000000	7.125000	145.095383	523.213989
563	-1240.814697	1295.137207	-156.615753	165.692062	0.000000	0.000000	7.125000	392.021881	-518.694641
564	-161.945709	-213.422058	-187.161316	-130.068741	0.000000	0.000000	7.125000	168.615372	155.306473
565	492.338318	-481.855621	137.874374	-196.329483	0.000000	0.000000	7.125000	-241.995621	235.381088
566	-1222.029053	495.701904	-192.459976	57.952164	0.000000	0.000000	7.125000	528.758057	-122.297775
567	-888.088562	-1110.746338	-134.023117	-153.772751	0.000000	0.000000	7.125000	217.747681	329.795685
568	-1404.246826	-770.023499	-171.821381	-125.801147	0.000000	0.000000	7.125000	737.773315	375.641022
569	-728.323425	-1187.605347	-128.312714	-173.748291	0.000000	0.000000	7.125000	222.275436	271.684845
570	-552.796509	-1389.580322	-89.239273	-209.807129	0.000000	0.000000	7.125000	181.722290	580.929810
571	-766.623108	-1255.648315	-114.820747	-203.886444	0.000000	0.000000	7.125000	223.036545	501.104523
572	-897.107178	-866.538147	-128.968246	-161.907471	0.000000	0.000000	7.125000	360.779510	536.519287
573	-1273.333496	586.608887	-199.355850	116.667397	0.000000	0.000000	7.125000	538.466980	-236.609650
574	294.290253	-495.690002	61.175056	-216.513947	0.000000	0.000000	7.125000	-121.513405	364.821167
575	565.805359	955.964722	104.243927	189.176712	0.000000	0.000000	7.125000	-295.024597	-461.278259
576	-684.594421	391.780640	-207.918304	85.942368	0.000000	0.000000	7.125000	231.198227	-63.044201
577	-134.796661	187.744873	-170.511963	160.057098	0.000000	0.000000	7.125000	106.897736	-42.820133
578	485.746857	-50.181080	188.640945	-11.473799	0.000000	0.000000	7.125000	-318.927917	-19.266327
579	127.762337	-986.729492	8.638970	-167.777725	0.000000	0.000000	7.125000	-26.964729	419.839844
580	1196.668213	-1007.175842	158.358444	-137.921494	0.000000	0.000000	7.125000	-427.212250	346.852814
581	-148.423157	1478.240845	-36.519997	246.266388	0.000000	0.000000	7.125000	-15.536438	-601.569763
582	762.887146	265.816345	175.230331	24.957973	0.000000	0.000000	7.125000	-358.060089	-56.828026
583	-1252.991699	713.330139	-166.352966	107.331314	0.000000	0.000000	7.125000	511.198517	-202.451370
584	917.609741	-661.781860	148.140381	-181.089813	0.000000	0.000000	7.125000	-241.610413	221.220062
585	1279.775146	-1264.292480	150.274155	-171.468735	0.000000	0.000000	7.125000	-289.867371	377.706055
586	-368.008148	-811.350403	-117.529510	-174.030228	0.000000	0.000000	7.125000	249.419067	404.297119
587	-906.404785	173.977249	-172.732681	20.948807	0.000000	0.000000	7.125000	397.496826	-21.008957
588	-391.833710	-673.916992	-97.058670	-179.431244	0.000000	0.000000	7.125000	96.243546	249.902512
589	-604.957581	1319.157104	-94.182861	184.286682	0.000000	0.000000	7.125000	291.157104	-832.048584
590	187.728027	1591.847534	40.171227	242.697357	0.000000	0.000000	7.125000	-103.793159	-565.483521
591	616.763000	891.571411	103.540436	147.226929	0.000000	0.000000	7.125000	-229.311279	-274.724213
592	-20.260460	-1103.986084	4.802956	-206.940613	0.000000	0.000000	7.125000	15.698158	505.469360
593	-16.164001	-952.938110	-28.677752	-189.844040	0.000000	0.000000	7.125000	38.959671	404.248413
594	453.888733	1417.607910	74.796890	209.018463	0.000000	0.000000	7.125000	-112.602165	-354.589935
595	-681.094116	386.828400	-197.270966	71.916832	0.000000	0.000000	7.125000	483.334778	-109.720833
596	-1583.668213	521.386719	-234.795898	91.476990	0.000000	0.000000	7.125000	491.132904	-133.620697
597	235.962646	892.618042	29.990120	180.525635	0.000000	0.000000	7.125000	-72.577560	-410.362244
598	-957.681885	67.506729	-196.030609	56.459072	0.000000	0.000000	7.125000	458.799957	-138.725128
599	548.824219	1139.057861	87.048645	204.220566	0.000000	0.000000	7.125000	-206.132919	-493.536926
600	1023.590454	302.802856	195.350006	58.770000	0.000000	0.000000	7.125000	-322.107452	-79.667595
601	1443.276489	-945.778625	196.052856	-163.045517	0.000000	0.000000	7.125000	-446.932251	300.985046
602	801.798828	-1216.712036	118.790741	-154.640442	0.000000	0.000000	7.125000	-392.016907	589.722107
603	715.109436	-939.966553	141.586609	-193.782043	0.000000	0.000000	7.125000	-256.812042	332.908478
604	-437.378082	1281.100830	-54.713928	193.381531	0.000000	0.000000	7.125000	62.629421	-499.464233
605	-827.949280	1226.535889	-121.982346	167.225708	0.000000	0.000000	7.125000	189.178680	-313.570190
606	846.620300	1126.981079	129.345642	149.899811	0.000000	0.000000	7.125000	-284.068054	-380.247864
607	1100.690186	-188.333466	219.345551	-72.342819	0.000000	0.000000	7.125000	-746.527344	122.066406
608	-1027.830200	-785.667175	-163.921326	-99.916794	0.000000	0.000000	7.125000	445.987305	187.156860
609	322.276703	961.292725	45.431358	211.168121	0.000000	0.000000	7.125000	-106.861458	-353.717163
610	-791.082764	1053.293945	-141.713440	158.995285	0.000000	0.000000	7.125000	206.757553	-307.105438
611	-610.924438	-422.059479	-133.650162	-191.983948	0.000000	0.000000	7.125000	288.047974	386.272278
612	-155.069275	1367.878784	-14.528889	200.461685	0.000000	0.000000	7.125000	-8.640640	-505.205292
613	-880.914062	470.315613	-187.884689	93.780914	0.000000	0.000000	7.125000	324.292450	-135.735062
614	89.290352	1236.561401	17.922667	248.353760	0.000000	0.000000	7.125000	-61.250423	-392.270111
615	160.271011	-297.437042	93.637764	-194.645660	0.000000	0.000000	7.125000	-44.128651	190.202438
616	-87.292969	-256.925537	-179.558472	-82.999428	0.000000	0.000000	7.125000	100.642273	33.892792
617	185.249222	-639.004272	19.821739	-200.000305	0.000000	0.000000	7.125000	-72.540039	295.395416
618	211.074371	-1172.537842	31.344761	-240.963242	0.000000	0.000000	7.125000	-30.230810	469.296295
619	38.096024	1486.313477	5.724091	233.924561	0.000000	0.000000	7.125000	-42.218739	-494.554688
620	-992.955078	444.188629	-182.567993	103.773163	0.000000	0.000000	7.125000	319.598969	-151.001480
621	943.116943	-1269.155396	124.800560	-168.876846	0.000000	0.000000	7.125000	-159.024704	284.728943
622	399.366791	627.430725	134.319885	153.517593	0.000000	0.000000	7.125000	-232.479568	-222.381485
623	-148.084641	679.260315	-36.531147	191.532410	0.000000	0.000000	7.125000	35.519272	-326.373260
624	895.397705	-1234.053589	122.141724	-151.994293	0.000000	0.000000	7.125000	-287.414398	458.200562
625	-17.885870	-1181.972168	6.787992	-191.875763	0.000000	0.000000	7.125000	-3.816195	339.485657
626	1076.162598	953.381958	129.633301	161.372116	0.000000	0.000000	7.125000	-378.227173	-410.716461
627	374.932373	-432.833771	-45.253803	-195.791107	0.000000	0.000000	7.125000	20.001154	356.229919
628	1278.420410	551.184631	214.695847	76.738281	0.000000	0.000000	7.125000	-462.152130	-186.563828
629	1276.441650	-190.215744	174.732727	-54.318481	0.000000	0.000000	7.125000	-604.197510	114.940727
630	-36.257820	-158.940399	-195.434372	77.883247	0.000000	0.000000	7.125000	22.248039	-100.105980
631	824.798584	1232.863037	103.306183	196.493805	0.000000	0.000000	7.125000	-275.539642	-430.176117
632	1427.822754	-662.322205	185.580292	-98.235054	0.000000	0.000000	7.125000	-589.584534	208.012634
633	-1032.062500	219.928665	-230.725357	10.952561	0.000000	0.000000	7.125000	245.989761	-40.480656
634	-123.995926	537.413757	-48.864098	219.627167	0.000000	0.000000	7.125000	67.579063	-460.101471
635	119.334663	539.954712	-99.640457	187.899628	0.000000	0.000000	7.125000	17.167156	-260.382202
636	-184.507095	-917.349304	-81.888458	-189.983673	0.000000	0.000000	7.125000	65.704224	357.993744
637	389.159973	-1288.676270	68.530487	-182.553528	0.000000	0.000000	7.125000	-127.137527	502.455963
638	1424.978027	-1177.760620	193.617462	-175.022858	0.000000	0.000000	7.125000	-406.673767	377.520172
639	697.967651	795.322632	122.864822	147.526627	0.000000	0.000000	7.125000	-178.387634	-170.272003
640	-1014.971924	-631.928589	-146.870575	-98.740822	0.000000	0.000000	7.125000	372.768097	172.444992
641	893.415649	1122.970703	127.630417	139.396423	0.000000	0.000000	7.125000	-324.839233	-338.867828
642	-1470.530762	-572.608154	-241.993622	-89.402794	0.000000	0.000000	7.125000	606.658936	167.825455
643	-530.553955	1044.874268	-76.276260	146.299210	0.000000	0.000000	7.125000	152.930084	-402.503693
644	1444.471680	-943.439941	193.055756	-121.219437	0.000000	0.000000	7.125000	-430.304047	150.692902
645	-448.298096	-270.498962	-199.215851	-66.430298	0.000000	0.000000	7.125000	261.726685	83.210747
646	443.613007	-1099.603760	74.112320	-177.096252	0.000000	0.000000	7.125000	-103.604248	423.686005
647	-286.011505	562.434021	-125.613373	156.874893	0.000000	0.000000	7.125000	177.198944	-391.174072
648	-657.280396	228.742676	-201.008316	49.419872	0.000000	0.000000	7.125000	284.245483	-60.595909
649	-960.801758	836.969482	-166.882233	137.136047	0.000000	0.000000	7.125000	285.938843	-243.610687
650	-873.077454	575.018677	-250.542435	108.382805	0.000000	0.000000	7.125000	368.563049	-123.356529
651	-708.410034	525.565063	-157.082565	189.298248	0.000000	0.000000	7.125000	176.841324	-307.758575
652	1110.698853	-1329.716553	155.790939	-182.559311	0.000000	0.000000	7.125000	-334.943451	481.030365
653	515.013489	853.734497	98.412476	178.687592	0.000000	0.000000	7.125000	-214.980621	-309.175781
654	-823.745300	-590.921387	-189.972046	-74.341248	0.000000	0.000000	7.125000	369.479950	128.135681
655	350.759857	-328.251495	93.346001	-181.307281	0.000000	0.000000	7.125000	-289.580627	368.511993
656	521.332031	-107.473694	200.436981	-15.028521	0.000000	0.000000	7.125000	-243.078186	16.709530
657	-485.319000	916.580750	-95.026588	177.081070	0.000000	0.000000	7.125000	155.085373	-457.205811
658	1381.423950	194.348816	232.266693	47.129444	0.000000	0.000000	7.125000	-398.376312	-34.201214
659	1017.084473	961.366760	122.541351	143.887299	0.000000	0.000000	7.125000	-420.092682	-378.531311
660	975.223328	-1014.670349	124.422516	-180.221954	0.000000	0.000000	7.125000	-220.049911	369.030273
661	-606.760864	-180.106369	-253.843231	-60.492256	0.000000	0.000000	7.125000	466.742828	44.555431
662	-734.520447	459.340240	-168.583801	78.578453	0.000000	0.000000	7.125000	314.110413	-124.639938
663	-1340.260376	58.029831	-227.890808	-7.007604	0.000000	0.000000	7.125000	664.042969	-67.131165
664	-837.594849	-450.215820	-149.512985	-94.735695	0.000000	0.000000	7.125000	264.898560	140.276611
665	-880.341064	-193.335220	-203.350494	-38.630322	0.000000	0.000000	7.125000	433.018158	51.241779
666	1062.631592	425.455963	166.592041	50.229870	0.000000	0.000000	7.125000	-380.771301	-122.863380
667	-1274.760986	732.973999	-188.822067	127.759567	0.000000	0.000000	7.125000	501.802277	-257.179688
668	823.763672	558.743652	129.041779	146.187866	0.000000	0.000000	7.125000	-258.471832	-258.135559
669	356.741180	1491.730591	30.907537	241.026276	0.000000	0.000000	7.125000	-81.126343	-584.933472
670	-738.720154	-1143.869629	-134.311798	-137.180191	0.000000	0.000000	7.125000	332.384735	500.974304
671	-615.591553	826.112976	-132.396667	162.994644	0.000000	0.000000	7.125000	436.872955	-559.071289
672	544.051636	559.603943	158.755859	163.609695	0.000000	0.000000	7.125000	-311.783417	-254.895721
673	170.960022	-158.332779	175.789398	-83.262100	0.000000	0.000000	7.125000	-146.023453	8.238268
674	-1254.470215	-534.132080	-212.617371	-97.709061	0.000000	0.000000	7.125000	411.698730	147.943085
675	-673.978943	1237.621094	-84.559113	195.478043	0.000000	0.000000	7.125000	178.827225	-599.422668
676	319.467499	275.140686	-31.929363	204.411194	0.000000	0.000000	7.125000	-40.766102	-231.628799
677	-451.476501	725.898438	-110.931381	185.077240	0.000000	0.000000	7.125000	51.834831	-309.362396
678	-688.915161	98.510651	-197.982300	2.584963	0.000000	0.000000	7.125000	421.583740	65.503555
679	-846.382019	-264.225403	-206.072479	-40.420517	0.000000	0.000000	7.125000	464.427551	103.755432
680	1032.317505	-254.643204	184.775146	-52.001949	0.000000	0.000000	7.125000	-622.113647	39.036438
681	1165.707520	596.464233	162.245102	96.939430	0.000000	0.000000	7.125000	-409.589142	-233.579437
682	-1163.670898	1335.308838	-156.355759	157.595718	0.000000	0.000000	7.125000	379.201355	-397.615662
683	105.678032	987.459778	18.391251	230.262680	0.000000	0.000000	7.125000	-37.064728	-340.440033
684	589.069763	-1390.685425	96.465317	-213.181793	0.000000	0.000000	7.125000	-162.060822	497.042755
685	565.223511	706.798950	83.613297	179.478958	0.000000	0.000000	7.125000	-198.080963	-403.276611
686	-920.311035	1173.215454	-115.977402	164.133377	0.000000	0.000000	7.125000	226.654587	-494.028656
687	220.848145	798.268372	55.709511	186.817261	0.000000	0.000000	7.125000	-163.247757	-355.993652
688	210.779129	-1258.576416	22.277822	-208.806885	0.000000	0.000000	7.125000	-41.991196	689.982544
689	-591.546204	562.596069	-141.958466	133.684677	0.000000	0.000000	7.125000	275.947784	-307.164581
690	33.477211	272.951141	7.289537	188.768524	0.000000	0.000000	7.125000	-45.441601	-157.520813
691	553.384705	1404.134521	69.555122	207.651794	0.000000	0.000000	7.125000	-113.077278	-464.153656
692	-846.285156	-1194.379150	-118.886429	-158.300537	0.000000	0.000000	7.125000	216.267838	451.578857
693	571.573364	-597.510681	168.411285	-115.089401	0.000000	0.000000	7.125000	-265.860382	148.313385
694	288.431549	976.061829	35.933681	209.946701	0.000000	0.000000	7.125000	-55.026604	-374.922913
695	1228.735229	-239.815063	192.265015	-76.648712	0.000000	0.000000	7.125000	-397.067108	106.655075
696	-657.369995	327.073547	-141.662903	106.114853	0.000000	0.000000	7.125000	306.047729	-202.703232
697	-1282.229858	-791.059692	-200.078445	-115.341782	0.000000	0.000000	7.125000	532.601868	187.532272
698	655.081970	599.894165	160.439270	105.448776	0.000000	0.000000	7.125000	-259.468475	-201.823944
699	1709.006470	-223.092545	236.058197	-57.583702	0.000000	0.000000	7.125000	-564.570923	70.533150
700	895.100220	755.772034	177.918304	132.768616	0.000000	0.000000	7.125000	-281.196686	-187.871368
701	-752.806396	1089.697510	-127.617485	155.284714	0.000000	0.000000	7.125000	231.326431	-339.614685
702	270.829102	730.515198	52.085567	200.241638	0.000000	0.000000	7.125000	-234.451096	-460.430267
703	635.947266	-1495.727539	93.405991	-233.993439	0.000000	0.000000	7.125000	-130.074112	603.465698
704	1198.114258	1338.038696	174.020447	173.867462	0.000000	0.000000	7.125000	-369.173004	-315.712219
705	1025.722778	-28.118769	175.667175	-39.045757	0.000000	0.000000	7.125000	-434.586304	34.892750
706	83.775726	-97.236641	-194.117828	48.146912	0.000000	0.000000	7.125000	-31.402756	-72.394806
707	-256.751251	209.580536	-123.867332	187.721390	0.000000	0.000000	7.125000	93.712379	-249.635345
708	372.575104	-1322.269897	21.668661	-202.845840	0.000000	0.000000	7.125000	-49.568398	444.945587
709	-1362.511230	-1225.876221	-182.264587	-151.471512	0.000000	0.000000	7.125000	485.333893	330.673920
710	1086.382812	1052.199951	160.794586	148.653534	0.000000	0.000000	7.125000	-514.240784	-390.737274
711	-175.847260	-1308.561768	-15.758580	-209.404892	0.000000	0.000000	7.125000	9.215245	550.283691
712	182.769943	144.299255	128.280167	130.502579	0.000000	0.000000	7.125000	-180.701492	-207.329620
713	-634.836304	-1070.231934	-116.382706	-209.889313	0.000000	0.000000	7.125000	130.919250	300.705688
714	-835.959534	-550.046387	-172.924561	-83.432129	0.000000	0.000000	7.125000	332.187042	169.842560
715	566.202271	905.002808	60.774609	188.441269	0.000000	0.000000	7.125000	-131.202179	-379.262299
716	1434.910645	870.027100	188.545868	117.147560	0.000000	0.000000	7.125000	-508.213196	-214.030029
717	1022.274170	196.542816	248.286530	43.089954	0.000000	0.000000	7.125000	-401.037872	-81.531975
718	133.475220	-336.528748	139.480621	-164.595642	0.000000	0.000000	7.125000	-166.463669	120.837090
719	724.505737	-25.598846	230.875671	3.270347	0.000000	0.000000	7.125000	-395.586456	-77.941109
720	-462.805664	49.682335	-196.149780	-26.947807	0.000000	0.000000	7.125000	326.719482	16.465792
721	1245.290039	715.652100	167.648956	121.400749	0.000000	0.000000	7.125000	-455.417053	-263.978851
722	1342.915161	-378.437469	188.579498	-69.484390	0.000000	0.000000	7.125000	-477.627319	107.122925
723	100.772118	27.406639	-166.909760	73.107475	0.000000	0.000000	7.125000	67.495514	-105.841469
724	-461.837921	-44.329353	-253.891785	-45.727867	0.000000	0.000000	7.125000	263.083618	44.512054
725	286.410217	-740.746704	88.899651	-176.887802	0.000000	0.000000	7.125000	-185.253220	288.636810
726	-381.499390	-1324.076294	-85.759872	-214.478821	0.000000	0.000000	7.125000	24.300434	568.261414
727	-262.997406	903.595703	-57.363083	154.699829	0.000000	0.000000	7.125000	125.355957	-427.188873
728	526.172729	559.153564	104.692810	138.966599	0.000000	0.000000	7.125000	-445.990204	-509.466949
729	-873.465881	910.179993	-142.705994	128.445023	0.000000	0.000000	7.125000	501.814423	-603.300781
730	-1129.025757	705.906616	-174.694473	93.156013	0.000000	0.000000	7.125000	496.559113	-171.836868
731	368.910919	-1280.637817	71.782928	-187.736359	0.000000	0.000000	7.125000	-120.317886	470.614655
732	432.838440	40.098263	139.162781	-191.592606	0.000000	0.000000	7.125000	-145.368408	118.225510
733	422.025604	-943.904297	32.392479	-177.060699	0.000000	0.000000	7.125000	-78.704834	414.481995
734	1201.700806	-784.885254	186.223450	-169.775574	0.000000	0.000000	7.125000	-389.140747	324.445435
735	440.465637	-1254.599365	78.920929	-220.289536	0.000000	0.000000	7.125000	-172.456879	480.714172
736	364.709137	144.804428	198.150330	48.450981	0.000000	0.000000	7.125000	-324.837982	-51.008156
737	1343.975586	328.106506	181.574036	62.405144	0.000000	0.000000	7.125000	-464.437775	-127.883202
738	1059.238037	-261.782654	184.977417	-51.341671	0.000000	0.000000	7.125000	-412.891357	54.998981
739	-970.955383	-790.742126	-167.581863	-131.473465	0.000000	0.000000	7.125000	320.485168	229.642242
740	1070.462524	839.006104	165.636154	129.077560	0.000000	0.000000	7.125000	-422.793823	-277.197632
741	71.336922	-911.031677	-5.062393	-203.930740	0.000000	0.000000	7.125000	48.366177	376.987549
742	1249.479248	772.357117	166.389603	146.919586	0.000000	0.000000	7.125000	-410.523407	-292.479828
743	-1426.127563	171.786392	-224.555618	13.755577	0.000000	0.000000	7.125000	968.452698	-4.571187
744	303.229004	-975.318481	42.704063	-208.594391	0.000000	0.000000	7.125000	-195.619751	374.647614
745	-571.145691	534.039429	-181.258972	122.903015	0.000000	0.000000	7.125000	271.968018	-223.557602
746	1222.701904	-883.214050	137.917694	-133.575256	0.000000	0.000000	7.125000	-404.779175	409.139343
747	459.042633	396.619049	186.290405	57.128960	0.000000	0.000000	7.125000	-260.751862	-191.337708
748	-183.516541	-1194.402588	-28.599014	-226.197159	0.000000	0.000000	7.125000	31.195732	433.935181
749	730.407654	-727.916016	139.499420	-184.035431	0.000000	0.000000	7.125000	-300.492981	241.274017
750	-195.364471	-460.170258	-82.897224	-176.479279	0.000000	0.000000	7.125000	90.006317	289.531372
751	-180.201630	-1375.560547	-43.095829	-223.863068	0.000000	0.000000	7.125000	5.338804	336.821289
752	1118.331055	-357.919952	197.323654	-80.144043	0.000000	0.000000	7.125000	-377.593872	92.590515
753	920.268799	686.335876	171.206650	145.977127	0.000000	0.000000	7.125000	-375.897644	-280.792480
754	799.543335	1337.001099	114.770233	190.030945	0.000000	0.000000	7.125000	-296.068237	-538.563660
755	1212.593018	382.196198	194.808044	49.498318	0.000000	0.000000	7.125000	-498.521332	-103.241119
756	571.803833	-260.898621	205.999390	-54.095589	0.000000	0.000000	7.125000	-363.094513	50.494938
757	847.031006	211.222534	177.677979	43.755192	0.000000	0.000000	7.125000	-506.493011	-124.313622
758	-699.328186	1462.706055	-112.424179	222.162903	0.000000	0.000000	7.125000	205.329895	-512.972290
759	-1334.228760	896.287964	-173.478378	147.930740	0.000000	0.000000	7.125000	495.642548	-362.418091
760	-1262.084351	-28.309849	-221.025635	-20.740303	0.000000	0.000000	7.125000	466.933472	66.121910
761	-208.157333	-1284.167725	-37.232719	-240.110413	0.000000	0.000000	7.125000	27.439077	726.312134
762	109.139938	-1093.690796	3.910878	-179.957413	0.000000	0.000000	7.125000	-12.572052	447.697632
763	343.725708	1484.926025	60.312538	213.605499	0.000000	0.000000	7.125000	-106.096375	-534.189453
764	-907.633301	-680.059631	-172.435928	-130.070496	0.000000	0.000000	7.125000	341.566345	213.351898
765	-642.148132	128.478821	-157.315552	87.473686	0.000000	0.000000	7.125000	227.529388	-127.064613
766	461.635895	386.866241	113.271599	176.826385	0.000000	0.000000	7.125000	-143.049469	-164.278030
767	859.333191	-0.999807	229.193207	-60.256149	0.000000	0.000000	7.125000	-347.989258	63.155975
768	-1518.759521	-281.786316	-227.435059	-16.040302	0.000000	0.000000	7.125000	620.112366	50.006062
769	-1208.848877	920.154663	-196.949829	142.334473	0.000000	0.000000	7.125000	423.575134	-263.403137
770	-420.226135	-1093.662476	-55.198746	-187.012375	0.000000	0.000000	7.125000	219.194427	1221.318115
771	-429.870270	-1495.311157	-68.046425	-233.275452	0.000000	0.000000	7.125000	82.141502	497.344269
772	-178.702591	-968.358521	20.493095	-202.920837	0.000000	0.000000	7.125000	13.718866	368.368958
773	570.322754	996.170593	92.222923	188.664902	0.000000	0.000000	7.125000	-225.337814	-418.705688
774	-1329.011475	838.152954	-208.295837	136.398010	0.000000	0.000000	7.125000	522.389954	-249.596603
775	475.657654	-770.672974	100.494308	-160.063889	0.000000	0.000000	7.125000	-195.798721	264.385529
776	-850.450073	-1125.855225	-120.331360	-190.070984	0.000000	0.000000	7.125000	211.841431	447.031921
777	-406.860413	892.009033	-123.632881	205.616180	0.000000	0.000000	7.125000	136.172394	-445.309174
778	-835.867981	1521.408325	-129.065125	187.923767	0.000000	0.000000	7.125000	247.207916	-498.870422
779	685.427429	-313.604156	199.702606	-89.886810	0.000000	0.000000	7.125000	-313.937408	125.693657
780	-759.859680	1337.106934	-92.335297	205.170624	0.000000	0.000000	7.125000	166.982941	-431.372467
781	-1056.593628	825.042725	-137.047440	116.695595	0.000000	0.000000	7.125000	574.801697	-538.908569
782	444.801208	882.332275	93.937912	217.574341	0.000000	0.000000	7.125000	-207.690094	-398.554779
783	-340.829651	411.267242	-159.378510	112.353714	0.000000	0.000000	7.125000	200.866104	-178.023346
784	-500.695801	-168.173615	-187.679535	-22.224991	0.000000	0.000000	7.125000	375.672272	14.248281
785	-222.686615	535.971558	-136.759644	134.761688	0.000000	0.000000	7.125000	209.862473	-228.292297
786	164.347351	729.276672	46.660069	183.097839	0.000000	0.000000	7.125000	-200.889816	-430.130585
787	599.966980	-1061.163574	94.258575	-197.677277	0.000000	0.000000	7.125000	-177.111465	369.833160
788	1211.696045	-450.781525	191.194061	-61.995377	0.000000	0.000000	7.125000	-418.144379	89.612984
789	1115.358398	-1282.990234	150.550858	-163.134216	0.000000	0.000000	7.125000	-430.877075	508.454010
790	-1163.155640	173.405121	-201.368744	47.952229	0.000000	0.000000	7.125000	420.257080	-92.419205
791	-808.469360	-524.114014	-171.819717	-109.967712	0.000000	0.000000	7.125000	289.172272	159.247406
792	665.125916	289.412292	190.349945	119.944077	0.000000	0.000000	7.125000	-292.622101	-153.902420
793	-1117.384521	1057.912354	-158.060822	138.259613	0.000000	0.000000	7.125000	504.481598	-341.594757
794	347.033447	778.777588	70.299019	207.408539	0.000000	0.000000	7.125000	-138.861450	-420.343170
795	-671.824463	1084.013062	-110.432449	178.610138	0.000000	0.000000	7.125000	206.268433	-411.029755
796	1040.174438	-765.535767	183.316605	-135.550476	0.000000	0.000000	7.125000	-401.523499	305.740997
797	1230.376831	-324.840698	195.182419	-68.879128	0.000000	0.000000	7.125000	-295.382263	75.843033
798	-1115.509399	-1090.578125	-157.829987	-143.026093	0.000000	0.000000	7.125000	396.550903	278.890839
799	-1221.667725	-488.801849	-178.395142	-70.980446	0.000000	0.000000	7.125000	429.303986	125.926636
800	343.178345	-486.840088	157.723358	-180.183685	0.000000	0.000000	7.125000	-189.292725	85.868958
801	1358.726196	-843.402405	171.831451	-149.859222	0.000000	0.000000	7.125000	-359.001587	291.551056
802	-820.440491	239.553421	-179.253510	59.898205	0.000000	0.000000	7.125000	384.879333	-99.831764
803	-529.322388	-1148.676270	-109.697266	-161.196014	0.000000	0.000000	7.125000	180.580978	369.022491
804	1323.453491	-978.153137	184.162140	-134.399612	0.000000	0.000000	7.125000	-465.038544	248.743607
805	-929.220947	-1045.557373	-122.022316	-155.883438	0.000000	0.000000	7.125000	215.436691	424.344666
806	645.620728	-80.288399	190.789307	-40.106918	0.000000	0.000000	7.125000	-327.094177	8.027254
807	-149.295685	-242.546783	-130.023712	-149.223618	0.000000	0.000000	7.125000	182.584702	369.043365
808	-1168.543091	110.664467	-199.720215	22.636650	0.000000	0.000000	7.125000	442.410553	-60.198006
809	-655.297668	372.984009	-162.289001	133.275085	0.000000	0.000000	7.125000	306.133728	-250.263351
810	-359.308197	76.951729	-210.027100	62.021072	0.000000	0.000000	7.125000	250.505035	-23.304777
811	188.958649	-1079.869507	42.902878	-202.498093	0.000000	0.000000	7.125000	-112.357391	422.842590
812	1008.696289	-569.654297	197.867661	-86.624390	0.000000	0.000000	7.125000	-515.013611	163.483276
813	93.861107	1159.338013	24.547142	205.539368	0.000000	0.000000	7.125000	-25.279909	-389.497589
814	-77.979904	267.305878	-82.102112	153.111298	0.000000	0.000000	7.125000	-6.256385	-138.936264
815	-660.006165	-1283.661987	-104.585495	-175.127396	0.000000	0.000000	7.125000	201.682541	497.826477
816	1120.674438	-747.617615	147.889343	-112.796844	0.000000	0.000000	7.125000	-445.047394	271.820435
817	-661.566711	-875.293213	-117.770470	-123.979126	0.000000	0.000000	7.125000	261.824768	303.919250
818	943.388611	-244.709579	186.157043	-83.428772	0.000000	0.000000	7.125000	-323.360657	134.150818
819	-746.800537	636.136841	-169.929596	147.474823	0.000000	0.000000	7.125000	359.316467	-295.296112
820	36.329613	-163.599213	88.929558	-173.471451	0.000000	0.000000	7.125000	-61.841190	157.871399
821	1017.537476	-653.748657	187.435577	-135.012680	0.000000	0.000000	7.125000	-355.332245	263.729584
822	899.247498	-524.010315	150.207153	-104.484207	0.000000	0.000000	7.125000	-359.627960	164.750854
823	635.634949	1392.230469	105.704666	205.387146	0.000000	0.000000	7.125000	-218.123764	-597.553955
824	710.032654	-1309.418213	96.753319	-169.286774	0.000000	0.000000	7.125000	-171.395538	469.587585
825	507.061066	-1055.874512	59.929729	-191.857834	0.000000	0.000000	7.125000	-83.966385	351.518188
826	42.918907	-943.479126	34.226425	-198.046631	0.000000	0.000000	7.125000	-250.622070	606.974792
827	-340.468201	-370.395264	-177.206573	-106.983231	0.000000	0.000000	7.125000	170.740646	103.251755
828	98.872604	1159.308838	20.395365	215.030594	0.000000	0.000000	7.125000	-46.294628	-406.034271
829	-548.690552	1425.303467	-80.956985	193.737701	0.000000	0.000000	7.125000	139.055374	-642.426086
830	-232.215805	139.851654	-212.913895	0.187799	0.000000	0.000000	7.125000	119.902245	-17.842089
831	-1334.371582	-168.975494	-200.284088	-38.694870	0.000000	0.000000	7.125000	653.739563	109.889870
832	516.389648	-1286.994995	86.892052	-210.774994	0.000000	0.000000	7.125000	-219.907700	396.568146
833	348.330872	-456.175598	68.474045	-204.812683	0.000000	0.000000	7.125000	-65.649956	214.840683
834	74.637543	922.868469	41.302105	193.644135	0.000000	0.000000	7.125000	-118.228561	-419.233276
835	-1229.387573	-983.222717	-157.721237	-147.576935	0.000000	0.000000	7.125000	417.173187	322.492645
836	-690.262512	1087.170898	-118.207359	166.252640	0.000000	0.000000	7.125000	241.763016	-407.828217
837	-255.015854	-1302.714111	-45.576088	-192.656921	0.000000	0.000000	7.125000	50.519920	564.608521
838	-992.309692	-1252.814209	-168.045410	-162.834396	0.000000	0.000000	7.125000	370.372406	370.688263
839	-1034.928589	907.275940	-143.679245	122.786453	0.000000	0.000000	7.125000	236.209381	-235.382370
840	-974.117554	395.118744	-186.248871	67.186340	0.000000	0.000000	7.125000	328.091095	-93.923698
841	-1229.188721	395.623230	-171.832184	71.180435	0.000000	0.000000	7.125000	447.283478	-126.476646
842	842.226501	-164.734970	151.165878	-66.127052	0.000000	0.000000	7.125000	-674.796753	203.412964
843	-1278.503052	-646.414917	-208.800125	-75.396843	0.000000	0.000000	7.125000	538.593933	158.903076
844	-773.032349	-503.526489	-215.604172	-105.426941	0.000000	0.000000	7.125000	385.914795	172.077225
845	-616.900024	527.180847	-156.089783	135.888672	0.000000	0.000000	7.125000	667.540649	-819.463013
846	902.142761	-138.631958	138.801849	-56.837368	0.000000	0.000000	7.125000	-360.262482	80.283867
847	-1464.074585	-14.712004	-224.885010	-7.073038	0.000000	0.000000	7.125000	543.859497	44.077442
848	17.832165	436.124359	68.726845	201.329239	0.000000	0.000000	7.125000	-145.183609	-195.867706
849	970.505554	-1076.573364	128.538345	-146.637512	0.000000	0.000000	7.125000	-323.575897	412.747711
850	-247.564087	1347.577637	-46.152931	201.764618	0.000000	0.000000	7.125000	42.110146	-501.870819
851	-805.088440	110.189880	-190.444748	73.118027	0.000000	0.000000	7.125000	347.633728	-127.679024
852	966.026428	228.382568	175.792801	50.849026	0.000000	0.000000	7.125000	-295.490295	-72.929153
853	663.523987	1447.296631	99.911835	214.897308	0.000000	0.000000	7.125000	-171.107300	-533.540649
854	1137.143188	742.286133	161.944916	173.030121	0.000000	0.000000	7.125000	-300.432953	-290.841431
855	1150.109497	907.311279	153.296402	156.388702	0.000000	0.000000	7.125000	-253.296097	-395.703735
856	-111.648254	942.023865	-51.206371	159.993256	0.000000	0.000000	7.125000	76.541260	-436.689423
857	74.952515	-833.177185	22.593048	-190.645660	0.000000	0.000000	7.125000	-18.118774	200.554489
858	-810.298218	172.961761	-198.550201	99.269295	0.000000	0.000000	7.125000	377.725739	-228.409622
859	88.278015	-103.785179	145.855698	-122.933456	0.000000	0.000000	7.125000	-92.716728	7.938144
860	1189.457275	780.068115	157.701569	114.670258	0.000000	0.000000	7.125000	-407.973602	-205.100967
861	-1147.276123	986.821228	-167.351532	145.867706	0.000000	0.000000	7.125000	352.910217	-219.448486
862	-933.292603	-1073.033813	-159.025757	-183.738342	0.000000	0.000000	7.125000	323.179718	395.201447
863	-649.075439	878.538513	-142.833084	189.104980	0.000000	0.000000	7.125000	185.338028	-361.298248
864	794.698547	-919.672363	139.103470	-176.847229	0.000000	0.000000	7.125000	-258.268494	320.437256
865	877.797852	-836.567017	138.539139	-161.777435	0.000000	0.000000	7.125000	-249.633682	366.478119
866	-826.671692	-1271.521729	-118.645844	-162.219482	0.000000	0.000000	7.125000	228.166534	486.964722
867	754.659546	1259.609375	95.815819	176.681915	0.000000	0.000000	7.125000	-195.138977	-383.155304
868	466.900452	-133.398743	201.141068	-59.990093	0.000000	0.000000	7.125000	-226.945862	18.473087
869	1168.771606	-455.420471	181.727982	-78.579597	0.000000	0.000000	7.125000	-453.556824	132.756683
870	-725.270630	774.685608	-141.668457	115.833130	0.000000	0.000000	7.125000	259.455231	-221.081619
871	-876.167969	-119.088394	-182.295258	36.905079	0.000000	0.000000	7.125000	393.899811	-44.042191
872	399.886536	671.129639	108.325470	176.376709	0.000000	0.000000	7.125000	-127.661232	-257.293701
873	595.004944	876.149963	92.475868	147.390350	0.000000	0.000000	7.125000	-285.914429	-401.249664
874	-577.167114	-683.104248	-119.382050	-161.680008	0.000000	0.000000	7.125000	172.789383	197.842056
875	-445.684875	-691.473511	-131.556061	-182.449585	0.000000	0.000000	7.125000	106.057434	193.473511
876	-1191.595459	37.948586	-194.884003	-6.703698	0.000000	0.000000	7.125000	176.508652	70.756836
877	-983.844910	-598.504883	-173.519272	-82.170921	0.000000	0.000000	7.125000	325.931854	111.986145
878	649.004333	193.571136	218.154846	-41.101910	0.000000	0.000000	7.125000	-367.031128	73.695129
879	-1499.940308	-192.272415	-224.365433	-54.964813	0.000000	0.000000	7.125000	700.334473	201.718369
880	605.887634	1312.503296	96.434982	223.044144	0.000000	0.000000	7.125000	-226.047470	-448.006012
881	28.344913	758.733887	18.578987	197.126038	0.000000	0.000000	7.125000	-45.103481	-402.610046
882	1209.592651	-827.598816	202.791473	-110.577087	0.000000	0.000000	7.125000	-480.908447	173.005295
883	889.915466	49.225037	188.909988	-5.820992	0.000000	0.000000	7.125000	-416.517212	6.957384
884	787.677856	380.146515	163.349152	100.901138	0.000000	0.000000	7.125000	-420.351562	-265.211639
885	830.840576	1237.102539	122.512688	174.239731	0.000000	0.000000	7.125000	-285.891815	-407.842377
886	-185.258652	1219.264893	-36.904037	182.287857	0.000000	0.000000	7.125000	46.688091	-475.035553
887	30.548256	-1100.229858	5.208856	-164.917694	0.000000	0.000000	7.125000	-7.513319	452.345612
888	664.329773	-657.879517	150.858078	-162.821960	0.000000	0.000000	7.125000	-307.812347	239.114517
889	985.924805	-1141.043579	135.122696	-140.593719	0.000000	0.000000	7.125000	-376.602020	434.929169
890	132.743088	-401.390930	34.004807	-179.799591	0.000000	0.000000	7.125000	-82.344963	297.358917
891	-534.523926	399.156616	-135.663971	164.169464	0.000000	0.000000	7.125000	142.670135	-212.734573
892	704.102173	-153.979538	170.816666	7.860342	0.000000	0.000000	7.125000	-409.951172	-80.413689
893	1339.471680	-206.847916	193.617126	-23.149879	0.000000	0.000000	7.125000	-501.484985	27.816767
894	1127.269775	-1068.419434	144.406555	-131.021637	0.000000	0.000000	7.125000	-411.956757	303.104370
895	1194.052002	519.664429	210.892715	94.258514	0.000000	0.000000	7.125000	-427.305084	-204.648010
896	1236.090454	-269.866425	188.396835	-60.876247	0.000000	0.000000	7.125000	-451.368011	78.090691
897	-263.251465	893.797180	-33.584145	182.935669	0.000000	0.000000	7.125000	29.745714	-373.639099
898	531.191772	-1023.099670	88.692711	-187.017212	0.000000	0.000000	7.125000	-219.714783	368.237274
899	-583.143921	-123.922379	-203.238953	-109.706154	0.000000	0.000000	7.125000	256.996063	86.605988
900	959.853699	-1032.203735	142.140167	-158.625336	0.000000	0.000000	7.125000	-308.199707	388.902496
901	-553.734741	-1013.548584	-120.050308	-190.296188	0.000000	0.000000	7.125000	121.512978	265.187897
902	-1275.048950	1059.731201	-173.605316	161.321381	0.000000	0.000000	7.125000	185.555115	-228.655411
903	-653.864136	1105.844238	-119.603317	176.227722	0.000000	0.000000	7.125000	280.993774	-519.461609
904	-1023.740234	-716.400452	-143.520020	-108.634796	0.000000	0.000000	7.125000	428.277405	304.907074
905	1145.487305	208.068542	203.522232	80.868347	0.000000	0.000000	7.125000	-447.291504	-187.273376
906	277.751038	-835.967224	6.942428	-218.887085	0.000000	0.000000	7.125000	66.167915	590.934265
907	-764.148743	-684.533203	-149.668137	-151.523315	0.000000	0.000000	7.125000	353.938599	302.507080
908	847.432068	-882.937622	187.994904	-149.184021	0.000000	0.000000	7.125000	-307.100220	228.435349
909	779.194885	388.938202	143.020538	136.918182	0.000000	0.000000	7.125000	-319.393494	-263.490234
910	-461.928528	98.647675	-198.030701	93.513832	0.000000	0.000000	7.125000	264.498505	-130.024567
911	-342.219757	-886.625977	-110.763023	-209.518982	0.000000	0.000000	7.125000	123.298416	285.464264
912	1131.631348	871.485718	162.420837	118.379074	0.000000	0.000000	7.125000	-413.685120	-229.832138
913	-1269.988037	258.036743	-227.563965	39.669842	0.000000	0.000000	7.125000	549.500671	-102.741760
914	-1017.762146	-339.937592	-155.014008	-35.370094	0.000000	0.000000	7.125000	297.878876	70.612968
915	1201.202026	796.136475	154.823334	118.526321	0.000000	0.000000	7.125000	-483.457916	-295.765533
916	-36.397350	-438.223328	12.521728	-167.510620	0.000000	0.000000	7.125000	-44.150600	242.553284
917	-1071.633545	445.751526	-183.854019	55.301041	0.000000	0.000000	7.125000	405.998413	-73.666870
918	-1018.603088	-640.734741	-181.737457	-61.853886	0.000000	0.000000	7.125000	339.576721	66.837654
919	-113.109489	-849.525513	-44.786049	-238.780457	0.000000	0.000000	7.125000	15.831962	365.692810
920	284.077667	-690.958740	91.544281	-192.220505	0.000000	0.000000	7.125000	-190.233826	256.044769
921	1157.333618	-1209.976685	157.397842	-160.780914	0.000000	0.000000	7.125000	-303.421906	346.713867
922	286.523346	-755.944031	42.921795	-190.179077	0.000000	0.000000	7.125000	-94.325165	237.535004
923	-64.308487	-605.929626	-107.661453	-183.767410	0.000000	0.000000	7.125000	149.276825	230.790817
924	106.302139	-1254.856567	8.202860	-224.841705	0.000000	0.000000	7.125000	-24.305624	1313.714233
925	-1244.324097	895.319275	-153.280029	120.529655	0.000000	0.000000	7.125000	576.715698	-386.891785
926	727.711365	-104.071465	203.714600	-80.374496	0.000000	0.000000	7.125000	-321.199097	106.340019
927	-926.522156	288.185211	-167.174759	58.096657	0.000000	0.000000	7.125000	785.115417	-192.172333
928	-735.656616	-789.040771	-140.349121	-143.882782	0.000000	0.000000	7.125000	307.446075	291.513672
929	-802.070129	-641.945068	-146.581711	-119.306404	0.000000	0.000000	7.125000	263.047821	227.569443
930	402.085846	-839.004028	68.539871	-188.949493	0.000000	0.000000	7.125000	-171.941025	388.200104
931	-1116.735840	-1185.815552	-156.667419	-144.289978	0.000000	0.000000	7.125000	351.393311	227.052078
932	-293.523407	-974.090088	-37.920467	-227.856079	0.000000	0.000000	7.125000	46.493645	408.341309
933	955.477173	521.115112	192.506149	67.492607	0.000000	0.000000	7.125000	-291.332855	-89.692322
934	195.589142	-805.332214	52.357483	-172.179321	0.000000	0.000000	7.125000	-104.815247	223.541092
935	908.194031	-828.187073	135.107208	-132.159058	0.000000	0.000000	7.125000	-404.637329	378.515320
936	-83.630569	827.976562	29.011700	223.115631	0.000000	0.000000	7.125000	-153.818451	-626.556152
937	-566.401062	-1177.404053	-101.944000	-173.182388	0.000000	0.000000	7.125000	216.434433	495.954041
938	1434.037109	464.078064	210.417908	60.687294	0.000000	0.000000	7.125000	-522.666931	-110.010704
939	-433.944794	-51.144943	-173.036530	-17.532564	0.000000	0.000000	7.125000	169.678864	3.075513
940	846.853149	-140.177872	181.722885	-39.484383	0.000000	0.000000	7.125000	-341.348633	1.655796
941	-595.346558	-300.979736	-223.725723	-43.852608	0.000000	0.000000	7.125000	265.937012	28.883055
942	1223.640625	-30.210119	212.958221	-3.732920	0.000000	0.000000	7.125000	-409.236969	25.916878
943	-1168.524780	-1230.750854	-161.815552	-164.847763	0.000000	0.000000	7.125000	297.743225	348.456726
944	637.246460	-400.329437	146.142761	-129.096161	0.000000	0.000000	7.125000	-282.877319	213.690613
945	-488.403809	-335.247955	-159.813110	-158.380524	0.000000	0.000000	7.125000	374.931244	328.887848
946	-46.347279	7.032933	-136.175232	-130.851425	0.000000	0.000000	7.125000	70.069771	164.070877
947	-30.325344	1241.572266	-7.012684	218.882538	0.000000	0.000000	7.125000	-11.272034	-452.653015
948	432.086639	-653.508179	88.402954	-132.149628	0.000000	0.000000	7.125000	-212.295151	255.611115
949	-65.163765	-819.438416	-4.146849	-203.957825	0.000000	0.000000	7.125000	-16.280373	350.795502
950	-111.744194	-274.158630	-41.038948	-153.548111	0.000000	0.000000	7.125000	-81.562683	217.357590
951	-75.795547	1427.817383	-34.634510	207.093613	0.000000	0.000000	7.125000	13.536572	-588.264221
952	-987.879822	333.882874	-162.562210	61.938164	0.000000	0.000000	7.125000	1154.638794	-264.272278
953	-1107.586548	-1091.393677	-143.405273	-145.088776	0.000000	0.000000	7.125000	297.632263	290.126892
954	-681.174927	-143.453400	-187.299713	-25.197704	0.000000	0.000000	7.125000	305.942474	7.678782
955	123.690628	-1106.532715	22.726795	-172.509338	0.000000	0.000000	7.125000	-56.089504	416.312042
956	964.787598	740.728394	124.611938	125.701477	0.000000	0.000000	7.125000	-288.837006	-280.320953
957	167.611176	859.591431	34.658092	219.255051	0.000000	0.000000	7.125000	-85.414185	-365.796448
958	-205.216705	287.609619	-128.879593	216.189926	0.000000	0.000000	7.125000	56.224182	-288.987183
959	990.563843	-1062.568604	150.698883	-154.741104	0.000000	0.000000	7.125000	-346.300049	397.668213
960	1030.956421	-736.877869	150.040680	-99.413284	0.000000	0.000000	7.125000	-419.373444	177.882782
961	129.689240	-220.261200	-26.895466	-199.191528	0.000000	0.000000	7.125000	-2.760027	167.075073
962	231.869629	1300.429688	63.616474	190.655518	0.000000	0.000000	7.125000	-92.650970	-393.985138
963	-422.902344	-659.971313	-172.783478	-134.548141	0.000000	0.000000	7.125000	312.736938	187.088074
964	-744.685303	876.462952	-151.986603	149.227066	0.000000	0.000000	7.125000	224.205597	-233.514786
965	766.177246	283.523590	90.385605	189.512817	0.000000	0.000000	7.125000	-135.699066	-320.154083
966	-941.722961	1185.506348	-119.106903	161.889832	0.000000	0.000000	7.125000	267.738403	-471.724335
967	380.935608	-823.102478	108.213867	-193.835327	0.000000	0.000000	7.125000	-239.290329	371.718506
968	530.918701	757.760864	112.752350	166.385849	0.000000	0.000000	7.125000	-223.487854	-329.960022
969	-462.873901	1572.455444	-96.395195	226.291275	0.000000	0.000000	7.125000	174.565842	-625.224365
970	-797.654846	1090.734375	-136.993713	159.162247	0.000000	0.000000	7.125000	451.919495	-562.181824
971	-1279.893311	-942.497742	-167.490936	-136.363251	0.000000	0.000000	7.125000	382.975800	241.703323
972	937.071350	439.561646	199.267242	43.658295	0.000000	0.000000	7.125000	-489.808990	-84.537827
973	1093.694824	-927.898315	166.803284	-146.481491	0.000000	0.000000	7.125000	-616.163147	422.205688
974	-735.358337	649.554321	-168.134689	120.715286	0.000000	0.000000	7.125000	205.492249	-104.307693
975	-396.655975	-1216.219727	-86.752739	-171.277985	0.000000	0.000000	7.125000	166.987610	416.709229
976	1151.622314	831.766907	171.973282	115.180511	0.000000	0.000000	7.125000	-464.220520	-233.255661
977	325.540894	126.124931	35.974144	197.741516	0.000000	0.000000	7.125000	-82.379639	-204.155640
978	765.710815	730.610901	123.732590	138.851761	0.000000	0.000000	7.125000	-448.690186	-337.748016
979	1033.423096	1109.536011	125.233261	141.552658	0.000000	0.000000	7.125000	-300.561829	-353.938141
980	307.864258	-133.792542	204.250183	31.748150	0.000000	0.000000	7.125000	-180.989243	-83.247040
981	389.524048	462.868073	93.793594	139.379517	0.000000	0.000000	7.125000	-170.484772	-308.174377
982	87.966560	-714.808044	2.689475	-194.981445	0.000000	0.000000	7.125000	-34.943302	382.885376
983	1246.702637	-690.419312	150.425888	-114.413193	0.000000	0.000000	7.125000	-416.126892	235.708328
984	-1217.762207	-494.717773	-165.350250	-85.104744	0.000000	0.000000	7.125000	491.914703	142.707138
985	-868.075012	-792.045044	-145.387329	-106.116791	0.000000	0.000000	7.125000	254.255493	171.310715
986	-1277.140503	-1062.576050	-184.203918	-163.012726	0.000000	0.000000	7.125000	409.650513	284.032104
987	-409.684265	899.896179	-78.441071	158.650314	0.000000	0.000000	7.125000	131.935822	-432.983246
988	619.854675	-955.707764	115.917450	-189.330841	0.000000	0.000000	7.125000	-216.374878	355.540070
989	-1012.393494	752.443665	-132.125824	113.216431	0.000000	0.000000	7.125000	446.566559	-430.177856
990	1122.238892	-272.858459	166.226074	-60.774017	0.000000	0.000000	7.125000	-418.345428	101.144165
991	-1266.007690	832.010925	-166.880173	111.989792	0.000000	0.000000	7.125000	513.971619	-231.085907
992	-998.289246	146.625092	-202.993164	20.218746	0.000000	0.000000	7.125000	406.586914	-29.983362
993	-68.002480	1459.234497	-41.343189	233.356476	0.000000	0.000000	7.125000	50.071560	-569.110840
994	-331.470490	-482.359222	-145.682983	-134.070450	0.000000	0.000000	7.125000	119.818573	99.871094
995	1011.789795	1181.299194	134.511993	149.356964	0.000000	0.000000	7.125000	-561.601257	-635.671631
996	1270.869507	-44.446976	242.232376	19.296459	0.000000	0.000000	7.125000	-697.531250	21.413649
997	360.955170	-645.316284	144.065231	-135.801620	0.000000	0.000000	7.125000	-255.519928	187.105652
998	1083.831055	153.967621	200.591125	51.032501	0.000000	0.000000	7.125000	-323.428436	-119.518532
999	100.830162	1242.831421	10.655507	218.734589	0.000000	0.000000	7.125000	1.679112	-537.065613
