node	a_force.x	a_force.y	g_force.x	g_force.y	r_force.x	r_force.y	global_speed	move_node.x	move_node.y
0	-394.350098	115.871742	-60.570869	26.213871	0.000000	0.000000	3.750000	575.090576	-183.881775
1	199.666901	-214.936264	36.343788	-55.091560	0.000000	0.000000	3.750000	-195.151291	182.207504
2	112.011803	-63.809448	58.442642	-34.750641	0.000000	0.000000	3.750000	-204.322891	-22.573351
3	348.985535	134.924744	65.669617	34.110077	0.000000	0.000000	3.750000	-543.691040	-222.820450
4	123.993050	-405.904236	17.525814	-73.951515	0.000000	0.000000	3.750000	-38.060577	400.069244
5	-149.179916	162.091782	-52.193306	43.587349	0.000000	0.000000	3.750000	461.137299	-334.409027
6	-337.873016	-415.741394	-62.509594	-46.653500	0.000000	0.000000	3.750000	651.450134	423.511292
7	-187.303894	401.833618	-44.100288	64.336288	0.000000	0.000000	3.750000	290.310272	-550.778381
8	-123.451141	-377.965546	-40.745514	-54.440811	0.000000	0.000000	3.750000	331.055359	391.427307
9	-28.317556	396.971741	-12.525301	62.762367	0.000000	0.000000	3.750000	61.884640	-384.535278
10	-135.357376	99.423721	-58.712101	45.043125	0.000000	0.000000	3.750000	421.214600	-263.370728
11	255.223206	284.062866	36.430695	50.167763	0.000000	0.000000	3.750000	-364.097595	-504.653168
12	-314.902618	-395.918671	-49.735012	-46.372704	0.000000	0.000000	3.750000	563.306885	446.462921
13	74.887398	42.280960	63.185368	25.131599	0.000000	0.000000	3.750000	-322.100525	-108.116402
14	-226.125229	-201.635529	-70.371986	-33.641987	0.000000	0.000000	3.750000	527.414978	242.116760
15	-242.253754	-345.547821	-53.155182	-42.409019	0.000000	0.000000	3.750000	408.840271	293.878174
16	-323.983826	216.733002	-46.970970	30.491398	0.000000	0.000000	3.750000	578.588440	-283.313141
17	208.268616	68.223488	26.427513	49.371601	0.000000	0.000000	3.750000	-169.123718	-187.229126
18	-264.054504	-125.793335	-66.700027	-32.048500	0.000000	0.000000	3.750000	476.202026	242.317795
19	-80.939491	236.033218	-31.632393	48.614639	0.000000	0.000000	3.750000	191.204376	-426.737854
20	157.824432	46.250668	46.231987	27.902981	0.000000	0.000000	3.750000	-143.358459	-59.350506
21	29.110844	223.457199	13.377954	66.669083	0.000000	0.000000	3.750000	-157.759903	-157.573883
22	281.883179	213.749847	36.671833	47.488693	0.000000	0.000000	3.750000	-258.802643	-354.681641
23	93.731125	499.826416	-2.083493	79.972870	0.000000	0.000000	3.750000	28.260883	-665.228760
24	449.558899	442.283356	58.355659	57.607422	0.000000	0.000000	3.750000	-829.452820	-722.592529
25	305.067169	-234.438599	41.218479	-37.908264	0.000000	0.000000	3.750000	-379.517487	375.354370
26	233.473282	132.315445	39.120850	58.046974	0.000000	0.000000	3.750000	-229.986206	-184.781555
27	-469.511292	107.466980	-75.689865	25.904306	0.000000	0.000000	3.750000	204.966492	-66.729164
28	299.837189	64.601105	58.846222	25.161903	0.000000	0.000000	3.750000	-426.636108	-203.314697
29	-97.454849	381.679321	-32.697868	47.904541	0.000000	0.000000	3.750000	299.089996	-643.890076
30	475.808716	-210.728333	71.263313	-19.938400	0.000000	0.000000	3.750000	-316.553101	48.729977
31	-210.976715	-349.497986	-34.015350	-51.835823	0.000000	0.000000	3.750000	332.192993	693.064880
32	-319.584717	241.329926	-61.770580	47.627632	0.000000	0.000000	3.750000	158.390961	-124.555992
33	227.185333	-135.598907	47.011749	-30.427681	0.000000	0.000000	3.750000	-366.434479	86.424164
34	-262.299744	417.679565	-40.138557	52.391754	0.000000	0.000000	3.750000	374.654633	-543.980469
35	-333.282196	183.709930	-60.258095	39.407623	0.000000	0.000000	3.750000	576.251099	-329.459320
36	11.778231	203.928955	2.324805	51.947994	0.000000	0.000000	3.750000	-21.218311	-241.036530
37	-99.036064	-396.427612	-39.365631	-65.010345	0.000000	0.000000	3.750000	300.269012	558.999939
38	85.280533	326.526489	1.013785	79.993576	0.000000	0.000000	3.750000	-22.680731	-498.075195
39	-384.764343	-100.386902	-86.924744	-23.325661	0.000000	0.000000	3.750000	692.658813	150.690475
40	265.966949	-291.957642	24.520321	-50.346283	0.000000	0.000000	3.750000	-183.458313	647.904175
41	40.250759	-238.884018	22.729910	-61.962494	0.000000	0.000000	3.750000	-107.393967	302.511353
42	135.435150	6.451248	58.939384	29.700806	0.000000	0.000000	3.750000	-384.068939	-251.253143
43	356.695587	-70.041580	53.204994	-9.231575	0.000000	0.000000	3.750000	-638.910400	-11.870844
44	-257.379700	-421.467651	-55.208252	-57.896809	0.000000	0.000000	3.750000	408.003448	351.252686
45	-119.406891	-530.596313	-31.516861	-80.016678	0.000000	0.000000	3.750000	207.734863	889.097717
46	-65.770248	22.063139	44.356537	48.865948	0.000000	0.000000	3.750000	-189.726776	-73.937599
47	-263.999786	163.058411	-47.532188	29.608963	0.000000	0.000000	3.750000	537.093872	-289.929474
48	-150.339005	373.622162	-31.156996	60.441967	0.000000	0.000000	3.750000	178.546082	-527.613892
49	-258.496948	-46.536221	-49.715923	-5.322328	0.000000	0.000000	3.750000	562.761353	63.866962
50	495.903015	-293.820801	67.776642	-46.153633	0.000000	0.000000	3.750000	-107.140816	97.828026
51	-251.408203	-220.875061	-59.426842	-28.713150	0.000000	0.000000	3.750000	551.300659	348.791626
52	-230.578094	-6.029551	-33.994659	-0.602441	0.000000	0.000000	3.750000	474.261688	38.982155
53	4.688456	-6.088430	63.710083	6.084723	0.000000	0.000000	3.750000	-206.552002	-26.421152
54	-214.611908	209.889511	-44.049019	54.402939	0.000000	0.000000	3.750000	237.294418	-247.592514
55	308.399841	-329.677490	38.913754	-43.008354	0.000000	0.000000	3.750000	-327.742126	455.491882
56	270.708496	-84.103981	59.882462	-3.751673	0.000000	0.000000	3.750000	-412.570190	-43.818333
57	-60.916046	-104.539093	-67.169678	-25.927059	0.000000	0.000000	3.750000	135.328171	35.549217
58	-367.625732	-173.780121	-61.840866	-23.058746	0.000000	0.000000	3.750000	705.210327	201.334732
59	231.971344	-160.707779	40.180794	-26.258242	0.000000	0.000000	3.750000	-180.904861	84.554535
60	43.341808	-260.022766	3.619554	-67.903481	0.000000	0.000000	3.750000	47.858616	499.478424
61	36.215355	-408.400818	-12.305143	-64.842751	0.000000	0.000000	3.750000	93.499809	714.083130
62	293.401093	89.035019	64.220215	22.355293	0.000000	0.000000	3.750000	-571.974121	-143.511230
63	241.596725	-464.398407	40.986916	-64.000565	0.000000	0.000000	3.750000	-441.146149	654.939331
64	3.751136	243.371170	-9.089905	61.330036	0.000000	0.000000	3.750000	83.743103	-483.477539
65	63.993980	-302.721191	13.706203	-64.560852	0.000000	0.000000	3.750000	4.711164	417.825745
66	-263.865082	257.167511	-63.108452	34.659866	0.000000	0.000000	3.750000	511.277557	-172.978333
67	67.235764	-250.288162	12.810757	-44.180122	0.000000	0.000000	3.750000	-93.575645	450.392548
68	-218.055130	-339.413910	-44.681511	-48.575287	0.000000	0.000000	3.750000	277.836761	359.582947
69	176.005188	-63.924171	63.761696	5.516782	0.000000	0.000000	3.750000	-314.851410	-58.222500
70	453.043640	21.856134	67.413940	8.908450	0.000000	0.000000	3.750000	-692.985596	-76.324936
71	37.457050	151.986908	16.622097	51.377022	0.000000	0.000000	3.750000	-181.799255	-178.159195
72	-372.784180	345.118713	-50.922806	45.065125	0.000000	0.000000	3.750000	669.960388	-488.479767
73	-257.622620	-290.176605	-40.837101	-41.186539	0.000000	0.000000	3.750000	512.953918	503.497284
74	-169.244934	416.106293	-29.713520	56.684219	0.000000	0.000000	3.750000	238.519989	-701.574829
75	-138.388931	200.064117	-24.271893	50.466305	0.000000	0.000000	3.750000	52.424080	-330.842773
76	-260.733948	271.951141	-49.407940	46.721008	0.000000	0.000000	3.750000	525.412598	-588.231873
77	248.909744	320.103943	31.975636	45.973457	0.000000	0.000000	3.750000	-277.661255	-403.511078
78	13.034522	104.088348	-52.751671	39.663918	0.000000	0.000000	3.750000	206.954727	-112.122849
79	-409.663452	333.281464	-57.319248	43.571754	0.000000	0.000000	3.750000	480.163147	-283.529388
80	-27.657948	35.205215	-33.526867	59.160366	0.000000	0.000000	3.750000	106.210495	-183.523804
81	-247.525177	53.697731	-45.405563	7.371064	0.000000	0.000000	3.750000	644.912231	-15.489993
82	-125.010620	141.750610	-41.950699	48.331974	0.000000	0.000000	3.750000	135.976273	-58.670158
83	201.810608	-99.395370	73.825768	5.067827	0.000000	0.000000	3.750000	-153.136490	13.951493
84	275.024292	-180.921509	49.468525	-21.653227	0.000000	0.000000	3.750000	-706.349060	210.175171
85	-445.244385	248.788651	-65.414230	38.690758	0.000000	0.000000	3.750000	762.570862	-353.286041
86	386.107941	54.833488	60.760139	12.337163	0.000000	0.000000	3.750000	-659.921753	-120.039200
87	-28.714989	347.599487	-7.310058	57.537491	0.000000	0.000000	3.750000	88.415840	-551.148926
88	-18.187382	12.254488	-11.117834	58.956062	0.000000	0.000000	3.750000	-0.146306	-42.749451
89	-501.043945	73.443855	-69.452820	35.500740	0.000000	0.000000	3.750000	507.379486	-203.411850
90	6.026168	-131.001495	15.089218	-51.848900	0.000000	0.000000	3.750000	-11.274020	72.002525
91	63.957100	188.536377	2.357978	61.955128	0.000000	0.000000	3.750000	7.720189	-266.138031
92	-289.959015	-234.819534	-60.326988	-31.379181	0.000000	0.000000	3.750000	494.237946	298.644226
93	335.167725	53.856804	67.873535	24.021729	0.000000	0.000000	3.750000	-144.268814	-98.897156
94	475.036438	161.298508	63.026428	38.777168	0.000000	0.000000	3.750000	-432.248199	-229.776413
95	-49.470879	-257.125183	-33.765572	-47.158066	0.000000	0.000000	3.750000	178.106735	217.776062
96	-117.044182	-54.140835	-43.974510	1.414168	0.000000	0.000000	3.750000	26.294809	6.715541
97	348.474396	72.222046	51.014229	23.098618	0.000000	0.000000	3.750000	-616.036133	-196.398575
98	-275.595917	128.047470	-60.683487	25.952156	0.000000	0.000000	3.750000	458.603455	-195.715591
99	-123.482483	-305.318817	-36.597069	-50.046494	0.000000	0.000000	3.750000	246.972748	411.771149
100	390.351593	-261.873566	56.861435	-33.507851	0.000000	0.000000	3.750000	-690.687378	340.123932
101	374.074341	176.425125	43.409767	38.465462	0.000000	0.000000	3.750000	-262.984253	-243.683441
102	331.893250	-189.379639	61.272346	-33.848167	0.000000	0.000000	3.750000	-493.692383	235.500015
103	186.151398	-234.601074	55.414322	-42.769768	0.000000	0.000000	3.750000	-454.589386	353.286407
104	301.049103	323.831696	56.265892	41.643093	0.000000	0.000000	3.750000	-587.931396	-373.901245
105	-413.632385	-117.811272	-68.829002	-12.750256	0.000000	0.000000	3.750000	803.184937	158.112396
106	-239.936615	40.329876	-67.123497	10.882745	0.000000	0.000000	3.750000	472.288971	-40.755924
107	-319.753906	-149.604721	-62.039036	-22.520168	0.000000	0.000000	3.750000	610.007507	204.730865
108	427.550171	387.374451	67.927025	59.041512	0.000000	0.000000	3.750000	-626.703979	-393.534454
109	375.657471	234.813507	50.492096	35.979767	0.000000	0.000000	3.750000	-638.435120	-321.370758
110	119.992661	-245.370483	35.851273	-57.781357	0.000000	0.000000	3.750000	-311.211517	453.608154
111	-255.994202	491.822266	-42.856415	62.763702	0.000000	0.000000	3.750000	114.196922	-355.635681
112	219.188782	-325.657410	35.153301	-40.990791	0.000000	0.000000	3.750000	-356.602997	469.394806
113	123.794624	-404.430359	24.273874	-63.519875	0.000000	0.000000	3.750000	-192.932968	739.272278
114	165.581131	341.687134	31.363400	53.482117	0.000000	0.000000	3.750000	-285.314606	-429.829315
115	-254.227875	147.862350	-51.702080	26.284700	0.000000	0.000000	3.750000	472.598816	-133.417267
116	-344.819244	-354.754333	-42.989532	-50.078938	0.000000	0.000000	3.750000	474.459595	582.117798
117	-80.714462	270.723450	1.723973	69.978760	0.000000	0.000000	3.750000	-42.403709	-613.719666
118	-166.523926	-231.833908	-28.078587	-50.750275	0.000000	0.000000	3.750000	158.703384	351.343933
119	-398.949860	-204.879440	-57.429283	-49.778267	0.000000	0.000000	3.750000	354.225525	280.257812
120	-340.097870	-255.417236	-60.072533	-31.863512	0.000000	0.000000	3.750000	714.012878	238.991241
121	107.313766	-312.608337	35.180122	-53.463619	0.000000	0.000000	3.750000	-256.020020	361.271027
122	213.055450	166.697571	36.803642	36.735432	0.000000	0.000000	3.750000	-443.223236	-441.333984
123	159.949936	135.914963	29.368750	54.602230	0.000000	0.000000	3.750000	-382.358490	-331.749176
124	259.668640	28.734081	68.912148	20.859344	0.000000	0.000000	3.750000	-363.692078	-133.717377
125	46.987598	-275.674011	3.863858	-65.886681	0.000000	0.000000	3.750000	38.205593	441.321472
126	373.275330	38.417091	57.486328	28.130322	0.000000	0.000000	3.750000	-611.901184	-192.034302
127	-258.769531	198.528641	-52.162704	43.623985	0.000000	0.000000	3.750000	419.679657	-352.601776
128	218.746124	374.654999	37.680813	51.731560	0.000000	0.000000	3.750000	-334.331146	-565.185913
129	225.556427	39.651115	69.979965	1.668483	0.000000	0.000000	3.750000	-210.389023	0.593259
130	244.662827	313.999512	31.640965	53.318291	0.000000	0.000000	3.750000	-224.268692	-651.329407
131	-220.959106	257.438293	-36.187523	42.737133	0.000000	0.000000	3.750000	362.883514	-503.079498
132	363.077881	136.342560	56.075928	21.341778	0.000000	0.000000	3.750000	-442.250000	-36.488174
133	271.272614	-161.471649	62.105820	-27.692272	0.000000	0.000000	3.750000	-477.736389	148.518478
134	480.761292	-420.180420	55.002159	-58.092705	0.000000	0.000000	3.750000	-546.971619	610.233765
135	93.968384	-419.247162	15.759869	-62.029221	0.000000	0.000000	3.750000	-125.306549	741.204712
136	-66.086166	-157.794296	-35.355495	-32.465172	0.000000	0.000000	3.750000	372.080261	292.638733
137	-176.628540	-466.727417	-39.770470	-64.763481	0.000000	0.000000	3.750000	334.014496	620.956238
138	-350.802124	324.751404	-50.140175	45.934326	0.000000	0.000000	3.750000	592.835938	-532.799072
139	245.220505	453.931030	68.850891	61.020882	0.000000	0.000000	3.750000	-529.062256	-402.037781
140	-41.318451	-216.714249	-32.690178	-64.151001	0.000000	0.000000	3.750000	179.752930	364.754089
141	-619.141235	-293.387665	-89.873199	-39.074093	0.000000	0.000000	3.750000	892.894531	228.128876
142	477.974487	-268.887543	67.454437	-35.012611	0.000000	0.000000	3.750000	-747.326721	213.900726
143	-387.529297	222.351288	-53.371864	31.550613	0.000000	0.000000	3.750000	798.018188	-352.917480
144	-301.946533	259.355804	-50.539421	42.447220	0.000000	0.000000	3.750000	546.195557	-481.790100
145	-149.639633	281.144470	-21.759157	42.784782	0.000000	0.000000	3.750000	181.719543	-468.405090
146	310.630615	-25.327024	57.712341	-5.769376	0.000000	0.000000	3.750000	-416.052612	52.813377
147	340.886383	285.095276	51.869797	47.005562	0.000000	0.000000	3.750000	-559.714233	-457.124817
148	-280.500366	-10.458286	-68.192307	15.805250	0.000000	0.000000	3.750000	691.867493	-92.312096
149	-285.977112	-232.177490	-43.797096	-43.884102	0.000000	0.000000	3.750000	747.163696	783.792847
150	216.201385	116.214058	23.566265	61.649258	0.000000	0.000000	3.750000	-163.610748	-417.445892
151	-366.708038	236.402206	-43.349091	44.326653	0.000000	0.000000	3.750000	458.394653	-617.429993
152	-374.811401	-49.498024	-54.267857	-13.820262	0.000000	0.000000	3.750000	670.330994	165.256180
153	403.763031	-338.461304	59.421062	-44.103706	0.000000	0.000000	3.750000	-557.331543	433.544586
154	-307.254456	243.939392	-46.465893	46.871323	0.000000	0.000000	3.750000	386.097137	-384.370758
155	381.391418	151.579544	64.278816	22.186157	0.000000	0.000000	3.750000	-721.879150	-135.752304
156	-275.565765	402.601501	-45.222229	45.287422	0.000000	0.000000	3.750000	538.864990	-555.739258
157	405.804993	-396.217010	52.430008	-52.221588	0.000000	0.000000	3.750000	-464.354523	445.065430
158	-291.559570	463.670410	-43.877007	59.588615	0.000000	0.000000	3.750000	387.559845	-710.305481
159	375.024689	-161.187988	64.818146	-35.701599	0.000000	0.000000	3.750000	-499.442291	328.151978
160	277.925537	-338.463013	38.740505	-53.433556	0.000000	0.000000	3.750000	-105.228729	208.344681
161	-258.018524	-98.197563	-57.932838	2.790292	0.000000	0.000000	3.750000	323.409943	0.120951
162	120.202896	338.243835	12.774739	50.406387	0.000000	0.000000	3.750000	-88.637962	-695.411011
163	-251.774002	392.740479	-44.912903	56.274597	0.000000	0.000000	3.750000	336.467499	-397.840637
164	107.333572	-211.815765	37.312363	-59.226364	0.000000	0.000000	3.750000	-42.285042	111.187134
165	273.876007	-224.621552	40.178486	-33.010437	0.000000	0.000000	3.750000	-500.974854	454.044220
166	-254.394287	-299.288086	-34.744038	-43.918690	0.000000	0.000000	3.750000	394.877625	566.048462
167	-312.374084	-181.396851	-44.641129	-30.383701	0.000000	0.000000	3.750000	958.918030	588.723877
168	-72.481735	-297.893982	-6.468851	-45.542873	0.000000	0.000000	3.750000	48.160957	704.785461
169	-97.229004	86.722137	-52.532040	54.921341	0.000000	0.000000	3.750000	496.166626	-347.984070
170	216.161179	-246.519669	49.661747	-46.451149	0.000000	0.000000	3.750000	-263.976379	279.315399
171	-73.628944	306.905640	-27.108967	49.000992	0.000000	0.000000	3.750000	166.288971	-461.263580
172	-308.158142	-253.833130	-45.256058	-36.275181	0.000000	0.000000	3.750000	914.590820	671.409302
173	352.943237	-66.592392	56.422710	-20.407419	0.000000	0.000000	3.750000	-683.542419	77.831726
174	-203.762146	157.448730	-36.528130	31.139938	0.000000	0.000000	3.750000	419.132874	-361.178070
175	87.801315	303.986267	15.785912	45.329922	0.000000	0.000000	3.750000	-150.820999	-839.400146
176	462.230865	366.553070	65.867363	58.356544	0.000000	0.000000	3.750000	-589.944397	-436.526581
177	-61.008629	-59.547836	-40.766472	38.384384	0.000000	0.000000	3.750000	134.629227	-22.852606
178	277.999451	163.879807	53.540001	35.063766	0.000000	0.000000	3.750000	-178.977264	-110.169128
179	-155.913055	-106.235107	-58.548920	-25.846031	0.000000	0.000000	3.750000	80.537659	34.230862
180	-265.912994	-257.310272	-49.054176	-34.549789	0.000000	0.000000	3.750000	702.686218	498.232178
181	-24.850708	-272.162476	23.334301	-63.870964	0.000000	0.000000	3.750000	-170.264481	351.284943
182	-248.566223	142.264023	-66.517014	36.762398	0.000000	0.000000	3.750000	398.330200	-165.367142
183	71.561295	128.367645	-13.148165	54.434547	0.000000	0.000000	3.750000	64.573242	-497.559570
184	26.343540	187.402237	29.372292	67.920952	0.000000	0.000000	3.750000	-265.930634	-455.019714
185	-126.869019	-219.050507	-63.906113	-60.497925	0.000000	0.000000	3.750000	170.849716	178.383347
186	-319.659668	104.262718	-57.118523	24.113617	0.000000	0.000000	3.750000	632.297546	-148.060883
187	-315.978455	-311.375946	-56.852753	-56.282898	0.000000	0.000000	3.750000	533.324097	500.848450
188	245.941040	-228.529694	38.120758	-32.354408	0.000000	0.000000	3.750000	-485.612366	407.117737
189	78.955460	-433.221954	14.783884	-70.465836	0.000000	0.000000	3.750000	-81.336052	613.109741
190	244.814102	-278.711975	46.172546	-31.687397	0.000000	0.000000	3.750000	-310.418396	164.784164
191	-264.695679	146.949707	-43.946098	31.380505	0.000000	0.000000	3.750000	402.863861	-192.529312
192	-363.760132	-116.230988	-55.641273	6.328042	0.000000	0.000000	3.750000	613.226013	15.365217
193	-219.226410	357.419373	-23.918449	65.786789	0.000000	0.000000	3.750000	187.942703	-841.229919
194	-274.169922	139.922897	-63.385269	45.456478	0.000000	0.000000	3.750000	526.105957	-277.143921
195	-98.047897	-186.438309	-49.015755	-37.965527	0.000000	0.000000	3.750000	154.820282	62.515461
196	255.044968	266.543579	36.372696	42.579643	0.000000	0.000000	3.750000	-470.325531	-658.092529
197	126.194046	-362.479004	31.417068	-60.307274	0.000000	0.000000	3.750000	-237.248322	491.570984
198	13.577652	-328.464722	11.481403	-52.765282	0.000000	0.000000	3.750000	-113.650482	985.282410
199	403.898071	-251.009644	63.751373	-48.329712	0.000000	0.000000	3.750000	-455.845978	387.092834
200	398.886658	-230.390457	67.614006	-38.888874	0.000000	0.000000	3.750000	-654.547668	322.223267
201	83.426048	299.742035	12.371819	58.710621	0.000000	0.000000	3.750000	-101.870827	-738.035583
202	353.310791	158.982590	47.910767	32.688751	0.000000	0.000000	3.750000	-670.567627	-324.670776
203	-258.509583	274.039886	-41.850243	51.034832	0.000000	0.000000	3.750000	399.033142	-620.069092
204	332.361115	138.113861	48.939014	27.220690	0.000000	0.000000	3.750000	-589.380859	-181.459244
205	-388.108765	149.393829	-53.871254	38.129822	0.000000	0.000000	3.750000	650.604553	-334.425232
206	314.088318	-277.300323	45.501526	-35.966805	0.000000	0.000000	3.750000	-643.149475	456.849976
207	87.920578	-424.677521	18.424831	-61.290478	0.000000	0.000000	3.750000	-126.418869	629.759827
208	66.775177	355.087799	23.636280	65.888672	0.000000	0.000000	3.750000	-149.093414	-742.621643
209	-438.881775	318.632324	-52.179169	49.611805	0.000000	0.000000	3.750000	434.959381	-343.442047
210	89.022125	-26.190897	48.365021	-35.503906	0.000000	0.000000	3.750000	-295.041931	16.061373
211	-130.820587	-16.650484	-65.647591	6.810536	0.000000	0.000000	3.750000	364.638855	-9.732600
212	-244.531769	-482.408508	-19.436453	-73.472595	0.000000	0.000000	3.750000	151.836929	829.488525
213	145.803467	400.712891	31.034355	73.735046	0.000000	0.000000	3.750000	-187.976822	-705.467651
214	-312.332214	64.328033	-62.577896	13.416002	0.000000	0.000000	3.750000	421.108612	1.847669
215	-282.778015	-372.941040	-36.575031	-50.062599	0.000000	0.000000	3.750000	399.636658	728.085388
216	157.828430	182.701599	54.684410	40.417805	0.000000	0.000000	3.750000	-295.275055	-157.267944
217	420.948181	201.618744	57.446671	36.385067	0.000000	0.000000	3.750000	-718.091553	-302.489960
218	111.076149	-230.404861	10.266212	-48.934700	0.000000	0.000000	3.750000	-78.570152	380.195679
219	216.238800	-9.869803	79.818161	5.390758	0.000000	0.000000	3.750000	-424.078369	-37.625938
220	323.897919	142.040314	56.246361	34.530235	0.000000	0.000000	3.750000	-581.959595	-227.893295
221	-235.275635	235.580688	-27.546345	66.522125	0.000000	0.000000	3.750000	87.036469	-209.438034
222	190.654541	371.370300	39.376911	50.452530	0.000000	0.000000	3.750000	-411.586029	-612.687927
223	369.047729	-76.509819	67.825897	4.862823	0.000000	0.000000	3.750000	-813.975952	-47.031502
224	320.694733	346.031158	43.413536	49.711815	0.000000	0.000000	3.750000	-609.417542	-775.434143
225	-55.021454	-93.937065	-30.178459	71.921890	0.000000	0.000000	3.750000	23.749937	-76.849289
226	-79.063263	143.850479	-12.536724	42.176182	0.000000	0.000000	3.750000	88.874596	-374.030487
227	-379.530334	176.103302	-50.685532	32.108727	0.000000	0.000000	3.750000	693.962036	-272.853210
228	149.488800	112.092651	46.194035	35.072853	0.000000	0.000000	3.750000	-197.152863	-177.293671
229	109.443710	324.577332	27.720352	57.685158	0.000000	0.000000	3.750000	-320.761993	-995.334412
230	-238.289490	307.785217	-25.693928	62.958855	0.000000	0.000000	3.750000	157.170349	-562.082153
231	-434.237915	-365.937195	-63.733467	-41.400822	0.000000	0.000000	3.750000	598.158386	241.516434
232	45.118923	-518.900024	20.704437	-68.958862	0.000000	0.000000	3.750000	-179.055313	786.750977
233	413.894012	-321.844543	64.510361	-36.254776	0.000000	0.000000	3.750000	-749.831299	320.295502
234	-351.403656	52.046654	-65.417114	38.685841	0.000000	0.000000	3.750000	322.024292	-236.110870
235	138.181152	-442.642334	30.023376	-56.520653	0.000000	0.000000	3.750000	-133.236359	416.270874
236	-79.209770	-476.666901	-8.008379	-67.526749	0.000000	0.000000	3.750000	20.142569	724.343689
237	308.127930	-153.228683	49.804596	-20.868706	0.000000	0.000000	3.750000	-350.559143	131.557983
238	-375.311157	264.734955	-51.039070	44.933414	0.000000	0.000000	3.750000	634.874939	-463.289642
239	278.585022	268.854431	31.773586	43.662769	0.000000	0.000000	3.750000	-270.549713	-474.512604
240	304.758850	-254.509003	67.729622	-29.810938	0.000000	0.000000	3.750000	-496.486145	150.427567
241	-12.875492	-201.487366	11.672760	-81.162628	0.000000	0.000000	3.750000	46.339886	186.525833
242	-314.575317	-50.239983	-63.468803	18.102798	0.000000	0.000000	3.750000	1020.729431	-290.781342
243	-354.998047	463.305664	-51.072369	58.954285	0.000000	0.000000	3.750000	427.670288	-643.581665
244	-279.525085	367.790131	-33.935032	72.445419	0.000000	0.000000	3.750000	70.415878	-396.195770
245	493.217041	190.016251	72.046051	29.889076	0.000000	0.000000	3.750000	-965.816345	-238.282562
246	144.476791	519.356384	31.145535	80.161987	0.000000	0.000000	3.750000	-235.120895	-970.415161
247	310.708862	-196.742096	61.073021	-25.021111	0.000000	0.000000	3.750000	-654.835205	70.683624
248	381.650787	196.873505	47.781456	36.289528	0.000000	0.000000	3.750000	-580.669006	-330.935455
249	51.247990	-347.215057	14.334370	-78.705208	0.000000	0.000000	3.750000	-41.686790	783.622742
250	43.171585	-188.633636	24.333302	-61.350548	0.000000	0.000000	3.750000	-99.246674	215.815811
251	-210.210739	-344.559265	-31.625526	-50.988434	0.000000	0.000000	3.750000	257.193451	657.416809
252	-27.371918	-299.322571	-16.561199	-49.292202	0.000000	0.000000	3.750000	77.777870	482.188263
253	-249.530228	-57.398544	-85.431740	-39.209782	0.000000	0.000000	3.750000	293.672668	100.155373
254	-379.972382	-261.337097	-54.954597	-36.551163	0.000000	0.000000	3.750000	665.261597	318.382965
255	-124.810944	405.927185	-16.656782	78.246658	0.000000	0.000000	3.750000	231.589508	-671.434387
256	74.689949	316.612518	2.719903	53.931450	0.000000	0.000000	3.750000	-6.373395	-548.678162
257	-225.000305	72.880806	-48.761021	31.406410	0.000000	0.000000	3.750000	343.693146	-195.829865
258	-21.336401	-137.695801	11.541121	-60.916279	0.000000	0.000000	3.750000	-25.610033	142.989944
259	104.844276	277.360962	23.941391	55.016445	0.000000	0.000000	3.750000	-261.289948	-717.870605
260	-313.548370	64.917168	-52.634064	19.121849	0.000000	0.000000	3.750000	270.235748	-55.999180
261	151.530258	238.165009	25.782784	77.841164	0.000000	0.000000	3.750000	-163.840210	-548.496155
262	62.409298	10.056173	79.064590	-12.196819	0.000000	0.000000	3.750000	-378.017944	18.138540
263	-360.756866	70.169464	-54.521156	19.784914	0.000000	0.000000	3.750000	435.214539	-169.370529
264	-135.135605	72.930542	-35.074181	46.193069	0.000000	0.000000	3.750000	220.976837	-242.500702
265	266.750671	293.055664	36.261879	55.145943	0.000000	0.000000	3.750000	-312.897522	-552.539001
266	404.774933	286.294922	45.331436	45.178101	0.000000	0.000000	3.750000	-630.713745	-618.838623
267	396.676453	-12.957984	65.641800	-17.750834	0.000000	0.000000	3.750000	-260.134247	-6.139651
268	-344.760315	-202.596115	-51.218922	-27.214367	0.000000	0.000000	3.750000	507.312469	291.042480
269	251.439636	-305.505432	47.848274	-51.093346	0.000000	0.000000	3.750000	-109.604820	133.855270
270	-79.426765	-361.975189	0.229692	-71.999374	0.000000	0.000000	3.750000	104.241211	508.205627
271	-388.949463	-435.839844	-46.752304	-57.360443	0.000000	0.000000	3.750000	442.528717	648.573059
272	-317.698486	-173.925354	-50.854233	-23.448797	0.000000	0.000000	3.750000	368.472534	142.525681
273	127.118896	294.090027	61.325790	57.402550	0.000000	0.000000	3.750000	-362.011963	-175.332031
274	60.122395	-65.944344	48.317101	-44.956764	0.000000	0.000000	3.750000	-210.150345	43.369919
275	-19.602152	143.066467	23.179001	61.795895	0.000000	0.000000	3.750000	-94.878853	-240.140198
276	-300.775879	-244.762207	-43.262283	-28.850910	0.000000	0.000000	3.750000	376.891937	228.231461
277	29.955975	24.035698	6.550928	71.701355	0.000000	0.000000	3.750000	-32.450520	-173.198090
278	83.994385	116.303970	37.207802	33.400173	0.000000	0.000000	3.750000	-299.983368	-197.285019
279	-166.180161	-411.492737	-23.018036	-55.409035	0.000000	0.000000	3.750000	148.198456	764.245422
280	-179.543335	-255.555725	-16.764938	-42.836113	0.000000	0.000000	3.750000	129.326874	686.754700
281	267.616638	-148.431122	54.187706	-20.680470	0.000000	0.000000	3.750000	-614.023315	88.285751
282	-441.973999	365.817780	-57.874859	55.231331	0.000000	0.000000	3.750000	593.651550	-536.140625
283	146.784821	-262.172058	34.072380	-49.386185	0.000000	0.000000	3.750000	-62.996593	79.821579
284	-296.976440	-6.212864	-61.993145	0.920625	0.000000	0.000000	3.750000	302.796692	30.902500
285	-100.708054	119.971680	-32.205379	62.151527	0.000000	0.000000	3.750000	275.955475	-599.435791
286	131.812958	4.408539	55.999710	-0.167032	0.000000	0.000000	3.750000	-362.760864	38.703880
287	207.151489	194.083450	31.842411	48.477425	0.000000	0.000000	3.750000	-328.331482	-478.798340
288	230.216125	-61.021240	61.060974	-10.749224	0.000000	0.000000	3.750000	-165.137589	-7.083576
289	53.586304	-124.243393	59.113441	-29.325996	0.000000	0.000000	3.750000	-129.968796	-58.722740
290	187.404572	-287.373566	39.310051	-45.328995	0.000000	0.000000	3.750000	-402.378479	572.323608
291	-255.750610	369.519470	-53.350365	59.613213	0.000000	0.000000	3.750000	521.993347	-699.593201
292	-192.887650	158.592896	-37.141029	44.548187	0.000000	0.000000	3.750000	98.381302	-98.004517
293	-13.128353	355.197296	-0.451415	59.998299	0.000000	0.000000	3.750000	-10.060118	-748.961426
294	-116.536057	308.225586	-28.687435	59.439224	0.000000	0.000000	3.750000	124.195366	-423.868561
295	426.451111	169.630920	68.878098	27.051888	0.000000	0.000000	3.750000	-826.665710	-227.370789
296	286.099915	215.472916	33.789745	39.525330	0.000000	0.000000	3.750000	-416.217987	-608.368774
297	-191.545425	201.278503	-29.180656	27.358524	0.000000	0.000000	3.750000	456.633240	-341.829681
298	399.290253	182.728195	58.706673	38.124889	0.000000	0.000000	3.750000	-503.965973	-168.190704
299	-254.860748	-364.911133	-36.768692	-47.413742	0.000000	0.000000	3.750000	490.323090	729.110901
300	-307.947449	63.113457	-63.146538	10.413929	0.000000	0.000000	3.750000	202.092606	34.127579
301	212.068329	343.117767	33.602676	54.468857	0.000000	0.000000	3.750000	-330.754639	-759.221497
302	-411.943054	58.227364	-73.966316	2.227324	0.000000	0.000000	3.750000	537.269531	86.533745
303	300.284119	370.048981	45.265354	55.991486	0.000000	0.000000	3.750000	-553.854797	-609.850830
304	377.996521	4.734126	65.135803	-19.527588	0.000000	0.000000	3.750000	-522.890198	113.608818
305	-218.280975	319.744659	-40.722839	75.747025	0.000000	0.000000	3.750000	214.926102	-691.699097
306	-53.406452	109.170670	9.119102	93.479156	0.000000	0.000000	3.750000	-99.090775	-14.737659
307	3.346985	257.468079	17.448748	55.313110	0.000000	0.000000	3.750000	-250.243286	-663.888611
308	-139.512100	-353.483459	-34.615105	-60.842308	0.000000	0.000000	3.750000	224.915100	555.533936
309	265.875793	158.874603	64.442375	27.334511	0.000000	0.000000	3.750000	-619.706360	-196.069122
310	454.988342	384.760071	65.521622	49.304306	0.000000	0.000000	3.750000	-537.276062	-358.408875
311	-211.074066	226.133759	-31.090429	46.576656	0.000000	0.000000	3.750000	207.373367	-348.891235
312	240.821304	-53.372749	56.600868	-37.687370	0.000000	0.000000	3.750000	-324.204956	178.152954
313	207.712463	53.093643	71.412224	26.004692	0.000000	0.000000	3.750000	-306.835449	-176.188461
314	-226.717361	252.574371	-40.872723	35.290504	0.000000	0.000000	3.750000	564.277161	-430.117767
315	124.266220	-330.316467	45.035591	-66.119446	0.000000	0.000000	3.750000	-242.770920	292.036407
316	-117.928497	-100.625221	-52.265949	-55.169899	0.000000	0.000000	3.750000	111.198349	29.000549
317	-208.608093	-128.322479	-73.224213	-10.687092	0.000000	0.000000	3.750000	429.956146	61.013206
318	316.836487	-393.887756	46.898911	-49.239120	0.000000	0.000000	3.750000	-502.868561	596.193054
319	-287.779236	495.495941	-32.723648	81.688736	0.000000	0.000000	3.750000	32.040062	-277.545319
320	-106.085144	201.130875	-24.419216	59.158257	0.000000	0.000000	3.750000	139.035278	-276.156433
321	207.145264	428.689087	21.791208	62.298759	0.000000	0.000000	3.750000	-147.074722	-770.821289
322	-340.248474	-324.904602	-52.905262	-54.562195	0.000000	0.000000	3.750000	438.176880	445.553162
323	301.929352	127.315048	65.567261	7.545330	0.000000	0.000000	3.750000	-452.612213	-77.848419
324	-173.498428	-3.718917	-72.698944	22.155443	0.000000	0.000000	3.750000	233.597794	-73.107452
325	-283.019287	-268.026367	-57.333504	-43.553040	0.000000	0.000000	3.750000	546.950500	363.213623
326	-94.665245	-68.751770	-77.326279	-10.229697	0.000000	0.000000	3.750000	333.381989	49.843048
327	-457.442444	-322.191650	-57.616692	-49.561234	0.000000	0.000000	3.750000	555.384338	404.271362
328	534.190796	267.316528	76.380684	51.283073	0.000000	0.000000	3.750000	-502.461761	-201.854538
329	23.626181	394.540710	22.058872	57.943077	0.000000	0.000000	3.750000	-144.421661	-682.599121
330	168.723511	-251.740799	30.457914	-71.807434	0.000000	0.000000	3.750000	-130.135605	235.785934
331	-166.770966	-385.423523	-30.584917	-49.280403	0.000000	0.000000	3.750000	279.672150	692.957886
332	200.265518	-17.505070	68.647453	-21.714651	0.000000	0.000000	3.750000	-448.736053	127.780815
333	35.461880	63.048359	-10.817093	44.710060	0.000000	0.000000	3.750000	27.132198	-133.345963
334	89.248322	258.687012	-1.718021	57.974533	0.000000	0.000000	3.750000	53.072018	-545.160645
335	87.260750	450.296783	0.651522	77.997276	0.000000	0.000000	3.750000	11.062116	-626.520081
336	75.226173	-244.057587	2.773208	-57.933487	0.000000	0.000000	3.750000	86.019814	478.668152
337	322.076660	258.906769	45.993134	38.530918	0.000000	0.000000	3.750000	-408.799133	-367.177338
338	-77.038177	53.992554	-56.859413	40.828407	0.000000	0.000000	3.750000	232.981186	-99.652618
339	-158.541367	239.980347	-37.382957	46.930931	0.000000	0.000000	3.750000	297.476959	-316.571838
340	-447.196472	-25.727293	-77.556572	-8.305292	0.000000	0.000000	3.750000	659.736633	79.616722
341	330.331482	36.884361	49.830318	-4.115675	0.000000	0.000000	3.750000	-856.000793	12.379613
342	289.854370	327.532776	38.600853	43.289421	0.000000	0.000000	3.750000	-428.521393	-438.562866
343	17.634855	237.516678	8.273341	65.479378	0.000000	0.000000	3.750000	-104.541519	-495.216797
344	217.162079	-247.321259	35.419258	-53.305500	0.000000	0.000000	3.750000	-287.978821	443.335388
345	104.774933	-187.075577	37.213482	-47.064796	0.000000	0.000000	3.750000	-274.631134	178.457474
346	28.354237	345.080017	-5.401628	63.771641	0.000000	0.000000	3.750000	29.723457	-486.355469
347	-138.392242	-238.230423	-27.997499	-48.498840	0.000000	0.000000	3.750000	201.038528	464.823364
348	-168.857483	255.736938	-35.272671	46.041691	0.000000	0.000000	3.750000	261.053314	-303.264191
349	159.202423	222.990265	43.383480	41.447227	0.000000	0.000000	3.750000	-310.685547	-333.501038
350	175.427887	-250.938828	34.790237	-74.251038	0.000000	0.000000	3.750000	-163.240341	136.464264
351	240.277374	-404.037415	31.081636	-64.945602	0.000000	0.000000	3.750000	-241.723175	580.734070
352	-45.668602	-23.563375	-58.044128	15.194717	0.000000	0.000000	3.750000	178.303284	-47.293877
353	259.598633	269.981110	38.704578	34.726868	0.000000	0.000000	3.750000	-245.325821	-249.363281
354	-383.554199	-294.928284	-55.981575	-42.024548	0.000000	0.000000	3.750000	670.788879	456.111084
355	68.349747	-314.594421	22.733221	-70.421387	0.000000	0.000000	3.750000	-237.370575	437.281799
356	210.717468	97.741325	63.010582	34.837654	0.000000	0.000000	3.750000	-322.538544	-207.377869
357	122.313309	-1.408058	56.564262	29.941195	0.000000	0.000000	3.750000	-361.490387	-242.239227
358	92.220322	-268.197937	14.526575	-60.274132	0.000000	0.000000	3.750000	-78.683815	763.581604
359	-148.973434	-109.020958	-33.337608	-47.461487	0.000000	0.000000	3.750000	146.086182	179.866943
360	-24.105406	-368.412872	-12.654083	-52.496407	0.000000	0.000000	3.750000	72.401405	528.842773
361	106.633614	347.334351	16.414099	68.048340	0.000000	0.000000	3.750000	-173.518311	-582.355591
362	343.598572	345.776642	45.646660	50.402203	0.000000	0.000000	3.750000	-435.112976	-441.714935
363	-393.635376	-274.567963	-56.218437	-41.707130	0.000000	0.000000	3.750000	815.468506	489.154602
364	180.811920	276.038940	28.932398	52.563431	0.000000	0.000000	3.750000	-276.861969	-430.205627
365	310.076996	-172.295868	52.374084	-29.273758	0.000000	0.000000	3.750000	-672.536377	290.927948
366	-420.041504	194.980225	-81.127594	21.778557	0.000000	0.000000	3.750000	767.989685	-127.516701
367	2.696453	-106.857628	-57.410965	23.408773	0.000000	0.000000	3.750000	327.921356	-89.301407
368	-491.981445	-172.642303	-72.936020	-45.566818	0.000000	0.000000	3.750000	750.554199	401.984161
369	-80.570396	-248.406464	-17.166050	-49.084866	0.000000	0.000000	3.750000	108.165031	443.096039
370	-28.009846	307.550964	-4.712478	47.768105	0.000000	0.000000	3.750000	84.042557	-529.936157
371	13.531650	-372.809570	-13.467678	-60.519596	0.000000	0.000000	3.750000	214.125763	815.785278
372	123.366257	-499.071472	14.202518	-82.790543	0.000000	0.000000	3.750000	-27.147388	759.456482
373	219.077484	-268.570953	30.788948	-58.378418	0.000000	0.000000	3.750000	-242.977661	532.053406
374	-117.008034	-349.203308	-27.290712	-55.670601	0.000000	0.000000	3.750000	305.804352	722.408325
375	29.723530	136.753891	-27.401672	60.042694	0.000000	0.000000	3.750000	174.250473	-251.139603
376	-370.980835	-362.517181	-45.407768	-47.897121	0.000000	0.000000	3.750000	524.865356	590.463867
377	-18.999155	295.467773	0.421062	57.998474	0.000000	0.000000	3.750000	-7.584712	-742.164978
378	413.246246	-19.878365	65.908539	3.473360	0.000000	0.000000	3.750000	-765.707825	-39.507168
379	-372.189636	130.636688	-57.196434	9.621149	0.000000	0.000000	3.750000	695.503113	-65.392662
380	-156.338623	437.651154	-24.812998	67.589310	0.000000	0.000000	3.750000	152.367828	-506.759552
381	315.417389	-55.112122	55.057804	-10.229294	0.000000	0.000000	3.750000	-249.633331	31.251932
382	84.888260	-228.620544	12.585945	-54.567337	0.000000	0.000000	3.750000	-89.748131	388.401947
383	342.610870	143.373825	57.990417	21.933794	0.000000	0.000000	3.750000	-907.645447	-52.514950
384	21.886581	-104.016022	-11.831043	-77.096161	0.000000	0.000000	3.750000	-16.970778	128.736328
385	268.212494	369.435303	41.625618	45.948971	0.000000	0.000000	3.750000	-515.519226	-523.265503
386	-120.835419	-193.458572	-43.701790	-69.384071	0.000000	0.000000	3.750000	212.933487	386.896545
387	-356.136230	335.216980	-47.515686	45.806740	0.000000	0.000000	3.750000	313.826416	-363.272552
388	-51.135620	178.397064	-32.994324	59.459000	0.000000	0.000000	3.750000	206.521194	-326.347321
389	-338.905273	146.924789	-48.709869	18.202881	0.000000	0.000000	3.750000	218.709290	-92.804176
390	261.310760	130.179047	65.616028	7.108799	0.000000	0.000000	3.750000	-433.882355	-61.466061
391	-207.743530	310.831238	-34.450645	51.547554	0.000000	0.000000	3.750000	179.444656	-350.197083
392	70.354614	198.671265	6.127800	43.571205	0.000000	0.000000	3.750000	-81.393379	-412.361511
393	330.693237	-29.292061	63.908516	-16.482826	0.000000	0.000000	3.750000	-355.832642	38.016876
394	-117.803238	195.279404	-37.410347	49.441460	0.000000	0.000000	3.750000	152.469269	-262.896637
395	-379.023071	80.635063	-53.113518	17.746777	0.000000	0.000000	3.750000	390.432800	-55.598236
396	209.843079	285.084137	26.096449	51.797409	0.000000	0.000000	3.750000	-221.634293	-341.757568
397	-277.606476	-91.649353	-44.342808	-27.160889	0.000000	0.000000	3.750000	629.438843	301.403229
398	-262.025665	-256.461853	-37.803268	-38.560509	0.000000	0.000000	3.750000	606.556580	594.690369
399	339.710297	6.901318	55.270004	9.012535	0.000000	0.000000	3.750000	-736.381531	-79.976379
400	-28.151814	225.888336	-6.650810	63.653488	0.000000	0.000000	3.750000	44.804634	-374.606354
401	12.156845	369.254608	0.970568	69.993271	0.000000	0.000000	3.750000	-18.864220	-554.005798
402	-449.692291	52.772278	-81.584846	8.239746	0.000000	0.000000	3.750000	614.027405	40.718349
403	280.186707	42.016785	57.950901	2.372155	0.000000	0.000000	3.750000	-155.087463	-47.799522
404	-164.676056	230.291779	-23.311691	37.317055	0.000000	0.000000	3.750000	194.257294	-467.699921
405	-242.830261	-307.304749	-30.768997	-44.376411	0.000000	0.000000	3.750000	306.178680	627.760681
406	-145.504303	-17.717354	-73.484177	-31.623867	0.000000	0.000000	3.750000	103.988045	50.285198
407	274.581573	411.864563	38.920963	58.182072	0.000000	0.000000	3.750000	-313.044617	-639.450928
408	-276.206848	5.544991	-55.995850	-0.680871	0.000000	0.000000	3.750000	289.505615	21.016451
409	-159.776276	18.632162	-28.999847	30.380766	0.000000	0.000000	3.750000	64.540512	-110.550011
410	-308.095276	15.405630	-58.468376	-13.470278	0.000000	0.000000	3.750000	457.298553	118.685074
411	-202.612732	266.005005	-25.604721	42.946423	0.000000	0.000000	3.750000	205.809280	-518.660400
412	-99.715210	-171.212067	-43.964233	-34.686386	0.000000	0.000000	3.750000	360.942200	259.335327
413	-393.691437	-30.489101	-70.776329	-21.603168	0.000000	0.000000	3.750000	455.707062	216.003693
414	-95.122749	-367.583832	-9.980545	-57.134819	0.000000	0.000000	3.750000	67.651726	582.540894
415	502.549713	375.384674	62.737713	52.801266	0.000000	0.000000	3.750000	-509.402679	-343.209778
416	432.792786	-73.361664	65.880753	-3.965417	0.000000	0.000000	3.750000	-646.553223	-11.092039
417	175.332596	-284.600128	22.789425	-42.244995	0.000000	0.000000	3.750000	-184.792221	537.985229
418	-456.419647	44.241947	-67.884430	3.962882	0.000000	0.000000	3.750000	755.798279	-67.786476
419	22.837193	-179.651520	21.224510	-68.800423	0.000000	0.000000	3.750000	-62.205753	382.916718
420	36.453606	346.268921	-22.315998	62.112663	0.000000	0.000000	3.750000	96.063240	-438.247009
421	-193.222824	287.031189	-34.161270	51.739746	0.000000	0.000000	3.750000	216.205765	-448.663513
422	-193.373596	-337.689331	-36.776321	-49.914940	0.000000	0.000000	3.750000	433.027222	662.635132
423	359.212677	-64.498528	79.416924	-9.640882	0.000000	0.000000	3.750000	-551.870667	19.150663
424	147.612625	-343.348633	17.367994	-61.598297	0.000000	0.000000	3.750000	-133.587997	390.362244
425	-411.409088	310.438782	-57.219536	40.322693	0.000000	0.000000	3.750000	733.173523	-384.268921
426	95.116989	-119.532104	31.676559	-43.732906	0.000000	0.000000	3.750000	-258.389832	204.331329
427	258.566345	317.209381	26.022915	51.834351	0.000000	0.000000	3.750000	-141.089584	-484.853424
428	186.189392	332.723694	22.436111	53.484764	0.000000	0.000000	3.750000	-210.425568	-585.742432
429	-54.712917	-336.112671	-24.044189	-61.464355	0.000000	0.000000	3.750000	114.706169	578.097717
430	445.878448	-66.038513	59.586014	-23.355999	0.000000	0.000000	3.750000	-644.722229	164.385010
431	329.563629	292.743347	45.721928	38.852333	0.000000	0.000000	3.750000	-589.013733	-414.919189
432	224.387268	112.115906	39.163055	31.084604	0.000000	0.000000	3.750000	-364.454010	-219.022034
433	259.810059	173.103683	37.447803	23.101067	0.000000	0.000000	3.750000	-638.182007	-240.570908
434	-172.968658	99.073540	-58.913269	11.367592	0.000000	0.000000	3.750000	374.171143	-27.991034
435	-242.195984	155.146942	-44.769295	17.312084	0.000000	0.000000	3.750000	638.911011	-164.004303
436	-208.178955	-193.036530	-53.857162	-38.149765	0.000000	0.000000	3.750000	393.898773	242.551346
437	-75.224152	-38.142776	2.323138	-57.927792	0.000000	0.000000	3.750000	-54.328384	46.611019
438	-85.745567	-153.389481	-18.395525	-57.110458	0.000000	0.000000	3.750000	126.178131	366.020538
439	349.750824	-413.023743	47.190125	-51.701935	0.000000	0.000000	3.750000	-558.710388	754.538269
440	38.367428	-373.631470	-1.534179	-55.978981	0.000000	0.000000	3.750000	-0.566406	688.760925
441	243.341980	-181.764526	31.350969	-36.347157	0.000000	0.000000	3.750000	-307.130310	429.040802
442	-196.067032	47.420788	-55.972504	15.200735	0.000000	0.000000	3.750000	351.685211	-41.637260
443	-373.372528	351.961517	-44.621124	48.630806	0.000000	0.000000	3.750000	518.292786	-571.552856
444	-68.676361	-105.097221	-37.504372	-59.102730	0.000000	0.000000	3.750000	-8.873364	34.584618
445	-470.271149	-96.822067	-76.776230	-13.762579	0.000000	0.000000	3.750000	818.493408	114.591339
446	138.286011	-350.931610	23.993591	-50.599442	0.000000	0.000000	3.750000	-179.005692	589.838745
447	-119.219345	15.719158	-51.960648	-2.022413	0.000000	0.000000	3.750000	240.056442	3.604528
448	229.737747	-92.630951	48.400719	-31.958862	0.000000	0.000000	3.750000	-446.242615	250.396301
449	-193.753723	-390.983887	-27.170376	-60.147465	0.000000	0.000000	3.750000	35.242416	247.203339
450	361.323364	-90.477943	70.394501	-28.645271	0.000000	0.000000	3.750000	-490.451782	35.652355
451	98.460396	-184.566254	21.820824	-38.208008	0.000000	0.000000	3.750000	-227.312820	397.008514
452	142.013397	-243.657867	34.181797	-51.726143	0.000000	0.000000	3.750000	-261.751923	574.894409
453	46.210381	-327.337036	18.217819	-57.167397	0.000000	0.000000	3.750000	-158.009048	522.361755
454	-4.727460	90.326996	-5.714144	63.737679	0.000000	0.000000	3.750000	-34.624390	-100.659462
455	-344.773346	401.509735	-45.093048	61.176857	0.000000	0.000000	3.750000	397.520813	-774.381409
456	24.025661	464.491821	9.991765	77.357376	0.000000	0.000000	3.750000	-103.388802	-817.558777
457	-471.729584	462.627960	-64.070297	60.324097	0.000000	0.000000	3.750000	537.987061	-542.406189
458	54.868237	-287.277344	4.347786	-63.851936	0.000000	0.000000	3.750000	93.247681	526.444763
459	246.445633	330.683228	34.074333	44.440292	0.000000	0.000000	3.750000	-428.501373	-645.209229
460	128.177383	373.886871	10.800357	71.185333	0.000000	0.000000	3.750000	-99.748039	-668.787476
461	-236.851379	-152.432831	-33.023987	-63.979576	0.000000	0.000000	3.750000	74.180458	297.198456
462	384.175781	245.397003	58.163673	26.701786	0.000000	0.000000	3.750000	-768.838989	-262.619354
463	246.906433	196.552277	44.399769	43.274242	0.000000	0.000000	3.750000	-360.086517	-373.834595
464	-366.308350	-376.456390	-50.695091	-48.270149	0.000000	0.000000	3.750000	569.614868	547.097900
465	233.068268	409.380371	38.397652	51.201767	0.000000	0.000000	3.750000	-330.427460	-428.149414
466	-20.237684	29.302727	-61.996407	0.663116	0.000000	0.000000	3.750000	106.164696	-0.118195
467	-359.347656	-288.392761	-47.113419	-40.302895	0.000000	0.000000	3.750000	669.584900	442.412262
468	205.530167	190.903183	59.006012	44.657284	0.000000	0.000000	3.750000	-429.278656	-233.106644
469	-237.818115	-259.158325	-42.616264	-47.747814	0.000000	0.000000	3.750000	399.990723	438.106720
470	-326.817474	-83.191185	-66.103676	-28.535929	0.000000	0.000000	3.750000	383.710724	131.178055
471	-258.230469	235.793961	-51.412209	44.506004	0.000000	0.000000	3.750000	538.386414	-495.327759
472	-160.701782	-205.093521	-39.203182	-57.992104	0.000000	0.000000	3.750000	126.068275	248.392487
473	125.041901	507.013855	29.636909	72.150208	0.000000	0.000000	3.750000	-151.021118	-348.889526
474	36.403320	-18.815737	-57.693062	5.873034	0.000000	0.000000	3.750000	85.861298	45.885452
475	195.310776	-476.138000	40.356735	-59.626598	0.000000	0.000000	3.750000	-387.020599	696.572510
476	-97.739899	-347.724976	-16.425489	-65.986374	0.000000	0.000000	3.750000	103.003807	513.361450
477	-146.728973	-109.653534	-55.448730	-22.922333	0.000000	0.000000	3.750000	335.599182	95.627396
478	363.598999	-372.905060	47.423935	-48.733673	0.000000	0.000000	3.750000	-515.913757	530.090820
479	-290.038452	410.047485	-40.024662	57.428444	0.000000	0.000000	3.750000	165.775589	-289.191650
480	-306.460388	350.339111	-39.928513	47.431126	0.000000	0.000000	3.750000	401.292999	-612.456177
481	431.426880	-28.465256	79.942154	3.041683	0.000000	0.000000	3.750000	-782.932068	-28.752235
482	-84.058426	420.706726	-5.238620	67.797897	0.000000	0.000000	3.750000	5.335563	-550.496765
483	127.236893	-403.420776	29.303787	-80.853485	0.000000	0.000000	3.750000	-196.069717	486.237976
484	130.204346	269.963135	9.463978	53.164207	0.000000	0.000000	3.750000	-74.982529	-458.678253
485	-79.642876	161.450378	-21.322399	47.427078	0.000000	0.000000	3.750000	43.101967	-424.375702
486	-195.793518	30.663197	-54.948784	10.799334	0.000000	0.000000	3.750000	107.488358	-31.434771
487	88.966331	0.799623	44.956673	61.274040	0.000000	0.000000	3.750000	-251.520264	-175.344238
488	273.198853	-226.310822	37.659073	-32.890640	0.000000	0.000000	3.750000	-357.726807	325.243195
489	-16.740086	-261.342529	-15.206652	-70.375816	0.000000	0.000000	3.750000	112.397156	426.870819
490	145.370728	-149.912018	45.563950	-44.943523	0.000000	0.000000	3.750000	-379.182831	298.304199
491	-134.949860	-396.022491	-34.574181	-56.219315	0.000000	0.000000	3.750000	201.426117	587.456787
492	39.977177	-50.295006	5.003796	59.780815	0.000000	0.000000	3.750000	-50.879108	-85.171776
493	192.966492	-113.372856	42.816109	-44.841728	0.000000	0.000000	3.750000	-34.649731	35.003300
494	232.312653	170.211151	36.701160	73.327415	0.000000	0.000000	3.750000	-268.399963	-287.647217
495	-46.780479	148.214035	-20.260052	52.206528	0.000000	0.000000	3.750000	72.291718	-309.807678
496	204.010208	-309.291595	45.274361	-50.736832	0.000000	0.000000	3.750000	-336.943604	312.155457
497	-199.167953	-246.631104	-34.780144	-43.890106	0.000000	0.000000	3.750000	462.583862	546.998962
498	-143.595764	232.851395	-41.149544	46.375793	0.000000	0.000000	3.750000	442.208527	-572.094543
499	-71.203468	151.299591	-43.699677	67.009933	0.000000	0.000000	3.750000	187.382874	-365.568481
500	293.351288	217.692230	55.217064	57.888481	0.000000	0.000000	3.750000	-302.362213	-312.422424
501	84.414169	282.335083	3.558425	49.873207	0.000000	0.000000	3.750000	-58.731598	-442.907379
502	-178.434998	-379.950623	-31.787823	-55.547546	0.000000	0.000000	3.750000	249.930740	608.595764
503	35.866875	-464.132385	0.643135	-69.997040	0.000000	0.000000	3.750000	7.949900	735.906555
504	-219.133835	410.735535	-27.831245	62.043678	0.000000	0.000000	3.750000	220.400070	-692.905579
505	-116.708649	-397.176514	-15.861412	-59.936760	0.000000	0.000000	3.750000	172.382660	738.210266
506	-309.530579	85.495407	-62.134132	36.377728	0.000000	0.000000	3.750000	345.121155	-152.888535
507	-278.934357	205.173584	-56.926704	40.735100	0.000000	0.000000	3.750000	469.232574	-288.079773
508	-247.444580	58.501328	-54.645348	40.470768	0.000000	0.000000	3.750000	448.465546	-287.584259
509	-207.919067	167.706161	-29.042553	30.340239	0.000000	0.000000	3.750000	315.503967	-334.370178
510	-0.948064	44.142719	-24.897854	41.037636	0.000000	0.000000	3.750000	174.791428	-203.148804
511	141.456528	-363.860535	8.319048	-71.517700	0.000000	0.000000	3.750000	11.587034	630.964722
512	391.027313	261.386658	53.819084	38.203346	0.000000	0.000000	3.750000	-597.634094	-277.699097
513	-199.199310	-336.879517	-27.209482	-55.710213	0.000000	0.000000	3.750000	140.227402	669.269836
514	111.363541	145.996140	43.569794	44.109444	0.000000	0.000000	3.750000	-254.852905	-167.020615
515	345.028107	-112.205170	58.189423	-31.144684	0.000000	0.000000	3.750000	-671.950256	338.189056
516	-168.734222	-108.574936	-45.330742	-39.308014	0.000000	0.000000	3.750000	265.439636	202.966263
517	-226.761154	-94.309975	-66.920616	26.563713	0.000000	0.000000	3.750000	494.958984	-179.101105
518	-57.420670	189.445007	-13.361006	60.543232	0.000000	0.000000	3.750000	100.995926	-393.769165
519	291.770477	231.694870	51.727371	63.626091	0.000000	0.000000	3.750000	-255.765213	-325.805420
520	248.040024	-247.355255	22.576851	-46.843182	0.000000	0.000000	3.750000	-231.816269	712.051941
521	219.318619	317.936951	27.098568	49.006775	0.000000	0.000000	3.750000	-207.882401	-547.313232
522	276.600922	347.291718	30.967976	58.283649	0.000000	0.000000	3.750000	-294.054901	-610.957214
523	146.462021	282.617004	18.285110	40.020641	0.000000	0.000000	3.750000	-127.136375	-460.826630
524	79.106232	319.605621	18.900761	61.145363	0.000000	0.000000	3.750000	-77.523521	-460.928497
525	233.569855	-420.743683	37.105995	-64.024567	0.000000	0.000000	3.750000	-310.738159	571.138550
526	14.628996	-219.379639	-4.412581	-77.875069	0.000000	0.000000	3.750000	49.778961	469.140503
527	-231.169113	-180.263092	-50.155807	-20.009869	0.000000	0.000000	3.750000	424.650757	156.073715
528	-363.845947	-101.109718	-59.930740	-2.882018	0.000000	0.000000	3.750000	594.028198	50.248035
529	-47.543419	196.829330	-18.699593	77.783676	0.000000	0.000000	3.750000	28.915596	-389.632263
530	-292.068451	-251.309586	-57.571526	-32.272491	0.000000	0.000000	3.750000	596.094604	232.058624
531	-380.023926	-111.045456	-63.550144	-7.574895	0.000000	0.000000	3.750000	760.216370	101.028862
532	150.347092	-273.553345	36.523300	-59.716404	0.000000	0.000000	3.750000	-244.872665	402.370789
533	-305.669922	-271.113708	-42.746384	-39.201340	0.000000	0.000000	3.750000	123.066376	118.108498
534	-373.974609	43.421246	-48.239998	24.267208	0.000000	0.000000	3.750000	396.344910	-125.707626
535	287.450104	167.682404	44.744614	33.673706	0.000000	0.000000	3.750000	-358.667542	-226.697296
536	397.094025	48.827641	64.300201	14.881884	0.000000	0.000000	3.750000	-365.141052	-34.221970
537	260.389587	-61.013382	65.661491	6.665659	0.000000	0.000000	3.750000	-111.929718	-42.394684
538	6.179272	-99.328491	-15.013973	-72.459290	0.000000	0.000000	3.750000	17.490034	44.666737
539	16.364985	-325.926636	-7.954014	-63.503784	0.000000	0.000000	3.750000	30.236450	672.065796
540	-195.001450	-259.483063	-36.347237	-47.737595	0.000000	0.000000	3.750000	323.803467	471.294250
541	-225.457138	110.925423	-38.135025	29.149801	0.000000	0.000000	3.750000	88.780472	-60.353245
542	-2.252559	-236.451248	2.557603	-67.951843	0.000000	0.000000	3.750000	8.315144	277.365540
543	-273.409943	-8.073063	-58.523666	13.227991	0.000000	0.000000	3.750000	527.067993	-76.320732
544	446.430481	17.661636	75.042770	21.273981	0.000000	0.000000	3.750000	-650.610352	-175.464691
545	-97.776443	371.755737	-27.101334	53.530510	0.000000	0.000000	3.750000	230.883087	-600.551697
546	458.549164	-230.791153	63.864117	-33.247185	0.000000	0.000000	3.750000	-477.527069	242.044495
547	-74.801849	-2.510130	-77.815590	5.319371	0.000000	0.000000	3.750000	79.806183	-25.741777
548	86.767357	-112.016792	48.248653	-47.910362	0.000000	0.000000	3.750000	-163.526535	-4.239445
549	91.199272	150.277313	34.568882	44.055637	0.000000	0.000000	3.750000	-178.055817	-101.043312
550	-345.707275	-62.196777	-61.884117	-16.320412	0.000000	0.000000	3.750000	663.031921	190.358170
551	-16.910696	445.716736	-21.834337	68.609451	0.000000	0.000000	3.750000	153.942139	-733.283142
552	347.600250	-343.615234	45.088345	-42.556328	0.000000	0.000000	3.750000	-523.532471	465.722046
553	5.581469	-142.977112	-40.806408	-64.115799	0.000000	0.000000	3.750000	43.241337	75.681793
554	84.335251	471.811035	-11.114975	75.182747	0.000000	0.000000	3.750000	147.464417	-534.708008
555	134.594513	134.719254	12.452579	48.424355	0.000000	0.000000	3.750000	-60.019772	-125.281799
556	-297.667175	77.592857	-52.268902	29.461172	0.000000	0.000000	3.750000	308.285858	-193.494995
557	-36.225170	77.472488	-8.657438	57.349022	0.000000	0.000000	3.750000	-64.135811	-163.057709
558	-362.646851	110.216202	-63.793064	16.924603	0.000000	0.000000	3.750000	801.759155	-137.867615
559	-278.070038	527.020630	-56.661064	75.003250	0.000000	0.000000	3.750000	345.696747	-735.718567
560	-404.672699	-41.142067	-77.993484	-0.973394	0.000000	0.000000	3.750000	364.282349	99.423820
561	233.306320	-314.016876	31.768215	-43.666695	0.000000	0.000000	3.750000	-368.297180	569.692139
562	257.004669	-240.181732	44.059738	-46.418999	0.000000	0.000000	3.750000	-138.422302	108.777321
563	85.863663	-38.525124	37.104523	-47.151287	0.000000	0.000000	3.750000	-70.694649	90.864433
564	80.263451	-335.841003	20.037674	-69.155563	0.000000	0.000000	3.750000	-148.429657	499.309509
565	-387.052155	74.980408	-53.845490	26.469961	0.000000	0.000000	3.750000	761.545593	-243.506714
566	96.888176	-198.855789	39.995132	-66.965576	0.000000	0.000000	3.750000	-149.301331	225.987518
567	121.702690	-26.337473	57.158852	18.243692	0.000000	0.000000	3.750000	-161.123428	-30.872477
568	-76.859879	-311.568970	-18.377972	-63.389603	0.000000	0.000000	3.750000	85.050507	570.829712
569	-373.688965	336.970886	-56.991432	40.644321	0.000000	0.000000	3.750000	507.185150	-207.167526
570	-323.071899	36.840954	-55.060188	10.216325	0.000000	0.000000	3.750000	643.659912	-44.284901
571	145.411530	-296.935242	12.315205	-60.764496	0.000000	0.000000	3.750000	-29.310595	536.078003
572	-133.409653	-490.523071	-30.256388	-65.334137	0.000000	0.000000	3.750000	94.478432	260.085846
573	246.097931	-211.949249	47.302113	-21.598839	0.000000	0.000000	3.750000	-110.323112	29.078585
574	150.778336	-369.334839	20.306921	-56.459049	0.000000	0.000000	3.750000	-139.383514	636.837402
575	-194.412430	289.296265	-34.556175	44.066658	0.000000	0.000000	3.750000	246.499924	-377.246674
576	44.807652	-387.784058	7.885117	-55.442062	0.000000	0.000000	3.750000	-31.576771	226.958374
577	368.911957	-9.788619	51.950436	-14.735849	0.000000	0.000000	3.750000	-737.961304	51.291725
578	-276.995331	-48.793236	-75.498825	8.712570	0.000000	0.000000	3.750000	433.813385	21.810047
579	321.491608	137.208588	34.711609	38.718239	0.000000	0.000000	3.750000	-265.782013	-379.665741
580	204.780457	190.502182	31.556805	38.783604	0.000000	0.000000	3.750000	-211.735153	-279.046234
581	110.868706	-147.189270	6.740292	-39.427711	0.000000	0.000000	3.750000	17.438658	66.139984
582	-332.666382	-239.485596	-52.601269	-36.456894	0.000000	0.000000	3.750000	459.784241	274.964294
583	230.824860	39.563881	41.917908	2.624600	0.000000	0.000000	3.750000	-303.375488	-23.702745
584	4.998123	351.558167	-14.097109	58.320419	0.000000	0.000000	3.750000	123.255257	-489.824799
585	-24.980995	-117.280373	-63.998646	0.381874	0.000000	0.000000	3.750000	155.118164	18.287518
586	37.358944	388.594025	-6.603205	69.687866	0.000000	0.000000	3.750000	46.376781	-623.093811
587	126.975914	305.450623	47.139305	51.748219	0.000000	0.000000	3.750000	-365.739624	-304.958679
588	445.365265	44.524334	63.093845	10.731473	0.000000	0.000000	3.750000	-767.617920	-69.365639
589	-273.404602	18.768822	-55.975494	15.190247	0.000000	0.000000	3.750000	488.568726	-135.883163
590	221.299469	-121.517464	27.202526	-37.094715	0.000000	0.000000	3.750000	-231.250366	225.408951
591	-108.505249	-264.967377	-4.799261	-61.813858	0.000000	0.000000	3.750000	108.833221	461.531921
592	-291.700684	-54.294346	-74.341988	-29.549713	0.000000	0.000000	3.750000	305.675415	52.072979
593	64.592216	-6.023949	57.623230	6.600090	0.000000	0.000000	3.750000	-269.591614	-41.153618
594	391.646729	-75.540283	57.057480	-18.559153	0.000000	0.000000	3.750000	-841.841980	194.847580
595	-240.755753	92.665283	-52.926052	45.812916	0.000000	0.000000	3.750000	489.494873	-328.067780
596	-283.377716	279.280701	-42.430683	36.546368	0.000000	0.000000	3.750000	548.732483	-457.195984
597	543.226562	-391.993866	81.600182	-46.662655	0.000000	0.000000	3.750000	-610.109314	274.806488
598	-377.468872	340.353394	-56.759743	44.298206	0.000000	0.000000	3.750000	490.364807	-412.848938
599	188.729523	-4.728709	67.729248	-6.061361	0.000000	0.000000	3.750000	-615.285950	-16.704391
600	148.359436	-286.171021	27.848255	-48.584717	0.000000	0.000000	3.750000	-263.436676	481.040924
601	378.151367	-203.680389	48.201370	-32.258736	0.000000	0.000000	3.750000	-621.893311	327.627228
602	-387.114044	145.667023	-58.653175	25.608681	0.000000	0.000000	3.750000	563.321533	-242.796783
603	312.789276	429.026520	42.785339	50.253445	0.000000	0.000000	3.750000	-359.900909	-600.473999
604	-177.979218	-377.638763	-23.670692	-52.949928	0.000000	0.000000	3.750000	219.524612	736.119019
605	171.268860	395.136047	16.440613	63.919502	0.000000	0.000000	3.750000	-108.092072	-676.956299
606	-173.526047	-423.595520	-32.598137	-68.653748	0.000000	0.000000	3.750000	159.473953	767.650085
607	-176.062531	138.773987	-53.131035	17.694435	0.000000	0.000000	3.750000	508.453827	-173.494156
608	34.409698	192.667572	4.270434	67.865707	0.000000	0.000000	3.750000	-66.905876	-386.973450
609	-429.489868	-34.767883	-73.840027	-4.863203	0.000000	0.000000	3.750000	597.506042	32.197079
610	-269.208466	-30.421047	-51.233070	-8.897919	0.000000	0.000000	3.750000	726.611328	140.248535
611	-381.557373	-294.263977	-57.422760	-49.785797	0.000000	0.000000	3.750000	499.171143	433.554016
612	-329.048401	-351.001587	-39.226219	-62.747879	0.000000	0.000000	3.750000	307.300812	666.622009
613	14.372063	-148.036652	-29.439650	-65.706177	0.000000	0.000000	3.750000	155.196747	283.475891
614	329.588867	-240.094910	45.730816	-32.321701	0.000000	0.000000	3.750000	-718.005981	549.853516
615	334.334778	102.568283	59.132065	33.576645	0.000000	0.000000	3.750000	-507.872101	-204.315063
616	-271.638214	281.969666	-37.155163	52.110397	0.000000	0.000000	3.750000	312.813354	-470.156555
617	374.654785	-208.882629	72.429810	-33.969158	0.000000	0.000000	3.750000	-208.715698	109.040634
618	-59.702377	314.303101	-2.610662	69.951263	0.000000	0.000000	3.750000	-21.594160	-470.301514
619	-161.889435	263.531494	-32.853394	52.579800	0.000000	0.000000	3.750000	191.808609	-535.961975
620	249.462341	355.326294	33.839775	51.950630	0.000000	0.000000	3.750000	-280.178711	-513.962280
621	85.393158	-302.976196	26.053288	-54.048363	0.000000	0.000000	3.750000	-236.120514	573.254395
622	-362.605957	207.730392	-45.240582	33.004387	0.000000	0.000000	3.750000	1322.618652	-886.502258
623	195.932831	-20.923407	52.781578	11.406340	0.000000	0.000000	3.750000	-287.924622	-51.985439
624	18.824650	329.963562	16.985500	74.077606	0.000000	0.000000	3.750000	-180.619125	-637.584656
625	-513.957886	184.001755	-72.053558	24.171091	0.000000	0.000000	3.750000	213.379868	-26.994608
626	-184.387192	-290.705078	-34.721603	-48.932709	0.000000	0.000000	3.750000	158.112061	214.390717
627	301.230896	112.703133	59.796364	4.938553	0.000000	0.000000	3.750000	-671.370850	-143.438858
628	-173.716629	-226.310333	-40.175781	-41.831886	0.000000	0.000000	3.750000	887.592896	937.228760
629	270.905334	-250.962265	44.349522	-30.807762	0.000000	0.000000	3.750000	-491.066681	421.548004
630	-38.317932	212.796631	-17.693123	78.018684	0.000000	0.000000	3.750000	19.378998	-367.617676
631	515.278259	198.536682	66.998962	39.938805	0.000000	0.000000	3.750000	-661.345581	-199.913818
632	50.918419	177.762390	-5.924600	41.580025	0.000000	0.000000	3.750000	74.428062	-371.989288
633	-371.406677	337.193207	-44.526161	48.717751	0.000000	0.000000	3.750000	466.368683	-626.378967
634	65.765724	-122.221207	35.676388	-45.729256	0.000000	0.000000	3.750000	-59.997799	50.789307
635	144.541489	-169.279907	59.340195	-40.776711	0.000000	0.000000	3.750000	-381.546082	234.128006
636	-176.756653	-31.518272	-39.163177	-24.129730	0.000000	0.000000	3.750000	142.289398	64.409081
637	-62.215588	-186.400162	-40.168781	-76.037872	0.000000	0.000000	3.750000	11.585670	143.381531
638	-315.729492	-312.650208	-41.502823	-58.833630	0.000000	0.000000	3.750000	77.409439	97.483742
639	387.063385	286.250122	52.500153	39.996643	0.000000	0.000000	3.750000	-452.364197	-280.180603
640	420.442139	364.265106	51.108864	47.831818	0.000000	0.000000	3.750000	-656.072693	-534.460693
641	22.564789	-230.820648	-1.030163	-63.991486	0.000000	0.000000	3.750000	95.571877	409.465179
642	-532.447510	-184.153839	-81.940414	-32.089996	0.000000	0.000000	3.750000	728.970581	259.172546
643	302.519104	-114.907867	77.177635	-21.061975	0.000000	0.000000	3.750000	-454.550079	81.704811
644	88.054749	174.517914	45.172256	48.119144	0.000000	0.000000	3.750000	-243.761749	-204.780029
645	173.863037	-441.775299	28.906071	-68.120728	0.000000	0.000000	3.750000	-208.234955	664.989197
646	-165.776062	175.229095	-54.747978	29.097260	0.000000	0.000000	3.750000	337.791046	-140.445541
647	311.735443	262.548889	53.341061	42.175007	0.000000	0.000000	3.750000	-462.694641	-361.965942
648	-219.339951	396.052917	-18.091980	65.549057	0.000000	0.000000	3.750000	146.158859	-687.844421
649	213.144073	425.887573	34.202774	65.621414	0.000000	0.000000	3.750000	-246.936432	-508.122894
650	-144.777191	-47.854317	-65.424225	-24.890839	0.000000	0.000000	3.750000	72.809402	8.141499
651	-214.358170	206.482727	-47.920452	51.025658	0.000000	0.000000	3.750000	323.604187	-257.487976
652	320.398315	167.108017	48.909462	31.174477	0.000000	0.000000	3.750000	-422.781677	-135.277100
653	-321.094116	-324.781647	-43.927856	-43.753201	0.000000	0.000000	3.750000	394.095276	346.836700
654	239.782272	-324.161621	37.928467	-43.879726	0.000000	0.000000	3.750000	-423.144409	588.605469
655	286.799561	360.921783	47.845436	39.431087	0.000000	0.000000	3.750000	-668.941162	-411.606659
656	-417.244507	-98.318390	-65.655838	-6.731372	0.000000	0.000000	3.750000	650.228760	46.007721
657	-341.710968	-312.370789	-47.577087	-45.742989	0.000000	0.000000	3.750000	466.506531	445.495300
658	257.126465	405.272034	41.315460	56.506927	0.000000	0.000000	3.750000	-381.884521	-545.581177
659	24.739017	-94.113052	41.718613	-34.279930	0.000000	0.000000	3.750000	-136.653351	0.684827
660	94.693253	-214.185272	18.745922	-75.713867	0.000000	0.000000	3.750000	-111.787865	527.915222
661	52.080509	433.286957	8.736985	79.521477	0.000000	0.000000	3.750000	-64.353043	-531.002014
662	310.829926	-1.225335	68.756599	-21.366533	0.000000	0.000000	3.750000	-473.109741	125.309319
663	117.189919	-304.406708	35.661461	-62.548065	0.000000	0.000000	3.750000	-256.900665	458.200256
664	-219.532562	-16.434546	-45.064796	-29.751698	0.000000	0.000000	3.750000	252.595642	182.442780
665	-427.529449	225.267868	-64.153877	36.881775	0.000000	0.000000	3.750000	318.278564	-126.606644
666	268.624634	-22.700050	55.208115	-9.381454	0.000000	0.000000	3.750000	-216.002701	-39.296566
667	-88.095001	109.978745	-20.437731	56.411659	0.000000	0.000000	3.750000	38.873138	-193.735443
668	-339.427856	88.970245	-63.449963	8.371767	0.000000	0.000000	3.750000	496.423828	34.157261
669	161.691269	-252.154205	29.355062	-40.475666	0.000000	0.000000	3.750000	-190.638000	243.589142
670	61.793846	287.470459	21.298399	58.226906	0.000000	0.000000	3.750000	-187.160324	-388.690979
671	373.711670	179.545929	59.881996	16.066887	0.000000	0.000000	3.750000	-708.574951	-127.759796
672	-255.954987	-290.087280	-29.726807	-47.458549	0.000000	0.000000	3.750000	292.439331	640.898926
673	308.188141	-453.683685	38.840729	-69.938477	0.000000	0.000000	3.750000	-296.102661	724.943237
674	398.171326	-59.429123	62.177399	-22.135113	0.000000	0.000000	3.750000	-693.011658	136.826538
675	-161.389114	62.644722	-42.183567	67.950974	0.000000	0.000000	3.750000	31.749371	-12.754925
676	15.302098	-438.577087	8.857213	-65.402863	0.000000	0.000000	3.750000	1.303583	285.939331
677	-105.902954	-6.283787	-43.761330	-62.135414	0.000000	0.000000	3.750000	36.973881	57.887024
678	-128.188934	-339.922546	-13.926231	-64.514015	0.000000	0.000000	3.750000	77.084145	503.425018
679	67.845680	307.463806	31.217667	69.292206	0.000000	0.000000	3.750000	-278.296356	-370.583038
680	-99.793762	249.434479	-2.957413	61.929401	0.000000	0.000000	3.750000	-14.380828	-431.292236
681	33.525482	-159.418091	-19.431164	-69.328339	0.000000	0.000000	3.750000	146.678757	361.879028
682	-240.154175	309.409027	-40.658813	51.989021	0.000000	0.000000	3.750000	332.242371	-512.261414
683	-389.243225	-105.597549	-58.027405	-15.258425	0.000000	0.000000	3.750000	723.031555	166.753067
684	-68.841125	359.949585	-14.759159	66.378967	0.000000	0.000000	3.750000	124.279533	-496.619781
685	-86.274673	-493.027832	-10.000053	-71.302162	0.000000	0.000000	3.750000	62.984669	711.058044
686	88.885872	-70.723679	42.254501	-45.371185	0.000000	0.000000	3.750000	-219.837845	164.960724
687	58.706127	290.373871	19.692909	50.281078	0.000000	0.000000	3.750000	-100.269295	-352.644836
688	-183.430130	-180.127182	-37.179108	-49.613098	0.000000	0.000000	3.750000	61.260059	42.763035
689	279.586914	-49.397964	56.327217	-13.828673	0.000000	0.000000	3.750000	-582.108215	20.074398
690	223.495819	-147.553665	64.396973	-40.360191	0.000000	0.000000	3.750000	-423.705780	99.740662
691	381.974213	-150.785309	54.629757	-24.810812	0.000000	0.000000	3.750000	-446.824554	101.487167
692	-170.888077	-120.808777	-45.094440	-42.549862	0.000000	0.000000	3.750000	214.981873	207.744186
693	225.906754	242.108810	36.244331	52.747971	0.000000	0.000000	3.750000	-242.038757	-382.285980
694	-103.432915	-189.996674	-7.846844	-55.447514	0.000000	0.000000	3.750000	43.456993	289.243225
695	59.701328	352.488068	4.336864	57.837631	0.000000	0.000000	3.750000	-49.273506	-610.817749
696	-374.558350	420.263031	-47.627552	53.996429	0.000000	0.000000	3.750000	564.351257	-781.696350
697	-222.336136	-309.046753	-46.545364	-49.573448	0.000000	0.000000	3.750000	338.652771	411.382904
698	237.244827	-192.874084	48.318146	-24.111322	0.000000	0.000000	3.750000	-511.330414	215.504318
699	137.278290	-163.168747	28.856417	-40.832642	0.000000	0.000000	3.750000	-222.615509	263.501526
700	-224.741928	-432.043365	-44.742340	-56.410309	0.000000	0.000000	3.750000	462.522766	616.864990
701	-239.199860	289.048096	-33.496208	52.172405	0.000000	0.000000	3.750000	93.186317	-368.495239
702	-119.206741	273.898376	-5.414782	45.680195	0.000000	0.000000	3.750000	63.930664	-512.903015
703	32.642014	407.165405	27.056698	68.876060	0.000000	0.000000	3.750000	-78.891624	-430.571411
704	-242.806747	64.920670	-62.866112	11.993703	0.000000	0.000000	3.750000	297.526337	-46.881355
705	-100.368156	-240.302216	-18.444458	-35.493675	0.000000	0.000000	3.750000	187.017532	500.832703
706	422.087738	-170.230667	63.697914	-45.017426	0.000000	0.000000	3.750000	-345.560211	285.955963
707	-136.060425	-185.024719	-24.591293	-45.817719	0.000000	0.000000	3.750000	171.444656	454.356934
708	-19.280457	-411.459717	14.788300	-60.210495	0.000000	0.000000	3.750000	-97.924568	708.035522
709	-350.619141	-264.334137	-44.313408	-40.451447	0.000000	0.000000	3.750000	165.135147	127.724953
710	-146.574753	190.602890	-65.745270	38.124149	0.000000	0.000000	3.750000	357.962952	-113.086098
711	-411.902832	4.961353	-61.508289	-7.792981	0.000000	0.000000	3.750000	725.247070	92.248299
712	28.324589	-219.433624	23.537498	-65.924011	0.000000	0.000000	3.750000	-62.019333	272.468750
713	104.840614	14.727731	66.276566	-22.525806	0.000000	0.000000	3.750000	-416.532410	111.661385
714	116.369247	-59.253654	45.933456	-41.641281	0.000000	0.000000	3.750000	-332.757263	124.089630
715	167.659073	371.307831	38.103020	56.321930	0.000000	0.000000	3.750000	-536.937317	-741.609680
716	-25.848885	-426.552063	-7.857037	-75.592728	0.000000	0.000000	3.750000	-2.856118	837.233398
717	94.650139	291.777771	11.775145	42.395088	0.000000	0.000000	3.750000	-47.970642	-447.559723
718	426.000061	-228.387909	64.018448	-32.948883	0.000000	0.000000	3.750000	-761.810303	244.251205
719	199.858780	-171.735107	47.842323	-32.788864	0.000000	0.000000	3.750000	-411.408478	230.786865
720	239.019394	-327.363037	34.342896	-54.005226	0.000000	0.000000	3.750000	-358.382843	662.342041
721	-78.655693	110.142426	-36.811874	57.173996	0.000000	0.000000	3.750000	186.450546	-193.521194
722	-242.356522	281.298706	-45.826431	52.914402	0.000000	0.000000	3.750000	337.515991	-328.902161
723	314.039978	242.186768	41.774059	37.295135	0.000000	0.000000	3.750000	-590.056396	-460.514221
724	226.803619	409.195770	38.368790	56.141121	0.000000	0.000000	3.750000	-224.369293	-533.665894
725	443.714783	-214.527451	60.155296	-39.564346	0.000000	0.000000	3.750000	-807.331299	414.119232
726	15.384626	-441.722595	6.217826	-67.715118	0.000000	0.000000	3.750000	-0.046481	777.010376
727	51.509529	-372.129150	20.929424	-60.481060	0.000000	0.000000	3.750000	-152.774551	495.987061
728	-180.785614	-159.374313	-53.987232	-47.638000	0.000000	0.000000	3.750000	221.608185	202.957840
729	61.658485	358.396240	4.110774	57.854137	0.000000	0.000000	3.750000	-33.629257	-705.127991
730	244.436096	-236.938171	44.444717	-51.465195	0.000000	0.000000	3.750000	-384.912720	423.970001
731	411.687988	-446.842529	64.708870	-73.598495	0.000000	0.000000	3.750000	-495.997681	768.069092
732	-305.678589	-34.418034	-60.933693	-25.359020	0.000000	0.000000	3.750000	411.305359	128.214554
733	-434.622620	-275.759705	-61.636345	-37.215027	0.000000	0.000000	3.750000	718.145752	355.643341
734	118.512123	337.822052	24.343054	50.432281	0.000000	0.000000	3.750000	-237.512802	-467.014709
735	111.017975	17.228554	34.517570	-33.351585	0.000000	0.000000	3.750000	-10.020363	-12.222946
736	214.948639	408.345459	43.275757	49.831802	0.000000	0.000000	3.750000	-434.309479	-551.341431
737	-259.293335	-249.786179	-43.137512	-38.770535	0.000000	0.000000	3.750000	513.577087	401.320953
738	141.584412	-303.352356	21.050283	-47.548691	0.000000	0.000000	3.750000	-130.483429	615.678528
739	-487.356506	9.494772	-75.912842	3.638671	0.000000	0.000000	3.750000	706.464417	-5.916408
740	-442.529724	-407.459900	-52.946342	-54.522339	0.000000	0.000000	3.750000	575.638733	601.747131
741	158.272736	57.496544	68.690376	21.578239	0.000000	0.000000	3.750000	-395.428741	-87.572296
742	-407.587250	-16.627296	-57.419548	-17.406750	0.000000	0.000000	3.750000	736.599121	189.210419
743	191.477921	-120.767181	57.104576	-50.150002	0.000000	0.000000	3.750000	-363.299591	206.333618
744	232.490875	-303.731659	42.892857	-60.299591	0.000000	0.000000	3.750000	-96.995461	97.221100
745	-200.960541	-3.564121	-56.823921	-24.799999	0.000000	0.000000	3.750000	131.711548	55.632732
746	-59.145599	-448.688293	-9.202490	-83.494293	0.000000	0.000000	3.750000	-26.859037	935.352295
747	110.205879	251.752289	21.849331	53.726509	0.000000	0.000000	3.750000	-126.541420	-140.360291
748	-38.613728	271.419708	8.464220	67.469398	0.000000	0.000000	3.750000	-95.445808	-123.298065
749	253.306046	-119.179344	36.193062	-25.021221	0.000000	0.000000	3.750000	-370.415833	210.952347
750	-53.467747	21.532150	-40.089935	59.805565	0.000000	0.000000	3.750000	-48.811066	51.725609
751	119.498787	-30.612406	48.843216	-47.309441	0.000000	0.000000	3.750000	-159.566406	48.599953
752	-141.340363	335.128540	-12.920052	72.863281	0.000000	0.000000	3.750000	18.852167	-488.408020
753	0.699074	-255.937027	4.917741	-51.766861	0.000000	0.000000	3.750000	30.864120	347.448090
754	294.066467	124.242073	65.866821	16.898468	0.000000	0.000000	3.750000	-378.496094	-122.746872
755	225.232208	357.991455	33.451241	61.489929	0.000000	0.000000	3.750000	-288.457733	-449.314758
756	139.509644	-97.080124	43.716446	-54.670330	0.000000	0.000000	3.750000	-43.998631	27.840775
757	-48.459995	161.295914	-35.293476	32.532425	0.000000	0.000000	3.750000	121.919556	-151.884476
758	138.920990	-341.235291	32.614868	-57.378300	0.000000	0.000000	3.750000	-132.209198	204.938171
759	331.988586	-40.408421	65.562790	-7.584099	0.000000	0.000000	3.750000	-625.680786	27.311857
760	-246.629242	-254.068008	-53.395523	-56.858753	0.000000	0.000000	3.750000	349.424316	397.902069
761	344.960541	282.885956	64.191597	40.686810	0.000000	0.000000	3.750000	-477.896545	-185.569962
762	-327.297394	48.950462	-74.315048	-23.690144	0.000000	0.000000	3.750000	160.970200	32.758144
763	-22.217178	465.481232	-6.771589	69.671677	0.000000	0.000000	3.750000	117.711906	-687.968933
764	-302.365234	20.708817	-54.928848	-10.900529	0.000000	0.000000	3.750000	565.393066	124.167519
765	-448.909241	173.570923	-71.739403	18.150688	0.000000	0.000000	3.750000	618.253601	-76.045937
766	339.608337	357.879578	63.320450	29.841434	0.000000	0.000000	3.750000	-682.384583	-193.699570
767	423.041992	-80.274796	68.349800	-15.109664	0.000000	0.000000	3.750000	-388.914886	43.131447
768	-176.246536	249.768372	-74.409073	23.301430	0.000000	0.000000	3.750000	8.970882	100.585426
769	-24.665970	-260.211456	14.268879	-72.610977	0.000000	0.000000	3.750000	2.860450	435.334686
770	-320.988220	-145.569565	-43.106636	-29.082935	0.000000	0.000000	3.750000	562.182068	315.352173
771	-311.284088	202.948059	-53.347740	22.759972	0.000000	0.000000	3.750000	502.733368	-152.017105
772	84.909935	63.062366	43.316399	-7.725046	0.000000	0.000000	3.750000	-256.455994	2.392768
773	-292.930328	-116.911987	-44.275326	-27.270760	0.000000	0.000000	3.750000	290.651947	151.471115
774	-107.379211	-164.931870	11.850580	-71.017700	0.000000	0.000000	3.750000	38.314392	572.306335
775	152.647736	274.097443	34.359600	36.323780	0.000000	0.000000	3.750000	-386.398621	-494.639038
776	19.751951	326.249207	-5.911205	63.726234	0.000000	0.000000	3.750000	-22.491674	-268.431274
777	6.308337	345.207794	9.946623	57.140743	0.000000	0.000000	3.750000	-87.534973	-503.558380
778	-357.780518	-443.919312	-45.675163	-60.743523	0.000000	0.000000	3.750000	453.476776	771.568420
779	378.181183	-230.143646	54.409386	-50.155922	0.000000	0.000000	3.750000	-380.004364	306.523071
780	-59.169289	358.822906	-9.893103	65.254303	0.000000	0.000000	3.750000	135.106110	-590.404297
781	297.933533	-49.901283	61.184120	-18.774834	0.000000	0.000000	3.750000	-657.674927	94.651245
782	66.870728	410.470459	8.503870	63.432514	0.000000	0.000000	3.750000	-45.435856	-466.100861
783	219.298630	-421.119324	32.466476	-57.462379	0.000000	0.000000	3.750000	-313.495697	729.850464
784	-141.737518	-193.217865	-50.204041	-62.286064	0.000000	0.000000	3.750000	158.841263	193.903137
785	-71.313721	94.594864	-60.797699	-12.150713	0.000000	0.000000	3.750000	446.014618	100.011520
786	11.680042	-42.205952	23.074364	-66.087509	0.000000	0.000000	3.750000	-54.308193	225.987564
787	-300.390991	-257.339386	-44.707657	-40.015312	0.000000	0.000000	3.750000	491.051147	400.895905
788	311.817688	-93.309662	65.416054	-18.566654	0.000000	0.000000	3.750000	-501.101105	41.969849
789	81.246330	-101.306068	14.702414	-60.231049	0.000000	0.000000	3.750000	12.061026	189.122284
790	97.875557	-49.711262	23.297493	-30.020256	0.000000	0.000000	3.750000	-199.468109	152.977402
791	-298.165161	-302.230286	-35.977348	-48.016968	0.000000	0.000000	3.750000	790.390381	930.969788
792	-299.186096	275.745819	-50.643444	28.270756	0.000000	0.000000	3.750000	636.817261	-212.347473
793	351.852448	-226.755478	48.731285	-35.003731	0.000000	0.000000	3.750000	-570.202148	354.447144
794	221.887894	291.136902	56.704025	44.369362	0.000000	0.000000	3.750000	-386.462799	-207.158249
795	-21.103363	-253.000931	-19.160580	-63.157516	0.000000	0.000000	3.750000	129.448502	451.044891
796	-0.865609	-167.724960	19.789284	-60.863422	0.000000	0.000000	3.750000	-34.504456	282.799652
797	132.058655	-287.666138	19.718132	-58.780899	0.000000	0.000000	3.750000	-162.866562	610.357178
798	-497.401764	13.122772	-75.687119	-18.853596	0.000000	0.000000	3.750000	648.310730	196.502991
799	-335.501282	89.596985	-57.997528	-0.535220	0.000000	0.000000	3.750000	455.886780	19.339987
800	253.095413	32.937321	61.425705	-29.169495	0.000000	0.000000	3.750000	-414.145294	104.797699
801	484.211365	-131.871658	67.025772	-31.361532	0.000000	0.000000	3.750000	-411.924225	173.036285
802	173.944031	-306.027191	31.532433	-55.692951	0.000000	0.000000	3.750000	-298.576538	590.487061
803	-16.638336	120.464783	-31.285559	51.197762	0.000000	0.000000	3.750000	83.913582	-111.072945
804	-12.057716	429.333374	-1.690558	57.975357	0.000000	0.000000	3.750000	21.538425	-672.932861
805	356.041992	-307.467041	49.654083	-43.479561	0.000000	0.000000	3.750000	-727.087891	592.014099
806	-216.866165	-341.477631	-35.152031	-71.863220	0.000000	0.000000	3.750000	220.891876	672.593445
807	-235.438873	18.811260	-58.299561	-30.937790	0.000000	0.000000	3.750000	377.464874	289.342010
808	386.853363	-242.721832	55.947357	-42.070099	0.000000	0.000000	3.750000	-587.107788	437.313324
809	-3.070529	266.053650	3.746539	61.886517	0.000000	0.000000	3.750000	-117.246849	-376.013885
810	233.482330	341.610626	38.690754	40.484871	0.000000	0.000000	3.750000	-626.325623	-575.972229
811	452.223602	97.754158	79.952248	-2.763403	0.000000	0.000000	3.750000	-838.193359	-12.154096
812	-308.587646	105.971497	-65.114700	19.597811	0.000000	0.000000	3.750000	904.978638	-204.612747
813	95.602592	-103.134491	39.320438	-55.477898	0.000000	0.000000	3.750000	-261.475830	180.078445
814	479.769775	118.148735	65.714462	29.421154	0.000000	0.000000	3.750000	-757.164185	-241.365738
815	225.204361	218.972504	41.963009	27.186115	0.000000	0.000000	3.750000	-127.510544	-34.916931
816	-270.058838	285.242371	-45.875671	35.488342	0.000000	0.000000	3.750000	562.795654	-404.275604
817	-288.071167	289.836761	-42.188057	30.400131	0.000000	0.000000	3.750000	262.862061	-184.876953
818	437.813049	5.660642	83.873260	-4.612390	0.000000	0.000000	3.750000	-717.649231	0.866970
819	-152.782822	-74.841446	-39.552658	-60.162956	0.000000	0.000000	3.750000	137.043411	250.207382
820	-85.699097	-78.864555	-16.183920	-70.157440	0.000000	0.000000	3.750000	69.990883	579.694336
821	-46.106129	326.485229	-4.364906	59.841019	0.000000	0.000000	3.750000	44.181538	-454.587860
822	46.012302	265.699982	4.255334	69.870361	0.000000	0.000000	3.750000	-67.999428	-287.014008
823	-229.897064	-45.689507	-60.852280	-11.874256	0.000000	0.000000	3.750000	364.046814	86.629684
824	291.658203	82.143456	59.080101	24.607471	0.000000	0.000000	3.750000	-599.120483	-107.909233
825	-280.851257	270.041260	-49.437668	40.643784	0.000000	0.000000	3.750000	573.054260	-474.156311
826	-20.356819	-289.950989	10.736199	-46.783894	0.000000	0.000000	3.750000	-76.936333	596.023254
827	-188.800430	359.774536	-45.146858	63.606285	0.000000	0.000000	3.750000	344.519836	-535.395142
828	201.696960	345.600037	32.256069	66.599876	0.000000	0.000000	3.750000	-173.293488	-390.688263
829	-266.752319	9.354330	-65.247437	34.910889	0.000000	0.000000	3.750000	768.771240	-363.316376
830	73.679352	-301.557861	11.285091	-54.851093	0.000000	0.000000	3.750000	-38.510696	617.050110
831	-108.856186	284.199249	-33.130398	72.817245	0.000000	0.000000	3.750000	174.898041	-281.586487
832	190.979874	-135.369629	62.481674	-13.857642	0.000000	0.000000	3.750000	-510.994537	37.103680
833	125.297020	205.845154	13.298305	54.398037	0.000000	0.000000	3.750000	-19.358059	-120.887276
834	363.502472	458.564880	52.494354	60.368385	0.000000	0.000000	3.750000	-416.818939	-506.822876
835	-219.708008	-89.221092	-45.932983	-13.934175	0.000000	0.000000	3.750000	562.071533	156.717438
836	-128.907242	-20.094294	-60.539749	20.759066	0.000000	0.000000	3.750000	412.078644	-142.164001
837	-321.080078	347.656281	-53.197006	54.277794	0.000000	0.000000	3.750000	505.187225	-536.344788
838	-251.360962	-123.304199	-57.615265	-43.179638	0.000000	0.000000	3.750000	481.225525	354.454987
839	-184.061493	-333.472229	-35.028008	-55.937737	0.000000	0.000000	3.750000	359.016205	862.116028
840	301.408813	-76.501419	53.115379	-9.734079	0.000000	0.000000	3.750000	-657.572266	12.275782
841	431.431213	76.246086	71.154068	11.004358	0.000000	0.000000	3.750000	-669.940063	-54.669334
842	39.490559	-334.407684	2.749597	-73.948784	0.000000	0.000000	3.750000	48.360218	504.520477
843	-191.835648	-403.475708	-30.586426	-78.233383	0.000000	0.000000	3.750000	154.059174	553.885071
844	-405.485504	131.540039	-69.492233	8.415804	0.000000	0.000000	3.750000	674.050659	-9.695593
845	297.996948	176.902008	63.274094	29.939535	0.000000	0.000000	3.750000	-647.487854	-167.683548
846	-2.604849	-241.639008	20.785795	-60.530575	0.000000	0.000000	3.750000	-115.873314	356.753876
847	-106.784767	-46.886299	-52.868111	-42.766373	0.000000	0.000000	3.750000	101.847366	79.562889
848	134.896210	321.457275	27.148687	57.956421	0.000000	0.000000	3.750000	-240.135834	-652.144165
849	-367.199799	203.015900	-69.236954	19.754614	0.000000	0.000000	3.750000	776.588074	-210.993774
850	277.912720	-201.865341	47.911987	-36.117050	0.000000	0.000000	3.750000	-558.335022	425.309143
851	342.063232	-253.209030	53.966843	-30.521740	0.000000	0.000000	3.750000	-849.898132	345.731842
852	116.080070	-321.913513	36.941685	-49.792580	0.000000	0.000000	3.750000	-145.136246	167.510437
853	-390.343475	-470.626709	-51.875137	-58.249195	0.000000	0.000000	3.750000	525.325928	696.255005
854	-101.439560	-182.049561	-12.382355	-62.790588	0.000000	0.000000	3.750000	14.433492	287.941193
855	-449.430603	-108.089066	-92.726852	-15.418071	0.000000	0.000000	3.750000	622.641296	47.821167
856	133.259888	-357.226959	29.552362	-52.217403	0.000000	0.000000	3.750000	-129.518250	249.600250
857	-396.901062	-202.406235	-59.248909	-29.078577	0.000000	0.000000	3.750000	724.259949	254.989883
858	-137.562027	-115.863014	-44.910049	-21.979240	0.000000	0.000000	3.750000	310.406311	142.703079
859	-64.658653	-104.282608	-18.633247	-59.133705	0.000000	0.000000	3.750000	143.198273	329.898895
860	480.642120	-110.936745	64.896301	-26.238415	0.000000	0.000000	3.750000	-623.945496	122.259758
861	-481.004395	67.512810	-71.969452	2.096717	0.000000	0.000000	3.750000	785.750122	36.268517
862	50.985939	-33.309032	45.074181	-42.564682	0.000000	0.000000	3.750000	-188.935059	-1.541591
863	343.875000	-245.343842	74.257019	-34.783516	0.000000	0.000000	3.750000	-773.281616	285.571381
864	-182.494049	-383.536469	-20.965206	-60.468620	0.000000	0.000000	3.750000	134.216858	698.572388
865	503.445312	-267.855835	76.096054	-48.056099	0.000000	0.000000	3.750000	-706.536499	399.779419
866	-221.147095	347.203278	-36.799637	54.788490	0.000000	0.000000	3.750000	270.018829	-594.763489
867	-46.013565	446.395660	-4.990812	71.826820	0.000000	0.000000	3.750000	64.566521	-839.455750
868	-500.008972	37.697609	-79.819580	5.368978	0.000000	0.000000	3.750000	634.055420	-105.373116
869	-402.592255	75.646378	-65.978531	1.683147	0.000000	0.000000	3.750000	800.153809	22.089790
870	175.411224	-217.556320	30.020422	-29.373013	0.000000	0.000000	3.750000	-299.473511	339.663788
871	383.950439	50.504433	64.204086	15.291673	0.000000	0.000000	3.750000	-720.620300	-152.266235
872	-240.638840	301.415985	-28.611607	45.797047	0.000000	0.000000	3.750000	225.869965	-635.784363
873	330.616333	-78.792831	71.894409	-3.897492	0.000000	0.000000	3.750000	-723.157959	-19.577471
874	-186.613190	-200.655624	-38.713043	-45.839920	0.000000	0.000000	3.750000	290.588745	300.542511
875	172.836472	-287.774475	51.755379	-34.136131	0.000000	0.000000	3.750000	-94.737900	50.021957
876	19.792034	214.247589	19.313889	48.280155	0.000000	0.000000	3.750000	-146.987579	-317.645752
877	292.400909	-261.177856	47.995361	-42.337280	0.000000	0.000000	3.750000	-434.893250	399.411133
878	-250.860077	284.361298	-57.385113	49.829193	0.000000	0.000000	3.750000	389.725555	-340.809082
879	-10.383158	154.752838	25.398849	54.357979	0.000000	0.000000	3.750000	-126.340454	-149.515976
880	264.182892	25.731024	62.942577	-11.585737	0.000000	0.000000	3.750000	-527.599609	131.400360
881	229.481293	461.436829	37.976238	56.407425	0.000000	0.000000	3.750000	-253.054276	-549.082031
882	-183.765457	-101.060219	-37.990814	-51.504311	0.000000	0.000000	3.750000	320.373810	376.277985
883	305.784241	-11.410162	46.896069	-10.234898	0.000000	0.000000	3.750000	-254.353333	10.268003
884	233.898911	313.382324	30.114403	44.823158	0.000000	0.000000	3.750000	-534.862061	-1434.595215
885	278.136780	205.014389	52.760239	24.090446	0.000000	0.000000	3.750000	-623.393555	-152.048294
886	-198.200912	286.487915	-38.831711	37.524635	0.000000	0.000000	3.750000	499.664490	-516.529175
887	-341.925751	-124.414490	-65.985779	-51.979527	0.000000	0.000000	3.750000	406.274078	367.947113
888	192.422638	-251.366776	35.601349	-37.901749	0.000000	0.000000	3.750000	-226.631470	300.818787
889	310.052551	-388.441467	55.182045	-57.921841	0.000000	0.000000	3.750000	-445.955841	383.690918
890	3.212192	190.420288	-8.887165	55.289989	0.000000	0.000000	3.750000	-10.130398	-180.793289
891	-34.331062	-256.125732	-7.507952	-55.494415	0.000000	0.000000	3.750000	62.039188	367.419342
892	11.132479	-276.954803	-2.828098	-71.944084	0.000000	0.000000	3.750000	116.650398	431.777618
893	-55.990448	248.836227	-34.256264	56.413631	0.000000	0.000000	3.750000	154.585312	-352.721954
894	269.726837	293.664978	42.615326	36.330891	0.000000	0.000000	3.750000	-674.454041	-514.931519
895	-172.752884	154.938126	-30.961212	39.260696	0.000000	0.000000	3.750000	121.347282	-176.048828
896	-44.562454	-301.339294	-26.083870	-58.443390	0.000000	0.000000	3.750000	177.507080	497.181213
897	85.609383	186.911942	45.800301	44.702690	0.000000	0.000000	3.750000	-198.784225	-170.668259
898	-133.055374	273.801331	-19.166092	73.543579	0.000000	0.000000	3.750000	81.561218	-257.292450
899	-264.754242	-171.330109	-42.201275	-22.870270	0.000000	0.000000	3.750000	632.310425	221.067566
900	52.524792	254.193558	12.788912	40.005531	0.000000	0.000000	3.750000	-113.786591	-627.064636
901	332.097656	262.188049	49.418373	30.361456	0.000000	0.000000	3.750000	-610.894226	-227.674118
902	246.002686	-161.735641	59.806244	-40.089958	0.000000	0.000000	3.750000	-241.500931	184.745377
903	-273.201813	88.414948	-50.529812	24.139914	0.000000	0.000000	3.750000	521.202332	-180.515625
904	-20.842520	340.420776	-8.906328	49.200371	0.000000	0.000000	3.750000	71.550041	-576.220703
905	245.048615	334.093231	43.311310	49.800896	0.000000	0.000000	3.750000	-429.066895	-554.061890
906	120.450241	-192.299698	29.640358	-69.981781	0.000000	0.000000	3.750000	-104.476463	203.789169
907	-372.272034	-411.373444	-54.588699	-46.947533	0.000000	0.000000	3.750000	1042.057983	693.174805
908	91.612175	-100.482895	17.491783	-63.639496	0.000000	0.000000	3.750000	-7.832662	293.944275
909	226.914047	116.233727	75.999985	0.001941	0.000000	0.000000	3.750000	-597.419250	-34.594452
910	-246.728500	-318.112671	-38.576340	-55.998169	0.000000	0.000000	3.750000	61.667961	104.673393
911	-329.357300	161.564102	-63.836914	23.427483	0.000000	0.000000	3.750000	665.472107	-193.761917
912	-216.323624	355.083740	-28.231194	61.862694	0.000000	0.000000	3.750000	201.091095	-665.904602
913	-191.993866	215.287567	-31.288395	41.533558	0.000000	0.000000	3.750000	235.246246	-320.175934
914	176.105957	-69.398788	46.510586	-52.308891	0.000000	0.000000	3.750000	-139.989792	41.985661
915	-316.560699	-201.694672	-51.144989	-27.352837	0.000000	0.000000	3.750000	270.961975	81.553444
916	-101.462097	-454.667358	-16.235287	-74.245552	0.000000	0.000000	3.750000	51.329395	1028.174072
917	-384.880127	-218.514709	-59.794384	-32.382576	0.000000	0.000000	3.750000	300.790070	145.210678
918	-139.587021	-322.715515	-41.223091	-59.030937	0.000000	0.000000	3.750000	177.050064	324.786316
919	398.541534	46.168884	58.841080	25.173599	0.000000	0.000000	3.750000	-633.979431	-104.706223
920	-220.338562	173.245270	-44.197060	31.026089	0.000000	0.000000	3.750000	603.702820	-330.393921
921	174.236771	299.690033	30.791805	73.835861	0.000000	0.000000	3.750000	-219.973953	-249.266144
922	-331.761047	155.245758	-60.663727	12.802614	0.000000	0.000000	3.750000	672.672974	-46.901897
923	286.860443	17.613052	52.264725	20.109589	0.000000	0.000000	3.750000	-333.861053	-167.407867
924	492.616455	128.445099	72.438202	15.122909	0.000000	0.000000	3.750000	-905.418701	-106.126938
925	-284.012848	-193.565872	-48.523102	-35.291771	0.000000	0.000000	3.750000	572.586975	395.678009
926	293.779572	-124.936134	54.875004	-40.158829	0.000000	0.000000	3.750000	-413.184143	269.230408
927	232.351562	-303.447815	34.897465	-48.807373	0.000000	0.000000	3.750000	-178.616394	360.803650
928	-323.437439	-419.003052	-52.636429	-75.454651	0.000000	0.000000	3.750000	322.089722	534.202271
929	287.670563	278.480530	40.525715	41.492966	0.000000	0.000000	3.750000	-413.922302	-417.974121
930	17.447861	309.752228	1.759447	53.971329	0.000000	0.000000	3.750000	-28.955568	-670.930603
931	-387.151672	437.279510	-56.176456	54.112900	0.000000	0.000000	3.750000	915.811707	-945.488953
932	229.525894	-226.206467	39.004738	-40.182457	0.000000	0.000000	3.750000	-474.853088	532.102234
933	-230.622345	-309.997498	-42.555981	-45.088673	0.000000	0.000000	3.750000	423.395935	473.990723
934	-74.721939	-344.569061	-29.164570	-56.968620	0.000000	0.000000	3.750000	200.603302	566.804565
935	263.452576	-62.841026	41.815933	-13.690417	0.000000	0.000000	3.750000	-321.147705	85.813034
936	244.217667	25.983788	57.813984	-16.047768	0.000000	0.000000	3.750000	-496.439148	43.457531
937	-396.156281	511.773529	-59.348030	62.239914	0.000000	0.000000	3.750000	522.295837	-668.650818
938	291.236450	196.250763	36.860615	27.518940	0.000000	0.000000	3.750000	-626.079468	-293.221130
939	-13.603281	387.592560	4.514749	61.835400	0.000000	0.000000	3.750000	-63.340450	-520.717651
940	28.568287	175.927994	-15.584579	57.940517	0.000000	0.000000	3.750000	93.814888	-211.470963
941	-238.069977	-197.265289	-45.646248	-38.941238	0.000000	0.000000	3.750000	491.203979	416.507538
942	388.156311	331.411926	44.263824	46.224602	0.000000	0.000000	3.750000	-575.350891	-568.953735
943	-186.745148	-247.920471	-43.488480	-57.382507	0.000000	0.000000	3.750000	329.715576	444.910339
944	-337.651855	-321.549713	-50.234413	-51.580070	0.000000	0.000000	3.750000	453.727020	480.149506
945	-368.779053	53.480324	-62.430187	14.087914	0.000000	0.000000	3.750000	768.023315	-100.821587
946	473.055145	-335.005493	59.705780	-53.246773	0.000000	0.000000	3.750000	-514.630310	488.703430
947	-67.431610	217.097687	2.115975	53.958450	0.000000	0.000000	3.750000	-91.356461	-437.292603
948	-145.591614	123.071716	-55.028976	32.677135	0.000000	0.000000	3.750000	461.256256	-166.959122
949	357.844696	-19.654461	59.987892	1.205254	0.000000	0.000000	3.750000	-656.263977	-36.291641
950	177.030670	237.537674	49.127892	52.635063	0.000000	0.000000	3.750000	-378.302673	-444.279114
951	308.374878	52.150246	59.872154	16.103531	0.000000	0.000000	3.750000	-656.315857	-121.814552
952	-286.794952	269.669342	-28.883068	43.240761	0.000000	0.000000	3.750000	261.659302	-666.963867
953	52.162624	-250.712021	7.308514	-69.617416	0.000000	0.000000	3.750000	-111.026558	1205.156860
954	383.933624	-440.186981	50.296436	-59.617661	0.000000	0.000000	3.750000	-393.553986	550.023132
955	-256.516357	-203.103821	-53.178215	-23.153332	0.000000	0.000000	3.750000	615.436646	225.066513
956	214.475555	-206.044983	42.214947	-48.102993	0.000000	0.000000	3.750000	-343.309631	375.217712
957	28.533836	184.579010	17.007853	72.017540	0.000000	0.000000	3.750000	-171.985886	-234.721939
958	-207.153595	245.322586	-36.192467	42.732956	0.000000	0.000000	3.750000	348.806946	-428.142944
959	338.483154	-73.696289	63.959541	-28.443316	0.000000	0.000000	3.750000	-117.605362	15.118323
960	277.276703	304.156067	43.290398	41.544449	0.000000	0.000000	3.750000	-460.726379	-439.706177
961	261.594482	217.422836	38.360924	28.851994	0.000000	0.000000	3.750000	-521.182190	-294.196686
962	472.418488	-101.723427	71.756424	-5.917092	0.000000	0.000000	3.750000	-681.862366	-4.122581
963	38.847099	-160.173813	20.797546	-41.030006	0.000000	0.000000	3.750000	-147.188568	338.600677
964	-365.432526	63.219143	-63.658089	17.425419	0.000000	0.000000	3.750000	821.082703	-152.617065
965	158.544632	289.402100	31.737076	57.868450	0.000000	0.000000	3.750000	-310.236206	-546.722656
966	-99.910240	116.747726	-57.904121	49.224998	0.000000	0.000000	3.750000	280.555084	-200.928864
967	79.996910	-48.915627	-22.798187	59.794182	0.000000	0.000000	3.750000	-34.980862	19.262636
968	137.693298	-396.805145	15.293158	-68.308975	0.000000	0.000000	3.750000	-115.149200	811.327820
969	241.844330	-80.971298	61.396111	-8.632059	0.000000	0.000000	3.750000	-337.167633	21.158001
970	-352.562775	300.788025	-59.680420	43.752113	0.000000	0.000000	3.750000	845.375061	-607.236389
971	331.733795	197.366699	45.577057	44.930283	0.000000	0.000000	3.750000	-336.794647	-383.641144
972	-330.135071	-10.670641	-52.458424	-19.598816	0.000000	0.000000	3.750000	649.980408	211.790573
973	-88.808334	-121.204704	-13.933497	-64.512390	0.000000	0.000000	3.750000	133.536453	416.963348
974	-316.028259	-75.082405	-58.581020	-30.401707	0.000000	0.000000	3.750000	542.790771	285.040436
975	32.311375	-408.743774	19.294060	-61.022434	0.000000	0.000000	3.750000	-173.183914	742.637207
976	-400.084930	149.185410	-78.300308	24.352859	0.000000	0.000000	3.750000	565.315979	-149.563736
977	261.882721	-218.617950	44.347008	-40.414642	0.000000	0.000000	3.750000	-554.225159	499.556702
978	-381.806396	-140.235306	-65.911209	3.422419	0.000000	0.000000	3.750000	1039.702271	-14.822015
979	-56.015190	-237.946732	-25.777449	-58.579193	0.000000	0.000000	3.750000	199.883392	549.179993
980	-279.454437	-355.847595	-40.524818	-46.922695	0.000000	0.000000	3.750000	460.190674	557.757385
981	-321.980957	-5.005475	-51.997330	-0.525181	0.000000	0.000000	3.750000	523.200256	55.457043
982	164.180298	73.825615	54.288589	13.738598	0.000000	0.000000	3.750000	-330.911621	-87.053558
983	-247.164169	-85.386223	-41.802055	-19.198591	0.000000	0.000000	3.750000	661.879517	183.554886
984	45.082035	141.998154	16.602966	57.657101	0.000000	0.000000	3.750000	-131.920715	-439.738586
985	311.499939	225.845764	58.246971	35.089706	0.000000	0.000000	3.750000	-503.041565	-253.584747
986	-21.820515	-14.357880	30.433582	56.295494	0.000000	0.000000	3.750000	-123.232193	-87.851089
987	-74.143311	-13.971819	-23.485020	46.394012	0.000000	0.000000	3.750000	27.561954	-139.349289
988	312.353210	241.968811	43.026939	44.639465	0.000000	0.000000	3.750000	-452.273560	-498.433777
989	267.171661	-285.629333	36.796432	-42.213966	0.000000	0.000000	3.750000	-346.795013	575.314209
990	-240.548889	82.488884	-76.594162	14.742174	0.000000	0.000000	3.750000	188.689117	-22.932091
991	-424.994751	-33.952122	-70.534195	-14.454140	0.000000	0.000000	3.750000	590.916931	180.617874
992	-284.092316	330.728790	-38.676113	48.457787	0.000000	0.000000	3.750000	399.562805	-588.357971
993	70.385849	-160.322906	10.470971	-40.673813	0.000000	0.000000	3.750000	-120.035553	445.159332
994	21.248648	434.545685	-5.757283	63.740517	0.000000	0.000000	3.750000	43.605812	-624.147278
995	-104.710320	-59.064480	-50.019234	39.925842	0.000000	0.000000	3.750000	200.245544	-174.019821
996	-419.356079	-107.164436	-65.688789	-6.401774	0.000000	0.000000	3.750000	783.898010	63.529495
997	-313.479218	130.167252	-53.269886	22.941654	0.000000	0.000000	3.750000	412.250397	-170.945206
998	341.008728	-370.515594	52.192764	-40.396954	0.000000	0.000000	3.750000	-645.404114	422.793243
999	304.723633	4.497707	45.597446	6.072236	0.000000	0.000000	3.750000	-541.936279	-24.172491
