node	a_force.x	a_force.y	g_force.x	g_force.y	r_force.x	r_force.y	global_speed	move_node.x	move_node.y
0	-598.537598	171.703201	-90.998764	38.986618	0.000000	0.000000	7.125000	305.167084	-89.302345
1	302.024078	-322.102478	55.346394	-82.071198	0.000000	0.000000	7.125000	-71.502991	74.564949
2	169.805725	-92.495895	89.502548	-48.581120	0.000000	0.000000	7.125000	-143.965302	-6.353944
3	530.920288	203.212677	98.742401	50.698944	0.000000	0.000000	7.125000	-202.752914	-72.585258
4	184.832733	-611.303101	25.670322	-111.068451	0.000000	0.000000	7.125000	-18.038483	194.808670
5	-228.856384	248.354813	-78.510635	65.114037	0.000000	0.000000	7.125000	168.179016	-126.997749
6	-512.000793	-625.248047	-93.963768	-69.710709	0.000000	0.000000	7.125000	336.169830	209.577438
7	-279.414307	607.160339	-65.654373	96.838928	0.000000	0.000000	7.125000	146.081329	-283.144714
8	-182.402191	-564.242737	-61.285641	-81.535149	0.000000	0.000000	7.125000	173.507690	213.431946
9	-41.430492	590.253052	-18.677958	94.165314	0.000000	0.000000	7.125000	59.810284	-196.357895
10	-208.296616	153.359802	-88.374207	67.160080	0.000000	0.000000	7.125000	230.605621	-155.300125
11	383.799255	429.760925	54.635918	75.258987	0.000000	0.000000	7.125000	-158.146942	-217.556061
12	-474.133331	-595.085999	-74.813026	-69.331215	0.000000	0.000000	7.125000	451.318359	355.465607
13	122.634750	66.715431	94.978165	37.182251	0.000000	0.000000	7.125000	-101.909088	-47.490623
14	-345.642822	-304.154694	-105.600204	-50.374382	0.000000	0.000000	7.125000	234.206940	110.737038
15	-363.441223	-519.108032	-79.854210	-63.460430	0.000000	0.000000	7.125000	158.407776	105.958000
16	-488.529175	323.934814	-70.665680	45.409874	0.000000	0.000000	7.125000	194.450211	-100.810272
17	315.505371	103.509865	40.473206	73.593872	0.000000	0.000000	7.125000	-91.655174	-115.567497
18	-403.003693	-191.471863	-99.991684	-48.193649	0.000000	0.000000	7.125000	262.581573	137.365417
19	-118.447723	356.131744	-46.992588	73.212692	0.000000	0.000000	7.125000	90.108086	-190.360519
20	239.201767	70.504395	69.729691	41.201778	0.000000	0.000000	7.125000	-94.532608	-32.291702
21	47.775505	336.696838	22.836472	99.326950	0.000000	0.000000	7.125000	-84.262596	-98.294273
22	422.106873	323.457764	54.935001	71.289047	0.000000	0.000000	7.125000	-130.964569	-181.523239
23	139.660690	757.629089	-3.213565	119.956902	0.000000	0.000000	7.125000	10.933525	-387.446503
24	684.068298	668.297485	87.830467	86.107170	0.000000	0.000000	7.125000	-305.276184	-267.445984
25	458.984039	-353.016968	61.758434	-56.937458	0.000000	0.000000	7.125000	-131.045242	126.663933
26	355.274384	200.799179	60.040115	86.107346	0.000000	0.000000	7.125000	-116.478981	-110.686424
27	-687.390991	157.061829	-113.526337	38.881271	0.000000	0.000000	7.125000	227.730927	-83.832344
28	453.957947	99.901306	88.186371	37.935150	0.000000	0.000000	7.125000	-182.507812	-84.671104
29	-143.190567	576.400574	-48.571228	72.174614	0.000000	0.000000	7.125000	3.043024	-58.239799
30	709.217163	-315.341370	106.969734	-29.636421	0.000000	0.000000	7.125000	-195.806152	25.763676
31	-314.684967	-529.870361	-50.591213	-78.032021	0.000000	0.000000	7.125000	117.677490	256.717010
32	-468.209229	356.634247	-92.628448	71.476990	0.000000	0.000000	7.125000	186.723480	-146.578430
33	345.180084	-201.418320	71.315224	-44.332394	0.000000	0.000000	7.125000	-142.056396	38.692432
34	-394.650330	629.531372	-60.070290	78.692444	0.000000	0.000000	7.125000	157.252411	-260.495911
35	-507.122925	282.141418	-90.573746	58.823112	0.000000	0.000000	7.125000	145.846893	-119.071938
36	17.096714	305.922791	3.611945	77.916115	0.000000	0.000000	7.125000	-13.604447	-112.126900
37	-151.348831	-602.164673	-58.758526	-97.689323	0.000000	0.000000	7.125000	95.627769	181.533157
38	127.782188	495.681427	1.704121	119.987617	0.000000	0.000000	7.125000	-19.819733	-244.765915
39	-593.563965	-151.475479	-130.484100	-34.620888	0.000000	0.000000	7.125000	447.338959	101.386551
40	397.746307	-440.298645	36.237846	-75.776573	0.000000	0.000000	7.125000	-92.704521	287.708923
41	60.938301	-363.982666	34.041290	-92.963341	0.000000	0.000000	7.125000	-33.255047	123.273125
42	214.426422	17.148195	88.077316	45.192120	0.000000	0.000000	7.125000	-260.462799	-162.249054
43	535.985107	-102.301590	79.906525	-13.235121	0.000000	0.000000	7.125000	-306.534363	4.880983
44	-388.601562	-631.827576	-83.141098	-86.528183	0.000000	0.000000	7.125000	226.633514	212.242310
45	-179.605865	-812.534119	-46.092354	-120.471031	0.000000	0.000000	7.125000	81.568626	371.365753
46	-95.002182	33.232002	69.068848	70.736053	0.000000	0.000000	7.125000	-92.550446	-54.109364
47	-400.670929	247.095245	-71.429283	44.201042	0.000000	0.000000	7.125000	53.098366	-75.850609
48	-225.862427	564.555847	-46.147816	90.958771	0.000000	0.000000	7.125000	119.205956	-323.281219
49	-388.651917	-68.934883	-74.571747	-8.003422	0.000000	0.000000	7.125000	259.784576	33.159142
50	735.435913	-436.681549	101.437180	-69.562347	0.000000	0.000000	7.125000	-255.682144	210.864197
51	-382.677063	-338.130890	-88.886795	-43.582947	0.000000	0.000000	7.125000	199.698959	92.576904
52	-344.921997	-9.796625	-50.989922	-1.003671	0.000000	0.000000	7.125000	165.834503	15.131496
53	9.177929	-8.143089	95.539429	9.385111	0.000000	0.000000	7.125000	-154.417877	-30.561918
54	-324.057434	311.584351	-66.327324	81.396957	0.000000	0.000000	7.125000	125.515572	-126.181641
55	461.479614	-494.914062	58.159008	-64.702133	0.000000	0.000000	7.125000	-161.460693	206.890213
56	408.359375	-123.714287	89.860046	-4.911195	0.000000	0.000000	7.125000	-143.221558	-23.758373
57	-90.153442	-155.524307	-100.895142	-38.520420	0.000000	0.000000	7.125000	139.591797	33.432751
58	-559.202332	-258.325684	-92.889442	-34.238461	0.000000	0.000000	7.125000	240.567276	26.625656
59	342.768005	-237.497772	60.375206	-39.226887	0.000000	0.000000	7.125000	-152.106995	99.136887
60	62.341377	-396.234650	4.615659	-101.888885	0.000000	0.000000	7.125000	16.302992	233.787003
61	53.809238	-619.808594	-18.189230	-97.313934	0.000000	0.000000	7.125000	40.697472	288.309692
62	446.941071	134.937439	96.501099	33.029770	0.000000	0.000000	7.125000	-274.865204	-91.724052
63	366.010620	-703.883057	61.589634	-95.930611	0.000000	0.000000	7.125000	-215.901398	353.744934
64	4.214663	368.446381	-13.733515	91.980270	0.000000	0.000000	7.125000	-1.852612	-140.331894
65	93.388710	-460.170593	19.416763	-97.063004	0.000000	0.000000	7.125000	3.109911	169.007416
66	-396.495697	384.936005	-95.021179	51.320534	0.000000	0.000000	7.125000	311.430298	-142.802261
67	98.889626	-375.634857	19.021786	-66.325623	0.000000	0.000000	7.125000	-47.252468	210.767487
68	-326.405609	-509.011841	-66.811996	-73.054695	0.000000	0.000000	7.125000	160.417358	186.268555
69	269.128510	-93.658325	95.583801	8.886305	0.000000	0.000000	7.125000	-107.101662	-24.745026
70	686.049805	33.389484	101.135483	13.250956	0.000000	0.000000	7.125000	-288.506866	-39.648354
71	58.962547	227.792068	26.565147	76.479523	0.000000	0.000000	7.125000	-88.330658	-94.552612
72	-563.090698	517.958313	-76.643173	67.301643	0.000000	0.000000	7.125000	264.999603	-175.292770
73	-387.685089	-436.607605	-61.289204	-61.746490	0.000000	0.000000	7.125000	129.802673	131.801834
74	-251.240967	628.085144	-44.010406	85.312859	0.000000	0.000000	7.125000	100.245628	-297.033783
75	-206.682648	300.999390	-35.609497	76.068237	0.000000	0.000000	7.125000	49.924080	-225.633636
76	-396.594635	419.308136	-73.787567	70.419823	0.000000	0.000000	7.125000	221.004700	-223.922211
77	371.842285	479.755096	47.955101	68.965988	0.000000	0.000000	7.125000	-125.210594	-188.254593
78	18.756664	156.875702	-79.563568	58.902473	0.000000	0.000000	7.125000	126.337059	-55.624111
79	-617.699097	497.913696	-86.229485	65.023987	0.000000	0.000000	7.125000	148.726257	-97.776825
80	-42.774467	55.876736	-50.321815	88.722672	0.000000	0.000000	7.125000	55.076813	-122.833893
81	-375.148254	79.208603	-68.176422	10.609549	0.000000	0.000000	7.125000	210.386627	-3.796587
82	-186.291763	202.603668	-63.583626	71.911972	0.000000	0.000000	7.125000	103.419762	-68.912903
83	296.239624	-152.110001	110.772079	7.060382	0.000000	0.000000	7.125000	-245.420410	8.038680
84	420.565552	-274.622559	74.404724	-32.006306	0.000000	0.000000	7.125000	-529.420166	154.320435
85	-677.320984	373.317627	-98.384293	57.584541	0.000000	0.000000	7.125000	338.928223	-140.639648
86	585.130249	83.994324	91.158981	18.412539	0.000000	0.000000	7.125000	-290.969299	-53.491409
87	-44.113228	525.128601	-11.077399	86.291740	0.000000	0.000000	7.125000	51.853233	-291.814270
88	-28.431238	16.840948	-16.661779	88.439362	0.000000	0.000000	7.125000	-13.239786	-43.921974
89	-753.530334	105.611633	-104.336479	52.940071	0.000000	0.000000	7.125000	278.361084	-110.944061
90	5.944551	-195.127304	22.385841	-77.844269	0.000000	0.000000	7.125000	-9.120541	90.717972
91	95.186996	282.402283	3.301537	92.940765	0.000000	0.000000	7.125000	5.789966	-162.420883
92	-439.554993	-355.218628	-90.342674	-47.349739	0.000000	0.000000	7.125000	226.332520	132.934357
93	496.522614	81.923912	101.508461	36.854965	0.000000	0.000000	7.125000	-151.076767	-87.186249
94	709.742432	240.708740	94.652138	57.981709	0.000000	0.000000	7.125000	-230.361893	-115.248672
95	-77.129456	-387.749542	-50.874184	-70.573776	0.000000	0.000000	7.125000	105.883598	122.644569
96	-173.490875	-82.089378	-65.971947	1.750000	0.000000	0.000000	7.125000	68.426025	-3.145018
97	526.119385	108.227951	76.688454	34.271538	0.000000	0.000000	7.125000	-305.624725	-96.854973
98	-417.586426	193.808411	-91.024597	38.929718	0.000000	0.000000	7.125000	168.390396	-55.364517
99	-182.531250	-454.461884	-54.676147	-75.228767	0.000000	0.000000	7.125000	145.186218	200.051605
100	589.385010	-393.894989	85.456909	-49.979012	0.000000	0.000000	7.125000	-234.827438	123.003571
101	560.170532	261.954193	65.080673	57.736473	0.000000	0.000000	7.125000	-287.131042	-239.530212
102	501.302063	-284.524658	92.047440	-50.518314	0.000000	0.000000	7.125000	-372.839081	190.345459
103	283.942993	-355.647736	83.111252	-64.167892	0.000000	0.000000	7.125000	-190.997665	164.433777
104	454.796021	489.210022	84.592285	62.200706	0.000000	0.000000	7.125000	-203.878189	-103.312767
105	-628.218201	-177.854034	-103.232285	-19.185650	0.000000	0.000000	7.125000	351.458099	68.781685
106	-361.851227	61.246845	-100.738144	15.987243	0.000000	0.000000	7.125000	205.784836	-12.248618
107	-484.579834	-226.608017	-93.099907	-33.665684	0.000000	0.000000	7.125000	266.286652	93.718811
108	652.158630	582.110229	102.486122	87.862839	0.000000	0.000000	7.125000	-242.680634	-183.623917
109	567.456665	350.860809	76.068336	53.497078	0.000000	0.000000	7.125000	-317.914673	-156.098602
110	185.591934	-376.891602	54.079357	-86.482178	0.000000	0.000000	7.125000	-115.941582	115.604286
111	-375.957581	738.502380	-63.660126	94.563164	0.000000	0.000000	7.125000	140.259705	-285.542084
112	326.539032	-490.832214	52.601612	-61.595562	0.000000	0.000000	7.125000	-182.909943	230.328140
113	183.568359	-614.067078	35.902031	-95.469620	0.000000	0.000000	7.125000	-78.184776	323.964478
114	248.946945	513.036072	47.211678	80.124786	0.000000	0.000000	7.125000	-118.682922	-182.597885
115	-380.786407	218.609833	-77.853638	38.818497	0.000000	0.000000	7.125000	155.908234	-51.458874
116	-516.955933	-532.031250	-64.410500	-75.181572	0.000000	0.000000	7.125000	202.317886	250.005096
117	-120.469093	409.976501	2.797844	104.962280	0.000000	0.000000	7.125000	-28.866947	-330.331573
118	-249.586945	-348.003113	-41.840958	-76.276672	0.000000	0.000000	7.125000	113.490913	255.208679
119	-599.673523	-306.502380	-86.274277	-74.516220	0.000000	0.000000	7.125000	212.110550	165.077484
120	-517.280396	-381.792206	-90.453934	-47.126877	0.000000	0.000000	7.125000	585.294983	203.764084
121	162.610580	-472.952179	52.892277	-80.114693	0.000000	0.000000	7.125000	-61.172569	133.358475
122	321.128510	252.060455	55.208603	55.100006	0.000000	0.000000	7.125000	-165.110001	-157.825043
123	248.207199	206.603867	45.857941	80.853073	0.000000	0.000000	7.125000	-133.563919	-124.104355
124	396.072449	47.541965	103.241905	31.697601	0.000000	0.000000	7.125000	-129.195023	-62.848335
125	69.986015	-418.421814	5.036350	-98.865845	0.000000	0.000000	7.125000	15.401759	219.988495
126	564.023132	55.436466	86.511398	41.604202	0.000000	0.000000	7.125000	-277.333527	-98.867874
127	-391.570587	300.768280	-78.238144	65.443054	0.000000	0.000000	7.125000	201.121201	-187.956955
128	325.329529	565.659912	56.214279	77.818161	0.000000	0.000000	7.125000	-227.380661	-375.254272
129	327.412872	58.374382	104.972870	2.373526	0.000000	0.000000	7.125000	-228.608612	-20.039724
130	360.706360	469.905365	46.802628	80.357597	0.000000	0.000000	7.125000	-83.671814	-245.548645
131	-331.877960	388.937744	-54.087627	64.268188	0.000000	0.000000	7.125000	163.949921	-234.274170
132	538.757446	199.977478	84.354660	31.357422	0.000000	0.000000	7.125000	-172.753448	-32.077568
133	412.116089	-242.569702	93.381836	-41.026840	0.000000	0.000000	7.125000	-217.824295	62.364044
134	723.482788	-632.986084	82.412231	-87.224953	0.000000	0.000000	7.125000	-203.552444	223.554611
135	139.627014	-633.617371	23.298069	-93.128662	0.000000	0.000000	7.125000	-57.353897	320.524658
136	-100.392456	-237.834305	-53.208664	-48.504635	0.000000	0.000000	7.125000	138.920395	117.657585
137	-264.948273	-705.787964	-59.407646	-97.296249	0.000000	0.000000	7.125000	179.288147	312.274292
138	-531.721436	489.476379	-75.240417	68.868530	0.000000	0.000000	7.125000	233.970856	-208.754898
139	372.980103	685.968628	103.621231	91.137711	0.000000	0.000000	7.125000	-579.960388	-435.501648
140	-66.389282	-328.788910	-48.956352	-96.266602	0.000000	0.000000	7.125000	93.217186	183.898849
141	-942.093689	-438.448303	-135.276077	-57.501755	0.000000	0.000000	7.125000	345.944427	98.651543
142	724.361755	-399.258026	101.613808	-51.660057	0.000000	0.000000	7.125000	-296.594666	84.163582
143	-585.778748	333.330566	-80.311783	46.888184	0.000000	0.000000	7.125000	285.951904	-117.191963
144	-456.048523	391.965393	-75.738007	63.755226	0.000000	0.000000	7.125000	219.047165	-188.663651
145	-222.779938	421.968048	-32.413391	64.290298	0.000000	0.000000	7.125000	83.599266	-233.837128
146	471.423279	-37.912552	86.557640	-8.760835	0.000000	0.000000	7.125000	-116.619873	15.588273
147	517.704651	432.519775	78.003578	70.287003	0.000000	0.000000	7.125000	-184.597672	-184.155212
148	-437.976532	-17.610828	-102.413651	23.146910	0.000000	0.000000	7.125000	176.133087	-31.533064
149	-439.244629	-358.322601	-65.609367	-65.911919	0.000000	0.000000	7.125000	258.904755	222.072983
150	326.980530	178.708878	35.391518	92.457748	0.000000	0.000000	7.125000	-70.077919	-176.604950
151	-552.509888	358.939026	-64.621017	66.876717	0.000000	0.000000	7.125000	179.737274	-230.962875
152	-564.861389	-74.750519	-81.408890	-20.702425	0.000000	0.000000	7.125000	257.886871	66.401886
153	606.462769	-509.126587	89.072777	-66.234589	0.000000	0.000000	7.125000	-239.361984	194.056671
154	-463.556030	369.947571	-69.720474	70.285507	0.000000	0.000000	7.125000	172.691132	-185.823883
155	578.664307	225.636246	96.651405	32.579208	0.000000	0.000000	7.125000	-320.332825	-60.504631
156	-414.610260	606.526978	-67.794441	67.969910	0.000000	0.000000	7.125000	144.735519	-163.583923
157	609.517334	-595.258362	78.695023	-78.282074	0.000000	0.000000	7.125000	-222.389160	231.281952
158	-437.157227	702.111145	-65.282120	89.768433	0.000000	0.000000	7.125000	276.920898	-523.171082
159	565.987671	-246.251129	97.037430	-53.892754	0.000000	0.000000	7.125000	-437.227814	268.033722
160	412.688019	-502.116943	57.831066	-80.351028	0.000000	0.000000	7.125000	-142.628738	229.379974
161	-385.692963	-147.856781	-86.905952	4.038833	0.000000	0.000000	7.125000	192.680862	-4.637148
162	179.483109	512.479614	18.773924	75.704803	0.000000	0.000000	7.125000	-35.199196	-264.418335
163	-379.436401	591.737427	-67.474724	84.327477	0.000000	0.000000	7.125000	155.505814	-189.037125
164	160.045563	-317.232269	55.411396	-89.183411	0.000000	0.000000	7.125000	-39.051929	134.313705
165	410.241058	-338.073975	60.172920	-49.630383	0.000000	0.000000	7.125000	-193.978088	169.950623
166	-383.584229	-454.404968	-51.969231	-65.993401	0.000000	0.000000	7.125000	175.842041	225.127182
167	-476.799225	-278.063232	-67.082657	-45.396290	0.000000	0.000000	7.125000	263.468109	137.088867
168	-108.028717	-450.055115	-9.490873	-68.343475	0.000000	0.000000	7.125000	20.598375	260.200531
169	-163.424866	139.105972	-79.907036	81.276794	0.000000	0.000000	7.125000	211.437332	-115.489868
170	322.124237	-370.242615	74.343765	-69.834862	0.000000	0.000000	7.125000	-103.104500	122.514786
171	-108.312210	462.401001	-40.194893	73.754951	0.000000	0.000000	7.125000	98.964722	-248.453812
172	-471.682739	-387.242249	-68.053467	-54.199417	0.000000	0.000000	7.125000	228.830460	165.684219
173	534.737671	-95.773613	84.958511	-29.665291	0.000000	0.000000	7.125000	-253.041595	43.460373
174	-306.828003	237.702744	-54.782654	46.721092	0.000000	0.000000	7.125000	196.152588	-195.290375
175	131.135239	458.885742	23.119850	68.181908	0.000000	0.000000	7.125000	-32.368813	-227.206879
176	699.957581	549.728027	99.114944	87.176643	0.000000	0.000000	7.125000	-251.459793	-207.433395
177	-94.991539	-90.495270	-63.428429	54.829315	0.000000	0.000000	7.125000	58.910362	-31.392029
178	409.480255	241.541016	80.333923	52.559074	0.000000	0.000000	7.125000	-145.678802	-114.818962
179	-220.918976	-155.530930	-87.815521	-38.786907	0.000000	0.000000	7.125000	9.996770	6.060282
180	-403.893921	-391.256897	-73.571609	-51.838387	0.000000	0.000000	7.125000	388.644836	250.340836
181	-35.260651	-411.986572	35.465988	-95.632927	0.000000	0.000000	7.125000	-89.231552	175.744461
182	-378.557007	213.710785	-100.088684	54.565292	0.000000	0.000000	7.125000	188.044937	-75.089188
183	107.832977	201.961349	-19.147812	81.784210	0.000000	0.000000	7.125000	23.271997	-163.589691
184	44.373154	287.828186	44.680378	101.605705	0.000000	0.000000	7.125000	-98.977867	-179.969437
185	-189.617462	-330.840759	-95.640572	-90.976181	0.000000	0.000000	7.125000	176.877304	169.732269
186	-482.409790	153.098267	-85.918739	35.583038	0.000000	0.000000	7.125000	631.928406	-138.997772
187	-481.132782	-474.766541	-85.399574	-84.302162	0.000000	0.000000	7.125000	238.471527	206.523666
188	369.305664	-343.051422	57.191490	-48.519409	0.000000	0.000000	7.125000	-214.327118	189.098999
189	117.252510	-656.195801	21.784000	-105.778694	0.000000	0.000000	7.125000	-39.274002	232.589157
190	363.819275	-417.124969	69.398911	-47.325054	0.000000	0.000000	7.125000	-238.051727	128.609955
191	-397.380646	217.034515	-66.149902	46.742504	0.000000	0.000000	7.125000	185.531937	-110.614220
192	-549.764038	-177.167297	-83.516907	8.964156	0.000000	0.000000	7.125000	250.571213	2.836681
193	-327.367950	546.903564	-35.211761	98.914734	0.000000	0.000000	7.125000	155.364075	-646.510986
194	-419.436707	213.219391	-95.645653	67.371490	0.000000	0.000000	7.125000	177.483871	-97.968338
195	-146.073380	-278.509918	-74.074623	-56.215271	0.000000	0.000000	7.125000	111.738640	60.945503
196	382.108429	402.115967	54.333725	64.059906	0.000000	0.000000	7.125000	-193.025726	-304.730347
197	189.635895	-549.011658	46.999172	-90.526436	0.000000	0.000000	7.125000	-102.915512	227.165466
198	19.532146	-503.776917	16.678772	-79.260323	0.000000	0.000000	7.125000	-32.244133	255.801987
199	606.214111	-379.842865	95.471542	-72.698349	0.000000	0.000000	7.125000	-252.396378	201.315155
200	604.747559	-348.709747	101.597023	-58.024040	0.000000	0.000000	7.125000	-302.530701	160.775192
201	125.456955	455.613983	18.255999	88.127899	0.000000	0.000000	7.125000	-43.140205	-298.929047
202	534.821838	237.658936	72.157135	48.598297	0.000000	0.000000	7.125000	-260.266388	-127.539009
203	-387.604797	415.417084	-62.394730	76.859703	0.000000	0.000000	7.125000	159.414200	-239.766663
204	500.721313	203.447418	73.723495	40.248726	0.000000	0.000000	7.125000	-259.253998	-80.211990
205	-587.300049	221.469818	-81.122696	56.740547	0.000000	0.000000	7.125000	110.658424	-68.694145
206	474.018860	-416.218445	68.361015	-53.811790	0.000000	0.000000	7.125000	-215.006516	160.439606
207	130.450653	-640.609070	27.252947	-92.048637	0.000000	0.000000	7.125000	-58.336945	285.956696
208	99.056473	540.367737	34.780876	99.066940	0.000000	0.000000	7.125000	-78.955162	-307.285431
209	-660.414185	473.976013	-78.464165	74.210556	0.000000	0.000000	7.125000	286.797455	-232.621796
210	139.468781	-36.675331	74.163712	-50.814934	0.000000	0.000000	7.125000	-142.672607	15.832631
211	-203.614716	-26.320997	-98.520798	9.700611	0.000000	0.000000	7.125000	207.697968	-5.719638
212	-365.864685	-732.363770	-28.730343	-110.318542	0.000000	0.000000	7.125000	16.741943	320.437439
213	218.501984	608.445618	45.863853	110.884552	0.000000	0.000000	7.125000	-94.278801	-328.936920
214	-470.091187	94.193848	-94.014267	19.395527	0.000000	0.000000	7.125000	159.911804	22.285416
215	-424.217529	-565.751587	-54.435902	-75.400108	0.000000	0.000000	7.125000	145.109421	271.756989
216	236.939682	271.433167	82.269958	60.293358	0.000000	0.000000	7.125000	-234.064346	-133.727966
217	636.194702	301.034546	86.538200	53.982883	0.000000	0.000000	7.125000	-278.919647	-116.991692
218	165.855423	-345.072205	15.396652	-73.402611	0.000000	0.000000	7.125000	-18.194967	259.682831
219	335.364227	-14.296880	119.717133	8.231846	0.000000	0.000000	7.125000	-177.328995	-23.967487
220	487.426666	209.373688	84.738098	51.180183	0.000000	0.000000	7.125000	-226.371887	-91.553200
221	-350.591949	340.395905	-41.352947	99.769348	0.000000	0.000000	7.125000	76.254456	-229.752060
222	285.461334	556.361389	58.858177	75.839142	0.000000	0.000000	7.125000	-174.366898	-276.852997
223	563.343140	-115.128738	101.743988	7.221433	0.000000	0.000000	7.125000	-384.386627	-23.048872
224	484.773315	523.084412	64.946785	74.718193	0.000000	0.000000	7.125000	-222.601944	-287.222656
225	-82.452881	-140.509171	-44.562317	108.172470	0.000000	0.000000	7.125000	49.085285	-88.740128
226	-116.862152	216.531143	-18.678761	63.301414	0.000000	0.000000	7.125000	30.175888	-174.491165
227	-573.305786	260.777588	-76.421288	47.525311	0.000000	0.000000	7.125000	411.170746	-164.902939
228	214.336243	161.882111	69.185272	52.747780	0.000000	0.000000	7.125000	-153.681595	-109.932892
229	166.870087	505.064514	40.913757	86.838783	0.000000	0.000000	7.125000	-86.535126	-264.844177
230	-357.864960	466.597778	-38.081074	94.622063	0.000000	0.000000	7.125000	64.093750	-235.225647
231	-655.699158	-547.144653	-96.019241	-61.441498	0.000000	0.000000	7.125000	285.839172	125.157135
232	70.690224	-784.302917	30.728764	-103.535049	0.000000	0.000000	7.125000	-78.707962	336.558838
233	628.976379	-482.120453	97.019791	-53.922165	0.000000	0.000000	7.125000	-433.654694	228.658920
234	-520.269409	76.765541	-97.934219	58.348953	0.000000	0.000000	7.125000	206.955505	-71.926643
235	205.371185	-664.244324	44.591434	-85.012260	0.000000	0.000000	7.125000	-64.633606	161.799606
236	-114.714554	-722.069824	-11.549883	-101.341797	0.000000	0.000000	7.125000	20.100801	314.541260
237	462.111481	-229.825989	74.735886	-31.233582	0.000000	0.000000	7.125000	-193.946762	61.088634
238	-568.419800	395.400360	-76.804504	67.117699	0.000000	0.000000	7.125000	231.108124	-158.159973
239	417.759338	402.305939	47.442680	65.650940	0.000000	0.000000	7.125000	-112.731392	-200.819366
240	464.146667	-384.749634	101.796043	-44.249741	0.000000	0.000000	7.125000	-173.417648	57.887516
241	-24.049500	-299.979004	15.960337	-121.937820	0.000000	0.000000	7.125000	18.195305	165.949066
242	-508.993225	-69.311256	-95.203598	27.152830	0.000000	0.000000	7.125000	345.379639	-98.257942
243	-528.668213	699.037354	-76.192581	88.786736	0.000000	0.000000	7.125000	131.031067	-209.949066
244	-414.459900	554.257996	-49.784306	109.171440	0.000000	0.000000	7.125000	10.499044	-205.865585
245	752.968384	285.594879	108.434265	43.921093	0.000000	0.000000	7.125000	-311.462616	-117.633644
246	217.800171	796.766602	45.841072	120.572891	0.000000	0.000000	7.125000	-75.720726	-312.637207
247	474.404236	-290.748199	92.085098	-36.301682	0.000000	0.000000	7.125000	-245.620178	41.703686
248	572.779541	291.135254	71.912514	54.113445	0.000000	0.000000	7.125000	-247.570847	-144.565323
249	74.750366	-534.994385	20.563782	-118.217163	0.000000	0.000000	7.125000	-12.632633	306.808807
250	64.358910	-283.373322	36.670204	-91.957748	0.000000	0.000000	7.125000	-67.607956	186.301300
251	-311.878540	-520.974854	-46.890095	-76.814644	0.000000	0.000000	7.125000	103.593277	263.591125
252	-38.845451	-451.916290	-24.352165	-74.097458	0.000000	0.000000	7.125000	42.974720	203.713287
253	-389.871002	-91.028908	-128.458801	-58.121994	0.000000	0.000000	7.125000	222.206924	80.057877
254	-574.075378	-390.252502	-82.742798	-54.350487	0.000000	0.000000	7.125000	386.387817	174.910583
255	-194.495621	615.450989	-25.681038	117.215401	0.000000	0.000000	7.125000	69.856789	-330.166016
256	112.330292	475.810638	3.957439	80.903076	0.000000	0.000000	7.125000	-17.050074	-327.831604
257	-337.247955	108.056549	-73.236511	46.961170	0.000000	0.000000	7.125000	166.815155	-88.943489
258	-31.421852	-203.048981	17.336657	-91.369713	0.000000	0.000000	7.125000	-13.166620	151.787582
259	158.193710	423.168915	35.649185	82.637589	0.000000	0.000000	7.125000	-61.794315	-202.555374
260	-457.190491	92.852180	-79.047707	28.412672	0.000000	0.000000	7.125000	167.736160	-47.214725
261	227.864136	364.307709	38.482983	116.824554	0.000000	0.000000	7.125000	-63.129547	-208.889084
262	102.932335	16.748564	118.727409	-17.379576	0.000000	0.000000	7.125000	-170.825516	16.712910
263	-534.469666	103.154953	-81.755661	29.748940	0.000000	0.000000	7.125000	139.179108	-45.946064
264	-203.368469	109.223946	-52.868404	69.092102	0.000000	0.000000	7.125000	72.444641	-88.234413
265	400.666473	439.260742	54.184456	82.854805	0.000000	0.000000	7.125000	-109.334969	-181.478256
266	610.866516	429.704254	68.017899	67.746323	0.000000	0.000000	7.125000	-201.501007	-199.326462
267	585.941589	-12.989908	98.616730	-26.036615	0.000000	0.000000	7.125000	-187.347412	8.658270
268	-520.054321	-307.133453	-76.771042	-40.928936	0.000000	0.000000	7.125000	195.373962	125.940567
269	369.724213	-448.759674	71.669357	-76.736198	0.000000	0.000000	7.125000	-231.881744	320.998169
270	-124.199829	-548.489502	-0.834239	-107.983650	0.000000	0.000000	7.125000	50.526623	271.919067
271	-583.399963	-657.612610	-69.838875	-86.274292	0.000000	0.000000	7.125000	181.174561	264.493744
272	-477.333160	-260.850037	-76.354874	-35.012421	0.000000	0.000000	7.125000	169.536072	70.719719
273	198.334885	439.487061	93.127945	84.836517	0.000000	0.000000	7.125000	-228.813034	-144.569855
274	91.678253	-94.424309	73.814880	-65.905830	0.000000	0.000000	7.125000	-135.512329	35.993401
275	-28.745523	212.790939	34.803490	92.680702	0.000000	0.000000	7.125000	-95.391891	-198.874268
276	-449.089630	-368.024658	-64.938370	-43.208744	0.000000	0.000000	7.125000	180.288742	107.077026
277	45.294914	31.853275	10.161305	107.519852	0.000000	0.000000	7.125000	-16.760782	-121.161804
278	128.342194	175.912918	56.184063	49.675972	0.000000	0.000000	7.125000	-120.201088	-87.586823
279	-246.821228	-622.713257	-33.778057	-83.412994	0.000000	0.000000	7.125000	63.061424	263.704132
280	-268.321930	-387.549225	-24.588932	-64.464455	0.000000	0.000000	7.125000	33.877228	223.264252
281	405.081696	-220.980164	81.547165	-30.296097	0.000000	0.000000	7.125000	-294.936401	48.712814
282	-668.154175	550.886597	-86.906754	82.747681	0.000000	0.000000	7.125000	171.385757	-155.045364
283	214.531265	-387.158630	51.040512	-74.126488	0.000000	0.000000	7.125000	-165.922440	227.391876
284	-445.786957	-11.054516	-92.992989	1.018712	0.000000	0.000000	7.125000	230.575104	28.339121
285	-157.379395	199.923599	-47.991707	93.389191	0.000000	0.000000	7.125000	68.767052	-222.152878
286	199.543793	4.473217	83.994843	-0.689245	0.000000	0.000000	7.125000	-155.484299	-0.211064
287	312.696960	291.508698	47.822460	72.677383	0.000000	0.000000	7.125000	-151.547089	-227.874664
288	337.890533	-91.669838	91.650986	-15.774303	0.000000	0.000000	7.125000	-227.102158	13.690281
289	81.640190	-183.801193	90.723984	-38.800892	0.000000	0.000000	7.125000	-96.418182	-28.207756
290	282.965332	-436.698151	58.657238	-68.256844	0.000000	0.000000	7.125000	-153.614578	193.037384
291	-387.910583	564.855347	-79.578827	89.813675	0.000000	0.000000	7.125000	87.531754	-128.543900
292	-285.568573	228.587448	-55.787560	66.758698	0.000000	0.000000	7.125000	126.013474	-121.662880
293	-19.754784	537.123413	-0.587999	89.997986	0.000000	0.000000	7.125000	-12.390426	-319.926880
294	-173.149445	466.772278	-42.416031	89.447983	0.000000	0.000000	7.125000	56.997250	-187.673248
295	647.684448	255.543869	103.518829	40.052647	0.000000	0.000000	7.125000	-279.102173	-23.307789
296	429.159729	324.291229	50.433277	59.500134	0.000000	0.000000	7.125000	-158.582779	-242.367233
297	-285.165985	300.682007	-43.897118	40.901997	0.000000	0.000000	7.125000	193.951462	-143.807907
298	603.076050	269.446411	88.621796	56.293144	0.000000	0.000000	7.125000	-353.926178	-123.840500
299	-382.150879	-550.961426	-54.927391	-71.293900	0.000000	0.000000	7.125000	141.570145	251.530502
300	-454.744568	91.812851	-94.844749	14.798393	0.000000	0.000000	7.125000	479.338989	79.569710
301	318.045532	522.796021	49.856079	82.033813	0.000000	0.000000	7.125000	-206.870422	-506.514465
302	-613.905029	86.585793	-110.965012	2.538553	0.000000	0.000000	7.125000	231.951523	14.247973
303	456.161133	559.808044	68.135612	83.793488	0.000000	0.000000	7.125000	-178.742432	-220.067444
304	566.537231	7.722390	97.781860	-29.026796	0.000000	0.000000	7.125000	-656.537659	137.058075
305	-327.731018	493.799500	-59.631638	114.366409	0.000000	0.000000	7.125000	129.860657	-337.886200
306	-74.716957	161.023010	22.957790	138.395645	0.000000	0.000000	7.125000	-77.202026	-21.298161
307	8.215048	398.100250	26.443123	82.883041	0.000000	0.000000	7.125000	-59.270069	-207.447800
308	-202.138489	-524.176147	-51.431850	-91.537537	0.000000	0.000000	7.125000	89.974289	230.418884
309	406.649048	239.950317	96.880737	40.478043	0.000000	0.000000	7.125000	-232.062073	-55.577766
310	686.068359	578.797485	98.452522	73.728798	0.000000	0.000000	7.125000	-244.921127	-185.628906
311	-317.638489	341.246826	-46.492767	69.959732	0.000000	0.000000	7.125000	85.747269	-146.509705
312	362.080292	-78.409782	85.098328	-56.231773	0.000000	0.000000	7.125000	-201.898972	105.020721
313	311.998413	82.153137	106.781403	39.897911	0.000000	0.000000	7.125000	-156.520615	-76.748962
314	-343.311920	380.977875	-61.432667	52.791607	0.000000	0.000000	7.125000	221.900375	-168.702682
315	191.091263	-498.844849	68.012314	-98.861931	0.000000	0.000000	7.125000	-141.775681	194.779846
316	-177.316589	-146.907333	-79.855064	-81.301117	0.000000	0.000000	7.125000	98.169846	46.401512
317	-318.153870	-192.894379	-109.838898	-16.012981	0.000000	0.000000	7.125000	249.508606	37.446232
318	474.400726	-594.161743	70.174286	-74.023331	0.000000	0.000000	7.125000	-227.655670	287.166443
319	-425.855713	735.429260	-48.260727	122.854248	0.000000	0.000000	7.125000	67.436150	-360.588257
320	-160.885712	303.102051	-36.919174	88.615868	0.000000	0.000000	7.125000	77.594864	-165.628769
321	308.696289	650.932190	31.969997	93.689720	0.000000	0.000000	7.125000	-53.808655	-269.322906
322	-515.892456	-490.962311	-79.388184	-81.813889	0.000000	0.000000	7.125000	140.089920	131.709412
323	459.452820	193.613754	98.314560	11.621456	0.000000	0.000000	7.125000	-166.624115	-44.206913
324	-263.821350	-3.851368	-109.041534	33.255726	0.000000	0.000000	7.125000	163.576553	-48.450485
325	-428.862122	-404.602020	-86.189507	-65.078171	0.000000	0.000000	7.125000	187.879242	120.144341
326	-149.168549	-104.212799	-115.973022	-15.466989	0.000000	0.000000	7.125000	245.211731	22.915800
327	-689.626892	-482.583740	-86.626297	-74.105942	0.000000	0.000000	7.125000	198.266083	148.474442
328	807.931641	398.834198	115.243683	75.893387	0.000000	0.000000	7.125000	-279.566589	-65.694672
329	33.082561	599.389282	32.427185	87.157768	0.000000	0.000000	7.125000	-60.531742	-243.417587
330	253.834000	-377.626892	46.098557	-107.533752	0.000000	0.000000	7.125000	-93.131912	171.603958
331	-246.900085	-580.624634	-45.372612	-74.226822	0.000000	0.000000	7.125000	103.414536	267.622040
332	310.371521	-28.669399	103.030975	-32.381096	0.000000	0.000000	7.125000	-187.933289	44.907532
333	54.888962	93.685471	-16.136421	67.086494	0.000000	0.000000	7.125000	19.058334	-133.735672
334	133.250275	394.256866	-2.879471	86.951263	0.000000	0.000000	7.125000	10.105786	-232.428726
335	126.593201	681.378967	0.841572	116.996811	0.000000	0.000000	7.125000	45.204819	-348.441986
336	110.337646	-366.462494	3.316295	-86.928406	0.000000	0.000000	7.125000	45.552963	280.234589
337	483.748047	390.780518	68.909676	57.891495	0.000000	0.000000	7.125000	-240.902191	-190.099564
338	-119.547409	80.885376	-86.064224	60.117760	0.000000	0.000000	7.125000	154.658340	-61.170059
339	-241.333694	361.462799	-56.315674	70.202209	0.000000	0.000000	7.125000	132.724197	-135.150681
340	-678.524597	-39.590538	-116.326057	-12.539335	0.000000	0.000000	7.125000	281.761658	33.879856
341	500.502319	56.613838	74.765625	-5.913076	0.000000	0.000000	7.125000	-272.289398	9.846624
342	434.224792	491.692474	57.990192	64.854523	0.000000	0.000000	7.125000	-163.125229	-184.741058
343	28.074228	363.427185	12.857534	98.159424	0.000000	0.000000	7.125000	-46.521912	-191.901001
344	328.509430	-371.742554	53.092571	-79.982346	0.000000	0.000000	7.125000	-125.420235	191.397064
345	160.518951	-278.110138	56.740570	-69.839630	0.000000	0.000000	7.125000	-155.943985	103.623360
346	42.588940	522.460205	-8.006137	95.665474	0.000000	0.000000	7.125000	13.979415	-243.034088
347	-206.333374	-359.030853	-41.654026	-72.942642	0.000000	0.000000	7.125000	94.316795	234.113602
348	-254.768372	384.490326	-53.053169	68.951378	0.000000	0.000000	7.125000	143.485977	-182.459610
349	236.927185	336.608978	64.946243	62.305019	0.000000	0.000000	7.125000	-117.435326	-139.546463
350	265.605164	-369.097656	53.770683	-110.593063	0.000000	0.000000	7.125000	-93.713943	106.674156
351	361.298645	-610.263550	46.397129	-97.525284	0.000000	0.000000	7.125000	-93.274841	243.784561
352	-74.663994	-34.703598	-87.059204	22.818714	0.000000	0.000000	7.125000	96.629463	-41.732597
353	386.444397	404.596100	57.982422	52.172920	0.000000	0.000000	7.125000	-181.855392	-168.908859
354	-579.968384	-444.651276	-84.109848	-62.852421	0.000000	0.000000	7.125000	236.479065	162.311234
355	109.832695	-475.601929	35.046165	-105.312523	0.000000	0.000000	7.125000	-103.614227	225.034119
356	322.042328	150.668732	94.290825	52.657486	0.000000	0.000000	7.125000	-206.129364	-150.848236
357	190.472778	3.310045	84.534454	45.486885	0.000000	0.000000	7.125000	-223.835220	-160.983322
358	136.249542	-415.843872	20.969761	-90.597145	0.000000	0.000000	7.125000	-31.242788	210.306229
359	-224.398087	-156.094284	-50.176727	-71.071739	0.000000	0.000000	7.125000	90.287758	102.864830
360	-33.696404	-552.677917	-18.716785	-78.806931	0.000000	0.000000	7.125000	24.816694	189.412460
361	162.403717	528.729004	24.890511	102.006409	0.000000	0.000000	7.125000	-89.081444	-325.051697
362	517.020691	520.620239	68.586151	75.497612	0.000000	0.000000	7.125000	-181.664581	-176.228333
363	-596.075439	-410.230896	-84.613945	-62.169174	0.000000	0.000000	7.125000	285.862305	169.322968
364	272.876526	415.897247	43.638065	78.711914	0.000000	0.000000	7.125000	-122.885292	-194.391144
365	471.550537	-259.297028	78.761932	-43.545456	0.000000	0.000000	7.125000	-283.237061	125.071335
366	-648.030640	294.157776	-121.862503	32.009270	0.000000	0.000000	7.125000	413.615082	-35.237324
367	-3.837068	-158.899979	-86.403076	34.384075	0.000000	0.000000	7.125000	134.985947	-52.384377
368	-749.281128	-262.121582	-109.652771	-67.947174	0.000000	0.000000	7.125000	301.225739	166.521774
369	-119.903091	-373.153076	-25.428379	-73.737122	0.000000	0.000000	7.125000	64.690018	221.344894
370	-42.920837	461.636719	-7.214107	71.637375	0.000000	0.000000	7.125000	31.653336	-255.634628
371	18.375023	-567.779175	-20.403255	-90.733795	0.000000	0.000000	7.125000	85.908180	425.417297
372	181.283829	-757.768066	20.435301	-124.325500	0.000000	0.000000	7.125000	-57.652416	218.760101
373	330.977936	-404.532562	45.961151	-87.683777	0.000000	0.000000	7.125000	-115.695618	271.672943
374	-175.149368	-527.851624	-40.725563	-83.608116	0.000000	0.000000	7.125000	95.402786	265.785583
375	41.232811	208.331512	-41.962555	89.656555	0.000000	0.000000	7.125000	93.048729	-132.255981
376	-558.084595	-544.675049	-68.026794	-71.925850	0.000000	0.000000	7.125000	194.245590	213.898911
377	-26.030373	454.016602	0.646868	86.997597	0.000000	0.000000	7.125000	-28.842234	-95.095566
378	627.090759	-29.400692	98.863098	5.204504	0.000000	0.000000	7.125000	-309.613342	-18.064831
379	-561.457825	195.665344	-85.840607	14.150093	0.000000	0.000000	7.125000	305.285126	-25.832127
380	-231.804794	658.465454	-37.009270	101.460403	0.000000	0.000000	7.125000	58.167332	-203.227219
381	470.513611	-81.767303	82.606987	-15.233538	0.000000	0.000000	7.125000	-147.809204	8.968770
382	127.276543	-344.821350	18.885406	-81.849503	0.000000	0.000000	7.125000	-4.819851	191.883911
383	526.149048	209.251831	87.460587	31.551962	0.000000	0.000000	7.125000	-383.941620	-53.079342
384	36.303360	-154.331573	-16.495579	-115.816208	0.000000	0.000000	7.125000	4.103592	119.875565
385	405.646149	556.999695	62.551182	68.820801	0.000000	0.000000	7.125000	-190.580521	-194.653015
386	-183.007446	-300.784790	-65.209518	-104.289909	0.000000	0.000000	7.125000	125.727943	225.802765
387	-532.071167	501.717041	-71.115875	68.872543	0.000000	0.000000	7.125000	155.091217	-159.707718
388	-78.347168	269.585846	-49.730049	89.054871	0.000000	0.000000	7.125000	61.586346	-111.131805
389	-497.890381	220.052887	-73.034103	27.386105	0.000000	0.000000	7.125000	169.170242	-70.515533
390	396.985077	196.787415	98.405449	10.830875	0.000000	0.000000	7.125000	-262.597504	-49.971004
391	-307.843292	466.260986	-51.362099	77.528366	0.000000	0.000000	7.125000	104.066925	-186.041702
392	106.655678	299.752350	9.342105	65.335129	0.000000	0.000000	7.125000	-37.802162	-169.971466
393	501.723633	-43.025063	96.049179	-23.964664	0.000000	0.000000	7.125000	-198.842545	42.020649
394	-174.180725	293.407135	-55.796326	74.400543	0.000000	0.000000	7.125000	119.310074	-166.663055
395	-567.897461	118.863205	-79.795227	26.237133	0.000000	0.000000	7.125000	309.829498	-48.428497
396	316.358643	424.564819	39.416012	77.557632	0.000000	0.000000	7.125000	-146.895554	-249.770218
397	-417.779602	-136.611786	-66.697647	-40.437229	0.000000	0.000000	7.125000	276.310883	134.582367
398	-396.116760	-385.640961	-56.754322	-57.792187	0.000000	0.000000	7.125000	186.728882	191.831879
399	515.164185	10.980970	82.939995	13.298733	0.000000	0.000000	7.125000	-286.679565	-40.481537
400	-41.697334	337.527222	-10.032310	95.474319	0.000000	0.000000	7.125000	36.787159	-259.488953
401	18.528122	561.262024	1.560360	104.988304	0.000000	0.000000	7.125000	-13.202546	-270.484344
402	-680.762085	75.908096	-122.466965	11.346666	0.000000	0.000000	7.125000	262.933258	11.924047
403	416.315765	65.401360	86.901550	4.063266	0.000000	0.000000	7.125000	-149.636993	-27.389212
404	-245.308365	345.658417	-34.645527	56.172932	0.000000	0.000000	7.125000	87.476044	-221.375702
405	-359.809448	-462.002991	-45.780861	-66.818420	0.000000	0.000000	7.125000	115.905556	249.269699
406	-220.032944	-27.645483	-110.165634	-47.575989	0.000000	0.000000	7.125000	110.356590	40.770237
407	410.639557	622.238464	57.913879	87.580528	0.000000	0.000000	7.125000	-79.338844	-228.087158
408	-414.513794	6.068790	-83.990616	-1.222325	0.000000	0.000000	7.125000	200.896011	17.094307
409	-238.925385	28.339222	-43.147072	45.900303	0.000000	0.000000	7.125000	41.813992	-50.930645
410	-465.725647	23.498154	-87.674980	-20.324062	0.000000	0.000000	7.125000	250.631897	66.640251
411	-302.751251	401.491241	-38.031296	64.639282	0.000000	0.000000	7.125000	84.134331	-222.484695
412	-151.739258	-260.160187	-66.069580	-51.872242	0.000000	0.000000	7.125000	174.020737	120.813889
413	-593.258057	-47.836807	-105.948425	-33.088970	0.000000	0.000000	7.125000	190.461090	70.702049
414	-142.653259	-553.937317	-14.754538	-85.739166	0.000000	0.000000	7.125000	24.094934	227.504700
415	755.337280	560.219543	94.378967	78.874840	0.000000	0.000000	7.125000	-221.309830	-160.936417
416	652.425476	-109.067207	98.840210	-5.600766	0.000000	0.000000	7.125000	-317.816467	-1.666843
417	261.089966	-427.485992	33.814896	-63.562569	0.000000	0.000000	7.125000	-132.062485	289.216888
418	-689.993286	67.959915	-101.817635	6.093050	0.000000	0.000000	7.125000	330.321472	-27.783213
419	33.018139	-274.100220	31.133059	-103.409966	0.000000	0.000000	7.125000	-32.729000	186.475800
420	55.862442	526.221924	-32.823292	93.395195	0.000000	0.000000	7.125000	43.691559	-162.999084
421	-288.972168	432.997223	-50.830879	77.876389	0.000000	0.000000	7.125000	97.192116	-214.486008
422	-289.794952	-509.479370	-54.968933	-75.015320	0.000000	0.000000	7.125000	111.772392	188.766159
423	547.396729	-96.008461	119.190140	-13.894287	0.000000	0.000000	7.125000	-230.174545	-20.619932
424	222.551270	-514.839844	26.264849	-92.336647	0.000000	0.000000	7.125000	-60.444004	191.831573
425	-622.622131	464.622223	-86.189377	59.963169	0.000000	0.000000	7.125000	269.669586	-117.628822
426	145.918152	-176.712036	48.298882	-65.009613	0.000000	0.000000	7.125000	-141.025909	110.593468
427	387.253815	476.868042	38.566803	77.981064	0.000000	0.000000	7.125000	-73.133713	-202.560760
428	280.797424	503.475464	33.465168	80.305649	0.000000	0.000000	7.125000	-79.950562	-242.387650
429	-77.821136	-507.618774	-35.389915	-92.452652	0.000000	0.000000	7.125000	68.728752	331.781036
430	670.716309	-95.622177	89.547256	-34.595398	0.000000	0.000000	7.125000	-287.485443	81.154297
431	495.923096	440.097656	68.768173	58.058338	0.000000	0.000000	7.125000	-258.848785	-179.860275
432	336.726685	165.376923	58.966084	46.343704	0.000000	0.000000	7.125000	-145.883118	-102.072296
433	392.926025	258.056152	56.417500	34.243355	0.000000	0.000000	7.125000	-231.369476	-88.971916
434	-260.490356	149.067612	-88.455902	16.586115	0.000000	0.000000	7.125000	157.836624	9.803779
435	-365.253510	231.990265	-67.282135	25.629063	0.000000	0.000000	7.125000	263.511414	-97.750763
436	-316.086670	-291.262390	-80.972122	-56.958778	0.000000	0.000000	7.125000	174.365051	102.086716
437	-111.069679	-57.481125	9.153623	-86.111908	0.000000	0.000000	7.125000	-28.385796	24.577030
438	-131.052673	-232.966736	-27.685118	-85.635948	0.000000	0.000000	7.125000	70.524101	187.886551
439	524.808289	-624.528320	70.439255	-77.864464	0.000000	0.000000	7.125000	-172.967697	242.780151
440	59.573200	-562.677246	-2.201611	-83.971024	0.000000	0.000000	7.125000	-1.167003	298.833496
441	366.047913	-271.914581	46.862286	-54.661060	0.000000	0.000000	7.125000	-257.418945	317.728882
442	-299.435669	69.653175	-84.135056	22.119617	0.000000	0.000000	7.125000	139.287476	-14.932917
443	-561.337036	530.207275	-66.915894	72.960693	0.000000	0.000000	7.125000	224.120468	-262.953949
444	-97.525391	-154.156708	-55.386963	-89.189484	0.000000	0.000000	7.125000	-1.305607	55.969135
445	-714.803223	-145.774185	-115.207092	-20.401043	0.000000	0.000000	7.125000	360.287811	60.981094
446	205.214996	-529.031067	35.550388	-76.103172	0.000000	0.000000	7.125000	-49.059856	192.099136
447	-180.895096	23.484350	-77.944374	-2.942237	0.000000	0.000000	7.125000	119.791191	2.173093
448	346.821747	-138.356445	72.758919	-47.696651	0.000000	0.000000	7.125000	-142.050049	73.021255
449	-287.779724	-577.484131	-40.267586	-90.437119	0.000000	0.000000	7.125000	89.764526	428.489899
450	546.329407	-130.091751	106.098312	-41.654415	0.000000	0.000000	7.125000	-241.191299	55.752735
451	146.639999	-275.799377	32.732849	-57.311089	0.000000	0.000000	7.125000	-107.289291	185.913422
452	211.378021	-373.011536	50.629173	-78.003204	0.000000	0.000000	7.125000	-103.889793	175.437378
453	69.377495	-494.946228	27.272423	-85.768341	0.000000	0.000000	7.125000	-68.576492	236.658722
454	-6.416303	137.643829	-6.288440	95.732529	0.000000	0.000000	7.125000	-15.872863	-75.563988
455	-515.813721	609.215088	-66.984024	92.237854	0.000000	0.000000	7.125000	142.783279	-287.137695
456	36.639786	706.902710	14.972807	116.037979	0.000000	0.000000	7.125000	-38.938511	-344.395935
457	-708.835693	697.411865	-95.973961	90.625191	0.000000	0.000000	7.125000	264.255798	-268.833679
458	76.035721	-432.939087	5.414860	-95.834145	0.000000	0.000000	7.125000	12.932224	243.369873
459	369.923035	499.157318	50.926014	66.801437	0.000000	0.000000	7.125000	-163.994049	-270.526672
460	193.741135	565.788025	16.189476	106.779678	0.000000	0.000000	7.125000	-56.080982	-356.294586
461	-353.212341	-228.358948	-48.683556	-96.395279	0.000000	0.000000	7.125000	77.875252	253.996475
462	582.714355	369.466034	87.429016	39.645493	0.000000	0.000000	7.125000	-245.408325	-89.057098
463	370.728333	297.364197	66.511284	65.001663	0.000000	0.000000	7.125000	-161.000961	-154.513947
464	-550.352722	-566.636047	-76.030388	-72.418091	0.000000	0.000000	7.125000	208.169571	187.858826
465	350.107239	615.148987	57.633789	76.774628	0.000000	0.000000	7.125000	-135.178207	-163.563400
466	-31.931641	43.914185	-92.995255	0.929905	0.000000	0.000000	7.125000	84.149750	-5.220170
467	-543.599731	-432.129211	-70.968567	-60.100159	0.000000	0.000000	7.125000	261.100403	186.081665
468	314.899048	288.780334	89.055832	66.244514	0.000000	0.000000	7.125000	-198.877090	-105.598549
469	-357.747253	-389.516846	-63.960258	-71.589668	0.000000	0.000000	7.125000	178.816177	201.067810
470	-493.734070	-123.408539	-99.292725	-42.481777	0.000000	0.000000	7.125000	217.548950	62.946934
471	-393.544434	360.896698	-77.015671	66.877029	0.000000	0.000000	7.125000	236.463654	-196.913361
472	-239.656586	-307.482483	-58.407761	-87.252731	0.000000	0.000000	7.125000	95.817551	159.841370
473	187.845200	759.724365	44.529636	108.194717	0.000000	0.000000	7.125000	-112.833435	-263.517090
474	54.801655	-29.296417	-86.692154	6.102422	0.000000	0.000000	7.125000	40.554111	11.176977
475	292.176971	-719.391235	60.212200	-89.655922	0.000000	0.000000	7.125000	-154.944809	279.192261
476	-146.079437	-526.189819	-24.395931	-99.038940	0.000000	0.000000	7.125000	54.193115	263.108398
477	-221.256409	-163.768967	-83.346199	-33.955513	0.000000	0.000000	7.125000	225.658966	70.143242
478	545.501587	-560.712036	71.136269	-73.100159	0.000000	0.000000	7.125000	-218.034256	226.101166
479	-432.748932	607.680359	-59.901428	86.236671	0.000000	0.000000	7.125000	131.042770	-220.249374
480	-457.817780	532.320251	-59.574745	71.410812	0.000000	0.000000	7.125000	155.758484	-248.193390
481	659.940063	-42.704010	119.913651	4.551479	0.000000	0.000000	7.125000	-291.147949	-26.765621
482	-124.652115	635.281372	-7.573267	101.717644	0.000000	0.000000	7.125000	3.562750	-221.921494
483	191.653854	-608.772095	44.155098	-121.207405	0.000000	0.000000	7.125000	-109.933701	272.953949
484	195.156952	405.747223	14.148932	79.754639	0.000000	0.000000	7.125000	-30.978922	-171.000656
485	-114.860695	243.377029	-31.001404	71.558319	0.000000	0.000000	7.125000	23.779175	-166.478409
486	-286.594177	42.376812	-82.397179	16.329754	0.000000	0.000000	7.125000	127.278511	-67.400520
487	143.967514	4.588193	69.897881	89.943474	0.000000	0.000000	7.125000	-99.695183	-76.527802
488	409.980957	-340.969513	56.454086	-49.375404	0.000000	0.000000	7.125000	-214.014664	194.228729
489	-26.914324	-397.969849	-23.074627	-105.505508	0.000000	0.000000	7.125000	65.656616	237.676315
490	222.313889	-225.983429	68.704735	-67.045654	0.000000	0.000000	7.125000	-165.808105	139.136002
491	-198.726776	-600.118103	-51.017311	-84.830910	0.000000	0.000000	7.125000	108.346581	229.042755
492	61.497284	-74.904465	9.700153	89.410934	0.000000	0.000000	7.125000	-44.103432	-71.326248
493	289.504730	-169.119080	64.245407	-67.242294	0.000000	0.000000	7.125000	-46.551662	45.787304
494	356.166534	256.200012	56.545773	109.204865	0.000000	0.000000	7.125000	-118.980980	-158.657135
495	-70.081009	224.444672	-29.918879	78.487831	0.000000	0.000000	7.125000	39.111847	-141.099106
496	309.225677	-466.113312	68.256577	-75.793121	0.000000	0.000000	7.125000	-153.576401	148.906219
497	-304.449646	-376.491638	-52.274525	-65.752098	0.000000	0.000000	7.125000	142.725800	182.880814
498	-220.829437	360.183594	-61.505775	69.755783	0.000000	0.000000	7.125000	245.219528	-269.327667
499	-105.223602	230.319824	-65.104881	100.800720	0.000000	0.000000	7.125000	116.396729	-215.439240
500	442.791229	330.480469	82.853127	86.806435	0.000000	0.000000	7.125000	-152.864182	-145.597275
501	127.442642	424.269348	5.490122	74.798470	0.000000	0.000000	7.125000	-30.444410	-217.145172
502	-266.857361	-574.035278	-47.222393	-83.579208	0.000000	0.000000	7.125000	129.103409	295.408630
503	55.023994	-701.951782	0.851948	-104.996414	0.000000	0.000000	7.125000	3.818397	300.185028
504	-328.473145	622.446045	-41.278191	93.271545	0.000000	0.000000	7.125000	91.617569	-295.566711
505	-177.558228	-600.268005	-23.672169	-89.936630	0.000000	0.000000	7.125000	61.822296	173.356369
506	-467.620911	126.640091	-93.446953	54.140255	0.000000	0.000000	7.125000	185.604538	-70.618240
507	-426.601807	315.344604	-85.563530	60.858028	0.000000	0.000000	7.125000	553.306580	-356.221924
508	-378.626282	87.896332	-82.153450	60.453369	0.000000	0.000000	7.125000	180.799072	-117.920784
509	-309.879639	251.132935	-43.554092	45.519676	0.000000	0.000000	7.125000	119.987900	-150.088776
510	-4.558779	66.635132	-37.977505	61.160324	0.000000	0.000000	7.125000	85.183708	-72.004738
511	208.740997	-551.181458	11.750196	-107.353813	0.000000	0.000000	7.125000	12.690716	221.419083
512	591.923401	390.683960	81.164261	56.676064	0.000000	0.000000	7.125000	-225.149857	-119.859673
513	-296.854889	-510.663727	-39.902130	-83.992661	0.000000	0.000000	7.125000	75.171616	379.205383
514	171.118256	219.582169	66.058289	65.446449	0.000000	0.000000	7.125000	-131.769165	-90.845566
515	525.776855	-170.620331	87.351067	-46.591324	0.000000	0.000000	7.125000	-646.511841	321.551697
516	-254.998108	-164.159424	-68.170776	-58.758789	0.000000	0.000000	7.125000	140.526184	72.945808
517	-349.260986	-140.296371	-100.449844	39.670605	0.000000	0.000000	7.125000	296.236969	-93.626526
518	-88.122314	287.763184	-20.187500	90.782265	0.000000	0.000000	7.125000	30.253046	-172.960815
519	439.523621	350.254425	77.525719	95.492142	0.000000	0.000000	7.125000	-150.560776	-199.080978
520	372.741394	-377.315491	33.427425	-70.470810	0.000000	0.000000	7.125000	-107.564598	286.350281
521	328.799438	479.768188	40.273064	73.713715	0.000000	0.000000	7.125000	-96.036758	-245.675766
522	416.524933	525.326477	46.296875	87.507355	0.000000	0.000000	7.125000	-108.547142	-224.872925
523	217.244171	424.681458	27.116880	60.170082	0.000000	0.000000	7.125000	-89.647125	-251.042770
524	115.129326	480.396271	27.902817	91.853065	0.000000	0.000000	7.125000	-68.457413	-266.222046
525	350.261749	-634.886353	55.559048	-96.094566	0.000000	0.000000	7.125000	-126.660858	254.362305
526	19.397923	-337.357239	-6.997157	-116.789337	0.000000	0.000000	7.125000	44.810238	303.813263
527	-349.193207	-271.741486	-75.267426	-29.929871	0.000000	0.000000	7.125000	178.585434	54.457397
528	-548.555420	-153.367844	-89.889061	-4.462828	0.000000	0.000000	7.125000	247.198120	20.471354
529	-71.280655	303.168152	-27.003529	116.912247	0.000000	0.000000	7.125000	38.014988	-403.395538
530	-443.842682	-375.552277	-86.644798	-47.884823	0.000000	0.000000	7.125000	219.164734	87.553932
531	-578.319763	-165.773270	-95.317795	-11.424124	0.000000	0.000000	7.125000	382.208374	61.843903
532	227.884750	-415.785950	54.774681	-89.580879	0.000000	0.000000	7.125000	-113.992455	184.475891
533	-455.339996	-399.903198	-64.095840	-58.827873	0.000000	0.000000	7.125000	192.991257	158.426682
534	-559.749329	58.071358	-72.512314	36.093235	0.000000	0.000000	7.125000	229.520859	-100.237129
535	432.716766	250.749802	67.254784	50.325806	0.000000	0.000000	7.125000	-162.840271	-101.167351
536	598.877930	71.682617	96.561852	21.823494	0.000000	0.000000	7.125000	-249.495605	-34.857582
537	387.841156	-92.514648	98.419334	10.656094	0.000000	0.000000	7.125000	-130.592957	-30.169794
538	8.973993	-145.263947	-22.993387	-108.588623	0.000000	0.000000	7.125000	11.202817	83.795723
539	26.132191	-499.127411	-11.556026	-95.300415	0.000000	0.000000	7.125000	22.947416	205.811111
540	-295.374573	-392.258606	-54.359581	-71.728333	0.000000	0.000000	7.125000	95.666237	85.342232
541	-325.980011	153.913361	-57.250076	43.662376	0.000000	0.000000	7.125000	161.045166	-124.771690
542	-5.289315	-358.880249	3.468126	-101.939651	0.000000	0.000000	7.125000	19.952648	125.901611
543	-414.308167	-14.096199	-87.851761	19.541683	0.000000	0.000000	7.125000	313.059509	-53.333836
544	681.499207	29.371822	112.587982	31.826582	0.000000	0.000000	7.125000	-242.797089	-49.739265
545	-145.599426	561.229797	-40.316391	80.463058	0.000000	0.000000	7.125000	102.731255	-268.285767
546	692.351868	-346.167084	95.816528	-49.831615	0.000000	0.000000	7.125000	-273.313721	127.004974
547	-110.113312	-0.630827	-116.655319	8.851467	0.000000	0.000000	7.125000	141.512497	-42.935757
548	133.082809	-163.134079	74.646835	-69.337822	0.000000	0.000000	7.125000	-123.851448	6.670204
549	139.262299	225.205154	52.960258	65.168602	0.000000	0.000000	7.125000	-107.304024	-76.881149
550	-528.458740	-96.939400	-92.796356	-24.592873	0.000000	0.000000	7.125000	281.801575	93.323303
551	-23.965435	676.910828	-32.259140	103.067017	0.000000	0.000000	7.125000	76.237328	-352.825806
552	522.358582	-516.236389	67.695923	-63.767113	0.000000	0.000000	7.125000	-235.889175	211.779678
553	6.858891	-217.241440	-60.979103	-96.319252	0.000000	0.000000	7.125000	28.888710	54.832985
554	123.166267	711.587280	-17.238258	112.686157	0.000000	0.000000	7.125000	66.119370	-277.798157
555	202.978516	198.751572	19.006569	72.549965	0.000000	0.000000	7.125000	-62.475208	-111.468925
556	-442.008545	114.281807	-78.342003	44.300083	0.000000	0.000000	7.125000	185.964081	-113.317993
557	-51.294697	116.571709	-11.176858	86.239372	0.000000	0.000000	7.125000	-33.977043	-100.135193
558	-552.877808	165.934692	-95.803009	24.947304	0.000000	0.000000	7.125000	420.669159	-64.200058
559	-417.491058	807.338928	-83.789093	113.383835	0.000000	0.000000	7.125000	200.332886	-372.660522
560	-606.447510	-68.522552	-116.955811	-2.687267	0.000000	0.000000	7.125000	214.534531	41.995735
561	349.312775	-475.031036	47.507240	-65.604858	0.000000	0.000000	7.125000	-256.610687	354.369354
562	382.077332	-355.606903	66.259644	-69.466003	0.000000	0.000000	7.125000	-177.991409	163.425537
563	125.516129	-56.460117	55.610405	-70.763412	0.000000	0.000000	7.125000	-66.921165	86.815865
564	122.024719	-507.929047	30.089687	-103.723717	0.000000	0.000000	7.125000	-64.810905	229.657623
565	-587.023254	110.250175	-81.017738	39.184868	0.000000	0.000000	7.125000	267.403046	-83.562614
566	148.982132	-303.388184	60.204258	-100.321106	0.000000	0.000000	7.125000	-99.576637	134.740997
567	176.155334	-42.992893	85.839615	27.042206	0.000000	0.000000	7.125000	-178.211746	-53.981697
568	-114.248039	-473.688538	-26.924824	-95.263596	0.000000	0.000000	7.125000	43.367031	273.250244
569	-560.694641	498.636749	-85.906990	60.364624	0.000000	0.000000	7.125000	321.077820	-160.602692
570	-488.289398	53.098324	-82.668808	14.881537	0.000000	0.000000	7.125000	244.932785	-12.012100
571	215.967773	-451.013184	17.738197	-91.286476	0.000000	0.000000	7.125000	-0.591239	261.003143
572	-196.775894	-730.432983	-45.258522	-98.059296	0.000000	0.000000	7.125000	140.339905	257.070221
573	358.366028	-319.146027	71.000198	-32.294662	0.000000	0.000000	7.125000	-184.381805	77.505348
574	226.094711	-560.423828	29.980663	-84.856560	0.000000	0.000000	7.125000	-62.313530	279.078369
575	-287.114197	430.232513	-51.659954	66.235573	0.000000	0.000000	7.125000	161.437485	-251.852707
576	67.892181	-574.553894	11.847471	-83.160286	0.000000	0.000000	7.125000	34.486576	190.945007
577	558.381287	-11.741585	78.130325	-21.339880	0.000000	0.000000	7.125000	-271.417938	36.701019
578	-419.469360	-78.148651	-113.333557	12.252733	0.000000	0.000000	7.125000	232.951157	3.828293
579	483.491638	207.273193	51.805836	58.308731	0.000000	0.000000	7.125000	-121.119965	-192.955765
580	307.135803	285.266663	47.270950	58.227516	0.000000	0.000000	7.125000	-127.439346	-162.374298
581	165.231598	-216.454117	9.773249	-59.196404	0.000000	0.000000	7.125000	18.880424	133.477966
582	-500.548248	-358.682190	-79.035126	-54.491615	0.000000	0.000000	7.125000	149.875183	88.543671
583	346.429993	59.111397	62.874805	3.969376	0.000000	0.000000	7.125000	-198.450394	-29.647146
584	6.291825	529.455688	-21.178690	87.472626	0.000000	0.000000	7.125000	68.074829	-273.131622
585	-36.397907	-177.504425	-95.997421	0.102289	0.000000	0.000000	7.125000	120.538635	-6.188845
586	56.361355	587.483826	-9.809155	104.540726	0.000000	0.000000	7.125000	19.800648	-341.620850
587	193.453613	459.374817	71.170502	77.194267	0.000000	0.000000	7.125000	-204.732941	-180.960571
588	673.764221	66.442284	94.700752	15.731798	0.000000	0.000000	7.125000	-326.055420	-29.294556
589	-410.210938	30.205559	-83.956413	22.810499	0.000000	0.000000	7.125000	317.358612	-58.212402
590	335.125641	-180.672607	41.166592	-55.370514	0.000000	0.000000	7.125000	-125.772354	106.227798
591	-167.488190	-400.860168	-7.915024	-92.656876	0.000000	0.000000	7.125000	50.874557	235.352539
592	-440.746185	-77.119034	-111.944023	-43.191090	0.000000	0.000000	7.125000	168.861832	42.983299
593	102.362564	-7.871792	86.403923	10.159796	0.000000	0.000000	7.125000	-107.469620	-19.935059
594	595.869507	-116.173508	85.709793	-27.449886	0.000000	0.000000	7.125000	-297.197876	40.121460
595	-372.531586	143.323425	-79.910606	68.102684	0.000000	0.000000	7.125000	186.904770	-133.655121
596	-427.226013	420.610443	-63.684128	54.775215	0.000000	0.000000	7.125000	211.509689	-179.173950
597	818.973511	-587.241943	122.657845	-69.537720	0.000000	0.000000	7.125000	-478.487457	194.684525
598	-559.156067	509.941437	-85.045044	66.567963	0.000000	0.000000	7.125000	260.334595	-211.561325
599	294.508331	-4.429148	101.655670	-8.296934	0.000000	0.000000	7.125000	-198.508301	10.719067
600	222.519379	-430.458679	41.717468	-72.908470	0.000000	0.000000	7.125000	-114.591888	197.250458
601	570.970337	-302.329193	72.492943	-48.099171	0.000000	0.000000	7.125000	-179.022308	119.813431
602	-577.607422	218.000122	-87.986076	38.398560	0.000000	0.000000	7.125000	287.980682	-115.683975
603	466.850922	647.745605	63.752560	75.736298	0.000000	0.000000	7.125000	-175.091095	-259.525513
604	-264.817596	-570.656006	-35.056728	-79.621231	0.000000	0.000000	7.125000	76.714767	251.088120
605	255.308594	599.312134	24.243336	95.983772	0.000000	0.000000	7.125000	-49.659508	-281.370453
606	-257.563324	-649.117676	-47.647625	-103.546631	0.000000	0.000000	7.125000	-10.715830	133.229019
607	-261.441895	209.936722	-79.687561	26.568615	0.000000	0.000000	7.125000	169.159286	-36.044071
608	53.460522	293.354065	6.957108	101.759392	0.000000	0.000000	7.125000	-35.646385	-178.929749
609	-646.972534	-51.279964	-110.764267	-7.229708	0.000000	0.000000	7.125000	273.826294	17.970421
610	-408.527588	-46.032860	-76.836792	-13.420046	0.000000	0.000000	7.125000	258.119202	41.504044
611	-576.143677	-443.007690	-86.130936	-74.682404	0.000000	0.000000	7.125000	245.185440	214.785706
612	-494.564331	-533.760620	-58.251953	-94.481483	0.000000	0.000000	7.125000	93.088974	145.395004
613	19.099743	-225.243988	-44.567139	-98.373581	0.000000	0.000000	7.125000	98.511421	157.312866
614	498.333679	-361.845123	68.506882	-48.608223	0.000000	0.000000	7.125000	-421.157349	301.664886
615	508.499786	153.393799	89.005951	49.810894	0.000000	0.000000	7.125000	-247.503403	-89.694862
616	-408.193848	426.594757	-55.611626	78.251534	0.000000	0.000000	7.125000	166.191910	-256.895203
617	555.393616	-311.656006	108.576630	-51.098286	0.000000	0.000000	7.125000	-226.361877	85.840721
618	-88.465790	477.907501	-3.478597	104.940506	0.000000	0.000000	7.125000	-21.546854	-212.759003
619	-242.374054	402.522522	-48.380272	79.411049	0.000000	0.000000	7.125000	75.767052	-191.821640
620	373.061279	533.404602	50.546303	78.063690	0.000000	0.000000	7.125000	-115.250908	-264.339996
621	126.904785	-455.109711	38.880074	-81.167976	0.000000	0.000000	7.125000	-105.780220	272.344360
622	-553.392456	318.357300	-68.003342	49.309494	0.000000	0.000000	7.125000	230.163345	-138.418701
623	295.470398	-31.895290	79.197029	16.994183	0.000000	0.000000	7.125000	-188.760361	-36.696129
624	31.305824	508.983429	25.788074	111.044006	0.000000	0.000000	7.125000	-47.582706	-245.095444
625	-767.250916	271.770111	-108.205093	35.878609	0.000000	0.000000	7.125000	183.646942	-35.332203
626	-268.755859	-429.206879	-52.119896	-73.372421	0.000000	0.000000	7.125000	36.813477	82.522629
627	458.814545	172.334625	89.635284	8.043161	0.000000	0.000000	7.125000	-273.605164	-35.560535
628	-280.026978	-357.301392	-60.219234	-62.790413	0.000000	0.000000	7.125000	194.051544	188.448486
629	407.504089	-380.166321	66.313255	-46.511089	0.000000	0.000000	7.125000	-146.095078	116.571236
630	-55.029247	328.332153	-25.335381	117.281845	0.000000	0.000000	7.125000	-2.293952	-229.510391
631	779.316528	290.283752	101.105194	58.853470	0.000000	0.000000	7.125000	-271.059357	-122.430565
632	75.080963	265.702881	-9.031485	62.348927	0.000000	0.000000	7.125000	29.576185	-194.364594
633	-556.486572	508.895264	-66.498894	73.338860	0.000000	0.000000	7.125000	172.723373	-252.316452
634	98.237015	-182.323288	53.907700	-68.281845	0.000000	0.000000	7.125000	-71.610184	73.297234
635	220.738663	-258.264648	89.167038	-60.935059	0.000000	0.000000	7.125000	-143.691208	108.228615
636	-266.480194	-46.597988	-58.884438	-35.964931	0.000000	0.000000	7.125000	135.022751	70.626762
637	-90.363792	-284.906189	-58.341187	-115.009193	0.000000	0.000000	7.125000	34.104637	147.468246
638	-474.695282	-461.733887	-62.438423	-88.120155	0.000000	0.000000	7.125000	129.918365	187.202759
639	582.297302	425.463898	78.929291	59.757740	0.000000	0.000000	7.125000	-249.277512	-156.005157
640	634.429688	546.762207	76.852905	71.543503	0.000000	0.000000	7.125000	-236.197479	-191.828400
641	29.844713	-352.153870	-2.598224	-95.953049	0.000000	0.000000	7.125000	35.669750	205.709290
642	-809.425049	-275.770233	-122.995636	-47.916183	0.000000	0.000000	7.125000	279.036469	94.820503
643	460.297424	-170.809280	115.895500	-31.108215	0.000000	0.000000	7.125000	-238.092255	47.778381
644	134.804459	263.973541	68.171318	71.784378	0.000000	0.000000	7.125000	-135.954742	-119.256248
645	260.409668	-671.537842	42.879169	-102.380798	0.000000	0.000000	7.125000	-84.447456	302.597382
646	-253.485962	264.057220	-82.341118	43.225906	0.000000	0.000000	7.125000	158.215378	-69.050995
647	468.587463	396.186676	80.024437	63.246254	0.000000	0.000000	7.125000	-191.814697	-138.816086
648	-330.066132	601.327942	-26.865353	98.397614	0.000000	0.000000	7.125000	68.870354	-335.381226
649	320.739990	638.494202	51.210869	98.480576	0.000000	0.000000	7.125000	-118.871880	-260.153290
650	-212.081665	-68.184196	-98.335411	-36.801079	0.000000	0.000000	7.125000	116.511536	42.098667
651	-325.093628	309.969452	-72.341080	76.098213	0.000000	0.000000	7.125000	152.971436	-130.357590
652	480.463928	244.161667	73.755417	46.130356	0.000000	0.000000	7.125000	-238.656799	-89.253815
653	-481.400726	-485.691711	-66.017570	-65.502785	0.000000	0.000000	7.125000	157.081146	161.768463
654	359.674713	-490.987854	56.666756	-66.012878	0.000000	0.000000	7.125000	-153.350723	219.408920
655	434.440308	541.752747	72.096581	58.741241	0.000000	0.000000	7.125000	-232.949265	-131.964279
656	-629.336304	-145.717636	-98.496262	-9.972726	0.000000	0.000000	7.125000	272.678192	9.380621
657	-513.673767	-470.999207	-71.374374	-68.605385	0.000000	0.000000	7.125000	193.926208	192.096954
658	388.091034	611.843323	61.903214	84.811424	0.000000	0.000000	7.125000	-169.881622	-246.083679
659	38.556587	-140.236221	64.130692	-49.336441	0.000000	0.000000	7.125000	-77.790527	-0.406119
660	144.977737	-328.728210	27.895947	-113.625305	0.000000	0.000000	7.125000	-49.879864	118.466003
661	76.452126	651.909302	13.161026	119.276077	0.000000	0.000000	7.125000	-40.092239	-314.952606
662	473.299683	-2.493322	103.193161	-31.860506	0.000000	0.000000	7.125000	-273.698700	62.495098
663	177.298752	-462.515320	53.459648	-93.840630	0.000000	0.000000	7.125000	-156.456757	290.313538
664	-330.872955	-25.231567	-67.506912	-44.763405	0.000000	0.000000	7.125000	161.967484	105.870255
665	-642.147949	336.060577	-96.458725	54.920536	0.000000	0.000000	7.125000	155.304810	-53.789352
666	395.791840	-31.352804	82.916672	-13.410805	0.000000	0.000000	7.125000	-163.293640	-14.321672
667	-129.082047	159.865921	-30.242367	84.764244	0.000000	0.000000	7.125000	40.697277	-117.620842
668	-512.115723	130.940231	-95.277458	11.689962	0.000000	0.000000	7.125000	202.673691	15.226784
669	234.882736	-370.376404	44.080574	-60.678619	0.000000	0.000000	7.125000	-106.880066	130.603561
670	95.174454	434.967896	32.338375	87.194458	0.000000	0.000000	7.125000	-82.745346	-191.828949
671	567.561890	269.566986	89.917679	23.738773	0.000000	0.000000	7.125000	-288.346802	-48.700859
672	-384.757904	-443.545654	-44.199257	-71.428284	0.000000	0.000000	7.125000	108.795921	242.979355
673	463.599365	-692.063782	57.706230	-105.210175	0.000000	0.000000	7.125000	-119.614479	298.947662
674	603.838501	-86.534523	93.468048	-32.618198	0.000000	0.000000	7.125000	-328.276306	71.918121
675	-244.565948	91.432030	-65.199356	100.666016	0.000000	0.000000	7.125000	74.048706	-23.289886
676	18.573570	-654.997864	12.981157	-98.144165	0.000000	0.000000	7.125000	10.663403	315.846680
677	-156.517105	-3.967722	-65.425697	-93.354881	0.000000	0.000000	7.125000	46.770508	108.654808
678	-193.581116	-512.576111	-20.662868	-96.819092	0.000000	0.000000	7.125000	33.276730	180.707962
679	109.278694	464.530151	47.980156	103.395264	0.000000	0.000000	7.125000	-110.526588	-162.040512
680	-148.918808	377.991852	-4.066333	92.909561	0.000000	0.000000	7.125000	-17.738861	-183.399017
681	44.801460	-246.422089	-29.864765	-103.783234	0.000000	0.000000	7.125000	89.164177	197.839447
682	-361.690186	466.784851	-60.715435	78.194588	0.000000	0.000000	7.125000	109.630646	-180.039276
683	-587.341492	-156.699875	-87.072838	-22.765942	0.000000	0.000000	7.125000	284.693176	66.111557
684	-106.416878	542.790161	-22.255634	99.542244	0.000000	0.000000	7.125000	62.862000	-264.444580
685	-128.679703	-743.956360	-14.755964	-106.986633	0.000000	0.000000	7.125000	24.381796	299.944427
686	135.693283	-106.884155	63.915810	-67.547470	0.000000	0.000000	7.125000	-133.331238	76.560005
687	83.947678	431.904083	29.307636	75.511162	0.000000	0.000000	7.125000	-57.197014	-166.108841
688	-278.386139	-267.698914	-56.378296	-73.952187	0.000000	0.000000	7.125000	71.951515	55.898949
689	425.682465	-68.943634	84.671806	-19.959263	0.000000	0.000000	7.125000	-234.755600	5.471498
690	340.117889	-217.995087	97.519073	-58.986164	0.000000	0.000000	7.125000	-202.788055	65.252602
691	572.742798	-223.005585	82.170937	-36.705498	0.000000	0.000000	7.125000	-222.719650	51.445606
692	-258.096375	-183.652206	-67.600716	-63.868107	0.000000	0.000000	7.125000	124.221352	114.173317
693	341.686096	365.882660	54.247330	79.203445	0.000000	0.000000	7.125000	-130.477722	-201.896118
694	-155.613876	-287.904938	-11.802565	-83.166679	0.000000	0.000000	7.125000	19.959585	168.918335
695	89.415756	528.509094	6.524654	86.754990	0.000000	0.000000	7.125000	-22.003759	-280.517456
696	-562.170837	636.282837	-71.087997	81.302246	0.000000	0.000000	7.125000	317.395111	-398.544739
697	-334.678925	-469.202057	-69.569283	-74.591431	0.000000	0.000000	7.125000	91.793228	101.870148
698	358.288818	-290.969116	72.573257	-35.972584	0.000000	0.000000	7.125000	-239.978943	78.359337
699	207.031113	-244.847137	43.503380	-61.092613	0.000000	0.000000	7.125000	-128.727951	149.563065
700	-340.826843	-653.836487	-67.012062	-84.695625	0.000000	0.000000	7.125000	151.832932	177.538025
701	-355.154663	435.437805	-49.357716	78.807205	0.000000	0.000000	7.125000	87.276001	-220.938385
702	-181.620132	410.486389	-8.135667	68.518692	0.000000	0.000000	7.125000	35.604343	-247.266617
703	41.992039	608.327393	39.876511	103.584167	0.000000	0.000000	7.125000	-94.150436	-337.500946
704	-369.149475	97.968857	-94.333206	17.809395	0.000000	0.000000	7.125000	141.343857	-24.409908
705	-149.991043	-360.724030	-27.439095	-53.356949	0.000000	0.000000	7.125000	80.538292	167.556732
706	632.668396	-255.470520	95.378242	-67.762901	0.000000	0.000000	7.125000	-292.273987	226.487564
707	-203.638672	-283.086792	-36.415577	-68.973419	0.000000	0.000000	7.125000	69.675690	165.038849
708	-30.037014	-623.612549	21.737642	-90.421532	0.000000	0.000000	7.125000	-55.477051	321.624176
709	-521.332825	-388.902008	-66.538315	-60.602211	0.000000	0.000000	7.125000	186.921799	133.397293
710	-234.249985	287.542603	-99.465363	55.644283	0.000000	0.000000	7.125000	154.170395	-65.088181
711	-622.802551	5.662472	-92.261765	-11.694721	0.000000	0.000000	7.125000	273.694580	36.381550
712	41.630722	-331.961212	34.752155	-99.078674	0.000000	0.000000	7.125000	-41.627739	190.710464
713	164.207840	18.180317	99.537018	-33.422707	0.000000	0.000000	7.125000	-259.779724	73.193069
714	181.718338	-88.428802	70.116653	-61.036461	0.000000	0.000000	7.125000	-117.920624	51.270176
715	261.775055	571.066040	57.333313	84.361115	0.000000	0.000000	7.125000	-161.681122	-211.231216
716	-38.879814	-650.964844	-11.163801	-113.448578	0.000000	0.000000	7.125000	2.826364	389.944763
717	140.466141	438.608704	17.302967	63.689293	0.000000	0.000000	7.125000	-35.665688	-223.507797
718	645.485229	-340.168915	96.390869	-48.697723	0.000000	0.000000	7.125000	-322.325439	97.833084
719	303.364868	-258.408081	71.955650	-48.899338	0.000000	0.000000	7.125000	-150.290848	84.403099
720	359.191010	-492.945679	51.269630	-81.161911	0.000000	0.000000	7.125000	-163.240555	307.083099
721	-119.802490	165.899017	-55.893883	85.314301	0.000000	0.000000	7.125000	124.445778	-129.323776
722	-366.443878	420.972900	-69.027321	79.119720	0.000000	0.000000	7.125000	176.506058	-174.694794
723	474.647583	362.577026	62.808090	55.776733	0.000000	0.000000	7.125000	-196.857468	-166.762314
724	332.578430	614.847168	56.999382	84.582306	0.000000	0.000000	7.125000	-172.022827	-299.689117
725	672.394531	-323.472229	90.538109	-58.874565	0.000000	0.000000	7.125000	-404.272888	177.874680
726	22.333183	-667.557373	8.891277	-101.609848	0.000000	0.000000	7.125000	-12.412955	313.887360
727	75.757492	-558.365356	31.271383	-90.763794	0.000000	0.000000	7.125000	-87.966217	198.665192
728	-272.421204	-240.371994	-80.927917	-71.516846	0.000000	0.000000	7.125000	184.797485	187.733353
729	93.548172	541.317688	6.075324	86.787521	0.000000	0.000000	7.125000	-13.655597	-266.913269
730	370.264587	-358.668549	66.764778	-77.113098	0.000000	0.000000	7.125000	-212.034256	247.621033
731	625.702026	-684.028687	96.089172	-111.231949	0.000000	0.000000	7.125000	-219.759491	311.783600
732	-463.670654	-51.578842	-91.577583	-37.604500	0.000000	0.000000	7.125000	247.059738	80.555275
733	-658.112183	-413.061768	-92.671638	-55.458122	0.000000	0.000000	7.125000	332.457123	151.299271
734	178.448746	506.695496	36.585300	75.614166	0.000000	0.000000	7.125000	-111.952782	-219.446625
735	164.429047	28.405930	52.295536	-49.474365	0.000000	0.000000	7.125000	-11.989414	-0.883052
736	321.941772	613.991821	64.779755	74.863350	0.000000	0.000000	7.125000	-172.078491	-199.321869
737	-390.752014	-372.098999	-64.863861	-57.979019	0.000000	0.000000	7.125000	241.473083	189.202942
738	211.275925	-455.763062	30.986063	-71.575348	0.000000	0.000000	7.125000	-65.685799	266.568512
739	-740.559692	13.382889	-113.878647	5.250228	0.000000	0.000000	7.125000	246.847717	3.321377
740	-664.910095	-614.797974	-79.396454	-81.805878	0.000000	0.000000	7.125000	222.511902	229.125381
741	242.729965	86.316872	103.183777	31.883821	0.000000	0.000000	7.125000	-181.284927	-55.796955
742	-614.451904	-24.364155	-86.179283	-25.943600	0.000000	0.000000	7.125000	293.240173	77.261681
743	294.571991	-181.246521	86.454399	-74.286858	0.000000	0.000000	7.125000	-167.226608	105.997475
744	343.823608	-443.349060	64.678421	-90.205933	0.000000	0.000000	7.125000	-148.606155	170.613739
745	-300.040710	-4.118290	-85.253471	-37.159645	0.000000	0.000000	7.125000	375.681946	140.545456
746	-83.442596	-692.825195	-12.644686	-125.352997	0.000000	0.000000	7.125000	-14.226181	759.470093
747	166.896149	373.453217	33.533875	80.268387	0.000000	0.000000	7.125000	-96.869331	-136.375488
748	-54.673836	405.753448	14.456034	100.937271	0.000000	0.000000	7.125000	-48.925014	-96.453552
749	374.612671	-176.791504	54.371696	-37.412231	0.000000	0.000000	7.125000	-164.887344	105.009094
750	-78.573639	28.418484	-54.828224	92.650391	0.000000	0.000000	7.125000	-40.152729	27.649090
751	180.381027	-40.316738	74.272476	-69.878281	0.000000	0.000000	7.125000	-131.129517	57.513187
752	-210.562622	510.801392	-18.544178	109.433342	0.000000	0.000000	7.125000	8.514858	-233.801529
753	-0.497396	-381.893860	6.912477	-77.690231	0.000000	0.000000	7.125000	-2.351439	140.232162
754	442.870911	188.597153	98.733978	25.601940	0.000000	0.000000	7.125000	-212.027588	-47.974567
755	340.001251	538.734619	50.474220	92.071266	0.000000	0.000000	7.125000	-145.343903	-223.284271
756	207.774872	-140.511536	65.956253	-81.696075	0.000000	0.000000	7.125000	-121.754417	87.175522
757	-72.910095	243.848450	-52.623283	49.135975	0.000000	0.000000	7.125000	53.185692	-67.709900
758	200.260025	-492.281097	49.012516	-86.015984	0.000000	0.000000	7.125000	-148.766861	223.595490
759	500.758118	-58.247841	98.377815	-11.073239	0.000000	0.000000	7.125000	-297.101288	10.572095
760	-372.138855	-385.756378	-79.951996	-85.420151	0.000000	0.000000	7.125000	143.369598	153.521545
761	520.613953	421.297302	96.720062	60.331116	0.000000	0.000000	7.125000	-232.873947	-99.432495
762	-493.837067	74.295013	-111.642502	-34.988876	0.000000	0.000000	7.125000	103.108894	12.886591
763	-36.809174	703.766602	-10.548511	104.467300	0.000000	0.000000	7.125000	38.848331	-331.267853
764	-453.619019	29.772839	-82.378235	-16.426020	0.000000	0.000000	7.125000	215.831589	41.676910
765	-679.253052	258.814728	-107.755035	26.628571	0.000000	0.000000	7.125000	419.528595	-33.470554
766	516.927002	536.915161	95.297592	44.070366	0.000000	0.000000	7.125000	-325.146606	-88.360641
767	627.178406	-118.550362	102.587173	-22.376183	0.000000	0.000000	7.125000	-234.002960	14.823761
768	-263.424164	371.840424	-113.369682	25.053778	0.000000	0.000000	7.125000	6.846083	43.192776
769	-38.937469	-396.993378	20.236645	-109.126534	0.000000	0.000000	7.125000	-3.106176	209.344131
770	-483.586792	-218.334824	-64.803162	-43.409855	0.000000	0.000000	7.125000	230.429962	132.374710
771	-466.621124	303.904266	-80.156921	33.817444	0.000000	0.000000	7.125000	756.857056	-216.711960
772	129.163177	95.140015	65.084259	-10.912594	0.000000	0.000000	7.125000	-151.810928	4.211797
773	-441.500793	-175.677475	-66.526810	-40.719604	0.000000	0.000000	7.125000	145.645981	78.011169
774	-165.704407	-261.068726	16.335953	-106.737183	0.000000	0.000000	7.125000	5.289827	269.632385
775	229.643463	415.596710	51.320908	54.689888	0.000000	0.000000	7.125000	-160.527115	-206.113113
776	31.117002	493.665924	-8.091212	95.651894	0.000000	0.000000	7.125000	-13.246634	-127.407364
777	9.603610	521.655334	14.917539	85.711533	0.000000	0.000000	7.125000	-31.343498	-208.527176
778	-535.720215	-672.116333	-68.044022	-91.462151	0.000000	0.000000	7.125000	167.795120	295.331268
779	569.964661	-346.078400	81.825134	-75.002991	0.000000	0.000000	7.125000	-297.477661	238.313934
780	-91.385529	544.759521	-15.218694	97.821747	0.000000	0.000000	7.125000	92.141151	-304.021881
781	456.021637	-72.280266	91.990417	-27.433456	0.000000	0.000000	7.125000	-292.246124	37.627018
782	100.387924	617.257385	12.612557	95.167648	0.000000	0.000000	7.125000	-23.028164	-211.406906
783	328.269592	-636.285278	48.300652	-86.415421	0.000000	0.000000	7.125000	-122.878799	283.234650
784	-212.419464	-288.431793	-75.340088	-93.401642	0.000000	0.000000	7.125000	169.970337	198.721832
785	-111.496925	141.272751	-91.173058	-18.342457	0.000000	0.000000	7.125000	228.730072	57.955868
786	18.188429	-63.898960	34.145325	-99.290428	0.000000	0.000000	7.125000	-43.906963	124.406021
787	-453.389069	-385.177856	-67.168816	-59.902405	0.000000	0.000000	7.125000	237.101196	200.009399
788	471.920593	-137.758896	98.353806	-26.998983	0.000000	0.000000	7.125000	-612.521484	64.144211
789	120.115303	-155.390030	20.781780	-90.629089	0.000000	0.000000	7.125000	23.334509	352.658539
790	146.849426	-72.287857	35.392891	-44.672943	0.000000	0.000000	7.125000	-96.325577	70.072189
791	-455.855896	-459.953979	-54.261017	-71.801575	0.000000	0.000000	7.125000	112.290863	208.119370
792	-450.793945	412.087555	-76.260445	41.863739	0.000000	0.000000	7.125000	276.517151	-94.164566
793	531.148804	-339.069611	73.224472	-52.326660	0.000000	0.000000	7.125000	-167.140305	89.960503
794	335.398193	439.062866	85.476418	66.006119	0.000000	0.000000	7.125000	-199.108505	-117.671631
795	-33.478542	-386.172974	-28.667336	-94.758492	0.000000	0.000000	7.125000	71.446678	231.066956
796	-4.216337	-252.273682	28.961882	-91.520615	0.000000	0.000000	7.125000	-90.719322	782.886169
797	198.254211	-435.360504	29.316530	-88.257507	0.000000	0.000000	7.125000	-40.436207	280.285797
798	-753.025269	16.416912	-113.454422	-28.581440	0.000000	0.000000	7.125000	310.347015	87.742447
799	-502.394226	136.156815	-86.995102	-0.910006	0.000000	0.000000	7.125000	177.853531	9.915689
800	385.024567	51.353180	92.543709	-42.868759	0.000000	0.000000	7.125000	-206.692551	62.777603
801	724.435852	-194.792801	100.588364	-46.935623	0.000000	0.000000	7.125000	-160.849396	96.373161
802	267.477966	-470.733307	47.134949	-83.631485	0.000000	0.000000	7.125000	-191.658066	333.788971
803	-25.950272	182.150452	-47.309586	76.559753	0.000000	0.000000	7.125000	60.011093	-74.608719
804	-18.942354	646.817749	-2.545316	86.962761	0.000000	0.000000	7.125000	15.489596	-273.827362
805	541.857544	-463.957336	74.590759	-65.093498	0.000000	0.000000	7.125000	-575.958435	471.081360
806	-324.992798	-523.458801	-51.934502	-108.172287	0.000000	0.000000	7.125000	93.074440	272.641418
807	-352.632690	26.085503	-87.093208	-47.060005	0.000000	0.000000	7.125000	163.065674	115.381157
808	584.137146	-366.895935	83.932785	-63.089512	0.000000	0.000000	7.125000	-253.089920	189.893539
809	-0.601087	402.142151	6.820908	92.733696	0.000000	0.000000	7.125000	-70.851051	-175.461411
810	353.473053	514.303711	58.202599	60.566898	0.000000	0.000000	7.125000	-178.392487	-177.082016
811	693.559814	148.442871	119.938057	-3.828828	0.000000	0.000000	7.125000	-433.891388	-7.648675
812	-487.318542	161.169128	-97.835678	28.835632	0.000000	0.000000	7.125000	167.423538	6.462568
813	150.182648	-153.633560	60.510689	-82.066864	0.000000	0.000000	7.125000	-110.147820	82.192146
814	725.578918	175.690491	98.788528	43.637543	0.000000	0.000000	7.125000	-297.943298	-101.264641
815	331.483734	323.401245	63.105133	40.528175	0.000000	0.000000	7.125000	-99.615578	-26.901546
816	-406.347717	430.200500	-68.893021	53.129250	0.000000	0.000000	7.125000	236.432358	-157.322601
817	-428.539459	435.721832	-63.292530	45.585693	0.000000	0.000000	7.125000	162.540405	-100.636559
818	669.246643	9.031322	125.828613	-6.548413	0.000000	0.000000	7.125000	-323.501617	3.374870
819	-232.060135	-115.271149	-58.937393	-90.498283	0.000000	0.000000	7.125000	84.049461	161.695511
820	-133.754807	-141.265228	-23.174444	-105.472206	0.000000	0.000000	7.125000	54.925312	110.216019
821	-70.602097	492.930420	-6.646042	89.754166	0.000000	0.000000	7.125000	14.597023	-210.991592
822	70.725021	402.190033	7.222691	104.744339	0.000000	0.000000	7.125000	-39.952625	-169.308578
823	-338.412567	-68.122337	-91.252304	-17.943707	0.000000	0.000000	7.125000	161.257309	25.068493
824	440.782501	120.112740	88.965538	36.046902	0.000000	0.000000	7.125000	-277.800507	-51.724869
825	-422.444824	410.425079	-74.147766	60.976299	0.000000	0.000000	7.125000	192.091980	-140.867828
826	-30.698215	-431.757965	15.801832	-70.243210	0.000000	0.000000	7.125000	-32.683010	194.195297
827	-283.971191	546.661438	-67.505127	95.561066	0.000000	0.000000	7.125000	153.656128	-238.470413
828	301.285706	515.358887	48.262512	99.958435	0.000000	0.000000	7.125000	-106.389122	-250.205292
829	-417.680237	18.679445	-98.036285	52.054138	0.000000	0.000000	7.125000	331.641357	-135.632462
830	108.722900	-450.953003	16.468838	-82.367065	0.000000	0.000000	7.125000	-33.640648	362.358826
831	-166.575470	427.002441	-50.338837	108.926376	0.000000	0.000000	7.125000	112.443352	-175.501770
832	287.001282	-201.112564	93.854782	-20.160650	0.000000	0.000000	7.125000	-313.027130	15.442068
833	187.891403	302.764862	19.789776	81.635155	0.000000	0.000000	7.125000	-41.148121	-131.402206
834	543.426636	688.350464	78.657837	90.625153	0.000000	0.000000	7.125000	-191.976074	-220.476349
835	-330.174103	-135.810242	-68.918762	-20.837362	0.000000	0.000000	7.125000	218.889374	57.798546
836	-200.545563	-27.558910	-90.805969	31.149258	0.000000	0.000000	7.125000	213.191010	-70.906136
837	-486.130798	525.969238	-79.720917	81.489601	0.000000	0.000000	7.125000	193.137802	-200.341461
838	-385.072388	-187.588776	-86.453087	-64.729118	0.000000	0.000000	7.125000	188.025772	136.343536
839	-280.337372	-515.132385	-51.700508	-84.416290	0.000000	0.000000	7.125000	176.504791	347.466278
840	456.242493	-115.090134	79.766243	-14.062073	0.000000	0.000000	7.125000	-314.296661	33.422119
841	653.084961	113.333961	106.785049	16.145658	0.000000	0.000000	7.125000	-364.607056	-39.915375
842	56.652466	-506.950836	3.375140	-110.943497	0.000000	0.000000	7.125000	18.346085	246.492111
843	-286.563354	-613.379761	-45.263168	-117.585556	0.000000	0.000000	7.125000	78.808853	297.545074
844	-613.716248	196.948090	-104.298035	12.097719	0.000000	0.000000	7.125000	294.840729	-5.351336
845	452.249817	264.974091	95.309013	44.037907	0.000000	0.000000	7.125000	-327.371796	-82.390953
846	-3.010767	-366.927704	31.107895	-90.820084	0.000000	0.000000	7.125000	-76.243362	198.342514
847	-156.951736	-67.454842	-79.328362	-64.117142	0.000000	0.000000	7.125000	100.017494	99.541130
848	204.177948	483.796295	40.396820	87.085220	0.000000	0.000000	7.125000	-82.101028	-297.230255
849	-562.010864	307.246582	-103.876648	29.557270	0.000000	0.000000	7.125000	271.311493	-107.470863
850	422.536987	-308.944489	71.855865	-54.191639	0.000000	0.000000	7.125000	-196.616409	145.459976
851	519.002441	-378.594116	81.231400	-45.274509	0.000000	0.000000	7.125000	-138.917099	28.246819
852	170.083954	-475.114258	55.542557	-74.591927	0.000000	0.000000	7.125000	-160.176132	181.722565
853	-585.954529	-709.448364	-77.522804	-87.629410	0.000000	0.000000	7.125000	204.163239	270.923035
854	-146.901825	-268.932922	-17.873060	-94.316010	0.000000	0.000000	7.125000	-29.560772	76.490822
855	-681.974426	-161.629288	-139.192001	-22.488424	0.000000	0.000000	7.125000	259.307343	35.494144
856	196.167892	-530.807312	44.271191	-78.358482	0.000000	0.000000	7.125000	-89.304970	166.179443
857	-598.999573	-301.323883	-89.088226	-43.171658	0.000000	0.000000	7.125000	266.876099	98.075584
858	-204.054245	-173.001846	-67.398224	-32.900864	0.000000	0.000000	7.125000	180.554031	81.716507
859	-100.938858	-160.103195	-28.526367	-88.512711	0.000000	0.000000	7.125000	78.198364	158.084290
860	725.023682	-165.243942	97.647415	-38.582016	0.000000	0.000000	7.125000	-331.308624	93.587540
861	-726.106079	99.218811	-107.963577	2.746950	0.000000	0.000000	7.125000	332.117462	21.571915
862	76.085037	-42.471943	69.533661	-61.610252	0.000000	0.000000	7.125000	-122.869835	15.842729
863	531.067444	-373.745239	111.611816	-51.683792	0.000000	0.000000	7.125000	-408.532745	120.858681
864	-271.182556	-580.627014	-30.873615	-90.895966	0.000000	0.000000	7.125000	64.264671	318.179535
865	765.745911	-408.325745	114.315659	-71.810295	0.000000	0.000000	7.125000	-279.091125	163.198837
866	-328.656067	525.814636	-54.626610	82.558960	0.000000	0.000000	7.125000	116.549500	-268.876831
867	-69.855942	677.228882	-7.525852	107.737457	0.000000	0.000000	7.125000	27.636795	-340.088409
868	-751.478699	59.926643	-119.691437	8.568217	0.000000	0.000000	7.125000	261.512573	-18.331036
869	-609.322998	111.515121	-98.973274	2.272121	0.000000	0.000000	7.125000	322.647644	10.497702
870	261.570190	-326.239319	44.936874	-44.154739	0.000000	0.000000	7.125000	-134.871338	139.196518
871	581.594177	76.158722	96.333481	22.821754	0.000000	0.000000	7.125000	-288.615112	-51.030430
872	-357.109100	454.982025	-42.342068	69.045151	0.000000	0.000000	7.125000	93.524757	-286.509644
873	507.664032	-116.535843	107.865234	-5.346527	0.000000	0.000000	7.125000	-290.048859	-11.456081
874	-284.032349	-303.108704	-58.306152	-68.557968	0.000000	0.000000	7.125000	142.493240	133.393478
875	244.866241	-424.794373	77.763321	-51.005844	0.000000	0.000000	7.125000	-273.784821	137.881821
876	30.744934	316.820129	29.087843	72.373093	0.000000	0.000000	7.125000	-106.936714	-206.333893
877	439.163666	-393.581635	71.935631	-63.570824	0.000000	0.000000	7.125000	-228.540314	202.334015
878	-379.595459	429.624573	-86.066719	74.756393	0.000000	0.000000	7.125000	242.253281	-220.994293
879	-13.360268	233.528976	39.357304	80.912857	0.000000	0.000000	7.125000	-61.193951	-77.650299
880	403.807373	35.853752	94.346794	-17.731897	0.000000	0.000000	7.125000	-192.600861	36.698711
881	339.617981	695.305664	56.513432	84.909576	0.000000	0.000000	7.125000	-113.382576	-241.950897
882	-281.148621	-155.542572	-57.291084	-77.028801	0.000000	0.000000	7.125000	297.942841	356.375854
883	449.637817	-13.119050	70.393959	-15.118446	0.000000	0.000000	7.125000	-220.084473	2.001803
884	348.272675	487.802887	44.043095	67.953041	0.000000	0.000000	7.125000	-91.826797	-199.438263
885	421.886505	307.603638	79.428108	35.484516	0.000000	0.000000	7.125000	-290.047363	-70.490204
886	-298.806152	432.647095	-58.168457	56.368477	0.000000	0.000000	7.125000	185.893402	-191.614685
887	-521.111267	-194.419556	-98.652847	-78.377678	0.000000	0.000000	7.125000	194.062042	171.772873
888	286.268738	-372.706604	53.239853	-57.003670	0.000000	0.000000	7.125000	-91.831413	109.950607
889	468.486359	-580.300415	83.106354	-86.561546	0.000000	0.000000	7.125000	-224.138214	226.854248
890	6.808372	286.245972	-12.608587	83.041580	0.000000	0.000000	7.125000	3.630327	-93.787590
891	-52.436028	-382.051086	-11.351109	-83.229416	0.000000	0.000000	7.125000	28.406311	247.814896
892	11.907747	-421.570190	-5.511019	-107.843971	0.000000	0.000000	7.125000	55.835213	234.779587
893	-82.308434	375.142212	-50.902439	84.907578	0.000000	0.000000	7.125000	124.384491	-253.342560
894	407.630646	442.398376	64.045853	54.351223	0.000000	0.000000	7.125000	-424.276123	-322.731659
895	-257.043152	229.481934	-46.338017	58.972466	0.000000	0.000000	7.125000	109.372368	-179.158157
896	-65.631561	-457.833893	-38.834480	-87.793381	0.000000	0.000000	7.125000	85.122360	253.853455
897	124.147720	278.470764	68.834183	66.916199	0.000000	0.000000	7.125000	-99.211639	-93.561119
898	-201.364365	411.617493	-29.009394	110.246567	0.000000	0.000000	7.125000	41.136673	-101.867676
899	-399.684875	-255.932266	-63.535969	-33.862579	0.000000	0.000000	7.125000	186.241287	58.938137
900	77.037354	380.502930	18.889570	60.099861	0.000000	0.000000	7.125000	-44.178612	-246.102814
901	499.871368	391.985382	74.450462	45.003670	0.000000	0.000000	7.125000	-256.536499	-96.226608
902	359.245758	-236.865143	89.603683	-60.291756	0.000000	0.000000	7.125000	-266.635559	204.749039
903	-410.475677	130.488113	-75.958557	35.860790	0.000000	0.000000	7.125000	249.711014	-91.689369
904	-30.174498	513.949036	-13.197527	73.829330	0.000000	0.000000	7.125000	43.698090	-239.042053
905	368.124390	504.779297	64.791382	74.852974	0.000000	0.000000	7.125000	-218.928055	-262.264374
906	179.756393	-281.232819	44.694069	-104.872833	0.000000	0.000000	7.125000	-197.388397	390.668152
907	-568.971313	-617.509277	-82.357193	-69.858459	0.000000	0.000000	7.125000	282.543457	203.750122
908	136.974899	-154.992035	24.851292	-95.808388	0.000000	0.000000	7.125000	7.958170	130.302765
909	347.566681	175.696259	113.998260	0.364248	0.000000	0.000000	7.125000	-304.477295	-23.225027
910	-359.656067	-468.107178	-57.704063	-84.107422	0.000000	0.000000	7.125000	40.327297	132.861542
911	-506.299927	244.510773	-95.904373	34.726967	0.000000	0.000000	7.125000	209.894272	-69.337265
912	-323.334259	537.158020	-41.770233	93.050751	0.000000	0.000000	7.125000	99.380173	-319.328644
913	-285.792542	322.697266	-46.904011	62.321835	0.000000	0.000000	7.125000	105.941078	-148.963928
914	264.781311	-100.019463	71.240250	-77.076691	0.000000	0.000000	7.125000	-91.491646	43.092987
915	-459.429688	-293.928345	-76.878494	-40.723957	0.000000	0.000000	7.125000	225.697662	69.897926
916	-150.164047	-695.050415	-23.282314	-111.586411	0.000000	0.000000	7.125000	40.096786	355.354706
917	-569.476868	-322.590149	-89.736435	-48.490761	0.000000	0.000000	7.125000	204.268463	84.276955
918	-205.164764	-480.768188	-61.541576	-88.748932	0.000000	0.000000	7.125000	178.246613	335.727661
919	602.724487	64.569046	88.628876	36.864944	0.000000	0.000000	7.125000	-284.444763	-55.141129
920	-333.033447	259.556458	-66.518639	46.216457	0.000000	0.000000	7.125000	190.807770	-98.625580
921	266.500519	450.001373	47.899273	109.992950	0.000000	0.000000	7.125000	-147.749496	-164.599258
922	-499.664032	228.121445	-91.112144	18.624454	0.000000	0.000000	7.125000	343.983673	-20.508852
923	429.807617	25.706013	78.278069	30.468452	0.000000	0.000000	7.125000	-164.515213	-69.637947
924	753.034180	190.293320	108.767273	22.137108	0.000000	0.000000	7.125000	-417.758698	-53.186005
925	-433.597626	-295.593842	-72.839890	-52.861458	0.000000	0.000000	7.125000	278.016174	201.140381
926	446.518707	-189.956757	82.471497	-60.019180	0.000000	0.000000	7.125000	-158.508377	115.945183
927	341.764557	-449.175201	52.046799	-73.422417	0.000000	0.000000	7.125000	-155.535263	304.399994
928	-484.554626	-631.320068	-78.644554	-113.396408	0.000000	0.000000	7.125000	159.410202	259.258423
929	434.691162	417.734924	60.805786	62.222626	0.000000	0.000000	7.125000	-177.153046	-184.489517
930	25.469908	470.149628	2.684300	80.955482	0.000000	0.000000	7.125000	-8.500715	-230.213577
931	-587.840210	664.860107	-84.087914	81.351669	0.000000	0.000000	7.125000	272.252472	-278.448700
932	346.687653	-343.498474	58.402115	-60.375072	0.000000	0.000000	7.125000	-174.678497	191.981079
933	-347.990051	-469.337097	-63.762035	-67.700691	0.000000	0.000000	7.125000	178.089645	210.951370
934	-109.483429	-519.050842	-43.295330	-85.679626	0.000000	0.000000	7.125000	66.678658	204.583038
935	396.572479	-93.825638	62.758892	-20.427811	0.000000	0.000000	7.125000	-219.527023	55.091015
936	366.946411	40.584873	86.896866	-23.408882	0.000000	0.000000	7.125000	-293.516418	27.504951
937	-592.787109	774.419617	-88.619041	93.739250	0.000000	0.000000	7.125000	199.530869	-250.212036
938	439.363708	291.194031	55.580517	40.881771	0.000000	0.000000	7.125000	-255.518051	-119.106949
939	-20.286011	581.711731	6.937231	92.740601	0.000000	0.000000	7.125000	-42.316833	-308.755676
940	40.218353	264.929871	-24.039438	86.724457	0.000000	0.000000	7.125000	54.258224	-134.187088
941	-361.255859	-299.220398	-68.477280	-58.402588	0.000000	0.000000	7.125000	192.329086	168.590393
942	585.013123	497.708435	66.467117	69.268341	0.000000	0.000000	7.125000	-212.400131	-215.290512
943	-280.490417	-373.992981	-65.194321	-86.102814	0.000000	0.000000	7.125000	205.112274	214.319839
944	-506.114044	-482.652283	-75.310692	-77.409904	0.000000	0.000000	7.125000	213.390411	285.157715
945	-558.847656	76.933014	-93.733490	20.728924	0.000000	0.000000	7.125000	353.702881	-49.064690
946	711.759216	-504.141846	89.463608	-79.976379	0.000000	0.000000	7.125000	-192.352310	180.456253
947	-98.817650	325.756531	3.760914	80.908295	0.000000	0.000000	7.125000	-39.665813	-201.378281
948	-222.144135	183.145615	-82.960358	48.292446	0.000000	0.000000	7.125000	209.199280	-78.327049
949	540.525879	-29.120876	89.978668	1.948936	0.000000	0.000000	7.125000	-297.089081	-13.333134
950	267.481201	359.999634	73.520691	79.111298	0.000000	0.000000	7.125000	-190.111923	-224.051636
951	468.771759	78.808548	89.897354	23.816330	0.000000	0.000000	7.125000	-299.846619	-59.141514
952	-427.584229	407.610474	-42.805439	65.199074	0.000000	0.000000	7.125000	86.330338	-222.495972
953	77.497269	-407.517670	10.845931	-104.438202	0.000000	0.000000	7.125000	0.988089	324.048309
954	575.484192	-665.684937	75.176216	-89.650917	0.000000	0.000000	7.125000	-188.126038	272.443115
955	-389.610779	-304.688324	-79.862000	-34.510086	0.000000	0.000000	7.125000	251.478226	91.230499
956	325.065216	-312.153992	63.395855	-72.089844	0.000000	0.000000	7.125000	-171.453827	184.536819
957	46.629498	277.574982	27.732836	107.429047	0.000000	0.000000	7.125000	-64.217026	-124.061768
958	-310.760773	369.640198	-54.236107	64.143860	0.000000	0.000000	7.125000	149.625732	-187.540573
959	494.931702	-104.580757	96.133781	-42.220772	0.000000	0.000000	7.125000	-299.655701	58.668789
960	415.411011	455.950623	64.940063	62.312019	0.000000	0.000000	7.125000	-205.243118	-188.547592
961	393.616272	324.483368	57.730225	43.023449	0.000000	0.000000	7.125000	-202.380569	-117.066498
962	712.466187	-152.537323	107.666443	-8.460872	0.000000	0.000000	7.125000	-394.972778	11.754767
963	55.549072	-239.512573	31.069324	-61.608894	0.000000	0.000000	7.125000	-73.030975	167.481033
964	-557.706970	94.688660	-95.615494	25.654911	0.000000	0.000000	7.125000	213.040756	-0.861123
965	240.569626	437.525940	47.660892	86.772293	0.000000	0.000000	7.125000	-141.039566	-277.841095
966	-155.446884	178.278061	-87.217026	73.406677	0.000000	0.000000	7.125000	131.963654	-97.098022
967	122.248520	-77.194641	-31.472975	90.595932	0.000000	0.000000	7.125000	-24.717655	17.510845
968	206.537231	-603.026733	22.537914	-102.550964	0.000000	0.000000	7.125000	-28.673794	340.660370
969	364.996826	-121.060081	92.143745	-12.579587	0.000000	0.000000	7.125000	-351.829834	21.229137
970	-544.365234	457.152802	-89.557671	65.577553	0.000000	0.000000	7.125000	374.339874	-229.670013
971	498.362640	296.979340	68.180489	67.581657	0.000000	0.000000	7.125000	-175.605133	-217.387161
972	-500.922058	-15.249814	-78.743317	-29.247875	0.000000	0.000000	7.125000	210.749390	108.690422
973	-138.089035	-185.454376	-21.498190	-96.633652	0.000000	0.000000	7.125000	55.471943	200.004807
974	-476.543121	-114.609772	-87.861168	-45.622509	0.000000	0.000000	7.125000	224.917862	96.579514
975	50.203545	-619.315857	28.611841	-91.635818	0.000000	0.000000	7.125000	-71.485077	305.843109
976	-605.821411	225.178024	-117.530914	36.267548	0.000000	0.000000	7.125000	293.794281	-93.815552
977	398.091583	-329.575043	66.535164	-60.605869	0.000000	0.000000	7.125000	-867.318848	792.767273
978	-590.290344	-209.300964	-98.878418	4.893307	0.000000	0.000000	7.125000	348.148743	-17.694653
979	-82.735176	-361.943817	-38.377930	-87.993950	0.000000	0.000000	7.125000	90.056091	244.235779
980	-419.421692	-534.298889	-60.725479	-70.437233	0.000000	0.000000	7.125000	192.876358	233.501724
981	-482.705322	-8.667248	-77.991669	-1.067631	0.000000	0.000000	7.125000	214.303436	10.800964
982	249.860901	112.221680	81.421890	20.651180	0.000000	0.000000	7.125000	-186.154205	-28.626228
983	-377.362793	-129.214920	-62.886318	-28.388472	0.000000	0.000000	7.125000	273.302948	80.576195
984	68.614578	217.809158	24.959549	86.469727	0.000000	0.000000	7.125000	-72.245750	-217.956085
985	473.414337	340.838043	87.584564	52.274178	0.000000	0.000000	7.125000	-192.945236	-92.959724
986	-30.124725	-20.984516	48.157974	82.938431	0.000000	0.000000	7.125000	-102.201355	-89.754837
987	-109.793297	-20.789011	-34.418892	69.983215	0.000000	0.000000	7.125000	34.296936	-102.352440
988	468.405273	362.775085	64.466888	67.029831	0.000000	0.000000	7.125000	-189.555222	-186.998947
989	397.910065	-428.870026	54.813583	-63.647171	0.000000	0.000000	7.125000	-190.932602	303.858063
990	-353.445892	124.759804	-114.927422	21.922787	0.000000	0.000000	7.125000	212.307388	-38.277470
991	-640.714355	-53.804203	-105.709991	-22.113335	0.000000	0.000000	7.125000	239.371918	63.292019
992	-423.656586	497.487457	-57.794708	72.860229	0.000000	0.000000	7.125000	176.933212	-264.799500
993	105.539955	-242.621490	15.736286	-61.003014	0.000000	0.000000	7.125000	-50.335331	205.567444
994	32.206863	654.972717	-8.550794	95.618347	0.000000	0.000000	7.125000	20.975662	-364.410278
995	-159.847870	-86.631485	-74.882904	60.070274	0.000000	0.000000	7.125000	145.854614	-147.542709
996	-633.367981	-161.083939	-98.540451	-9.527145	0.000000	0.000000	7.125000	306.287567	24.826145
997	-465.981842	194.258667	-79.919701	34.377880	0.000000	0.000000	7.125000	164.267929	-86.434586
998	514.505615	-555.966980	78.469681	-60.360008	0.000000	0.000000	7.125000	-264.171600	169.411835
999	452.572144	5.101863	68.424126	8.890490	0.000000	0.000000	7.125000	-220.158859	-9.376223
