node	a_force.x	a_force.y	g_force.x	g_force.y	r_force.x	r_force.y	global_speed	move_node.x	move_node.y
0	-163.450928	-526.040161	-24.179684	-105.258369	0.000000	0.000000	3.750000	154.003189	1025.958374
1	416.107025	-760.543823	59.756996	-117.699051	0.000000	0.000000	3.750000	-221.968445	511.017303
2	-354.498657	-715.946655	-56.497650	-101.311340	0.000000	0.000000	3.750000	427.750977	989.426636
3	-402.285156	564.732422	-85.551254	110.819443	0.000000	0.000000	3.750000	593.334106	-674.346497
4	309.517700	172.623291	65.185974	126.116600	0.000000	0.000000	3.750000	53.761398	-195.878082
5	608.202637	470.625885	100.601357	65.416855	0.000000	0.000000	3.750000	-1603.177490	-964.591919
6	371.574829	-431.220337	64.540756	-130.956528	0.000000	0.000000	3.750000	-133.637100	635.441406
7	-467.081573	-577.944214	-77.226303	-151.446030	0.000000	0.000000	3.750000	164.261826	301.853638
8	-789.991211	739.944946	-97.731522	97.429710	0.000000	0.000000	3.750000	859.217041	-878.426514
9	873.022217	17.581398	138.873352	-17.721615	0.000000	0.000000	3.750000	-1231.372070	-7.493417
10	223.005127	585.930298	65.444183	119.218292	0.000000	0.000000	3.750000	-445.505646	-680.782776
11	-559.937073	316.408936	-77.771843	69.047295	0.000000	0.000000	3.750000	772.370300	-594.249451
12	-443.993042	-353.000244	-94.459137	-63.823463	0.000000	0.000000	3.750000	752.110046	396.385712
13	213.976501	830.086670	41.681595	129.455170	0.000000	0.000000	3.750000	-299.060638	-939.343506
14	135.959778	-314.567322	-0.141450	-121.999283	0.000000	0.000000	3.750000	70.501648	586.249451
15	-317.207397	793.654297	-55.403004	122.010040	0.000000	0.000000	3.750000	311.102936	-923.879211
16	-290.174744	-668.079224	-38.174347	-113.757538	0.000000	0.000000	3.750000	44.943600	186.942261
17	811.368652	230.976593	134.071747	22.820148	0.000000	0.000000	3.750000	-1065.484497	-202.102356
18	-797.333496	-266.337219	-105.868958	-56.494759	0.000000	0.000000	3.750000	879.936218	280.194611
19	-318.766235	35.010986	-112.294754	80.211494	0.000000	0.000000	3.750000	471.643494	-337.930145
20	450.113892	-375.656433	94.020081	-64.467392	0.000000	0.000000	3.750000	-696.668091	282.572906
21	-149.823257	-106.689056	-120.668808	-28.510838	0.000000	0.000000	3.750000	133.418015	88.983864
22	16.469177	431.390289	12.981647	125.327164	0.000000	0.000000	3.750000	113.852104	-576.652283
23	421.920654	40.553093	133.723969	34.057518	0.000000	0.000000	3.750000	-338.921478	-229.292419
24	396.026184	294.985809	111.122391	91.584015	0.000000	0.000000	3.750000	-485.472931	-512.224365
25	781.745361	-179.655579	117.590416	-32.502205	0.000000	0.000000	3.750000	-483.274933	112.930771
26	-45.038506	-811.277893	-16.732708	-159.122559	0.000000	0.000000	3.750000	55.569450	961.182922
27	-495.326233	305.949646	-107.582840	37.708313	0.000000	0.000000	3.750000	648.928223	-187.131866
28	-216.231461	534.658630	-44.861046	132.617493	0.000000	0.000000	3.750000	464.345642	-1074.291748
29	12.080176	769.627319	10.131523	133.614517	0.000000	0.000000	3.750000	103.409073	-716.108276
30	-821.373657	622.940796	-112.313599	83.579750	0.000000	0.000000	3.750000	1020.869751	-564.051025
31	440.432617	-140.594086	130.328735	-45.368237	0.000000	0.000000	3.750000	-752.930908	154.208282
32	702.962402	533.058594	117.837646	86.199020	0.000000	0.000000	3.750000	-1054.216553	-713.368958
33	762.910156	664.015076	95.707565	87.977615	0.000000	0.000000	3.750000	-1058.196655	-983.859863
34	-779.197388	-220.758820	-119.771652	-45.150665	0.000000	0.000000	3.750000	1152.698608	211.394516
35	30.843212	865.111694	14.252378	147.312134	0.000000	0.000000	3.750000	-29.522049	-861.335022
36	156.838104	913.514648	31.835520	162.918701	0.000000	0.000000	3.750000	-206.668640	-992.580627
37	-288.308777	-607.746216	-38.853218	-113.535919	0.000000	0.000000	3.750000	242.613205	912.029907
38	184.604126	-815.302490	38.569008	-128.329315	0.000000	0.000000	3.750000	-216.088898	938.362488
39	366.716278	-374.975586	87.168015	-93.731697	0.000000	0.000000	3.750000	-363.135712	327.923706
40	303.958099	264.410034	119.697128	72.611626	0.000000	0.000000	3.750000	-313.812317	-159.760696
41	467.991974	-616.291565	78.556870	-123.064095	0.000000	0.000000	3.750000	-396.905945	750.293152
42	449.634094	604.988525	69.999870	99.919540	0.000000	0.000000	3.750000	-339.647705	-650.851624
43	575.407715	-582.557373	94.017395	-106.417068	0.000000	0.000000	3.750000	-587.842773	880.930115
44	379.020233	-193.870605	102.072174	-86.817329	0.000000	0.000000	3.750000	-416.219666	386.912384
45	-871.568359	315.138977	-123.422081	66.082024	0.000000	0.000000	3.750000	1044.551758	-357.549866
46	-499.548401	578.249023	-79.840744	89.584900	0.000000	0.000000	3.750000	1086.850220	-1152.671875
47	-752.165100	-749.604370	-95.490387	-115.678070	0.000000	0.000000	3.750000	535.746216	884.722168
48	247.551437	-669.960999	48.053818	-133.621826	0.000000	0.000000	3.750000	-320.123688	1133.119263
49	935.654968	370.137634	138.684326	51.678379	0.000000	0.000000	3.750000	-1248.558472	-413.486053
50	-182.240631	164.656097	-116.693169	41.931786	0.000000	0.000000	3.750000	205.304382	-30.135242
51	93.778030	-809.796143	18.114464	-118.624802	0.000000	0.000000	3.750000	-85.725357	1126.350220
52	-109.859764	915.437500	-21.729134	140.327591	0.000000	0.000000	3.750000	182.935745	-1491.592407
53	-561.030884	-785.080566	-90.901619	-101.157562	0.000000	0.000000	3.750000	889.347900	825.973999
54	-823.232788	468.827820	-118.847000	61.897606	0.000000	0.000000	3.750000	1123.857422	-402.900574
55	-361.684875	428.144318	-55.483879	126.354797	0.000000	0.000000	3.750000	103.940964	-202.273453
56	-215.380157	-582.845337	-28.953663	-116.454559	0.000000	0.000000	3.750000	164.913864	890.794800
57	778.730103	-543.478577	106.296295	-84.835678	0.000000	0.000000	3.750000	-579.171021	478.843689
58	900.373291	496.867920	140.639374	62.741653	0.000000	0.000000	3.750000	-1117.948486	-382.225037
59	-321.683472	432.577881	-95.986938	101.914169	0.000000	0.000000	3.750000	405.442230	-456.677521
60	-892.344299	-96.185951	-135.919647	-33.552872	0.000000	0.000000	3.750000	1247.665771	184.358307
61	-167.054901	-524.724121	-41.945511	-144.015274	0.000000	0.000000	3.750000	125.966957	694.205994
62	-460.223724	36.563370	-135.312256	27.101795	0.000000	0.000000	3.750000	912.246033	-260.464966
63	-433.969604	657.780396	-66.556717	118.601013	0.000000	0.000000	3.750000	446.224976	-842.604858
64	108.881500	-447.446045	64.970306	-100.890091	0.000000	0.000000	3.750000	-363.814667	679.015381
65	59.001713	-567.354248	20.684261	-112.107727	0.000000	0.000000	3.750000	-110.475761	1016.607849
66	500.552216	-622.206116	83.735214	-99.439537	0.000000	0.000000	3.750000	-417.378326	740.776917
67	-800.391724	-462.459839	-120.121445	-79.415604	0.000000	0.000000	3.750000	942.133484	591.722717
68	-698.689331	-540.294312	-105.337036	-79.549149	0.000000	0.000000	3.750000	920.793030	563.957458
69	-426.275055	-626.475220	-56.448421	-108.155312	0.000000	0.000000	3.750000	393.811920	898.285583
70	746.814697	430.790955	129.368439	53.514389	0.000000	0.000000	3.750000	-1100.334229	-387.802429
71	363.239319	-239.255005	91.200661	-41.017410	0.000000	0.000000	3.750000	-862.854004	340.381836
72	382.344086	407.729553	90.881882	75.262756	0.000000	0.000000	3.750000	-333.095276	-328.692719
73	0.531948	611.045593	13.120440	147.416229	0.000000	0.000000	3.750000	-88.254288	-451.449951
74	0.083344	538.079224	-15.480239	118.997299	0.000000	0.000000	3.750000	136.416550	-832.702881
75	-87.964828	-119.787354	-129.787598	-2.759276	0.000000	0.000000	3.750000	51.132809	17.002167
76	-537.648987	711.718506	-88.613235	125.951096	0.000000	0.000000	3.750000	536.099121	-839.163330
77	294.146454	-154.875183	127.964668	-2.952879	0.000000	0.000000	3.750000	-264.237701	-10.876102
78	-135.270935	-716.737915	-18.815094	-112.436539	0.000000	0.000000	3.750000	113.863380	1172.868286
79	-210.305450	-753.355774	-31.902378	-126.024658	0.000000	0.000000	3.750000	180.242783	929.388550
80	-209.208679	710.322510	-48.713257	98.625443	0.000000	0.000000	3.750000	409.742188	-1202.573975
81	-456.670685	-595.496399	-68.941116	-85.715088	0.000000	0.000000	3.750000	545.153137	900.766479
82	-580.144775	-425.320740	-94.234039	-67.645554	0.000000	0.000000	3.750000	778.637512	459.698547
83	-274.659912	-416.079773	-71.676651	-93.735764	0.000000	0.000000	3.750000	559.791382	574.547607
84	-175.926697	39.509426	-90.870094	84.371231	0.000000	0.000000	3.750000	196.112045	-149.307175
85	-318.190216	-268.446869	-111.829323	-73.824570	0.000000	0.000000	3.750000	587.163208	300.440033
86	-428.297119	-559.949219	-67.603821	-103.950058	0.000000	0.000000	3.750000	399.788239	913.900085
87	339.611084	-808.227356	66.294998	-130.080551	0.000000	0.000000	3.750000	-206.890701	542.986328
88	663.923584	-410.895630	108.775360	-71.187637	0.000000	0.000000	3.750000	-859.497803	340.730927
89	423.173889	-222.063568	89.918320	-48.152771	0.000000	0.000000	3.750000	-660.497864	325.384521
90	-798.083008	-421.589233	-139.641235	-82.123520	0.000000	0.000000	3.750000	529.997864	259.304871
91	511.267151	-222.123428	123.602173	-56.731804	0.000000	0.000000	3.750000	-713.273621	301.890839
92	-621.743652	120.607437	-128.561096	19.287861	0.000000	0.000000	3.750000	551.573364	-90.214371
93	595.658875	28.935535	148.351624	22.176311	0.000000	0.000000	3.750000	-1043.131226	-181.111984
94	-23.191977	-468.805664	23.778482	-115.578873	0.000000	0.000000	3.750000	-35.690445	674.390808
95	97.429268	687.111877	47.760704	129.470917	0.000000	0.000000	3.750000	-358.261139	-690.190186
96	-702.455139	489.512329	-109.725204	96.313942	0.000000	0.000000	3.750000	504.325043	-408.060852
97	732.042542	-317.144958	132.739288	-60.796288	0.000000	0.000000	3.750000	-827.898438	285.914276
98	697.607544	-583.199402	106.203979	-71.447281	0.000000	0.000000	3.750000	-591.738708	339.229706
99	-14.830448	36.058350	42.280746	-94.997864	0.000000	0.000000	3.750000	47.937702	210.016083
100	352.675934	738.937134	78.971275	115.600449	0.000000	0.000000	3.750000	-462.315735	-862.506836
101	354.213074	-657.888977	54.177074	-93.428040	0.000000	0.000000	3.750000	-405.911530	1019.702148
102	891.832764	53.354584	143.899368	5.380459	0.000000	0.000000	3.750000	-1267.156616	14.423351
103	-773.272278	595.838989	-107.033539	87.107956	0.000000	0.000000	3.750000	947.643066	-655.267944
104	467.098022	787.200806	88.099289	121.402191	0.000000	0.000000	3.750000	-833.552551	-1283.099243
105	-545.549683	644.493530	-80.636566	99.406876	0.000000	0.000000	3.750000	592.633972	-825.040161
106	-672.799805	-846.312134	-87.270706	-117.045181	0.000000	0.000000	3.750000	444.536774	980.151672
107	-614.207397	-386.457520	-100.769684	-82.130547	0.000000	0.000000	3.750000	661.014954	442.844971
108	47.128002	-666.063843	21.239422	-120.136749	0.000000	0.000000	3.750000	-68.735756	891.138977
109	554.773438	-621.355896	85.019905	-95.684631	0.000000	0.000000	3.750000	-696.763428	989.900085
110	-551.707642	-168.518082	-146.687592	-39.833702	0.000000	0.000000	3.750000	512.507202	124.904266
111	662.547729	-48.218513	113.999817	0.202566	0.000000	0.000000	3.750000	-989.792603	20.803162
112	-564.833496	607.143433	-83.140289	97.322617	0.000000	0.000000	3.750000	561.874634	-673.319214
113	565.547180	-490.213684	97.335114	-89.160538	0.000000	0.000000	3.750000	-812.430359	439.413330
114	-956.801453	-80.773521	-133.106628	-36.421600	0.000000	0.000000	3.750000	1248.709229	180.967560
115	265.387756	420.123260	65.889595	143.602753	0.000000	0.000000	3.750000	-350.597015	-463.637360
116	-519.918518	99.239662	-121.161751	-41.274761	0.000000	0.000000	3.750000	637.163879	92.671974
117	525.338074	-658.055237	98.191208	-113.392403	0.000000	0.000000	3.750000	-272.425232	549.211975
118	671.649658	508.122894	96.617798	71.168808	0.000000	0.000000	3.750000	-877.056641	-658.721375
119	-827.195862	379.752350	-131.410767	58.882378	0.000000	0.000000	3.750000	1117.611206	-364.829712
120	306.636627	-299.437073	73.527870	-94.834732	0.000000	0.000000	3.750000	-374.733795	553.324158
121	106.538696	483.767395	26.447430	121.146500	0.000000	0.000000	3.750000	-170.987717	-1377.394287
122	-467.377075	637.985352	-76.737610	107.402451	0.000000	0.000000	3.750000	453.836914	-751.171631
123	-748.327271	649.541260	-106.391541	97.040405	0.000000	0.000000	3.750000	611.063477	-560.402039
124	632.608459	745.111206	85.613159	100.470627	0.000000	0.000000	3.750000	-616.793823	-900.045898
125	886.992554	-544.057617	116.402206	-77.785034	0.000000	0.000000	3.750000	-684.830750	377.537994
126	-245.924896	828.418823	-37.225582	134.960205	0.000000	0.000000	3.750000	283.590637	-1031.933594
127	234.368744	116.837326	114.159637	57.886192	0.000000	0.000000	3.750000	-347.967773	-309.953369
128	433.481018	-57.531528	125.966385	-2.909017	0.000000	0.000000	3.750000	-680.710510	-12.070825
129	498.768982	552.455627	84.774178	90.494522	0.000000	0.000000	3.750000	-458.175232	-624.861572
130	537.136047	-9.630186	105.830948	-29.996746	0.000000	0.000000	3.750000	-596.165161	163.231903
131	56.316147	-867.972717	18.631767	-146.822083	0.000000	0.000000	3.750000	-2.901716	1137.045898
132	490.675018	-387.343750	115.249603	-72.204750	0.000000	0.000000	3.750000	-623.267395	418.661255
133	-356.744263	467.127380	-95.008095	97.310730	0.000000	0.000000	3.750000	483.054199	-405.551697
134	-673.737793	-177.084320	-113.996483	-43.457115	0.000000	0.000000	3.750000	785.965942	100.702042
135	-162.018494	490.384705	-37.762161	128.543762	0.000000	0.000000	3.750000	76.449051	-89.378983
136	237.701355	828.125244	31.737034	132.245087	0.000000	0.000000	3.750000	-166.590302	-740.785339
137	23.414967	773.361877	37.498375	116.093864	0.000000	0.000000	3.750000	-123.662308	-527.689209
138	427.830872	544.245544	102.534271	83.130310	0.000000	0.000000	3.750000	-476.725555	-314.602112
139	322.825104	288.864685	89.997795	52.119022	0.000000	0.000000	3.750000	-535.622131	-341.317993
140	182.150543	648.277100	77.913155	123.469109	0.000000	0.000000	3.750000	-438.178223	-436.886078
141	509.481476	-876.477905	83.480141	-119.779236	0.000000	0.000000	3.750000	-538.975037	839.804688
142	366.322418	-67.419136	113.876556	-5.290133	0.000000	0.000000	3.750000	-213.578171	44.397278
143	207.771973	46.562748	117.645493	9.004979	0.000000	0.000000	3.750000	-51.607220	-58.537960
144	832.591797	-183.186874	135.600189	-25.621960	0.000000	0.000000	3.750000	-1139.138794	72.474861
145	-451.103088	588.963379	-66.090515	118.861389	0.000000	0.000000	3.750000	462.615540	-765.948914
146	424.165771	510.106201	74.389084	89.006943	0.000000	0.000000	3.750000	-554.359497	-797.027710
147	766.187622	217.602386	129.714188	33.618828	0.000000	0.000000	3.750000	-945.996704	-257.437469
148	-535.351135	-430.100891	-83.882591	-77.198029	0.000000	0.000000	3.750000	642.913696	374.944672
149	-224.240417	-383.674713	-91.943848	-108.208755	0.000000	0.000000	3.750000	274.281494	185.412659
150	-21.831432	325.987610	25.563301	119.290894	0.000000	0.000000	3.750000	-33.895409	-520.109131
151	-712.426147	-428.342529	-98.599792	-81.621391	0.000000	0.000000	3.750000	859.737976	591.587158
152	397.710785	334.707794	90.526382	90.492767	0.000000	0.000000	3.750000	-514.057129	-599.638184
153	-758.698608	3.306231	-129.813354	6.963614	0.000000	0.000000	3.750000	1085.317749	-85.348457
154	-69.356201	632.722473	-12.026062	127.433502	0.000000	0.000000	3.750000	133.017807	-670.547241
155	-399.743744	-409.251678	-63.442406	-72.048889	0.000000	0.000000	3.750000	605.903931	562.616150
156	182.512787	877.413147	26.381077	129.336700	0.000000	0.000000	3.750000	-106.344193	-1021.502136
157	-606.584351	-283.299438	-120.877991	-66.576378	0.000000	0.000000	3.750000	839.427124	325.481018
158	-86.697601	656.069092	-5.391770	135.892670	0.000000	0.000000	3.750000	116.796982	-820.499146
159	513.275635	-5.279041	107.647141	-8.719154	0.000000	0.000000	3.750000	-670.603149	-39.345409
160	-551.613098	-644.693481	-81.631653	-98.590904	0.000000	0.000000	3.750000	656.750122	599.855164
161	-290.180359	-847.643860	-44.762589	-119.917587	0.000000	0.000000	3.750000	222.517975	983.403198
162	-780.974670	-363.211761	-107.575806	-57.544479	0.000000	0.000000	3.750000	1074.399292	372.932953
163	173.722534	-658.375366	48.644897	-137.657806	0.000000	0.000000	3.750000	-296.407959	899.584534
164	-214.930023	884.598206	-20.387779	134.462952	0.000000	0.000000	3.750000	60.651344	-848.537964
165	-54.226624	1030.647461	-7.873273	155.801147	0.000000	0.000000	3.750000	101.064514	-1260.709106
166	377.972839	108.325912	123.543205	51.888260	0.000000	0.000000	3.750000	-396.580536	-286.937592
167	-741.545105	59.730030	-143.018341	-29.354361	0.000000	0.000000	3.750000	838.747253	87.152763
168	-308.404694	-546.624146	-89.180344	-127.992966	0.000000	0.000000	3.750000	459.703644	428.381744
169	710.302795	514.821228	106.762039	66.916817	0.000000	0.000000	3.750000	-922.392639	-518.259338
170	-759.856934	-757.612610	-116.529556	-100.681221	0.000000	0.000000	3.750000	1043.993774	644.946472
171	763.175171	288.353119	125.506363	52.383736	0.000000	0.000000	3.750000	-1048.464355	-299.849823
172	-682.510132	-691.511719	-93.809692	-103.921593	0.000000	0.000000	3.750000	1089.871704	964.306641
173	872.263062	268.102142	140.206818	32.833366	0.000000	0.000000	3.750000	-1125.140869	-203.301575
174	524.654968	559.774353	87.307739	73.303177	0.000000	0.000000	3.750000	-664.592102	-592.099548
175	-697.785522	-649.901062	-92.243149	-94.419952	0.000000	0.000000	3.750000	932.602966	735.332275
176	736.077759	-55.553909	107.547623	-23.097786	0.000000	0.000000	3.750000	-848.957153	174.087646
177	-746.768921	816.154297	-98.934608	107.368225	0.000000	0.000000	3.750000	807.389648	-828.845215
178	340.006439	156.820648	67.385864	99.292923	0.000000	0.000000	3.750000	-308.383301	-534.759216
179	-597.647095	-713.150269	-86.926300	-101.979485	0.000000	0.000000	3.750000	987.008728	1131.382324
180	239.657562	389.773621	114.013428	87.927979	0.000000	0.000000	3.750000	-96.453621	-101.689285
181	-766.997742	-232.258057	-120.286316	-43.761127	0.000000	0.000000	3.750000	1168.825806	186.479095
182	-520.739258	-279.653381	-92.727211	-85.307922	0.000000	0.000000	3.750000	859.202576	493.901550
183	485.162598	54.501331	141.999329	0.422534	0.000000	0.000000	3.750000	-646.508667	-28.304024
184	-242.648621	395.741211	-39.372780	138.510361	0.000000	0.000000	3.750000	258.308044	-441.585449
185	-379.598328	-4.172672	-109.851036	5.717183	0.000000	0.000000	3.750000	650.092285	37.065937
186	558.934509	-607.085022	104.039291	-90.662811	0.000000	0.000000	3.750000	-755.839111	543.660828
187	-633.733948	818.360962	-77.714760	116.449203	0.000000	0.000000	3.750000	527.892822	-846.034973
188	-384.058472	-458.394592	-70.109924	-104.692879	0.000000	0.000000	3.750000	442.925232	688.425293
189	144.718628	-537.980347	28.992523	-114.382828	0.000000	0.000000	3.750000	-76.665016	442.356903
190	842.129150	177.115158	120.795433	42.336620	0.000000	0.000000	3.750000	-947.108398	-210.855164
191	-470.206848	934.058533	-71.554398	122.653366	0.000000	0.000000	3.750000	330.937683	-798.043457
192	-700.199829	-344.790283	-108.889038	-45.463493	0.000000	0.000000	3.750000	942.349731	139.948242
193	749.801147	431.457336	118.420349	62.710594	0.000000	0.000000	3.750000	-604.596558	-291.332001
194	-786.544006	-665.536926	-95.861893	-93.629578	0.000000	0.000000	3.750000	984.158386	902.679688
195	537.042114	307.178223	124.642097	72.113388	0.000000	0.000000	3.750000	-634.281677	-332.316895
196	307.275818	657.659180	53.572823	129.343811	0.000000	0.000000	3.750000	-414.550354	-748.878540
197	720.428345	611.895447	105.838959	68.367401	0.000000	0.000000	3.750000	-1118.181152	-623.362000
198	-821.235535	319.575958	-111.679199	62.543121	0.000000	0.000000	3.750000	1154.752930	-419.241302
199	-234.449417	-97.191185	-132.996826	-16.365803	0.000000	0.000000	3.750000	506.011993	47.529976
200	-43.598885	80.998787	-21.479355	93.565613	0.000000	0.000000	3.750000	80.147774	-211.009171
201	889.639038	-338.965637	135.190399	-49.593819	0.000000	0.000000	3.750000	-1111.676636	360.885468
202	606.557861	-726.321716	110.506058	-118.456734	0.000000	0.000000	3.750000	-476.311920	723.911194
203	-346.317871	-773.831787	-64.149857	-126.683167	0.000000	0.000000	3.750000	243.487579	733.792114
204	-206.083099	676.563049	-44.915100	115.579514	0.000000	0.000000	3.750000	268.791443	-794.885559
205	-576.011536	-231.307678	-128.281845	-77.740326	0.000000	0.000000	3.750000	834.847778	358.541077
206	-56.969463	-56.124023	115.622681	-23.383507	0.000000	0.000000	3.750000	28.377096	-118.062851
207	-397.394928	127.854759	-95.280060	58.870224	0.000000	0.000000	3.750000	456.768494	-273.157776
208	520.711426	-534.479492	101.986374	-101.659592	0.000000	0.000000	3.750000	-182.920807	186.633987
209	-388.432678	628.199341	-58.085194	118.533157	0.000000	0.000000	3.750000	383.136414	-777.363342
210	-496.123474	-578.029785	-75.069397	-103.675301	0.000000	0.000000	3.750000	500.391174	814.737488
211	43.401009	637.282715	-3.745423	119.941513	0.000000	0.000000	3.750000	56.550552	-840.356018
212	715.805664	-50.005722	119.934288	-3.970617	0.000000	0.000000	3.750000	-973.309082	26.012878
213	306.992828	766.263000	43.491234	118.256096	0.000000	0.000000	3.750000	-333.767334	-1041.461304
214	-407.258331	-877.631714	-62.381649	-123.095337	0.000000	0.000000	3.750000	430.214325	1172.439941
215	-117.950119	395.511230	-24.185301	137.894028	0.000000	0.000000	3.750000	210.565994	-578.600464
216	170.558716	-181.849106	151.290588	-72.950668	0.000000	0.000000	3.750000	-33.545219	156.904358
217	-866.076294	-87.720505	-141.381897	-27.333397	0.000000	0.000000	3.750000	1188.536743	130.751053
218	135.245300	-474.332947	83.699554	-107.176620	0.000000	0.000000	3.750000	-118.897408	112.702187
219	-113.869431	958.858643	-0.168173	145.999893	0.000000	0.000000	3.750000	22.072132	-1185.742065
220	-498.243896	301.529297	-87.117455	73.525208	0.000000	0.000000	3.750000	286.856384	-140.010635
221	-143.407532	410.986145	-66.851173	99.651802	0.000000	0.000000	3.750000	282.413879	-285.247925
222	-609.231018	89.778786	-126.701691	59.552822	0.000000	0.000000	3.750000	657.294617	-398.423187
223	-148.466797	-702.970764	-34.398724	-137.770355	0.000000	0.000000	3.750000	168.687027	945.250061
224	622.434937	518.485718	113.982773	81.288528	0.000000	0.000000	3.750000	-667.003357	-380.405396
225	720.331482	-864.350830	95.389519	-118.340736	0.000000	0.000000	3.750000	-242.308289	326.382843
226	480.272125	-159.953049	109.909546	-42.939705	0.000000	0.000000	3.750000	-736.332642	186.846725
227	630.812622	733.778381	119.484436	87.335327	0.000000	0.000000	3.750000	-719.464478	-499.483185
228	664.753540	157.832581	142.962280	29.627224	0.000000	0.000000	3.750000	-888.649231	-222.888611
229	438.124023	-604.434998	66.912628	-99.612534	0.000000	0.000000	3.750000	-379.699615	740.238525
230	-26.706059	-594.624695	39.890625	-146.672165	0.000000	0.000000	3.750000	-245.963501	1067.510986
231	526.150085	-569.910095	98.523758	-99.463661	0.000000	0.000000	3.750000	-524.947815	441.248962
232	146.703995	633.226074	53.491772	102.930130	0.000000	0.000000	3.750000	-438.234680	-731.623779
233	152.370880	-321.468445	49.698635	-107.015556	0.000000	0.000000	3.750000	5.232097	433.028748
234	-650.122437	-687.559509	-85.477684	-113.390869	0.000000	0.000000	3.750000	380.073212	463.054871
235	-316.345337	-130.736191	-116.747528	-57.183922	0.000000	0.000000	3.750000	632.416382	290.330505
236	546.576904	174.615860	120.293503	43.743202	0.000000	0.000000	3.750000	-793.173950	-259.995087
237	-454.086578	-559.660461	-75.366051	-93.380692	0.000000	0.000000	3.750000	629.015076	833.978271
238	-415.777008	171.626617	-120.262131	20.515308	0.000000	0.000000	3.750000	531.841675	-19.495619
239	-608.396973	-703.006592	-83.204147	-97.267944	0.000000	0.000000	3.750000	568.677490	597.199524
240	-491.336578	-776.939392	-52.522408	-114.530853	0.000000	0.000000	3.750000	345.915894	1194.160889
241	-670.942627	-618.291748	-90.993210	-87.155884	0.000000	0.000000	3.750000	872.705444	599.191589
242	-237.346512	691.140442	-27.806446	102.287819	0.000000	0.000000	3.750000	243.925385	-1040.640259
243	873.881897	-469.071991	124.356857	-87.402405	0.000000	0.000000	3.750000	-1092.232666	536.346985
244	61.541908	384.638336	46.909622	129.781601	0.000000	0.000000	3.750000	-77.563873	-370.091614
245	-357.082092	-617.184326	-61.949944	-121.070923	0.000000	0.000000	3.750000	364.029510	875.314209
246	817.873413	-766.070923	116.952911	-106.235641	0.000000	0.000000	3.750000	-897.217712	864.383850
247	-397.380432	154.449234	-125.421257	62.202198	0.000000	0.000000	3.750000	506.672394	-142.750748
248	848.581055	667.693848	111.182037	91.512581	0.000000	0.000000	3.750000	-840.972534	-690.206848
249	589.018738	-485.053284	94.534927	-73.912979	0.000000	0.000000	3.750000	-1222.109741	823.744141
250	680.471252	-522.379456	104.484901	-62.982441	0.000000	0.000000	3.750000	-1101.783325	398.915802
251	97.052155	694.832764	30.247414	124.374817	0.000000	0.000000	3.750000	-170.212723	-732.275330
252	502.918488	287.469116	93.567993	68.564056	0.000000	0.000000	3.750000	-699.538452	-540.749146
253	661.394104	-667.805542	86.651093	-91.474518	0.000000	0.000000	3.750000	-777.659119	786.787476
254	-410.475891	-947.279541	-67.773544	-147.141083	0.000000	0.000000	3.750000	293.083038	1062.217529
255	-793.367676	124.881683	-140.682037	19.294552	0.000000	0.000000	3.750000	615.097717	-20.146734
256	-789.897461	-380.673065	-110.707710	-64.247803	0.000000	0.000000	3.750000	959.926819	466.676270
257	260.202637	-253.100327	120.186226	-75.618851	0.000000	0.000000	3.750000	-248.132950	281.535858
258	-422.154358	138.103271	-136.529556	30.977161	0.000000	0.000000	3.750000	1191.425903	-148.499832
259	36.603989	346.687866	47.823021	116.571640	0.000000	0.000000	3.750000	-270.782623	-601.304688
260	-508.965973	508.362946	-53.314987	86.956940	0.000000	0.000000	3.750000	358.199646	-641.872559
261	649.781433	-641.903381	103.554436	-88.161636	0.000000	0.000000	3.750000	-832.156067	672.481628
262	-796.059448	-407.151062	-116.180344	-70.697388	0.000000	0.000000	3.750000	930.020752	511.154694
263	370.250702	-708.172363	55.027283	-104.383888	0.000000	0.000000	3.750000	-323.094788	578.650208
264	-809.362305	231.212830	-124.660378	49.150307	0.000000	0.000000	3.750000	851.953308	-269.588074
265	-471.499176	-649.307495	-72.520233	-100.582306	0.000000	0.000000	3.750000	623.472473	989.963745
266	614.980591	431.310181	92.251976	82.857895	0.000000	0.000000	3.750000	-536.645996	-658.955566
267	803.736450	261.507996	117.971947	44.255577	0.000000	0.000000	3.750000	-1021.288879	-254.986465
268	47.331264	612.831055	13.453402	103.126114	0.000000	0.000000	3.750000	-52.122002	-778.144714
269	300.729858	630.990845	70.912369	96.805969	0.000000	0.000000	3.750000	-438.227753	-743.679565
270	768.810181	624.639282	104.323479	99.260239	0.000000	0.000000	3.750000	-700.943481	-751.487549
271	-188.359329	813.817505	-36.902622	132.974411	0.000000	0.000000	3.750000	603.168579	-2315.778320
272	-589.116760	-698.666626	-77.954620	-88.583694	0.000000	0.000000	3.750000	679.558899	690.966797
273	-215.060059	-182.571243	-105.532425	-106.592918	0.000000	0.000000	3.750000	523.180176	295.671936
274	57.523136	854.065002	30.671165	122.209923	0.000000	0.000000	3.750000	-368.342957	-1821.954346
275	-1025.254639	907.103027	-146.458069	127.223793	0.000000	0.000000	3.750000	849.365723	-601.248230
276	568.130676	-824.418457	81.006561	-106.742142	0.000000	0.000000	3.750000	-577.427063	986.977417
277	654.396667	624.228638	87.816010	75.791435	0.000000	0.000000	3.750000	-882.378967	-688.422913
278	-433.810486	465.859619	-109.197731	99.898834	0.000000	0.000000	3.750000	755.572998	-574.452820
279	921.626709	-198.875107	132.104797	-32.315430	0.000000	0.000000	3.750000	-1400.891724	222.786835
280	-211.901764	-475.117584	-50.262451	-119.890129	0.000000	0.000000	3.750000	210.758118	657.154785
281	-13.072441	-440.650726	4.212962	-127.930550	0.000000	0.000000	3.750000	-31.730169	547.011108
282	-765.044067	-34.100914	-119.692612	-8.581107	0.000000	0.000000	3.750000	1093.271973	-37.343185
283	746.589844	255.222961	142.334427	21.838236	0.000000	0.000000	3.750000	-1039.600586	-144.429901
284	-457.470428	443.516449	-107.143921	83.762558	0.000000	0.000000	3.750000	455.562164	-321.664948
285	-195.438766	-335.133972	-36.245449	-93.200050	0.000000	0.000000	3.750000	153.741699	457.477081
286	73.258484	544.827026	3.891014	135.941696	0.000000	0.000000	3.750000	83.826225	-446.216095
287	-708.061157	357.633423	-127.969696	39.746185	0.000000	0.000000	3.750000	838.788879	-269.639069
288	626.549561	-14.539106	139.282562	-14.155135	0.000000	0.000000	3.750000	-1401.652832	156.881180
289	757.809570	-143.246689	124.349197	-20.327614	0.000000	0.000000	3.750000	-919.335205	42.054470
290	-207.719788	-728.390625	-22.179569	-111.821510	0.000000	0.000000	3.750000	116.070831	902.584290
291	-324.741364	-397.392029	-92.976700	-93.696915	0.000000	0.000000	3.750000	586.128784	396.241119
292	-930.759033	-411.693298	-128.443115	-65.099319	0.000000	0.000000	3.750000	1194.023804	260.523438
293	-467.709198	-311.686646	-96.551575	-64.294312	0.000000	0.000000	3.750000	596.562622	316.259003
294	982.661926	-547.774780	122.460541	-79.492188	0.000000	0.000000	3.750000	-722.438965	269.354370
295	267.167084	-319.937317	113.143059	-79.007057	0.000000	0.000000	3.750000	-345.490540	367.742126
296	-188.966187	-778.728943	-50.415062	-126.310326	0.000000	0.000000	3.750000	280.327728	804.849243
297	212.051926	-186.686310	63.418221	-74.706718	0.000000	0.000000	3.750000	-10.909693	179.028839
298	354.911560	37.961964	151.593689	-11.053041	0.000000	0.000000	3.750000	-324.186035	115.623497
299	679.904663	807.417480	94.015930	101.019455	0.000000	0.000000	3.750000	-688.860718	-1006.355103
300	-805.744019	-208.229828	-134.331116	-57.193451	0.000000	0.000000	3.750000	1005.106995	317.441589
301	-426.637115	269.528076	-102.032562	46.188248	0.000000	0.000000	3.750000	475.845184	-223.606888
302	-695.651978	-218.983337	-115.247375	-45.759079	0.000000	0.000000	3.750000	818.176453	170.573715
303	-313.609833	736.921875	-57.880798	98.213081	0.000000	0.000000	3.750000	217.100494	-475.639526
304	605.436157	-497.426575	88.650558	-92.330978	0.000000	0.000000	3.750000	-450.046631	507.491913
305	-316.075439	-669.029541	-71.902611	-140.684692	0.000000	0.000000	3.750000	152.111771	247.473633
306	-691.803711	231.442322	-126.778000	59.389481	0.000000	0.000000	3.750000	664.592224	-473.556549
307	-155.702042	-350.205383	-3.836373	-117.937614	0.000000	0.000000	3.750000	41.789986	673.015564
308	713.399170	257.060120	108.639359	50.964958	0.000000	0.000000	3.750000	-844.013611	-282.713043
309	205.407776	806.438538	19.393826	142.687988	0.000000	0.000000	3.750000	-78.777916	-961.032349
310	594.737549	-554.283936	105.655670	-75.741142	0.000000	0.000000	3.750000	-875.217834	424.817169
311	-333.781128	-549.800415	-75.558449	-88.015762	0.000000	0.000000	3.750000	557.343140	436.180511
312	-180.305008	877.513062	-27.054253	141.435730	0.000000	0.000000	3.750000	206.895355	-1037.680298
313	179.704437	-757.179504	36.688431	-118.448105	0.000000	0.000000	3.750000	-344.586548	1349.626343
314	-283.485657	220.488281	-107.642418	61.548702	0.000000	0.000000	3.750000	506.117798	-132.884094
315	-720.073730	4.815142	-119.975815	-2.392303	0.000000	0.000000	3.750000	1006.148010	-108.569046
316	642.820679	-304.591797	94.302750	-52.639866	0.000000	0.000000	3.750000	-804.024170	337.690643
317	-633.629639	-759.366333	-87.153366	-109.563843	0.000000	0.000000	3.750000	608.056702	956.515808
318	194.136459	-204.142258	77.641647	-91.495766	0.000000	0.000000	3.750000	-183.785980	374.046173
319	899.110596	-169.628647	142.046814	-23.634962	0.000000	0.000000	3.750000	-1123.900635	69.391617
320	7.554343	-307.792419	29.535885	-116.299622	0.000000	0.000000	3.750000	67.940376	287.661011
321	431.520935	527.407837	77.108971	137.904755	0.000000	0.000000	3.750000	-461.503967	-565.559204
322	667.712646	-531.534180	90.458504	-72.617203	0.000000	0.000000	3.750000	-823.758118	658.306213
323	-849.384216	620.610840	-111.037178	81.943169	0.000000	0.000000	3.750000	1054.142822	-592.829773
324	623.220825	363.954163	139.065796	28.717482	0.000000	0.000000	3.750000	-835.063782	-203.452972
325	450.740967	364.510010	107.898819	76.038216	0.000000	0.000000	3.750000	-585.120361	-370.985260
326	477.100769	-633.505859	62.040627	-93.246582	0.000000	0.000000	3.750000	-688.422668	1323.937378
327	736.181274	-411.934021	108.731903	-67.537216	0.000000	0.000000	3.750000	-1085.885498	463.515869
328	848.435303	161.623077	146.630127	20.089924	0.000000	0.000000	3.750000	-1074.122437	-139.918503
329	-446.482666	-540.270142	-93.671204	-109.367699	0.000000	0.000000	3.750000	473.610413	362.299255
330	-675.823242	-65.814415	-127.458130	-41.355515	0.000000	0.000000	3.750000	914.854370	145.465134
331	324.150513	-660.740417	59.720253	-97.105568	0.000000	0.000000	3.750000	-338.628876	596.275513
332	251.117279	792.092529	50.433434	137.012344	0.000000	0.000000	3.750000	-397.104492	-839.231323
333	-853.165466	-408.372498	-122.416138	-71.959839	0.000000	0.000000	3.750000	963.162537	429.397125
334	-524.305725	-852.060425	-67.835724	-133.784576	0.000000	0.000000	3.750000	427.083679	846.212646
335	241.181335	596.465637	61.589622	109.921295	0.000000	0.000000	3.750000	-462.657898	-714.383362
336	-314.070312	-388.595337	-76.347778	-105.218674	0.000000	0.000000	3.750000	316.101227	361.858734
337	243.246597	-307.108368	42.482273	-103.621506	0.000000	0.000000	3.750000	38.962860	335.091309
338	-118.489311	143.979431	-64.854546	114.968369	0.000000	0.000000	3.750000	123.728836	-170.161636
339	-450.617615	-329.559814	-110.670898	-79.043701	0.000000	0.000000	3.750000	962.375671	562.369202
340	-669.906616	827.639771	-87.775055	114.155548	0.000000	0.000000	3.750000	667.574768	-770.679626
341	595.233398	655.267578	81.253036	79.961975	0.000000	0.000000	3.750000	-729.170288	-914.743042
342	758.788086	669.758423	102.358551	80.141029	0.000000	0.000000	3.750000	-810.032593	-423.110413
343	-440.109070	741.649536	-72.884132	97.836090	0.000000	0.000000	3.750000	552.164551	-782.111816
344	-96.221375	-113.697556	-139.729126	23.157177	0.000000	0.000000	3.750000	21.791426	-18.270323
345	-581.547729	273.417786	-117.301483	33.526947	0.000000	0.000000	3.750000	375.331757	-40.768723
346	597.458740	684.382080	76.746101	94.836678	0.000000	0.000000	3.750000	-613.293762	-991.251953
347	242.341782	134.056732	126.333885	30.557838	0.000000	0.000000	3.750000	-46.334988	-100.609619
348	610.336914	516.333435	119.471596	72.983086	0.000000	0.000000	3.750000	-1100.959473	-632.889954
349	434.417816	-669.039307	80.223099	-99.739700	0.000000	0.000000	3.750000	-349.285736	723.188904
350	547.926697	-27.421381	146.920624	-17.838322	0.000000	0.000000	3.750000	-778.871948	8.871942
351	1042.228027	-533.934937	122.601738	-93.192215	0.000000	0.000000	3.750000	-1193.083496	796.362854
352	504.681519	195.590637	130.802704	17.735710	0.000000	0.000000	3.750000	-662.985291	-159.920395
353	-127.564484	-454.868652	-13.976266	-131.257690	0.000000	0.000000	3.750000	116.762260	567.717529
354	-802.786743	446.345673	-143.485580	61.219994	0.000000	0.000000	3.750000	1246.139404	-530.259521
355	-199.171631	-500.188599	8.444139	-143.751862	0.000000	0.000000	3.750000	17.109411	603.713745
356	92.796875	-7.432717	135.711273	-25.023857	0.000000	0.000000	3.750000	-25.154871	-1.662005
357	-446.038513	183.872330	-101.362808	42.726639	0.000000	0.000000	3.750000	485.498169	-163.201904
358	-118.626976	-223.802673	-83.238708	-51.722130	0.000000	0.000000	3.750000	345.080078	153.915207
359	268.204559	554.185120	13.984730	143.319260	0.000000	0.000000	3.750000	-48.720478	-855.990723
360	751.988586	387.184906	114.008163	62.466942	0.000000	0.000000	3.750000	-941.543762	-434.099152
361	-250.672943	401.517212	-36.246490	120.672684	0.000000	0.000000	3.750000	6.987535	-246.364777
362	299.005737	-787.994446	59.964134	-130.920029	0.000000	0.000000	3.750000	-237.648499	929.835266
363	-361.480377	175.816345	-128.518967	64.944534	0.000000	0.000000	3.750000	478.726440	-97.705765
364	476.001984	-795.692993	89.827240	-120.128326	0.000000	0.000000	3.750000	-466.117645	929.595093
365	326.350983	82.150414	98.823441	25.252274	0.000000	0.000000	3.750000	-473.198486	-238.733185
366	142.136765	439.487610	62.630814	127.441620	0.000000	0.000000	3.750000	-213.546707	-472.656891
367	222.964569	-189.926498	94.556229	-56.206013	0.000000	0.000000	3.750000	-285.266357	167.023483
368	-543.268250	-632.856567	-83.455009	-99.675629	0.000000	0.000000	3.750000	684.374268	691.104736
369	267.071228	-273.209045	91.616150	-116.234528	0.000000	0.000000	3.750000	-247.460434	297.831451
370	635.797302	-831.418823	103.548233	-113.990150	0.000000	0.000000	3.750000	-639.757996	745.772949
371	213.106155	-179.518250	119.232239	-46.545822	0.000000	0.000000	3.750000	-183.874023	128.884201
372	406.070312	643.058105	39.941643	132.093399	0.000000	0.000000	3.750000	-241.278107	-836.399414
373	-711.263916	693.309326	-85.928406	94.869949	0.000000	0.000000	3.750000	822.343079	-952.059998
374	-476.414581	94.246666	-108.226639	47.021004	0.000000	0.000000	3.750000	554.729553	-193.402939
375	521.809937	-633.753540	107.817429	-107.141930	0.000000	0.000000	3.750000	-578.950623	588.653137
376	-276.867432	-423.777222	-71.467804	-122.703812	0.000000	0.000000	3.750000	224.659302	483.100433
377	-775.710571	-711.077637	-100.489815	-94.581825	0.000000	0.000000	3.750000	960.199341	675.727966
378	-422.330750	-250.270096	-122.551727	-75.610863	0.000000	0.000000	3.750000	1357.727905	671.557434
379	229.692841	-784.423462	30.443699	-118.140335	0.000000	0.000000	3.750000	-163.883850	1053.300781
380	-48.871979	-291.188629	-16.703215	-122.867126	0.000000	0.000000	3.750000	145.565216	346.143921
381	74.431076	-630.570007	25.651402	-113.128189	0.000000	0.000000	3.750000	-133.818878	876.957825
382	-928.302429	-212.189713	-126.852859	-54.333748	0.000000	0.000000	3.750000	1027.736328	234.382477
383	-147.601013	-335.405304	-22.076563	-109.802597	0.000000	0.000000	3.750000	148.353119	567.583984
384	-51.588356	-946.852173	-8.886105	-159.753052	0.000000	0.000000	3.750000	64.937370	1076.537964
385	356.427979	-440.489990	75.120865	-120.494354	0.000000	0.000000	3.750000	-74.049805	427.161469
386	-572.279541	-459.092651	-93.399475	-78.488754	0.000000	0.000000	3.750000	725.323303	474.034241
387	424.707306	349.624664	67.583191	79.047279	0.000000	0.000000	3.750000	-451.199677	-678.347290
388	-757.820923	474.163116	-103.109695	85.582199	0.000000	0.000000	3.750000	1065.537598	-686.172913
389	523.849243	-244.859100	122.086990	-50.187309	0.000000	0.000000	3.750000	-655.372925	252.878525
390	-10.890516	107.821747	-84.969055	103.613953	0.000000	0.000000	3.750000	213.041687	-334.644409
391	166.261093	530.862305	40.594063	125.603027	0.000000	0.000000	3.750000	-81.399292	-327.856262
392	581.087891	173.643372	116.419220	36.476841	0.000000	0.000000	3.750000	-627.938416	-179.585587
393	508.707550	-811.568665	81.926559	-123.255859	0.000000	0.000000	3.750000	-508.275848	911.964172
394	872.237183	-160.206238	127.634048	-24.688845	0.000000	0.000000	3.750000	-1006.117554	139.014603
395	-757.789307	-307.728760	-141.644348	-25.936661	0.000000	0.000000	3.750000	965.272461	27.580637
396	522.149292	279.855011	108.388367	82.145073	0.000000	0.000000	3.750000	-470.466095	-449.252228
397	-61.629208	457.247986	-0.074599	121.999969	0.000000	0.000000	3.750000	-2.155274	-693.996155
398	749.767334	649.809082	94.557152	86.272469	0.000000	0.000000	3.750000	-917.007263	-762.664368
399	-732.411743	-147.642212	-123.769318	-7.551323	0.000000	0.000000	3.750000	1030.429321	-103.363083
400	-725.624023	357.957916	-108.252151	41.682892	0.000000	0.000000	3.750000	996.602051	-315.376129
401	538.167480	-535.350952	97.274475	-95.045517	0.000000	0.000000	3.750000	-594.156555	649.217651
402	648.272583	-46.385708	113.277344	12.815519	0.000000	0.000000	3.750000	-854.733398	-48.711399
403	-760.483521	-641.057007	-91.064919	-89.950943	0.000000	0.000000	3.750000	1107.711426	974.603149
404	-335.816986	572.977722	-49.577583	128.786423	0.000000	0.000000	3.750000	413.312195	-800.599976
405	-219.410309	881.039062	-39.604046	163.201920	0.000000	0.000000	3.750000	34.396309	-133.429260
406	-89.680458	-785.343567	-22.170345	-117.934196	0.000000	0.000000	3.750000	205.476974	1132.704468
407	138.314957	-685.705688	34.784279	-166.403244	0.000000	0.000000	3.750000	-150.044647	832.052795
408	53.780788	-259.788513	66.182312	-104.846268	0.000000	0.000000	3.750000	42.943878	350.392365
409	-671.487549	207.130554	-148.087463	23.873600	0.000000	0.000000	3.750000	1008.874146	-30.669529
410	692.136475	-284.624939	142.301636	-73.145294	0.000000	0.000000	3.750000	-702.022339	380.896240
411	713.601624	9.508217	99.810303	6.152840	0.000000	0.000000	3.750000	-792.016235	53.178875
412	-858.720337	-36.699745	-127.593430	-10.192070	0.000000	0.000000	3.750000	1013.984070	-8.643134
413	-411.592224	-953.296265	-54.649395	-141.835846	0.000000	0.000000	3.750000	284.901794	924.078674
414	-185.854858	-283.954712	-78.881912	-105.821259	0.000000	0.000000	3.750000	33.152927	118.861198
415	-44.488747	-105.653175	54.519699	-137.538361	0.000000	0.000000	3.750000	54.727943	143.600464
416	-780.654297	-323.842590	-124.292007	-55.202942	0.000000	0.000000	3.750000	1243.887817	325.407288
417	392.973145	-969.707764	44.702644	-136.885193	0.000000	0.000000	3.750000	-214.567352	1159.396851
418	790.401062	397.655334	127.186996	67.521790	0.000000	0.000000	3.750000	-522.378479	-189.722778
419	-905.288208	-566.622559	-133.855606	-76.148132	0.000000	0.000000	3.750000	983.703308	385.045380
420	-158.934326	-77.921715	24.594444	-137.518219	0.000000	0.000000	3.750000	137.358170	42.262947
421	-596.619507	561.301514	-79.850014	72.718445	0.000000	0.000000	3.750000	922.855408	-779.107727
422	-55.205803	355.003235	-47.362602	121.062927	0.000000	0.000000	3.750000	210.152710	-349.536560
423	-507.880890	-610.487488	-73.811569	-86.878372	0.000000	0.000000	3.750000	536.796692	645.942017
424	775.985596	-189.534531	120.211990	-30.415058	0.000000	0.000000	3.750000	-1170.707031	269.610870
425	248.656616	368.177521	46.810604	116.981476	0.000000	0.000000	3.750000	-463.706635	-822.826965
426	461.097290	270.790833	142.198853	33.095421	0.000000	0.000000	3.750000	-600.517395	-209.899811
427	-483.315582	694.967651	-85.729919	108.140472	0.000000	0.000000	3.750000	601.003235	-674.843506
428	-939.406982	127.655701	-143.630508	26.195597	0.000000	0.000000	3.750000	1181.219971	-100.502831
429	776.576904	-3.302215	153.636536	-27.052105	0.000000	0.000000	3.750000	-962.767578	147.752411
430	913.868896	-318.376953	135.945724	-33.447319	0.000000	0.000000	3.750000	-937.326355	152.464386
431	429.531250	-563.777649	68.734619	-80.694176	0.000000	0.000000	3.750000	-619.559326	685.524170
432	434.906189	54.239021	133.014908	28.325375	0.000000	0.000000	3.750000	-406.869080	-191.702591
433	-738.058228	240.186874	-133.096985	15.530479	0.000000	0.000000	3.750000	1177.469482	-132.005524
434	-544.572388	-996.357788	-97.255783	-144.280411	0.000000	0.000000	3.750000	405.867615	964.484009
435	616.881592	504.834900	109.970581	92.962555	0.000000	0.000000	3.750000	-268.469971	-311.713379
436	205.770874	723.474487	26.367798	137.493286	0.000000	0.000000	3.750000	-23.450144	-728.508179
437	255.251495	-732.419189	33.260178	-100.646469	0.000000	0.000000	3.750000	-208.102753	1158.562134
438	-49.852360	631.328735	-25.285530	113.210495	0.000000	0.000000	3.750000	136.777145	-429.887665
439	-838.251282	-357.229004	-132.374756	-31.191360	0.000000	0.000000	3.750000	1090.379272	178.287537
440	-442.920380	305.075256	-98.381058	49.205299	0.000000	0.000000	3.750000	787.875977	-348.239899
441	-540.099915	729.803284	-82.119583	90.223839	0.000000	0.000000	3.750000	1060.355469	-981.943542
442	-529.867188	-421.252075	-130.553909	-50.550526	0.000000	0.000000	3.750000	524.559753	125.335136
443	275.885773	-364.315399	73.324142	-89.886139	0.000000	0.000000	3.750000	-374.232788	570.639526
444	988.568237	198.107819	150.705475	19.795187	0.000000	0.000000	3.750000	-1154.465942	-104.645477
445	244.668747	837.931763	49.408829	124.558273	0.000000	0.000000	3.750000	-355.108673	-957.147705
446	803.947754	167.916534	128.816025	17.505173	0.000000	0.000000	3.750000	-1044.741699	-130.522308
447	-879.872803	223.367157	-125.136063	35.227158	0.000000	0.000000	3.750000	1154.385864	-251.930206
448	-491.610535	-489.977448	-72.035301	-75.012451	0.000000	0.000000	3.750000	812.728516	605.622925
449	-590.453064	-320.382721	-118.123657	-63.267601	0.000000	0.000000	3.750000	721.156067	322.709961
450	-395.763611	735.567444	-57.754105	88.883392	0.000000	0.000000	3.750000	189.846481	-494.557617
451	-860.670288	391.202728	-123.888931	73.399666	0.000000	0.000000	3.750000	1057.187134	-534.467224
452	424.398529	468.700256	102.176674	77.096703	0.000000	0.000000	3.750000	-634.256897	-527.540833
453	432.639771	-521.003540	93.106812	-84.894745	0.000000	0.000000	3.750000	-574.808105	526.547119
454	32.528191	658.302856	3.928590	131.941467	0.000000	0.000000	3.750000	21.875813	-933.689941
455	222.490906	352.104492	88.801437	105.628494	0.000000	0.000000	3.750000	-144.165955	-182.651321
456	-39.057453	451.142273	9.486814	103.566010	0.000000	0.000000	3.750000	-83.366508	-466.231934
457	53.253296	291.796967	38.602211	119.937241	0.000000	0.000000	3.750000	-29.243368	-128.545593
458	-490.449158	-364.405212	-82.359032	-53.112366	0.000000	0.000000	3.750000	629.286316	265.858032
459	684.421997	-443.321472	90.093018	-63.112961	0.000000	0.000000	3.750000	-773.545654	519.311707
460	742.579468	319.193634	139.075775	70.664810	0.000000	0.000000	3.750000	-1640.073975	-424.273895
461	-776.026245	449.472168	-106.732285	81.019379	0.000000	0.000000	3.750000	906.014282	-523.343933
462	-425.295898	-595.470886	-75.798843	-108.066833	0.000000	0.000000	3.750000	496.564240	1010.299683
463	-266.245422	-254.496521	-56.905296	-130.097855	0.000000	0.000000	3.750000	281.444061	452.440399
464	-702.251831	84.270340	-133.133621	54.876526	0.000000	0.000000	3.750000	708.166199	-301.925018
465	272.600800	-201.489349	111.121086	-63.529518	0.000000	0.000000	3.750000	-282.530548	138.119980
466	287.832275	486.688782	57.601517	149.270874	0.000000	0.000000	3.750000	-241.051300	-502.355011
467	-669.284912	-97.077255	-131.040085	-36.392517	0.000000	0.000000	3.750000	862.460876	144.565842
468	44.930069	734.965149	-6.356556	129.844498	0.000000	0.000000	3.750000	72.257576	-1099.005249
469	197.378937	791.573547	34.528999	112.835037	0.000000	0.000000	3.750000	-288.064362	-990.722229
470	430.963593	-386.345978	110.907211	-78.711990	0.000000	0.000000	3.750000	-583.686890	451.775848
471	245.896942	-260.713867	89.835495	-104.754761	0.000000	0.000000	3.750000	-362.845551	468.186859
472	-844.741516	-518.708923	-124.703674	-75.927338	0.000000	0.000000	3.750000	1139.920654	589.572937
473	-776.930420	-436.257019	-114.448318	-65.768326	0.000000	0.000000	3.750000	1097.349243	419.296326
474	-13.750965	-1026.421387	10.384256	-167.678741	0.000000	0.000000	3.750000	-63.393353	1358.910522
475	-249.784363	-233.675613	-85.905205	-102.839859	0.000000	0.000000	3.750000	349.052124	317.533997
476	576.628357	7.375130	149.807861	7.589696	0.000000	0.000000	3.750000	-617.677917	-45.409500
477	-484.390259	779.372803	-71.209930	103.947800	0.000000	0.000000	3.750000	431.554565	-659.032532
478	324.052704	286.206848	91.893951	64.002342	0.000000	0.000000	3.750000	-76.283356	-58.149776
479	-301.673340	794.544556	-68.041931	133.679810	0.000000	0.000000	3.750000	397.131104	-814.481445
480	-495.022339	811.474060	-63.018539	111.411911	0.000000	0.000000	3.750000	454.798523	-1067.336426
481	-473.426392	547.498535	-81.603424	106.286766	0.000000	0.000000	3.750000	523.401367	-715.987671
482	414.274170	-60.908875	129.193604	-48.507572	0.000000	0.000000	3.750000	-731.051697	318.380859
483	-570.371643	-529.789734	-100.047134	-100.769852	0.000000	0.000000	3.750000	762.328613	720.627075
484	-363.234344	717.134521	-54.297203	126.869247	0.000000	0.000000	3.750000	390.006256	-861.159912
485	-428.922943	-673.222290	-73.298447	-92.473404	0.000000	0.000000	3.750000	541.326477	620.822266
486	-667.825867	681.337585	-99.576920	109.491486	0.000000	0.000000	3.750000	704.449890	-652.931885
487	-135.690475	-536.152161	-35.736713	-153.905457	0.000000	0.000000	3.750000	142.198181	634.011536
488	-773.923767	28.629574	-123.998940	0.512159	0.000000	0.000000	3.750000	920.099792	-13.638000
489	13.964868	285.996490	-14.489434	143.255585	0.000000	0.000000	3.750000	241.232880	-388.052917
490	181.945786	641.556519	18.627972	120.569473	0.000000	0.000000	3.750000	-147.024521	-884.127075
491	-790.407227	-248.087372	-116.439789	-48.141609	0.000000	0.000000	3.750000	1102.378174	224.386536
492	-187.996155	-601.849304	-42.164307	-131.400192	0.000000	0.000000	3.750000	154.077347	900.916504
493	-393.205109	-788.308289	-56.030270	-115.084763	0.000000	0.000000	3.750000	224.677490	725.952942
494	559.607422	175.795837	121.754356	39.495117	0.000000	0.000000	3.750000	-968.069336	-362.464966
495	518.972900	-786.994873	80.876633	-99.211716	0.000000	0.000000	3.750000	-736.580566	990.621399
496	108.867874	-791.043823	39.557457	-163.275452	0.000000	0.000000	3.750000	-66.161255	548.923584
497	509.733948	-443.231873	107.174881	-58.288448	0.000000	0.000000	3.750000	-678.057007	346.069031
498	121.199409	-866.256104	21.781425	-148.409973	0.000000	0.000000	3.750000	-85.004822	1144.655884
499	21.045647	780.230957	11.191427	123.493576	0.000000	0.000000	3.750000	31.519922	-906.328125
500	755.574341	342.452271	113.745895	66.976608	0.000000	0.000000	3.750000	-859.070007	-472.722504
501	-745.014954	-746.722290	-99.284958	-89.991341	0.000000	0.000000	3.750000	1000.020325	695.002319
502	380.367584	-64.230797	135.518478	-26.050303	0.000000	0.000000	3.750000	6.787185	-1.863522
503	-369.299377	389.709045	-85.218262	105.989601	0.000000	0.000000	3.750000	527.468506	-539.730164
504	908.288574	664.824707	127.797150	82.291351	0.000000	0.000000	3.750000	-1036.369507	-578.261902
505	-351.207397	82.614639	-119.564529	32.854935	0.000000	0.000000	3.750000	503.673553	-4.403481
506	413.023865	-286.226807	130.842041	-84.945099	0.000000	0.000000	3.750000	-430.311920	384.986420
507	647.987915	-713.412537	85.719772	-102.995712	0.000000	0.000000	3.750000	-734.224365	925.889282
508	66.541191	-627.909302	20.294590	-130.430359	0.000000	0.000000	3.750000	-57.529007	1007.691101
509	-667.624878	-337.677490	-111.175850	-45.164131	0.000000	0.000000	3.750000	910.634216	196.426529
510	351.528290	-680.002930	46.954384	-106.071793	0.000000	0.000000	3.750000	-304.930176	1087.611938
511	-298.705444	-350.941406	-74.626266	-113.696609	0.000000	0.000000	3.750000	419.402924	658.681152
512	-590.540222	-474.805206	-90.141693	-90.875961	0.000000	0.000000	3.750000	515.199646	568.987488
513	112.360123	667.230591	61.519043	141.178574	0.000000	0.000000	3.750000	-211.322922	-521.020203
514	-414.947723	-701.408325	-75.991837	-100.504898	0.000000	0.000000	3.750000	517.784119	760.543396
515	357.065399	-652.873108	58.851860	-122.606339	0.000000	0.000000	3.750000	-202.323349	642.291321
516	611.401245	348.547974	104.608917	54.597679	0.000000	0.000000	3.750000	-807.206482	-315.368256
517	-503.214905	42.893589	-119.928055	4.142912	0.000000	0.000000	3.750000	381.257477	-43.407959
518	-875.755493	35.835903	-167.711136	27.799732	0.000000	0.000000	3.750000	820.780640	-80.025635
519	-388.615295	-633.896484	-84.076004	-104.341858	0.000000	0.000000	3.750000	492.114380	612.447693
520	-441.741150	196.983948	-115.171570	76.022583	0.000000	0.000000	3.750000	281.492249	-203.861130
521	426.387817	-856.532471	59.803070	-128.792297	0.000000	0.000000	3.750000	-457.542725	1598.115967
522	901.339600	33.572189	141.410614	12.920793	0.000000	0.000000	3.750000	-1595.661011	42.790955
523	-546.567078	-8.654781	-121.694138	8.630543	0.000000	0.000000	3.750000	767.229980	21.067904
524	127.504807	-287.662903	65.780380	-88.164154	0.000000	0.000000	3.750000	-275.152466	428.804169
525	672.483398	-273.749359	122.235565	-44.254078	0.000000	0.000000	3.750000	-681.874634	195.912186
526	-386.451050	-574.459839	-81.574112	-121.081955	0.000000	0.000000	3.750000	428.913849	356.579376
527	115.903740	-45.665726	127.140305	14.804484	0.000000	0.000000	3.750000	-364.516266	27.587189
528	-154.658569	-536.244568	-38.652000	-126.213676	0.000000	0.000000	3.750000	247.239929	542.560669
529	-438.331635	342.099915	-107.773453	79.628403	0.000000	0.000000	3.750000	609.103333	-326.377441
530	-71.262024	866.409119	-24.770967	135.758575	0.000000	0.000000	3.750000	199.292969	-988.771790
531	538.485229	-308.523438	99.987282	-58.809296	0.000000	0.000000	3.750000	-674.329651	423.093170
532	349.192230	-721.621338	40.361172	-119.360474	0.000000	0.000000	3.750000	-224.603561	1007.186951
533	537.159058	703.568115	87.981766	92.968658	0.000000	0.000000	3.750000	-619.923950	-782.717896
534	16.171755	-759.833618	25.115267	-113.248322	0.000000	0.000000	3.750000	-115.129120	973.196106
535	-911.229858	797.593262	-113.921127	106.573723	0.000000	0.000000	3.750000	991.932617	-820.979675
536	235.189514	358.568817	61.887985	90.938705	0.000000	0.000000	3.750000	-355.546814	-462.170319
537	-933.413513	235.696472	-142.372879	32.341339	0.000000	0.000000	3.750000	1084.216919	-250.431015
538	-266.201416	-591.692017	-69.630684	-92.776962	0.000000	0.000000	3.750000	527.138550	743.651855
539	-563.066162	540.899353	-72.977463	82.306038	0.000000	0.000000	3.750000	541.728455	-667.401611
540	-89.764511	-859.540161	-9.132163	-133.688446	0.000000	0.000000	3.750000	80.225174	1089.643677
541	-397.840118	556.811096	-83.992874	109.495041	0.000000	0.000000	3.750000	531.005005	-613.838562
542	-411.996124	711.135254	-62.891251	109.180145	0.000000	0.000000	3.750000	158.766861	-526.154114
543	-287.961548	278.164734	-100.232056	94.854553	0.000000	0.000000	3.750000	516.533447	-379.721039
544	-579.369873	138.706589	-126.635422	37.248375	0.000000	0.000000	3.750000	445.635986	-96.266167
545	-216.506256	347.289062	-99.543457	73.938858	0.000000	0.000000	3.750000	396.816132	-241.046326
546	44.676456	-565.306946	13.286684	-127.308395	0.000000	0.000000	3.750000	-24.419847	787.093567
547	758.146973	-470.459320	105.720161	-75.651337	0.000000	0.000000	3.750000	-937.497498	460.935913
548	-589.030884	537.506897	-111.907471	96.853928	0.000000	0.000000	3.750000	573.198853	-389.611664
549	-1037.860840	550.545532	-130.715668	85.142921	0.000000	0.000000	3.750000	1109.102051	-540.477173
550	541.401855	-700.053162	68.359741	-103.454468	0.000000	0.000000	3.750000	-468.795044	1108.039185
551	556.866577	-73.117241	129.906967	-23.410791	0.000000	0.000000	3.750000	-517.443359	129.454590
552	468.774475	560.283081	87.115952	101.817291	0.000000	0.000000	3.750000	-472.492615	-670.328003
553	-749.742310	-847.233765	-95.629608	-107.661377	0.000000	0.000000	3.750000	828.076111	1009.102051
554	803.684509	-535.708191	108.909561	-70.983246	0.000000	0.000000	3.750000	-1077.950928	484.652740
555	754.639954	-6.844933	122.504059	-19.199066	0.000000	0.000000	3.750000	-1107.097168	-5.597420
556	-604.057739	-490.035614	-92.987595	-96.484695	0.000000	0.000000	3.750000	444.510101	486.137238
557	-459.661804	176.324982	-130.191315	-21.776634	0.000000	0.000000	3.750000	633.626221	96.618423
558	-687.961426	65.685806	-131.356262	13.015345	0.000000	0.000000	3.750000	789.517822	7.553062
559	-598.687317	-328.185974	-116.956406	-56.755272	0.000000	0.000000	3.750000	834.558899	313.293854
560	-659.285950	16.451881	-123.780212	-7.379757	0.000000	0.000000	3.750000	825.604858	39.015541
561	749.147461	42.342129	116.217438	43.237228	0.000000	0.000000	3.750000	-1001.236023	-258.921143
562	322.578644	536.898621	40.855244	108.567230	0.000000	0.000000	3.750000	-338.548492	-823.311829
563	529.808899	639.075500	95.642212	93.853661	0.000000	0.000000	3.750000	-613.878296	-747.034668
564	321.589966	726.200562	38.057823	120.114922	0.000000	0.000000	3.750000	-241.598450	-885.525146
565	328.788635	-114.478592	103.480423	-47.829784	0.000000	0.000000	3.750000	-402.649170	238.363174
566	947.930847	-76.400162	143.599640	-26.365660	0.000000	0.000000	3.750000	-1421.035767	253.307831
567	701.623962	495.786133	124.255280	55.286133	0.000000	0.000000	3.750000	-979.779114	-314.290314
568	-370.813019	637.546143	-57.513565	89.040352	0.000000	0.000000	3.750000	502.184875	-875.179443
569	240.636169	-585.674500	60.691093	-110.419685	0.000000	0.000000	3.750000	-316.110565	793.464539
570	-684.918091	275.289062	-123.819153	32.447090	0.000000	0.000000	3.750000	944.900391	-216.789856
571	235.717407	-403.483582	84.936264	-121.193817	0.000000	0.000000	3.750000	-76.154129	407.777008
572	570.350464	693.490356	86.775551	102.107658	0.000000	0.000000	3.750000	-562.544067	-769.151062
573	482.171478	793.801636	75.522499	105.812622	0.000000	0.000000	3.750000	-532.043823	-919.589783
574	-296.860565	732.245911	-34.665474	121.137405	0.000000	0.000000	3.750000	269.704742	-727.367493
575	-550.597107	-42.553001	-145.973404	2.767375	0.000000	0.000000	3.750000	880.006165	86.760773
576	-205.894928	-689.632080	-37.148788	-132.904633	0.000000	0.000000	3.750000	83.241280	1024.102417
577	-410.044800	-751.631226	-71.483063	-98.863861	0.000000	0.000000	3.750000	589.262573	1222.672119
578	-652.645996	-639.399658	-81.859383	-84.988480	0.000000	0.000000	3.750000	741.463318	791.898682
579	802.946899	230.243439	127.624168	52.496414	0.000000	0.000000	3.750000	-870.872925	-203.182083
580	879.722351	-50.964298	145.183441	15.415910	0.000000	0.000000	3.750000	-1179.698364	12.357649
581	-695.604797	632.500366	-109.374420	87.390045	0.000000	0.000000	3.750000	842.410217	-443.783600
582	759.680298	712.896851	95.308685	97.016617	0.000000	0.000000	3.750000	-723.846863	-887.180664
583	-130.236710	-573.437256	-0.585337	-155.998886	0.000000	0.000000	3.750000	16.481789	866.771240
584	964.546875	-550.738098	123.355804	-95.494446	0.000000	0.000000	3.750000	-1059.476685	626.208191
585	-174.043884	-797.318848	-42.250004	-135.568893	0.000000	0.000000	3.750000	395.315155	1447.062012
586	578.187134	909.766296	71.225677	125.151031	0.000000	0.000000	3.750000	-466.311188	-1222.945557
587	-202.110092	203.319519	-123.894302	69.356758	0.000000	0.000000	3.750000	140.598526	-8.398336
588	657.107239	-569.462585	106.716881	-102.528259	0.000000	0.000000	3.750000	-167.892303	144.225510
589	-24.136780	-638.124329	-11.928346	-139.490906	0.000000	0.000000	3.750000	77.300125	880.038757
590	-679.287720	615.962524	-135.104752	73.909821	0.000000	0.000000	3.750000	932.590454	-427.119415
591	267.881592	70.197662	144.657867	19.746101	0.000000	0.000000	3.750000	-452.568115	-8.746578
592	527.647583	485.621429	80.628098	77.737366	0.000000	0.000000	3.750000	-734.376709	-814.473328
593	165.888214	852.681641	23.659330	137.986252	0.000000	0.000000	3.750000	-89.942513	-889.229553
594	789.948608	-15.333666	147.390503	-13.414208	0.000000	0.000000	3.750000	-1045.144653	-6.638621
595	343.958557	696.888428	42.985062	154.117554	0.000000	0.000000	3.750000	-152.487015	-734.462646
596	-1144.508179	409.820984	-158.353119	56.109032	0.000000	0.000000	3.750000	1202.128784	-320.657623
597	159.702545	955.934875	36.539688	139.286896	0.000000	0.000000	3.750000	-394.224091	-1321.547607
598	238.079102	-732.554077	52.061348	-132.111923	0.000000	0.000000	3.750000	-273.561890	937.331726
599	-543.861572	43.410141	-123.754852	23.679897	0.000000	0.000000	3.750000	967.648438	-204.958725
600	-405.738220	12.841818	-123.640045	9.437904	0.000000	0.000000	3.750000	450.759735	-8.358323
601	151.026825	-748.796387	30.809315	-111.833344	0.000000	0.000000	3.750000	-107.701843	874.270386
602	-87.185242	-907.798279	-2.887359	-137.969742	0.000000	0.000000	3.750000	-25.467283	1118.325562
603	193.869278	-322.475403	71.175507	-108.782944	0.000000	0.000000	3.750000	-188.479767	360.346069
604	-497.341797	-798.691956	-80.916245	-109.309448	0.000000	0.000000	3.750000	461.341522	671.277039
605	-16.905188	-232.260818	-4.633231	-113.904739	0.000000	0.000000	3.750000	80.048386	402.943481
606	572.348511	-722.771362	99.964050	-100.844582	0.000000	0.000000	3.750000	-152.093643	160.900055
607	599.993408	431.756775	121.314270	65.778656	0.000000	0.000000	3.750000	-679.220703	-299.760803
608	-773.160339	-78.974976	-112.513260	-18.350912	0.000000	0.000000	3.750000	1159.003296	100.344940
609	232.634933	938.136597	35.975082	141.498383	0.000000	0.000000	3.750000	-214.943207	-911.545715
610	647.611816	-442.852203	98.071396	-75.881271	0.000000	0.000000	3.750000	-777.844543	498.525726
611	209.212234	720.019165	63.939678	106.243126	0.000000	0.000000	3.750000	-446.432251	-1095.782715
612	745.310791	-288.690002	137.495667	-49.098671	0.000000	0.000000	3.750000	-1728.964111	297.746094
613	481.641174	72.881073	97.849556	5.427843	0.000000	0.000000	3.750000	-730.313538	-13.598847
614	-24.233370	-773.033630	-2.822471	-127.968750	0.000000	0.000000	3.750000	-40.012150	1004.079346
615	-770.476074	383.590668	-101.887009	70.675110	0.000000	0.000000	3.750000	916.597046	-476.817688
616	2.363885	398.026184	25.233793	115.270111	0.000000	0.000000	3.750000	-81.895630	-335.787994
617	600.750854	-741.585510	77.833435	-101.616562	0.000000	0.000000	3.750000	-646.906677	1004.606628
618	403.316956	-110.298820	159.672836	-10.103871	0.000000	0.000000	3.750000	-332.641052	105.497177
619	-464.207001	825.828613	-50.427029	132.744446	0.000000	0.000000	3.750000	313.826904	-1003.610107
620	132.924194	556.450195	32.944466	117.467590	0.000000	0.000000	3.750000	-233.866104	-685.835876
621	-479.656067	-100.159286	-134.278397	-52.011345	0.000000	0.000000	3.750000	644.557983	174.162247
622	-802.634521	-498.973816	-96.297256	-78.120346	0.000000	0.000000	3.750000	989.318481	603.363403
623	-710.721680	-640.771912	-87.029961	-91.114044	0.000000	0.000000	3.750000	600.204407	530.297974
624	166.648529	463.293945	23.848534	142.006226	0.000000	0.000000	3.750000	50.074745	-339.822083
625	-1028.416260	-24.046730	-150.354767	-22.301281	0.000000	0.000000	3.750000	1217.128174	51.390545
626	752.120972	606.274048	132.560913	85.974350	0.000000	0.000000	3.750000	-715.211975	-429.881805
627	-384.518250	512.923035	-72.651047	117.327850	0.000000	0.000000	3.750000	319.837860	-533.671387
628	-841.788391	-483.508423	-119.910187	-96.630524	0.000000	0.000000	3.750000	974.827332	629.731628
629	-399.504791	203.172577	-127.384003	75.346542	0.000000	0.000000	3.750000	528.025818	-209.748764
630	-455.308289	-407.501160	-127.135574	-53.669800	0.000000	0.000000	3.750000	478.441071	219.071060
631	-141.450714	398.785217	-38.350304	111.592728	0.000000	0.000000	3.750000	444.920288	-712.177979
632	-695.784058	-280.409698	-111.010147	-63.722858	0.000000	0.000000	3.750000	1269.790161	432.706512
633	530.102844	577.312195	86.744095	88.608398	0.000000	0.000000	3.750000	-602.473328	-694.463623
634	399.579559	-598.257202	76.431183	-107.620438	0.000000	0.000000	3.750000	-266.157776	540.669800
635	387.786957	-285.957855	104.526566	-66.709625	0.000000	0.000000	3.750000	-498.421631	362.980988
636	591.786499	747.872375	84.184921	88.299965	0.000000	0.000000	3.750000	-758.594543	-943.144653
637	487.278564	858.151978	59.046974	118.056740	0.000000	0.000000	3.750000	-383.670807	-1074.793579
638	-525.313110	487.610229	-77.808716	69.005814	0.000000	0.000000	3.750000	613.332275	-541.362549
639	-623.501709	377.030975	-111.707436	38.018581	0.000000	0.000000	3.750000	972.603821	-237.158112
640	218.848343	-870.758850	20.648220	-146.552185	0.000000	0.000000	3.750000	-19.898928	1048.176880
641	-799.428345	113.376862	-139.539154	-11.348935	0.000000	0.000000	3.750000	1230.090820	12.713872
642	639.791870	-283.804138	123.567932	-33.388573	0.000000	0.000000	3.750000	-550.651367	84.660522
643	-429.362335	805.175720	-60.741966	117.193649	0.000000	0.000000	3.750000	405.403931	-1076.389282
644	64.382751	289.771729	113.342598	50.265915	0.000000	0.000000	3.750000	-70.853325	-150.717682
645	108.372429	682.109009	48.419716	144.081680	0.000000	0.000000	3.750000	-283.405548	-783.591919
646	660.628784	-672.987183	81.274963	-90.985596	0.000000	0.000000	3.750000	-761.135803	866.971680
647	166.062485	-837.178040	27.653240	-124.976952	0.000000	0.000000	3.750000	-125.671257	1112.653442
648	-461.019348	-134.578018	-124.906998	-48.519341	0.000000	0.000000	3.750000	514.698120	140.791260
649	440.138184	-658.796448	64.763763	-88.913696	0.000000	0.000000	3.750000	-692.344910	1056.423218
650	138.234650	252.191467	89.421509	120.430374	0.000000	0.000000	3.750000	-54.480350	-145.929535
651	-257.392517	12.346657	-128.349579	38.469048	0.000000	0.000000	3.750000	458.084015	34.086063
652	133.208252	-529.273926	27.304558	-127.100052	0.000000	0.000000	3.750000	-133.753525	1022.678101
653	-35.330215	456.141357	21.679226	124.118439	0.000000	0.000000	3.750000	90.539841	-568.962158
654	659.899780	318.407043	103.389160	23.381096	0.000000	0.000000	3.750000	-1032.160889	-190.081055
655	-429.636169	55.084164	-119.320587	25.423622	0.000000	0.000000	3.750000	508.686737	-41.299992
656	220.382538	-71.620880	111.366730	-49.813766	0.000000	0.000000	3.750000	-455.331329	162.635529
657	-946.665771	75.180458	-140.731171	18.939251	0.000000	0.000000	3.750000	1268.341919	-70.457443
658	551.925964	-476.183716	103.394897	-85.237411	0.000000	0.000000	3.750000	-924.830566	597.038635
659	118.070404	41.909843	62.032684	-95.630569	0.000000	0.000000	3.750000	-3.500059	230.866104
660	491.125702	-682.177551	95.811234	-110.162659	0.000000	0.000000	3.750000	-399.438812	782.869263
661	-567.941528	384.304718	-110.337379	92.526764	0.000000	0.000000	3.750000	825.536499	-415.785675
662	-516.479614	466.766357	-74.572075	83.564217	0.000000	0.000000	3.750000	572.278137	-521.320068
663	399.316711	75.855751	133.156036	-15.011267	0.000000	0.000000	3.750000	-519.501343	113.401016
664	-247.155441	54.219322	-104.229324	35.160011	0.000000	0.000000	3.750000	555.064453	-134.359375
665	73.314186	642.249390	4.404026	149.935272	0.000000	0.000000	3.750000	9.692796	-879.364441
666	-674.536743	731.963867	-92.963379	107.339645	0.000000	0.000000	3.750000	777.787476	-837.968018
667	-300.697144	394.684967	-58.774597	102.320808	0.000000	0.000000	3.750000	327.670776	-542.554993
668	-840.562683	460.529419	-97.084885	80.315018	0.000000	0.000000	3.750000	987.562317	-675.857971
669	-146.874008	-699.585754	-13.635944	-97.046600	0.000000	0.000000	3.750000	51.942726	1024.617065
670	-24.151402	543.305725	1.253270	133.991394	0.000000	0.000000	3.750000	113.897163	-406.023102
671	-4.167179	-388.722656	13.728752	-109.139023	0.000000	0.000000	3.750000	28.706633	541.640930
672	-741.626770	159.857376	-147.031738	16.898586	0.000000	0.000000	3.750000	862.945129	-16.240700
673	431.549744	746.713135	63.103638	109.059135	0.000000	0.000000	3.750000	-420.380188	-899.667053
674	507.804810	-355.989014	107.625389	-61.585503	0.000000	0.000000	3.750000	-610.998291	371.148438
675	-303.621277	168.716949	-106.583237	70.856003	0.000000	0.000000	3.750000	97.301376	-99.945000
676	-99.993248	498.878021	9.158957	139.696350	0.000000	0.000000	3.750000	73.466064	-334.883972
677	-428.848511	435.521210	-107.513878	101.708817	0.000000	0.000000	3.750000	502.270966	-407.749512
678	-90.947762	-714.894775	-4.814273	-109.894592	0.000000	0.000000	3.750000	35.116226	838.610107
679	-684.672974	378.838867	-99.721420	73.698738	0.000000	0.000000	3.750000	801.490417	-418.580566
680	228.904053	342.344666	78.433456	127.859863	0.000000	0.000000	3.750000	-353.899658	-522.037170
681	29.373158	434.308167	29.864742	122.408722	0.000000	0.000000	3.750000	-51.494724	-581.556580
682	192.124771	558.773682	17.633820	102.494064	0.000000	0.000000	3.750000	-148.830612	-1370.633057
683	17.404476	228.759079	14.646430	113.038452	0.000000	0.000000	3.750000	108.717636	-178.162323
684	613.713379	841.362671	82.535278	113.083527	0.000000	0.000000	3.750000	-606.605957	-1022.955017
685	156.388382	-546.878174	58.670307	-104.667557	0.000000	0.000000	3.750000	7.842432	309.496826
686	356.240356	-607.805237	67.033539	-118.332062	0.000000	0.000000	3.750000	-470.320312	975.727844
687	-107.606438	630.979858	12.939972	127.344025	0.000000	0.000000	3.750000	-7.424026	-1000.711975
688	384.370361	-365.185974	87.217514	-90.934525	0.000000	0.000000	3.750000	-392.907440	379.025208
689	763.765747	-149.596222	139.084473	-15.982128	0.000000	0.000000	3.750000	-930.802917	13.290122
690	322.041290	-434.867767	67.228912	-111.266273	0.000000	0.000000	3.750000	-299.711487	641.853577
691	-842.827087	-577.610596	-114.049591	-81.195282	0.000000	0.000000	3.750000	1050.962036	637.504211
692	850.656250	-298.215454	133.407776	-64.080856	0.000000	0.000000	3.750000	-1088.554932	546.513550
693	815.426147	-151.488647	131.982758	-52.388443	0.000000	0.000000	3.750000	-1006.771667	374.757690
694	-333.013580	-837.367554	-42.101807	-137.693207	0.000000	0.000000	3.750000	53.228035	239.416855
695	-727.864197	965.132385	-102.091614	117.954620	0.000000	0.000000	3.750000	803.783081	-1024.271240
696	457.446198	354.436340	108.380043	82.156723	0.000000	0.000000	3.750000	-494.967896	-420.839386
697	431.202881	-341.740753	105.396629	-92.149048	0.000000	0.000000	3.750000	-465.788025	509.195282
698	126.683243	-500.218628	43.863300	-115.981812	0.000000	0.000000	3.750000	-136.513565	724.254272
699	661.493042	-10.535397	113.668182	-23.141800	0.000000	0.000000	3.750000	-979.945618	184.668442
700	-539.758911	8.967834	-117.939468	-3.775948	0.000000	0.000000	3.750000	692.047119	63.545597
701	508.590607	626.600769	62.195244	100.278297	0.000000	0.000000	3.750000	-404.730316	-749.634521
702	201.882446	-392.807587	67.223053	-113.597717	0.000000	0.000000	3.750000	-165.660049	512.057617
703	430.075317	-317.079315	91.147629	-65.085281	0.000000	0.000000	3.750000	-759.058899	622.472656
704	328.740082	361.538177	81.089386	104.153053	0.000000	0.000000	3.750000	-252.283600	-572.629211
705	573.304626	-505.740814	113.143524	-104.472382	0.000000	0.000000	3.750000	-536.531494	594.173828
706	524.397217	500.408295	94.884048	73.463264	0.000000	0.000000	3.750000	-407.498444	-404.262695
707	-140.263428	568.911377	-38.839638	128.245682	0.000000	0.000000	3.750000	383.794128	-606.132812
708	-687.854004	-319.004120	-111.002068	-59.618111	0.000000	0.000000	3.750000	928.375549	258.759491
709	-584.210632	-98.324730	-105.507187	-10.208607	0.000000	0.000000	3.750000	876.622498	19.486895
710	-321.049561	-409.687958	-67.857895	-113.221756	0.000000	0.000000	3.750000	247.750946	320.116241
711	-75.457855	-745.549927	-21.422268	-130.250031	0.000000	0.000000	3.750000	95.820366	942.420532
712	621.521667	-523.963684	87.464676	-79.208145	0.000000	0.000000	3.750000	-652.007202	562.968506
713	-351.246460	-179.174591	-143.374161	-27.565346	0.000000	0.000000	3.750000	452.212769	87.804024
714	-188.601776	-520.735962	-41.454132	-125.321594	0.000000	0.000000	3.750000	347.850433	815.580750
715	668.923218	275.050751	111.918655	30.499386	0.000000	0.000000	3.750000	-767.201904	-212.145813
716	339.423248	387.880341	96.523842	60.654106	0.000000	0.000000	3.750000	-467.826630	-422.618256
717	27.537588	-227.491058	4.791995	-127.906860	0.000000	0.000000	3.750000	96.843666	440.561401
718	1037.005859	-292.121277	141.154968	-70.986908	0.000000	0.000000	3.750000	-1189.584473	428.191772
719	76.602859	304.549469	117.201080	25.730759	0.000000	0.000000	3.750000	-147.917160	-121.088928
720	671.729675	-85.556786	115.458710	-24.356628	0.000000	0.000000	3.750000	-877.911133	251.915817
721	478.845154	648.600464	101.215660	102.427460	0.000000	0.000000	3.750000	-728.354370	-722.219177
722	-606.189026	-310.985931	-95.632080	-90.985687	0.000000	0.000000	3.750000	769.209656	533.511292
723	38.150574	-316.594940	33.409122	-131.826126	0.000000	0.000000	3.750000	21.865112	411.395721
724	-80.721214	377.439270	2.568587	123.965454	0.000000	0.000000	3.750000	181.227783	-398.373932
725	393.117828	627.062561	80.370117	97.039108	0.000000	0.000000	3.750000	-496.837158	-756.923096
726	698.069946	-542.781372	103.776825	-84.772209	0.000000	0.000000	3.750000	-760.688965	518.931702
727	677.488403	386.764160	116.360352	74.190689	0.000000	0.000000	3.750000	-821.852966	-577.011353
728	-211.054672	-368.876160	-57.792244	-120.889351	0.000000	0.000000	3.750000	65.080429	187.008514
729	-412.706604	521.556091	-93.100494	87.841995	0.000000	0.000000	3.750000	478.075256	-549.447388
730	3.687273	-509.075470	-13.810499	-111.144852	0.000000	0.000000	3.750000	6.356983	534.501221
731	-265.927948	-564.074036	-44.161026	-120.140762	0.000000	0.000000	3.750000	287.242889	795.324280
732	475.972473	737.040710	67.872879	110.874741	0.000000	0.000000	3.750000	-365.818207	-775.212524
733	12.787859	419.923645	17.382378	140.929565	0.000000	0.000000	3.750000	54.936451	-364.410034
734	-554.724976	-612.332825	-99.410622	-98.577515	0.000000	0.000000	3.750000	724.435547	713.093506
735	-418.459381	-689.544556	-81.665329	-111.241226	0.000000	0.000000	3.750000	390.027679	674.909912
736	47.483692	869.464172	21.534000	124.145767	0.000000	0.000000	3.750000	-26.611191	-1076.941650
737	719.239319	690.388184	116.529076	87.960075	0.000000	0.000000	3.750000	-600.299316	-485.703674
738	-663.937866	-70.668839	-144.320374	-32.796211	0.000000	0.000000	3.750000	801.145447	131.096680
739	-747.167053	520.473022	-120.578690	62.902321	0.000000	0.000000	3.750000	1026.479858	-394.709747
740	-679.546997	583.968445	-91.176094	84.041153	0.000000	0.000000	3.750000	821.159668	-717.522888
741	83.347397	1164.162842	14.123599	167.404968	0.000000	0.000000	3.750000	5.114505	-1222.581665
742	-765.320312	-36.737427	-125.606163	-24.637745	0.000000	0.000000	3.750000	1018.298157	79.966965
743	389.923676	-219.952393	137.494751	-42.792030	0.000000	0.000000	3.750000	-542.551514	194.590454
744	223.044205	837.823486	41.948868	127.264626	0.000000	0.000000	3.750000	-172.087357	-502.700745
745	-497.451782	-629.664368	-70.106277	-102.279083	0.000000	0.000000	3.750000	415.952637	871.524231
746	-863.790161	259.943481	-125.899323	23.094303	0.000000	0.000000	3.750000	1260.831177	-164.567352
747	-455.116272	424.328186	-85.581299	84.118011	0.000000	0.000000	3.750000	518.316467	-536.618103
748	-117.585526	619.592102	-11.571241	133.498306	0.000000	0.000000	3.750000	154.893066	-578.918152
749	-219.900177	433.540863	-82.989197	129.725769	0.000000	0.000000	3.750000	244.273148	-403.265228
750	813.969604	174.742126	126.832825	28.520731	0.000000	0.000000	3.750000	-1061.703369	-229.653336
751	479.725342	266.277588	144.421753	21.405325	0.000000	0.000000	3.750000	-598.266785	-146.697144
752	250.518890	265.214752	67.035042	92.199181	0.000000	0.000000	3.750000	-54.221333	-308.059418
753	-275.449127	571.806335	-66.372459	109.447205	0.000000	0.000000	3.750000	340.241760	-594.466248
754	-733.690857	-65.709961	-116.457748	-19.014744	0.000000	0.000000	3.750000	797.096497	48.922894
755	109.498566	-613.658569	-0.269656	-139.999725	0.000000	0.000000	3.750000	19.915808	900.709595
756	-367.856659	-799.259277	-52.166264	-123.428368	0.000000	0.000000	3.750000	285.585266	1118.224121
757	-735.108948	-46.183128	-122.869423	-35.875473	0.000000	0.000000	3.750000	934.598511	166.858047
758	-32.464336	449.906921	-19.509090	126.504425	0.000000	0.000000	3.750000	170.252655	-863.710144
759	442.481506	-735.835510	77.333481	-99.476158	0.000000	0.000000	3.750000	-537.533264	828.869995
760	376.718872	-688.080750	48.216557	-114.240685	0.000000	0.000000	3.750000	-195.446533	1066.461548
761	-580.467896	462.062164	-114.069824	70.313698	0.000000	0.000000	3.750000	920.467896	-456.679047
762	312.240906	-140.949371	125.913986	-77.763672	0.000000	0.000000	3.750000	-204.814255	275.754883
763	-80.058395	-685.461670	-17.359699	-124.798218	0.000000	0.000000	3.750000	140.659531	732.983704
764	-547.277832	567.224670	-81.812134	95.826782	0.000000	0.000000	3.750000	676.977173	-852.335205
765	505.771271	-370.467407	62.075157	-88.376801	0.000000	0.000000	3.750000	-199.446732	507.722839
766	-71.477074	45.410069	-122.131020	-44.341911	0.000000	0.000000	3.750000	123.761597	151.210709
767	178.252533	-782.269531	43.911327	-111.676598	0.000000	0.000000	3.750000	-193.380905	995.319275
768	-499.619415	-506.602966	-61.388607	-76.389999	0.000000	0.000000	3.750000	625.657837	902.689026
769	548.611450	-648.089417	92.342384	-97.102432	0.000000	0.000000	3.750000	-739.443787	768.850281
770	-61.293636	-187.154678	-50.083900	-124.288269	0.000000	0.000000	3.750000	184.151627	394.034088
771	-314.609100	481.455017	-95.068298	108.157364	0.000000	0.000000	3.750000	500.497742	-539.682678
772	-336.199738	-121.639221	-90.908417	-75.228065	0.000000	0.000000	3.750000	430.641022	231.321976
773	-689.283936	635.220520	-113.127182	95.426376	0.000000	0.000000	3.750000	887.591980	-628.885803
774	-486.748352	936.527161	-84.255196	116.777817	0.000000	0.000000	3.750000	655.764526	-959.204956
775	733.383484	690.564026	100.997101	94.040176	0.000000	0.000000	3.750000	-433.466522	-458.964111
776	762.792419	-611.582825	95.895554	-84.782318	0.000000	0.000000	3.750000	-915.652527	773.637085
777	29.907240	203.634277	87.318199	96.308876	0.000000	0.000000	3.750000	-141.866455	-221.776535
778	19.295105	-800.590088	2.651577	-137.974457	0.000000	0.000000	3.750000	-97.411621	1340.010498
779	393.579529	378.338135	82.320786	87.311432	0.000000	0.000000	3.750000	-462.989594	-505.247009
780	802.644470	105.118202	138.647369	-19.413742	0.000000	0.000000	3.750000	-1011.903320	86.931343
781	610.232117	-293.459564	114.332802	-52.952892	0.000000	0.000000	3.750000	-784.639343	351.610138
782	753.308350	21.237436	127.490822	11.397928	0.000000	0.000000	3.750000	-930.344238	67.683380
783	-228.127914	-924.501221	-38.255928	-142.969971	0.000000	0.000000	3.750000	219.394852	1491.329346
784	87.817673	-534.370483	21.161674	-138.391098	0.000000	0.000000	3.750000	-25.931223	700.828857
785	-509.025513	976.985657	-82.465408	125.297363	0.000000	0.000000	3.750000	269.686493	-534.513367
786	69.512024	-20.276684	98.194748	-65.375824	0.000000	0.000000	3.750000	95.471237	-21.071894
787	395.845398	998.402039	76.283661	145.178177	0.000000	0.000000	3.750000	-458.851776	-1129.347046
788	703.450073	716.426392	108.614090	97.565086	0.000000	0.000000	3.750000	-739.116943	-763.337769
789	379.256317	-742.481201	57.637970	-114.287781	0.000000	0.000000	3.750000	-277.308472	918.816101
790	505.729767	156.137054	133.052124	69.260696	0.000000	0.000000	3.750000	-889.932739	-371.022461
791	732.269104	530.936401	114.055756	62.380047	0.000000	0.000000	3.750000	-863.032532	-415.068451
792	516.161072	79.505219	133.339401	13.289138	0.000000	0.000000	3.750000	-476.803833	-58.615696
793	-234.031433	-660.047424	-82.337982	-132.500732	0.000000	0.000000	3.750000	405.704346	546.934998
794	-38.864113	-745.217407	12.971809	-113.259499	0.000000	0.000000	3.750000	-46.454395	1048.428955
795	889.243469	-133.196075	156.494781	-21.750172	0.000000	0.000000	3.750000	-1046.791138	-25.039114
796	-24.979059	650.762146	-10.512465	129.573685	0.000000	0.000000	3.750000	161.583145	-790.641663
797	523.802002	-70.778557	123.033569	-41.984657	0.000000	0.000000	3.750000	-749.130859	199.232117
798	-338.322632	-635.552246	-48.113930	-105.551071	0.000000	0.000000	3.750000	301.695038	803.909790
799	-51.269840	710.556458	-20.107492	128.435394	0.000000	0.000000	3.750000	73.681412	-875.769287
800	-349.604675	352.609650	-113.214233	95.317429	0.000000	0.000000	3.750000	230.185318	-302.384308
801	710.977173	818.687988	107.890518	115.427528	0.000000	0.000000	3.750000	-690.197693	-958.652283
802	-626.655396	146.494568	-106.158325	19.859734	0.000000	0.000000	3.750000	901.516174	-177.258759
803	512.825317	945.131775	74.146912	121.104233	0.000000	0.000000	3.750000	-615.212158	-1069.103516
804	-205.538361	46.733963	-110.635178	17.393332	0.000000	0.000000	3.750000	285.654694	47.920208
805	-719.363647	-545.241943	-104.048836	-71.061371	0.000000	0.000000	3.750000	933.713806	415.487183
806	-447.130463	749.534485	-70.678490	94.490898	0.000000	0.000000	3.750000	434.995544	-655.895386
807	682.841309	671.125610	97.032036	89.491730	0.000000	0.000000	3.750000	-607.625366	-512.025024
808	-72.998009	-576.940186	-10.123760	-133.617004	0.000000	0.000000	3.750000	76.438416	774.918274
809	-516.363953	-723.389893	-76.860359	-92.154663	0.000000	0.000000	3.750000	612.935425	769.223328
810	-447.591980	-875.498169	-61.675667	-123.450592	0.000000	0.000000	3.750000	355.429260	991.510376
811	-0.785722	444.857300	-13.208990	115.244316	0.000000	0.000000	3.750000	142.070938	-428.948700
812	626.309937	-410.350403	92.175827	-67.078918	0.000000	0.000000	3.750000	-814.852844	469.772827
813	-592.294006	-587.997498	-106.660278	-96.743637	0.000000	0.000000	3.750000	869.446045	536.279724
814	-194.546295	248.570175	-91.992706	83.142052	0.000000	0.000000	3.750000	224.126862	-334.794098
815	-634.568481	310.023407	-101.321091	56.479778	0.000000	0.000000	3.750000	934.547302	-357.024872
816	-416.358185	370.676636	-49.502930	77.546478	0.000000	0.000000	3.750000	573.493225	-1022.316650
817	91.146072	-337.241211	72.260742	-103.214890	0.000000	0.000000	3.750000	-100.949989	194.330826
818	140.775238	-142.760956	8.217130	-117.682404	0.000000	0.000000	3.750000	119.130608	258.132629
819	-357.489685	795.259277	-61.944679	125.550140	0.000000	0.000000	3.750000	374.572449	-883.790833
820	762.373169	-368.559479	117.995689	-49.608437	0.000000	0.000000	3.750000	-957.405090	330.680389
821	-843.295349	-730.829224	-102.253464	-101.389839	0.000000	0.000000	3.750000	877.161316	538.261658
822	-319.717102	806.360046	-52.725777	118.826492	0.000000	0.000000	3.750000	234.521851	-1232.802734
823	884.511841	436.349457	125.947006	69.809189	0.000000	0.000000	3.750000	-1055.335083	-487.448883
824	-579.913452	-750.618835	-72.820358	-119.570328	0.000000	0.000000	3.750000	401.758606	972.039001
825	689.684265	-1.074080	165.730652	9.449145	0.000000	0.000000	3.750000	-758.025391	-93.822746
826	-785.347290	-375.274292	-116.735291	-73.599174	0.000000	0.000000	3.750000	984.545349	514.524902
827	-467.154907	787.584717	-57.047256	119.035812	0.000000	0.000000	3.750000	363.806732	-1134.319214
828	-47.340069	-225.079193	15.105095	-165.174683	0.000000	0.000000	3.750000	208.362503	180.758850
829	-612.262207	674.196960	-85.450699	103.218979	0.000000	0.000000	3.750000	563.183594	-764.625488
830	-876.065552	-465.992188	-126.631943	-68.557220	0.000000	0.000000	3.750000	1040.115479	310.162720
831	246.600983	-550.729248	58.542587	-107.034966	0.000000	0.000000	3.750000	-219.994736	708.098999
832	-553.002380	-482.630005	-111.677284	-81.068695	0.000000	0.000000	3.750000	743.125854	439.163391
833	109.021240	396.263519	47.918198	118.692169	0.000000	0.000000	3.750000	-148.132309	-420.881622
834	295.755432	582.309448	48.963959	102.949150	0.000000	0.000000	3.750000	-341.694244	-759.474182
835	255.467834	270.776489	95.344170	105.230453	0.000000	0.000000	3.750000	-254.688110	-318.937531
836	-759.850403	371.512238	-129.759277	75.249664	0.000000	0.000000	3.750000	836.952087	-439.625946
837	326.662720	-137.570663	116.186264	-20.606625	0.000000	0.000000	3.750000	-438.542206	147.935593
838	262.161743	342.342499	100.631989	88.482765	0.000000	0.000000	3.750000	-435.034698	-366.688385
839	-617.414307	722.078430	-75.908134	115.247360	0.000000	0.000000	3.750000	658.345825	-1026.557495
840	468.945099	-1020.188171	67.434708	-140.671310	0.000000	0.000000	3.750000	-351.096985	1102.267944
841	-31.849628	728.522705	-25.944283	141.643539	0.000000	0.000000	3.750000	167.287903	-1026.586670
842	-420.202393	356.653473	-99.631165	92.570389	0.000000	0.000000	3.750000	418.704315	-266.752594
843	630.010132	479.178589	98.526558	84.808670	0.000000	0.000000	3.750000	-797.619446	-732.816589
844	-515.214050	-689.338379	-71.033356	-94.224243	0.000000	0.000000	3.750000	521.249329	963.411438
845	306.352905	-869.517212	75.091965	-134.451141	0.000000	0.000000	3.750000	-378.719269	862.625854
846	-454.741333	-283.380707	-94.353745	-63.979435	0.000000	0.000000	3.750000	436.111725	280.767639
847	-40.760723	-159.448517	-73.311638	-55.580910	0.000000	0.000000	3.750000	242.909988	125.560417
848	247.544678	786.184937	23.927143	121.669418	0.000000	0.000000	3.750000	-114.261963	-1226.743408
849	-642.913086	-406.529083	-105.414291	-61.414009	0.000000	0.000000	3.750000	503.933441	190.635666
850	643.229492	281.026367	108.299881	64.396759	0.000000	0.000000	3.750000	-369.985413	-284.753082
851	530.770325	-759.057861	78.847641	-95.700928	0.000000	0.000000	3.750000	-219.760529	251.213577
852	-150.755188	202.384216	-114.810135	65.094513	0.000000	0.000000	3.750000	168.426270	-34.448513
853	28.963776	-810.404297	1.533636	-131.991089	0.000000	0.000000	3.750000	-12.041862	933.154968
854	-601.311707	486.677673	-109.637245	90.240776	0.000000	0.000000	3.750000	644.908325	-358.328857
855	825.371948	699.754517	101.609840	96.309021	0.000000	0.000000	3.750000	-701.880920	-750.787292
856	512.489258	-347.085846	143.738754	-49.427677	0.000000	0.000000	3.750000	-534.608521	147.440048
857	469.258667	-735.028748	65.962799	-97.840843	0.000000	0.000000	3.750000	-407.453674	837.501038
858	-810.087219	346.309814	-131.447266	53.716530	0.000000	0.000000	3.750000	753.873840	-195.099045
859	556.509521	-448.238037	104.439667	-80.723282	0.000000	0.000000	3.750000	-886.706604	510.204987
860	313.895752	23.684221	132.747986	18.151680	0.000000	0.000000	3.750000	-121.038689	-46.042313
861	-135.765427	658.784668	-26.801342	114.915993	0.000000	0.000000	3.750000	197.228287	-939.721741
862	492.501251	440.160309	87.537247	76.113281	0.000000	0.000000	3.750000	-530.608215	-469.951019
863	-392.496857	-52.922531	-116.957504	-41.191647	0.000000	0.000000	3.750000	555.622742	288.903839
864	535.131409	-113.738167	142.504761	-20.697552	0.000000	0.000000	3.750000	-655.399719	101.237686
865	506.995819	284.107544	117.578575	72.244507	0.000000	0.000000	3.750000	-302.152191	-159.249252
866	-685.462219	-13.119368	-123.157837	34.873268	0.000000	0.000000	3.750000	900.697266	-243.904327
867	330.256073	105.047165	129.932343	40.137589	0.000000	0.000000	3.750000	-247.359222	-223.582016
868	-516.593933	-578.131714	-82.640686	-78.526932	0.000000	0.000000	3.750000	562.054443	431.211487
869	167.340515	-125.186340	70.348022	-71.071411	0.000000	0.000000	3.750000	-183.629425	189.630402
870	801.055298	303.688477	138.349915	31.989113	0.000000	0.000000	3.750000	-1009.725769	-213.653320
871	-283.649933	368.979767	-108.706223	106.239944	0.000000	0.000000	3.750000	344.582153	-363.510223
872	-804.880676	-570.554260	-113.123260	-79.038338	0.000000	0.000000	3.750000	1051.628906	551.139587
873	461.358704	-788.735413	69.291840	-137.529999	0.000000	0.000000	3.750000	-342.524750	949.338013
874	467.202271	131.924042	123.796280	7.104442	0.000000	0.000000	3.750000	-845.188171	-76.193756
875	-227.031860	31.160379	-115.024033	-15.003244	0.000000	0.000000	3.750000	283.202484	-1.067998
876	-820.244507	401.314362	-110.413834	64.751526	0.000000	0.000000	3.750000	961.787842	-464.236084
877	-88.582817	693.044861	-31.766331	128.120590	0.000000	0.000000	3.750000	278.574127	-967.854797
878	149.147552	303.681732	27.417290	91.996017	0.000000	0.000000	3.750000	-3.440661	-126.207527
879	-329.667908	-277.257568	-92.195587	-76.809326	0.000000	0.000000	3.750000	549.356995	295.634644
880	-571.796448	-831.544434	-76.155762	-117.474220	0.000000	0.000000	3.750000	471.009857	1029.449097
881	708.468323	-137.505005	100.921677	-25.115601	0.000000	0.000000	3.750000	-1032.984863	162.093918
882	425.208771	222.887756	99.141464	109.877884	0.000000	0.000000	3.750000	-195.841858	-163.288391
883	591.793335	432.252014	85.449844	62.724174	0.000000	0.000000	3.750000	-794.334229	-555.950439
884	709.685791	173.971939	129.150940	14.831669	0.000000	0.000000	3.750000	-750.412537	-21.264479
885	-656.451233	425.790283	-110.330643	92.533585	0.000000	0.000000	3.750000	557.192688	-283.508759
886	-575.078552	51.822414	-105.500305	10.275846	0.000000	0.000000	3.750000	854.557312	42.985447
887	-149.641174	-692.463501	-36.485638	-151.673080	0.000000	0.000000	3.750000	142.487656	888.321716
888	258.140289	-709.861084	49.487144	-102.698486	0.000000	0.000000	3.750000	-365.486298	1042.616333
889	-522.065369	-54.452057	-131.978012	2.359334	0.000000	0.000000	3.750000	612.066223	80.994553
890	546.844727	149.186996	103.136795	117.041771	0.000000	0.000000	3.750000	-295.035339	-371.936737
891	1000.453186	365.423889	138.836533	45.169399	0.000000	0.000000	3.750000	-1191.524902	-207.991837
892	-292.287201	-215.292053	-88.460541	-105.917572	0.000000	0.000000	3.750000	142.550873	149.662811
893	116.634567	945.713867	14.517240	143.266113	0.000000	0.000000	3.750000	-7.940259	-1268.981201
894	-734.793579	714.918640	-103.100014	111.688606	0.000000	0.000000	3.750000	835.107971	-774.402100
895	-344.317871	-303.180481	-84.361969	-82.504631	0.000000	0.000000	3.750000	443.157318	356.530670
896	965.616211	-345.933105	145.781952	-49.634903	0.000000	0.000000	3.750000	-1116.769287	372.877655
897	495.188995	143.819931	118.123505	49.302849	0.000000	0.000000	3.750000	-596.155396	-302.451019
898	-774.944519	274.747498	-114.204407	36.842087	0.000000	0.000000	3.750000	1022.933533	-267.536591
899	-244.227386	616.458618	-32.374428	127.967506	0.000000	0.000000	3.750000	218.384003	-550.906189
900	-655.876831	157.639420	-120.894562	42.053432	0.000000	0.000000	3.750000	766.909668	-237.143738
901	22.600449	-463.210388	82.915619	-115.264893	0.000000	0.000000	3.750000	-75.985992	163.975983
902	-424.685669	-761.304504	-74.402924	-96.685593	0.000000	0.000000	3.750000	442.716980	878.894287
903	-122.396332	731.970337	-11.601183	155.568024	0.000000	0.000000	3.750000	58.264351	-1198.011353
904	-767.021484	514.099548	-122.655708	82.821991	0.000000	0.000000	3.750000	939.488831	-498.272064
905	-381.593262	391.463867	-80.714020	133.495209	0.000000	0.000000	3.750000	306.161804	-668.404236
906	-211.560287	-500.335327	-70.265778	-102.170059	0.000000	0.000000	3.750000	286.608063	401.850708
907	79.385742	385.713867	-28.114676	106.346306	0.000000	0.000000	3.750000	177.177155	-376.283203
908	382.039581	872.437439	58.232918	127.314148	0.000000	0.000000	3.750000	-386.633484	-1063.436523
909	487.089478	636.244080	78.036835	101.460541	0.000000	0.000000	3.750000	-535.343384	-782.796631
910	591.820679	-644.665466	90.734131	-93.098434	0.000000	0.000000	3.750000	-731.048706	736.821045
911	-623.336182	491.310974	-88.769562	94.973495	0.000000	0.000000	3.750000	615.071594	-654.851318
912	-22.521530	888.302368	-7.231844	141.815704	0.000000	0.000000	3.750000	71.786896	-1102.117798
913	-268.672577	132.825363	-107.891098	-4.649203	0.000000	0.000000	3.750000	245.357758	115.826393
914	55.766781	573.782837	36.087891	112.346069	0.000000	0.000000	3.750000	-330.098114	-828.819153
915	-227.450012	473.923004	-54.239418	118.144264	0.000000	0.000000	3.750000	359.004730	-691.921021
916	-187.195694	736.011169	-20.814247	120.211334	0.000000	0.000000	3.750000	166.067780	-1101.086304
917	-769.011963	168.893570	-146.238251	22.766930	0.000000	0.000000	3.750000	664.072205	-127.310425
918	-722.679077	147.743256	-115.393814	24.662922	0.000000	0.000000	3.750000	1175.485962	-205.522263
919	-167.403046	-556.880493	-39.503502	-121.751358	0.000000	0.000000	3.750000	169.341888	773.622681
920	-374.042145	524.569031	-82.909958	122.596359	0.000000	0.000000	3.750000	445.815277	-557.625854
921	844.575989	466.684967	129.754410	66.929970	0.000000	0.000000	3.750000	-1069.764893	-363.302368
922	-815.681152	-343.673218	-131.424744	-42.087494	0.000000	0.000000	3.750000	1103.281250	154.061539
923	-69.895882	482.147339	7.026656	127.806976	0.000000	0.000000	3.750000	-6.930527	-494.167206
924	-305.176147	-426.560181	-87.212219	-106.948654	0.000000	0.000000	3.750000	196.273407	236.514618
925	168.666794	-641.308044	54.069687	-122.606842	0.000000	0.000000	3.750000	-253.911819	683.747009
926	-150.489349	679.471008	-32.110435	142.424835	0.000000	0.000000	3.750000	256.740601	-805.606628
927	824.272339	607.390747	106.230003	84.918602	0.000000	0.000000	3.750000	-711.930420	-476.977112
928	489.347809	-174.720657	115.529099	-39.203171	0.000000	0.000000	3.750000	-677.276123	116.368721
929	-231.478851	-352.825500	-111.052872	-112.370789	0.000000	0.000000	3.750000	306.651703	138.054993
930	-561.971802	383.042358	-95.109993	85.662048	0.000000	0.000000	3.750000	441.431610	-482.554352
931	-572.744873	242.535217	-128.290344	50.848591	0.000000	0.000000	3.750000	783.639404	-333.951904
932	449.388397	-509.681976	102.673157	-76.434296	0.000000	0.000000	3.750000	-480.527496	409.047821
933	-551.362854	518.063965	-86.040161	74.786774	0.000000	0.000000	3.750000	777.230103	-574.004822
934	787.345032	88.423027	124.074860	21.941307	0.000000	0.000000	3.750000	-885.681824	-185.033737
935	792.904663	-541.496948	121.718933	-65.026016	0.000000	0.000000	3.750000	-1092.353760	390.394318
936	-314.523773	593.236267	-57.605083	112.060928	0.000000	0.000000	3.750000	396.253357	-808.361877
937	941.304504	-339.649811	138.371094	-39.864647	0.000000	0.000000	3.750000	-598.645081	221.724594
938	-470.815186	5.121744	-125.990097	-1.141951	0.000000	0.000000	3.750000	369.355896	110.111710
939	-688.889954	159.258987	-125.737717	23.957302	0.000000	0.000000	3.750000	828.969116	-232.281326
940	550.995483	347.657318	90.550385	84.714905	0.000000	0.000000	3.750000	-588.718872	-615.772156
941	445.526703	-504.616302	94.404541	-103.381638	0.000000	0.000000	3.750000	-448.364624	578.138306
942	304.305176	426.342499	52.109383	108.094208	0.000000	0.000000	3.750000	-309.818298	-433.426270
943	-726.730103	-202.390671	-125.209091	-26.582504	0.000000	0.000000	3.750000	912.999695	90.261398
944	-605.893066	-107.734848	-137.947205	3.795372	0.000000	0.000000	3.750000	820.350464	87.322792
945	611.730652	-410.452850	136.138107	-58.055008	0.000000	0.000000	3.750000	-700.669678	247.373611
946	-359.075378	798.051941	-50.783356	110.928009	0.000000	0.000000	3.750000	289.625641	-864.549255
947	744.387329	-710.002563	94.609390	-92.049240	0.000000	0.000000	3.750000	-881.450317	847.674988
948	-263.116516	-634.467163	-55.876011	-97.066299	0.000000	0.000000	3.750000	397.050568	757.228821
949	465.531097	-496.731262	91.730576	-83.435493	0.000000	0.000000	3.750000	-816.114441	640.384277
950	430.718231	584.330627	97.073273	98.085251	0.000000	0.000000	3.750000	-511.906433	-623.354492
951	-136.590530	-749.723450	-3.710490	-121.943542	0.000000	0.000000	3.750000	6.015708	1026.183105
952	282.767242	-234.173096	124.666740	-29.017136	0.000000	0.000000	3.750000	-226.597549	93.442108
953	-300.225952	596.145142	-24.870937	103.040939	0.000000	0.000000	3.750000	215.606750	-698.949829
954	821.542175	164.192139	121.339775	12.674467	0.000000	0.000000	3.750000	-966.238770	-51.358257
955	-206.788345	519.657166	-33.758850	131.743011	0.000000	0.000000	3.750000	207.504211	-479.004517
956	-221.122070	-711.855652	-69.945518	-121.274933	0.000000	0.000000	3.750000	315.706390	608.508606
957	809.488647	630.225708	96.470024	90.097343	0.000000	0.000000	3.750000	-1186.272705	-1074.932983
958	752.540527	-698.465881	101.187317	-90.868729	0.000000	0.000000	3.750000	-878.975708	785.841431
959	-226.598358	-775.801453	-44.227325	-126.490860	0.000000	0.000000	3.750000	319.037567	973.851501
960	213.849319	-545.665222	35.853333	-114.518448	0.000000	0.000000	3.750000	-132.110107	685.093872
961	-8.893916	671.894897	-7.364643	137.803299	0.000000	0.000000	3.750000	89.839783	-966.104675
962	-658.451538	-243.691422	-137.476227	-12.011875	0.000000	0.000000	3.750000	785.007080	79.392372
963	709.715820	48.883377	115.894028	-4.953686	0.000000	0.000000	3.750000	-818.270447	-38.413059
964	162.233093	433.014954	72.371048	98.215462	0.000000	0.000000	3.750000	-313.739746	-309.610840
965	414.069855	-348.030182	127.353333	-67.209145	0.000000	0.000000	3.750000	-499.667389	220.351837
966	-235.930191	-508.513855	-22.723083	-123.933975	0.000000	0.000000	3.750000	86.455154	727.203430
967	-3.541592	-665.002686	-15.973986	-112.875290	0.000000	0.000000	3.750000	99.799316	820.573486
968	204.238876	701.263428	53.851917	113.912102	0.000000	0.000000	3.750000	-442.329346	-868.402161
969	691.564209	186.604172	108.835251	33.924503	0.000000	0.000000	3.750000	-1025.992432	-242.293060
970	-99.191032	-260.534088	-70.819496	-94.383591	0.000000	0.000000	3.750000	133.823120	244.030670
971	-300.205566	554.612793	-59.824478	130.977905	0.000000	0.000000	3.750000	120.477600	-143.241592
972	52.078453	-243.973572	57.293640	-114.440002	0.000000	0.000000	3.750000	59.686825	319.507904
973	280.571228	37.368595	135.477493	11.754236	0.000000	0.000000	3.750000	-133.312454	24.927410
974	-125.803436	-918.214661	-9.005499	-139.709854	0.000000	0.000000	3.750000	190.439041	1311.646851
975	88.921379	-752.043640	35.577461	-116.697235	0.000000	0.000000	3.750000	-288.469330	1020.082764
976	-602.608643	-688.190063	-84.839996	-113.869118	0.000000	0.000000	3.750000	600.180542	785.665588
977	846.428040	-282.035706	141.095703	-37.523262	0.000000	0.000000	3.750000	-1000.239441	295.269684
978	130.446808	837.688049	32.220928	136.241669	0.000000	0.000000	3.750000	-156.737045	-843.335754
979	571.417725	-428.554871	100.679123	-75.760651	0.000000	0.000000	3.750000	-773.545105	477.181885
980	-95.779312	186.567719	56.476318	105.837997	0.000000	0.000000	3.750000	85.188644	-57.861832
981	167.954102	815.445984	27.949497	118.755150	0.000000	0.000000	3.750000	-169.464554	-1147.800415
982	470.039093	-819.980286	67.567162	-113.395500	0.000000	0.000000	3.750000	-427.250061	1052.019409
983	-686.094421	-26.640390	-104.887970	-15.307272	0.000000	0.000000	3.750000	690.453186	-44.251621
984	630.573364	878.997498	90.108017	109.747391	0.000000	0.000000	3.750000	-664.472168	-1047.789551
985	-900.791443	-381.455841	-120.485672	-53.917568	0.000000	0.000000	3.750000	894.899292	259.709320
986	-315.324249	100.330521	-134.799988	-29.544788	0.000000	0.000000	3.750000	204.808426	52.842716
987	-807.000671	723.000854	-102.406036	92.504028	0.000000	0.000000	3.750000	884.296326	-717.604431
988	458.426208	272.956848	105.637054	61.031136	0.000000	0.000000	3.750000	-526.811340	-303.064484
989	-100.037651	-369.506866	-44.867142	-141.034943	0.000000	0.000000	3.750000	98.675812	419.363007
990	354.951172	-688.092163	64.016006	-115.438080	0.000000	0.000000	3.750000	-477.807068	919.623596
991	-42.065956	635.297668	-24.633532	103.097939	0.000000	0.000000	3.750000	181.205322	-882.657471
992	-637.737061	-109.962662	-125.452652	-62.138535	0.000000	0.000000	3.750000	823.527222	192.801117
993	-337.683472	537.973450	-68.775108	105.574432	0.000000	0.000000	3.750000	273.688751	-363.381897
994	-686.354675	-663.481628	-100.183548	-97.791504	0.000000	0.000000	3.750000	583.880310	478.116180
995	811.863708	445.391327	121.696930	56.087833	0.000000	0.000000	3.750000	-1123.240479	-450.376282
996	528.410156	249.992706	130.111282	51.682251	0.000000	0.000000	3.750000	-671.148926	-269.313568
997	474.665161	-62.806221	126.545441	19.238720	0.000000	0.000000	3.750000	-469.647186	-136.162155
998	265.206665	434.401611	61.388077	103.109177	0.000000	0.000000	3.750000	-292.161438	-448.560760
999	837.283997	141.806824	130.757874	18.065901	0.000000	0.000000	3.750000	-1166.664917	-150.468857
