node	a_force.x	a_force.y	g_force.x	g_force.y	r_force.x	r_force.y	global_speed	move_node.x	move_node.y
0	341.389282	270.822235	54.546570	37.157375	0.000000	0.000000	3.750000	-581.504456	-339.860321
1	-129.285950	173.764130	-74.408058	38.963394	0.000000	0.000000	3.750000	120.443962	-3.607702
2	-125.969284	504.008301	-22.426712	85.094315	0.000000	0.000000	3.750000	189.780136	-835.257996
3	-373.438446	302.626404	-52.743126	54.718941	0.000000	0.000000	3.750000	577.112732	-632.059204
4	-124.934967	-504.234985	-19.814613	-83.686165	0.000000	0.000000	3.750000	125.092392	879.309631
5	-339.390137	-226.140991	-48.578857	-27.858410	0.000000	0.000000	3.750000	556.642212	228.316086
6	-265.021149	-45.778564	-54.745789	-19.154057	0.000000	0.000000	3.750000	222.707642	131.323944
7	289.927094	190.347137	76.742676	22.594994	0.000000	0.000000	3.750000	-308.773407	-60.499802
8	199.389343	-109.763412	49.682610	-46.428844	0.000000	0.000000	3.750000	-320.907410	319.797150
9	337.881104	500.619568	48.850994	70.778381	0.000000	0.000000	3.750000	-457.172089	-714.447998
10	335.832764	-222.369293	55.405487	-54.901993	0.000000	0.000000	3.750000	-464.401581	400.104858
11	619.069458	-123.796005	110.333542	-19.248196	0.000000	0.000000	3.750000	-216.809875	42.697769
12	-34.928318	418.976501	-17.384762	86.265572	0.000000	0.000000	3.750000	179.455627	-566.537781
13	-31.554983	-489.859680	2.289456	-73.964569	0.000000	0.000000	3.750000	1.744369	850.950134
14	141.932526	-341.880676	24.165924	-67.823242	0.000000	0.000000	3.750000	-141.966492	690.264648
15	-84.602005	48.035355	-71.997093	0.642631	0.000000	0.000000	3.750000	281.061157	9.895694
16	410.704773	393.072205	63.832127	44.826855	0.000000	0.000000	3.750000	-718.819458	-356.932678
17	-471.970215	-201.213409	-76.179092	-30.343727	0.000000	0.000000	3.750000	905.112183	279.657928
18	188.209488	-152.331879	42.452988	-55.657295	0.000000	0.000000	3.750000	-438.859985	447.082855
19	-304.863281	-318.706116	-44.959690	-51.015938	0.000000	0.000000	3.750000	475.309723	565.102173
20	-410.665192	-334.417480	-55.781464	-65.455521	0.000000	0.000000	3.750000	418.984558	432.348724
21	-154.700317	21.885513	-73.285294	-10.252693	0.000000	0.000000	3.750000	269.618866	122.833527
22	108.600800	-376.435181	19.854321	-75.430786	0.000000	0.000000	3.750000	-175.150833	880.012695
23	-526.659058	-195.885101	-77.114029	-33.308044	0.000000	0.000000	3.750000	566.752502	250.848450
24	-89.173767	403.739563	-17.189810	71.975723	0.000000	0.000000	3.750000	82.764977	-460.987244
25	-333.917358	-374.891449	-55.711670	-70.683868	0.000000	0.000000	3.750000	415.133514	471.284210
26	-330.187469	-247.262405	-54.090389	-37.818321	0.000000	0.000000	3.750000	555.450256	297.573669
27	147.860703	110.242867	78.018127	17.696617	0.000000	0.000000	3.750000	-250.920761	-59.651657
28	523.723267	-277.662048	69.125992	-51.162395	0.000000	0.000000	3.750000	-742.621033	434.149445
29	-26.747007	124.950806	20.290009	75.313843	0.000000	0.000000	3.750000	-9.889580	-236.720352
30	-226.831177	441.188171	-30.960445	62.780972	0.000000	0.000000	3.750000	309.841797	-649.556335
31	-353.679932	-272.844055	-65.893768	-45.365246	0.000000	0.000000	3.750000	532.867310	300.818604
32	205.045410	-324.013519	30.268723	-54.109154	0.000000	0.000000	3.750000	-262.284790	596.903320
33	97.787003	-14.383664	36.215767	-64.530441	0.000000	0.000000	3.750000	-34.725998	149.356842
34	-98.298866	346.104614	-44.259575	61.782177	0.000000	0.000000	3.750000	237.511612	-212.661072
35	65.346359	244.380188	23.032688	76.611923	0.000000	0.000000	3.750000	-6.720697	-134.362411
36	322.205627	320.487396	49.541058	46.579830	0.000000	0.000000	3.750000	-238.727234	-200.414810
37	-446.743652	-2.371111	-75.995705	0.808582	0.000000	0.000000	3.750000	733.673645	-0.939736
38	452.209961	-295.228058	64.871521	-50.156620	0.000000	0.000000	3.750000	-761.068909	578.474426
39	318.868347	-5.880746	60.265720	-21.541336	0.000000	0.000000	3.750000	-406.785767	87.372452
40	-430.770233	-286.426697	-54.867157	-46.621811	0.000000	0.000000	3.750000	678.601379	504.962555
41	26.987875	-448.626343	17.136154	-82.233475	0.000000	0.000000	3.750000	-117.367737	1062.732178
42	-219.394470	-194.954468	-40.607246	-54.543999	0.000000	0.000000	3.750000	350.402435	392.295685
43	87.557602	-306.247803	40.482506	-82.614143	0.000000	0.000000	3.750000	-115.944527	464.835388
44	-148.619461	-364.097961	-26.488928	-62.627991	0.000000	0.000000	3.750000	39.905640	163.915955
45	399.402832	170.364944	66.926712	26.548376	0.000000	0.000000	3.750000	-643.546692	-259.775879
46	-349.704987	397.742950	-46.586304	49.535000	0.000000	0.000000	3.750000	295.936798	-299.617279
47	347.465118	199.941483	56.071899	34.812904	0.000000	0.000000	3.750000	-620.209473	-296.837158
48	-474.947418	-22.325857	-82.369873	-16.468256	0.000000	0.000000	3.750000	700.853455	128.712128
49	-254.875092	-44.847496	-61.986954	-1.271236	0.000000	0.000000	3.750000	589.125732	-20.947750
50	-395.489044	284.699158	-69.741592	34.929600	0.000000	0.000000	3.750000	733.078857	-170.445114
51	-303.061340	-382.018738	-44.571434	-51.355469	0.000000	0.000000	3.750000	455.990692	656.674561
52	151.137848	-304.061157	16.638054	-88.448692	0.000000	0.000000	3.750000	-153.808289	646.003906
53	-12.530329	85.221153	37.884178	43.917816	0.000000	0.000000	3.750000	-52.044079	-74.013405
54	-230.874329	-184.930084	-63.521431	-48.631443	0.000000	0.000000	3.750000	380.588684	241.643631
55	347.190735	-145.356995	68.838715	-32.206032	0.000000	0.000000	3.750000	-636.175598	229.270279
56	-50.444725	97.954041	-63.163063	10.310054	0.000000	0.000000	3.750000	267.409698	17.157761
57	-126.959984	87.589676	-33.380768	59.242722	0.000000	0.000000	3.750000	326.978302	-399.136932
58	180.945740	485.907959	34.223381	76.712143	0.000000	0.000000	3.750000	-281.009277	-871.637390
59	457.304688	-296.063660	52.020008	-46.839279	0.000000	0.000000	3.750000	-630.812012	488.521423
60	-350.446930	511.573792	-65.355209	64.750961	0.000000	0.000000	3.750000	497.286407	-401.148865
61	206.531097	-207.964874	44.026215	-64.386993	0.000000	0.000000	3.750000	-279.169769	489.343079
62	407.754028	303.993683	80.646698	23.496965	0.000000	0.000000	3.750000	-603.811890	-140.978775
63	397.815765	537.693542	55.941437	65.318832	0.000000	0.000000	3.750000	-496.126678	-728.669067
64	-351.289642	-257.187683	-41.488060	-37.613037	0.000000	0.000000	3.750000	598.922058	492.288116
65	-191.219971	-218.828491	-4.727929	-71.844604	0.000000	0.000000	3.750000	50.985359	696.653381
66	151.711060	28.878166	56.132431	14.599008	0.000000	0.000000	3.750000	-328.198334	-23.779697
67	-315.401489	-136.532776	-59.105888	-33.622509	0.000000	0.000000	3.750000	547.625671	182.187439
68	248.463043	318.725800	56.816093	53.440872	0.000000	0.000000	3.750000	-755.579712	-814.510864
69	240.183319	-345.808960	41.632969	-53.765190	0.000000	0.000000	3.750000	-412.336243	499.317230
70	-415.022034	278.818237	-66.793953	44.029034	0.000000	0.000000	3.750000	682.132568	-310.003815
71	-189.148712	41.712082	-63.839317	-4.531943	0.000000	0.000000	3.750000	286.931305	35.605854
72	-153.390106	295.159332	-43.193447	47.226242	0.000000	0.000000	3.750000	366.452240	-313.178680
73	-285.429291	-292.126923	-32.314491	-50.554619	0.000000	0.000000	3.750000	310.399323	671.686646
74	80.050377	-341.743347	35.190483	-53.456711	0.000000	0.000000	3.750000	-221.931641	484.647461
75	-411.767059	346.096405	-58.837555	51.206802	0.000000	0.000000	3.750000	632.196411	-434.924438
76	-385.939972	322.757629	-61.752144	40.775711	0.000000	0.000000	3.750000	779.619324	-318.523071
77	-433.467102	293.193512	-62.148468	50.374222	0.000000	0.000000	3.750000	1051.364868	-677.273254
78	-87.133713	593.479980	-16.226318	84.455353	0.000000	0.000000	3.750000	163.216293	-905.835144
79	285.803589	-114.782578	73.082764	-11.615046	0.000000	0.000000	3.750000	-1178.679077	145.750427
80	-619.513184	-259.136383	-85.354164	-28.542213	0.000000	0.000000	3.750000	540.026367	111.018921
81	73.097977	385.013611	23.537376	65.924141	0.000000	0.000000	3.750000	-172.076157	-503.558167
82	274.613342	282.317505	44.125862	31.127218	0.000000	0.000000	3.750000	-528.466309	-261.518280
83	-414.762512	200.785049	-71.466202	25.856817	0.000000	0.000000	3.750000	985.242432	-248.454315
84	49.810291	452.361816	1.517439	69.983543	0.000000	0.000000	3.750000	-91.830345	-1209.435181
85	163.353027	192.497589	75.338173	32.375237	0.000000	0.000000	3.750000	-96.949211	-27.994287
86	146.772598	-401.703430	30.116425	-58.728111	0.000000	0.000000	3.750000	-226.950439	776.460815
87	-397.377777	-375.075378	-55.531433	-57.586891	0.000000	0.000000	3.750000	561.808350	834.119995
88	262.582184	-209.321899	54.154236	-56.136581	0.000000	0.000000	3.750000	-464.558838	540.872070
89	-548.955322	-194.647766	-91.384506	-10.623703	0.000000	0.000000	3.750000	901.935730	37.166679
90	-84.815849	-416.004517	-15.838322	-76.375031	0.000000	0.000000	3.750000	106.886543	420.754028
91	-329.053589	-85.764267	-86.143982	-17.976227	0.000000	0.000000	3.750000	376.868164	154.188171
92	382.677185	-245.489670	60.715973	-20.237785	0.000000	0.000000	3.750000	-641.323242	148.496292
93	-246.499435	-109.709427	-64.269608	-44.197441	0.000000	0.000000	3.750000	263.796112	201.698593
94	-164.628693	-345.361053	-41.002449	-59.184425	0.000000	0.000000	3.750000	280.177307	476.118134
95	483.446716	-169.529602	78.563171	-43.906868	0.000000	0.000000	3.750000	-299.904083	191.981979
96	51.760418	-109.564178	48.371094	-78.241226	0.000000	0.000000	3.750000	-24.276493	46.323235
97	-283.180542	-36.212204	-53.567513	-6.820631	0.000000	0.000000	3.750000	640.156250	45.251556
98	-269.475128	-229.382889	-46.588875	-49.532562	0.000000	0.000000	3.750000	387.642578	364.744812
99	-321.517181	248.675034	-57.500816	32.398247	0.000000	0.000000	3.750000	640.779358	-231.654846
100	-193.713226	221.556625	-45.036552	36.547333	0.000000	0.000000	3.750000	575.309875	-397.993225
101	-154.486298	350.923798	-22.538815	49.071297	0.000000	0.000000	3.750000	119.531487	-524.120667
102	241.536545	-82.861572	49.282852	-22.072512	0.000000	0.000000	3.750000	-335.931335	105.468742
103	476.625092	132.593628	81.946884	2.950915	0.000000	0.000000	3.750000	-902.317078	-65.262451
104	125.590233	-413.596405	19.239265	-67.304161	0.000000	0.000000	3.750000	-204.718033	680.490723
105	331.211151	-316.438385	45.198261	-42.439568	0.000000	0.000000	3.750000	-597.155518	548.066833
106	-211.154602	-111.456802	-49.212135	-37.711594	0.000000	0.000000	3.750000	385.251373	240.268631
107	-25.503311	-271.038055	4.837794	-69.832611	0.000000	0.000000	3.750000	-46.423767	457.076141
108	140.889923	209.303299	20.470964	64.845490	0.000000	0.000000	3.750000	-171.487442	-647.135742
109	35.861881	272.656311	13.088655	78.921982	0.000000	0.000000	3.750000	-45.295628	-702.003235
110	-623.737915	20.891426	-95.528748	-21.868715	0.000000	0.000000	3.750000	990.180603	110.056007
111	-361.339050	42.263546	-88.413589	31.922350	0.000000	0.000000	3.750000	596.598633	-204.298264
112	385.273438	-199.768936	72.148743	-38.967720	0.000000	0.000000	3.750000	-374.131927	116.809219
113	-433.704468	-357.789490	-53.878460	-53.601410	0.000000	0.000000	3.750000	606.976318	543.501953
114	32.539627	-325.492798	3.940222	-63.878517	0.000000	0.000000	3.750000	44.118797	576.925171
115	275.010742	203.188995	68.144417	45.610275	0.000000	0.000000	3.750000	-518.269348	-220.607651
116	346.789001	-264.108459	45.315506	-45.194069	0.000000	0.000000	3.750000	-633.657715	682.099609
117	90.449608	274.785309	37.388039	68.455338	0.000000	0.000000	3.750000	-65.250778	-112.917488
118	-46.590431	108.542732	-29.510929	56.789070	0.000000	0.000000	3.750000	84.462410	-88.754066
119	-224.467941	-443.764252	-48.397118	-68.656509	0.000000	0.000000	3.750000	429.574921	683.292725
120	74.711578	-403.659180	25.597340	-71.559563	0.000000	0.000000	3.750000	-184.626297	688.546143
121	-530.621216	494.680176	-75.031113	69.096375	0.000000	0.000000	3.750000	1187.259521	-812.665894
122	-178.321732	239.691406	-19.903698	73.347412	0.000000	0.000000	3.750000	64.455231	-198.750885
123	383.917328	-357.684143	51.289021	-44.647884	0.000000	0.000000	3.750000	-770.515198	528.616516
124	80.145477	99.716995	30.859110	56.067215	0.000000	0.000000	3.750000	-37.581390	-173.981049
125	598.640198	115.300583	90.121307	18.497318	0.000000	0.000000	3.750000	-964.552063	-176.636597
126	442.403137	-216.347321	66.794380	-44.028450	0.000000	0.000000	3.750000	-766.427612	386.514954
127	-217.930954	232.120865	-40.104713	39.084667	0.000000	0.000000	3.750000	424.357941	-368.649994
128	78.993057	-239.182770	3.695028	-69.902397	0.000000	0.000000	3.750000	-52.303413	525.752502
129	288.598083	-336.188263	35.884560	-48.086361	0.000000	0.000000	3.750000	-212.872025	305.305481
130	-135.976288	113.096161	-43.458305	49.672401	0.000000	0.000000	3.750000	250.993713	-197.044647
131	304.227203	-224.148407	64.440514	-56.951023	0.000000	0.000000	3.750000	-404.417603	364.030914
132	343.202209	-246.857269	65.132111	-49.816917	0.000000	0.000000	3.750000	-340.712219	139.199707
133	441.552246	-223.319946	57.151855	-36.846386	0.000000	0.000000	3.750000	-694.354553	290.208130
134	366.359344	-236.403107	52.151398	-37.097572	0.000000	0.000000	3.750000	-897.981262	543.730042
135	-427.264099	137.264389	-85.557999	8.705901	0.000000	0.000000	3.750000	428.386169	-110.854782
136	-6.121785	-68.272690	-50.126457	-32.974274	0.000000	0.000000	3.750000	287.614258	128.448593
137	-332.946442	580.117065	-47.111877	101.609360	0.000000	0.000000	3.750000	393.232025	-1035.121460
138	-489.923645	-126.477638	-74.171906	-29.975439	0.000000	0.000000	3.750000	725.883606	258.096558
139	373.385773	269.902802	75.653717	26.009884	0.000000	0.000000	3.750000	-781.516968	-231.459686
140	327.227234	364.015991	51.190613	47.744305	0.000000	0.000000	3.750000	-320.536194	-262.631653
141	-170.500046	324.749146	-35.919960	50.534695	0.000000	0.000000	3.750000	299.323059	-489.695404
142	-459.381165	-120.363235	-69.198624	-10.561747	0.000000	0.000000	3.750000	608.719177	80.507278
143	147.912506	59.042824	51.456093	26.762564	0.000000	0.000000	3.750000	-174.319641	-153.836563
144	161.320343	-2.531509	69.860016	4.419180	0.000000	0.000000	3.750000	-255.515686	-65.413300
145	77.293671	-319.602020	16.190792	-57.774193	0.000000	0.000000	3.750000	-143.183060	679.958313
146	-266.859039	-168.376602	-58.903717	-25.026989	0.000000	0.000000	3.750000	597.250183	205.209244
147	-196.143402	547.916443	-34.846008	95.863205	0.000000	0.000000	3.750000	289.286407	-720.634216
148	237.237259	-162.880280	53.031303	-39.289661	0.000000	0.000000	3.750000	-221.668396	179.270096
149	-450.222321	126.613205	-76.683800	14.268648	0.000000	0.000000	3.750000	858.787170	-130.997467
150	88.789413	-298.141663	32.605362	-81.736710	0.000000	0.000000	3.750000	-199.720718	537.113159
151	-347.186035	508.770599	-53.861507	64.458725	0.000000	0.000000	3.750000	465.003113	-757.521118
152	318.642517	-55.909637	80.404083	-16.077724	0.000000	0.000000	3.750000	-93.570671	10.901546
153	330.143280	311.949829	47.216141	51.678192	0.000000	0.000000	3.750000	-429.945099	-473.636475
154	232.027893	267.825134	58.108776	42.512543	0.000000	0.000000	3.750000	-434.504242	-175.690964
155	-97.275742	305.024719	-12.281844	99.242630	0.000000	0.000000	3.750000	114.292770	-409.883057
156	90.010231	286.881775	28.333988	66.189758	0.000000	0.000000	3.750000	-12.012692	-221.842056
157	28.646069	229.957672	33.138187	83.677048	0.000000	0.000000	3.750000	-100.782631	-333.662476
158	-264.788391	-185.501450	-46.062943	-35.244865	0.000000	0.000000	3.750000	428.573792	245.086990
159	-219.741455	317.396973	-48.552471	63.581871	0.000000	0.000000	3.750000	435.122467	-481.745697
160	271.962280	444.366394	45.817261	70.404388	0.000000	0.000000	3.750000	-349.265228	-547.526062
161	378.609680	395.887421	56.414978	53.863998	0.000000	0.000000	3.750000	-250.363403	-325.649323
162	-183.130234	-110.908142	-45.085327	-36.487129	0.000000	0.000000	3.750000	603.953491	382.788757
163	259.297791	538.254028	44.018089	73.881020	0.000000	0.000000	3.750000	-344.469147	-678.553650
164	88.252792	360.727753	32.617439	64.188019	0.000000	0.000000	3.750000	-226.828995	-424.840607
165	6.708298	-410.272949	-5.361981	-83.828674	0.000000	0.000000	3.750000	52.621120	462.764008
166	-444.035339	169.483841	-76.249939	16.430040	0.000000	0.000000	3.750000	744.953430	-120.542038
167	-236.158386	291.366058	-47.362827	45.964783	0.000000	0.000000	3.750000	509.348541	-442.290955
168	-500.553741	443.706360	-57.401207	61.327774	0.000000	0.000000	3.750000	322.944336	-454.834167
169	158.729156	339.274414	25.705105	58.610981	0.000000	0.000000	3.750000	-208.284119	-534.725403
170	177.376740	-274.490509	29.216938	-54.684265	0.000000	0.000000	3.750000	-308.049500	668.107117
171	50.415493	-277.659088	12.310757	-89.154053	0.000000	0.000000	3.750000	-37.643841	359.933167
172	152.459671	-287.304718	35.638435	-43.196083	0.000000	0.000000	3.750000	-398.809326	553.052429
173	362.890320	407.300293	49.529366	52.257454	0.000000	0.000000	3.750000	-548.730225	-656.474182
174	-261.139618	-310.694427	-41.305992	-68.511406	0.000000	0.000000	3.750000	237.280319	462.187653
175	394.129364	-416.573090	50.065800	-69.924316	0.000000	0.000000	3.750000	-457.370361	790.966675
176	-401.243225	246.828568	-59.055695	29.468838	0.000000	0.000000	3.750000	621.433716	-169.869003
177	231.054749	-75.849701	45.357117	-21.041149	0.000000	0.000000	3.750000	-548.025879	190.293396
178	552.157959	261.599243	86.239197	32.043503	0.000000	0.000000	3.750000	-925.683716	-209.960342
179	-287.360291	128.686584	-72.849319	27.874287	0.000000	0.000000	3.750000	582.618408	-212.187881
180	-105.883179	242.124557	-21.598379	72.865326	0.000000	0.000000	3.750000	155.669006	-213.356277
181	220.379501	49.803391	51.820518	4.316246	0.000000	0.000000	3.750000	-420.089325	-74.465034
182	-226.077637	-494.743591	-31.586922	-64.701233	0.000000	0.000000	3.750000	216.780304	836.965637
183	-158.683960	-259.653778	-53.953571	-64.380981	0.000000	0.000000	3.750000	397.807465	239.863663
184	-402.879120	298.816895	-48.774612	47.381805	0.000000	0.000000	3.750000	665.088745	-550.049683
185	-346.809326	238.162308	-62.805576	35.205147	0.000000	0.000000	3.750000	167.373489	-70.708542
186	-388.253174	138.340302	-68.266922	28.558994	0.000000	0.000000	3.750000	701.133850	-182.774490
187	491.002350	399.338043	59.969894	52.949123	0.000000	0.000000	3.750000	-724.527527	-566.061035
188	283.431946	385.317261	35.407303	62.692253	0.000000	0.000000	3.750000	-344.387268	-775.767944
189	523.645020	-542.117310	68.525528	-67.232780	0.000000	0.000000	3.750000	-418.271637	363.152924
190	-473.163605	302.320160	-78.303162	55.539299	0.000000	0.000000	3.750000	682.380920	-450.359070
191	-320.315735	-404.672791	-68.033974	-49.268044	0.000000	0.000000	3.750000	830.996643	346.870392
192	53.478344	-432.884644	-8.348993	-67.485497	0.000000	0.000000	3.750000	53.441933	663.407837
193	52.705830	-177.877792	45.129860	-93.618576	0.000000	0.000000	3.750000	25.894417	63.572124
194	305.230896	407.461517	67.613251	56.324486	0.000000	0.000000	3.750000	-389.170258	-317.185455
195	-507.675873	-233.359528	-66.312805	-41.068340	0.000000	0.000000	3.750000	687.359009	356.740112
196	-144.325073	426.310883	-18.916809	69.470444	0.000000	0.000000	3.750000	301.218842	-711.774475
197	218.777679	178.252075	74.389931	47.010902	0.000000	0.000000	3.750000	-1396.486572	-386.276947
198	277.645233	-255.569946	42.919086	-44.743122	0.000000	0.000000	3.750000	-396.482941	568.488098
199	236.267181	294.135864	37.783150	32.748016	0.000000	0.000000	3.750000	-566.741882	-407.055908
200	-472.764557	-385.068787	-60.106461	-55.778240	0.000000	0.000000	3.750000	570.183289	493.686279
201	59.445251	-289.824829	19.758064	-60.873627	0.000000	0.000000	3.750000	-54.052044	452.187469
202	406.647278	77.136253	81.759628	32.547813	0.000000	0.000000	3.750000	-501.416321	-171.529251
203	-391.750061	73.932755	-61.875748	3.923192	0.000000	0.000000	3.750000	579.237183	-9.066515
204	54.933750	-493.202881	10.390795	-75.286301	0.000000	0.000000	3.750000	-44.257198	892.759827
205	23.612825	261.912994	33.818130	72.500549	0.000000	0.000000	3.750000	-94.901886	-244.601013
206	262.151733	210.411911	48.736938	44.505173	0.000000	0.000000	3.750000	-435.849518	-399.298615
207	458.954529	-283.836121	67.590286	-38.930031	0.000000	0.000000	3.750000	-781.824890	345.055450
208	348.461304	66.281662	67.977173	1.761618	0.000000	0.000000	3.750000	-706.593384	-0.894940
209	205.262695	-62.077713	45.135178	33.147778	0.000000	0.000000	3.750000	-201.022507	-266.263092
210	-276.924011	55.722176	-56.713364	44.357567	0.000000	0.000000	3.750000	1015.323242	-739.044800
211	489.194275	160.096069	85.782669	33.246490	0.000000	0.000000	3.750000	-710.642212	-229.829819
212	86.305511	169.612762	61.363781	57.358490	0.000000	0.000000	3.750000	-90.846169	-233.921326
213	-299.787170	99.608894	-91.899864	-4.291217	0.000000	0.000000	3.750000	391.647827	11.906653
214	206.701401	-371.759521	48.526093	-71.001511	0.000000	0.000000	3.750000	-410.748566	529.979309
215	-116.342224	177.662201	-19.080292	41.856178	0.000000	0.000000	3.750000	149.638550	-258.722046
216	-102.665527	598.481689	-24.568005	82.416046	0.000000	0.000000	3.750000	163.769165	-878.930481
217	361.909546	-371.413330	52.791508	-48.959740	0.000000	0.000000	3.750000	-636.657288	529.970642
218	79.567474	-650.313477	19.269665	-87.912842	0.000000	0.000000	3.750000	-109.862114	922.460266
219	123.367020	-468.755432	33.464561	-79.221939	0.000000	0.000000	3.750000	-169.992569	505.412354
220	-459.901672	-244.977509	-62.119297	-36.403198	0.000000	0.000000	3.750000	683.313721	363.190613
221	369.105652	237.964203	51.116348	44.845490	0.000000	0.000000	3.750000	-595.582397	-467.960693
222	-475.338074	324.962921	-67.529648	49.957352	0.000000	0.000000	3.750000	776.352417	-423.051849
223	-453.476196	237.574310	-61.997543	50.559792	0.000000	0.000000	3.750000	699.536499	-406.318176
224	-44.484623	265.749512	-34.342743	65.548004	0.000000	0.000000	3.750000	275.566132	-357.984375
225	-5.354210	63.699814	-24.231258	69.917236	0.000000	0.000000	3.750000	47.253098	-69.209702
226	-118.627777	-218.129150	-19.630966	-67.190491	0.000000	0.000000	3.750000	84.457520	123.274559
227	-183.574371	-506.150208	-38.448429	-70.154800	0.000000	0.000000	3.750000	275.343353	865.602295
228	464.422424	-3.018173	89.684395	7.530338	0.000000	0.000000	3.750000	-755.417358	-102.522316
229	81.320038	-92.154488	26.092350	60.612030	0.000000	0.000000	3.750000	32.316818	-127.221962
230	313.951111	429.253784	39.420723	57.844666	0.000000	0.000000	3.750000	-376.815063	-624.993530
231	-182.138062	-429.193054	-38.672173	-67.738159	0.000000	0.000000	3.750000	259.553101	557.380981
232	411.462219	-256.613556	56.911057	-40.756973	0.000000	0.000000	3.750000	-502.701599	326.475189
233	-243.478638	82.749870	-71.829330	4.952127	0.000000	0.000000	3.750000	394.543884	-87.884094
234	-240.958374	369.256836	-39.349426	57.893162	0.000000	0.000000	3.750000	326.540894	-613.870178
235	230.708954	-229.514923	54.728653	-58.350433	0.000000	0.000000	3.750000	-319.133179	371.212677
236	-469.314087	80.592758	-87.808258	19.741070	0.000000	0.000000	3.750000	689.605957	-152.513885
237	-281.852966	-313.209045	-45.875938	-47.448814	0.000000	0.000000	3.750000	165.388351	194.109238
238	51.749393	-403.851746	-15.850997	-84.525665	0.000000	0.000000	3.750000	246.352203	418.401306
239	582.926880	298.969055	78.050659	52.383987	0.000000	0.000000	3.750000	-673.249756	-313.969360
240	440.849731	-146.836456	75.572586	-8.048512	0.000000	0.000000	3.750000	-790.748718	15.295956
241	2.768017	-42.959351	-42.808029	-76.802910	0.000000	0.000000	3.750000	16.205410	23.485981
242	245.071793	169.804962	53.070843	39.236153	0.000000	0.000000	3.750000	-410.901215	-227.524353
243	-48.078720	234.249847	-34.487923	74.386292	0.000000	0.000000	3.750000	23.671926	-52.893009
244	-263.116425	536.498840	-42.899609	69.882797	0.000000	0.000000	3.750000	315.324524	-832.159119
245	-326.161377	401.672272	-41.748955	65.886375	0.000000	0.000000	3.750000	340.268280	-785.188904
246	364.111298	-34.632000	69.828300	-4.899682	0.000000	0.000000	3.750000	-655.597046	13.628813
247	-387.691498	342.952637	-66.103958	51.828934	0.000000	0.000000	3.750000	470.885254	-247.818314
248	363.934052	-112.964722	68.822998	-44.578346	0.000000	0.000000	3.750000	-45.617352	23.879284
249	-145.938309	290.755463	-26.474426	56.063347	0.000000	0.000000	3.750000	280.438416	-894.666870
250	-200.037170	509.314850	-37.438240	81.843468	0.000000	0.000000	3.750000	256.743073	-1039.728516
251	-330.362366	-9.393225	-63.219059	-18.956541	0.000000	0.000000	3.750000	503.963135	137.716858
252	24.136330	-159.784744	34.840012	-65.285118	0.000000	0.000000	3.750000	-75.760818	113.736252
253	51.217842	-550.704102	9.401205	-81.459259	0.000000	0.000000	3.750000	-15.598112	872.569031
254	106.779312	11.435310	50.636448	23.911638	0.000000	0.000000	3.750000	-141.675537	-224.609314
255	311.524536	140.844086	71.044647	11.690006	0.000000	0.000000	3.750000	-631.247559	-140.275787
256	432.897583	-151.343552	64.482765	-27.239086	0.000000	0.000000	3.750000	-702.826355	204.630615
257	510.634949	137.739471	67.273819	35.358562	0.000000	0.000000	3.750000	-776.328430	-302.010864
258	516.194275	-120.070396	76.267143	-16.350018	0.000000	0.000000	3.750000	-966.999817	210.946106
259	-99.871964	-307.158478	-30.328535	-74.028214	0.000000	0.000000	3.750000	221.664108	464.865143
260	-94.495705	51.378193	-68.724571	27.439617	0.000000	0.000000	3.750000	267.951355	-106.750107
261	-353.274719	-323.194580	-63.907692	-54.514019	0.000000	0.000000	3.750000	496.772736	293.714386
262	-477.731995	-242.439575	-73.059349	-27.318905	0.000000	0.000000	3.750000	769.063782	182.059006
263	-426.297302	195.761292	-60.559990	26.238918	0.000000	0.000000	3.750000	660.307739	-176.511246
264	326.422729	-109.181366	67.802742	-56.096230	0.000000	0.000000	3.750000	-366.211456	297.081757
265	129.141388	443.574341	17.571285	71.883575	0.000000	0.000000	3.750000	-140.029999	-848.982422
266	-336.439178	267.209259	-34.577404	63.153774	0.000000	0.000000	3.750000	289.840363	-443.989227
267	5.504394	305.799561	-16.451958	61.849274	0.000000	0.000000	3.750000	125.089287	-440.867493
268	-330.417572	311.138367	-39.766388	60.021946	0.000000	0.000000	3.750000	151.112381	-267.327423
269	398.325104	282.843872	56.779572	40.939957	0.000000	0.000000	3.750000	-476.368561	-320.535492
270	-76.445374	351.961548	-1.017450	75.993179	0.000000	0.000000	3.750000	17.133102	-595.116577
271	-59.637783	-17.731609	-61.883171	-3.804006	0.000000	0.000000	3.750000	372.140259	42.608444
272	-608.572388	-204.574875	-86.912521	-35.807762	0.000000	0.000000	3.750000	601.122131	167.909622
273	-249.500854	-456.308716	-37.008331	-66.380524	0.000000	0.000000	3.750000	311.012512	779.400635
274	220.428406	167.812012	71.532875	35.816788	0.000000	0.000000	3.750000	-168.164139	-36.564426
275	-371.344208	-544.964233	-50.756660	-76.731613	0.000000	0.000000	3.750000	404.853607	870.910706
276	-402.692871	-83.566086	-73.127274	-20.697721	0.000000	0.000000	3.750000	974.560486	373.139526
277	-219.990509	-249.165985	-37.455914	-59.135807	0.000000	0.000000	3.750000	301.599518	682.009644
278	274.541931	-176.118988	57.759773	-42.985565	0.000000	0.000000	3.750000	-441.300293	188.068100
279	474.085876	-155.704971	84.922417	-13.571371	0.000000	0.000000	3.750000	-613.940430	114.594124
280	204.190369	58.904999	79.396881	9.804514	0.000000	0.000000	3.750000	-396.160950	-75.096748
281	-110.248672	527.955200	-12.816723	74.911484	0.000000	0.000000	3.750000	97.146530	-799.246033
282	-125.625610	410.906616	-29.762108	63.357815	0.000000	0.000000	3.750000	289.880127	-495.542755
283	330.650452	16.758675	67.299721	9.733744	0.000000	0.000000	3.750000	-668.068359	-130.418808
284	140.423645	231.928223	41.974922	42.873138	0.000000	0.000000	3.750000	-364.803772	-402.504272
285	-269.717316	-347.186554	-49.910828	-77.284599	0.000000	0.000000	3.750000	201.330719	304.823608
286	68.469147	342.198273	12.647908	78.993866	0.000000	0.000000	3.750000	-33.226952	-252.942764
287	308.939728	68.916626	70.449142	22.647156	0.000000	0.000000	3.750000	-259.740326	-116.226952
288	-346.897034	239.065155	-38.054611	38.312485	0.000000	0.000000	3.750000	537.128967	-542.650696
289	106.505096	262.217010	31.446690	66.985809	0.000000	0.000000	3.750000	-96.556328	-149.290939
290	34.250713	213.392410	20.217487	67.016808	0.000000	0.000000	3.750000	-146.848480	-555.062256
291	221.325348	240.825058	58.589874	51.490044	0.000000	0.000000	3.750000	-495.931305	-398.693207
292	-269.412476	-426.837524	-43.029549	-62.645462	0.000000	0.000000	3.750000	541.926697	972.217590
293	451.251892	322.708374	56.532711	56.604347	0.000000	0.000000	3.750000	-543.837708	-603.307007
294	-114.277176	458.285522	-17.957577	92.268745	0.000000	0.000000	3.750000	73.952759	-554.112427
295	-64.319534	-413.001099	-18.396915	-69.610008	0.000000	0.000000	3.750000	132.710815	567.899658
296	-264.753845	405.831482	-32.217606	79.737228	0.000000	0.000000	3.750000	244.048065	-649.260925
297	-339.306244	154.750488	-51.498833	26.680790	0.000000	0.000000	3.750000	648.390747	-215.054657
298	125.644653	508.825287	25.708263	88.335045	0.000000	0.000000	3.750000	-198.659378	-901.000427
299	-225.477051	-172.164398	-71.892494	-35.092270	0.000000	0.000000	3.750000	305.017792	136.197647
300	305.985962	230.238464	72.689667	45.958168	0.000000	0.000000	3.750000	-181.723083	-100.821068
301	200.408096	-315.825439	37.171341	-63.986305	0.000000	0.000000	3.750000	-120.858650	381.775299
302	-225.432983	-86.889801	-62.353905	-31.811794	0.000000	0.000000	3.750000	282.402191	134.098007
303	360.872986	-290.449280	66.120575	-33.227135	0.000000	0.000000	3.750000	-564.409119	164.635391
304	-80.543945	54.483913	-44.867847	-36.754211	0.000000	0.000000	3.750000	154.440048	138.297867
305	-363.611694	376.018982	-47.160103	54.405144	0.000000	0.000000	3.750000	531.914185	-818.352295
306	-127.455734	343.569824	-36.038559	50.450195	0.000000	0.000000	3.750000	452.759277	-621.242188
307	219.248291	-36.216766	69.406494	-9.096070	0.000000	0.000000	3.750000	-529.720154	89.419991
308	534.271240	225.826080	81.857300	37.408066	0.000000	0.000000	3.750000	-909.101257	-255.155594
309	-113.391556	-191.964020	-44.900257	-58.821411	0.000000	0.000000	3.750000	238.675705	289.111267
310	182.379471	255.849670	13.855051	62.482288	0.000000	0.000000	3.750000	-94.116234	-540.402649
311	-163.993561	594.619812	-3.161968	87.943176	0.000000	0.000000	3.750000	13.330099	-867.055115
312	123.738831	50.029579	81.922134	32.134178	0.000000	0.000000	3.750000	-173.693970	-105.926125
313	188.973145	-253.726089	40.198795	-59.733204	0.000000	0.000000	3.750000	-219.607605	369.223267
314	-4.428596	414.411072	-4.113645	69.879013	0.000000	0.000000	3.750000	76.237236	-669.298645
315	156.459778	-414.110840	28.727592	-68.196136	0.000000	0.000000	3.750000	-182.603622	685.101990
316	181.456421	-305.697174	30.408827	-80.444214	0.000000	0.000000	3.750000	-79.206360	341.834808
317	-143.169128	488.341187	-18.038193	77.939865	0.000000	0.000000	3.750000	133.108337	-690.597778
318	273.195374	-321.145081	46.240429	-62.815769	0.000000	0.000000	3.750000	-340.467316	508.289612
319	-161.708130	-368.362610	-34.618050	-53.829220	0.000000	0.000000	3.750000	280.606201	605.769836
320	155.018127	-278.876495	45.519997	-60.859894	0.000000	0.000000	3.750000	-203.105438	311.164124
321	-454.207581	322.177673	-60.481922	58.291805	0.000000	0.000000	3.750000	374.766693	-416.704193
322	-252.353165	278.208191	-40.962013	46.541512	0.000000	0.000000	3.750000	422.621582	-541.549255
323	-187.709381	-459.973511	-39.312721	-89.768753	0.000000	0.000000	3.750000	107.430420	223.199875
324	173.753296	288.893890	28.445278	95.869003	0.000000	0.000000	3.750000	-139.063202	-487.699219
325	1.448973	-297.454071	6.522954	-57.632004	0.000000	0.000000	3.750000	-6.678069	178.337234
326	124.677368	-460.393127	11.615259	-71.056900	0.000000	0.000000	3.750000	-70.368973	806.365967
327	-565.364502	-374.918884	-77.268074	-56.970558	0.000000	0.000000	3.750000	759.814758	534.890198
328	148.370804	298.437744	17.486912	65.712784	0.000000	0.000000	3.750000	-25.478048	-300.810028
329	-172.376633	-436.329773	-8.530291	-71.492844	0.000000	0.000000	3.750000	15.657894	1010.681396
330	257.975403	-433.566193	34.772598	-67.578590	0.000000	0.000000	3.750000	-344.585236	692.033081
331	-311.092621	-152.276184	-59.704842	-43.718338	0.000000	0.000000	3.750000	481.299500	188.423645
332	-205.056793	118.990150	-66.325500	66.607353	0.000000	0.000000	3.750000	337.508575	-172.899933
333	-182.331497	-483.384644	-45.801277	-63.136696	0.000000	0.000000	3.750000	466.482666	668.299438
334	295.670410	-107.871414	71.115952	-11.248170	0.000000	0.000000	3.750000	-566.432190	92.805496
335	-463.553162	-68.699242	-87.866478	-4.845843	0.000000	0.000000	3.750000	583.776367	24.067078
336	356.236389	-149.178497	68.100807	-52.518959	0.000000	0.000000	3.750000	-463.371002	259.375000
337	-208.390015	423.070129	-21.563978	68.694931	0.000000	0.000000	3.750000	198.879150	-803.990723
338	-282.740112	263.760162	-71.519409	44.056458	0.000000	0.000000	3.750000	501.806976	-275.804230
339	-408.907288	157.685471	-67.485794	39.110893	0.000000	0.000000	3.750000	748.211487	-337.158142
340	47.068596	245.078354	-16.885441	80.241760	0.000000	0.000000	3.750000	6.049035	-189.348465
341	255.556427	-285.587036	34.163582	-39.202660	0.000000	0.000000	3.750000	-387.864899	518.746155
342	142.059296	539.009399	24.303493	80.407318	0.000000	0.000000	3.750000	-191.827545	-819.470276
343	-253.993866	-206.092712	-33.041615	-37.526680	0.000000	0.000000	3.750000	224.890717	242.076889
344	329.405334	191.275940	54.831085	43.514938	0.000000	0.000000	3.750000	-410.699921	-287.785065
345	-392.967407	-84.812729	-82.900131	-13.547789	0.000000	0.000000	3.750000	422.954773	132.176636
346	296.664978	-57.619873	71.829773	-4.947826	0.000000	0.000000	3.750000	-589.513611	13.856058
347	355.573242	-467.165344	53.837914	-72.120796	0.000000	0.000000	3.750000	-171.418381	206.061630
348	-322.780365	406.097168	-43.381031	49.740177	0.000000	0.000000	3.750000	509.554047	-642.524963
349	-302.297058	377.254395	-33.854233	58.973602	0.000000	0.000000	3.750000	306.032288	-730.705750
350	-170.558456	-224.579910	-70.615776	-45.489922	0.000000	0.000000	3.750000	300.756073	121.964111
351	-57.564034	-498.771698	-16.671345	-84.368515	0.000000	0.000000	3.750000	23.426731	423.768738
352	136.441940	193.855896	35.908585	45.547401	0.000000	0.000000	3.750000	-277.682190	-492.223175
353	-418.890747	355.158539	-52.792393	51.855217	0.000000	0.000000	3.750000	640.451782	-628.734497
354	-53.325325	-275.759979	0.171967	-79.999634	0.000000	0.000000	3.750000	90.211182	601.346252
355	108.790497	403.429352	19.030727	65.282684	0.000000	0.000000	3.750000	-181.879318	-920.385010
356	161.692154	50.114986	59.706577	5.926600	0.000000	0.000000	3.750000	-632.115173	-71.150757
357	-411.208038	-53.578011	-59.636559	-6.593983	0.000000	0.000000	3.750000	715.785217	67.484093
358	-58.526131	-281.552185	4.778323	-81.860611	0.000000	0.000000	3.750000	6.077924	453.488495
359	45.754440	-282.033295	47.669296	-69.163834	0.000000	0.000000	3.750000	-367.900330	484.128418
360	460.366394	429.491272	60.964577	54.839031	0.000000	0.000000	3.750000	-658.800659	-534.360107
361	176.313904	127.066559	39.445835	45.210884	0.000000	0.000000	3.750000	-322.917328	-425.330841
362	-118.830246	-19.455635	-85.127975	-22.296745	0.000000	0.000000	3.750000	218.324326	84.783340
363	377.178864	10.653242	67.968498	2.069593	0.000000	0.000000	3.750000	-693.220947	-21.454653
364	-40.429462	-248.974411	-11.632793	-56.821457	0.000000	0.000000	3.750000	91.640015	402.222748
365	14.092337	220.580841	-8.000525	67.527695	0.000000	0.000000	3.750000	88.557388	-547.144714
366	-35.528446	450.114258	16.367130	74.216690	0.000000	0.000000	3.750000	-122.706917	-607.051331
367	455.057129	-189.883713	71.253952	-26.436090	0.000000	0.000000	3.750000	-801.007141	195.355576
368	111.863922	-552.007446	34.199516	-76.722656	0.000000	0.000000	3.750000	-239.256775	943.177673
369	-392.532166	-421.667267	-62.052368	-67.922775	0.000000	0.000000	3.750000	444.476013	496.273804
370	-257.975922	461.289429	-48.079613	71.304626	0.000000	0.000000	3.750000	350.598633	-547.484009
371	-323.650940	-468.912079	-47.501816	-61.867420	0.000000	0.000000	3.750000	255.054901	338.756226
372	-189.590149	-446.018127	-31.424026	-84.335754	0.000000	0.000000	3.750000	159.631470	578.577332
373	38.756771	474.735626	2.186607	87.972824	0.000000	0.000000	3.750000	-51.560848	-978.112732
374	-108.629745	-487.137085	-9.321260	-95.546341	0.000000	0.000000	3.750000	167.259048	888.663757
375	-400.954132	-80.253006	-76.941078	-12.809010	0.000000	0.000000	3.750000	734.049438	123.313835
376	-326.676392	305.391266	-49.273552	46.862679	0.000000	0.000000	3.750000	330.883209	-235.894928
377	-268.319031	2.901680	-73.962601	2.351799	0.000000	0.000000	3.750000	542.147339	-39.818821
378	-55.605549	-411.030884	-23.411192	-63.842834	0.000000	0.000000	3.750000	145.253128	624.985168
379	-633.529785	338.869507	-84.327911	49.927486	0.000000	0.000000	3.750000	1102.560791	-342.342651
380	-316.319214	2.489279	-75.820175	-5.224877	0.000000	0.000000	3.750000	502.042206	20.712709
381	178.440613	458.521240	26.839626	83.807114	0.000000	0.000000	3.750000	-193.074722	-691.069397
382	-52.622406	168.808014	-50.500870	39.313568	0.000000	0.000000	3.750000	307.450317	-118.103951
383	-397.112366	-525.246399	-56.940208	-74.791641	0.000000	0.000000	3.750000	250.798004	486.816711
384	435.379333	-199.039780	81.910187	-53.802605	0.000000	0.000000	3.750000	-86.064354	42.183392
385	-286.092407	476.687927	-40.084450	71.534775	0.000000	0.000000	3.750000	281.795715	-750.049316
386	-260.857452	-248.769821	-74.383904	-23.473614	0.000000	0.000000	3.750000	427.342804	71.080025
387	-490.258240	129.533798	-71.913841	17.446983	0.000000	0.000000	3.750000	830.744629	-137.317825
388	117.711700	80.539467	67.672913	6.605577	0.000000	0.000000	3.750000	-55.894135	9.344971
389	54.344418	-420.443787	3.140844	-71.931458	0.000000	0.000000	3.750000	-11.024361	651.848755
390	239.691742	175.555771	71.200165	67.338959	0.000000	0.000000	3.750000	-257.186157	-236.600647
391	-24.504539	331.457123	4.301873	67.863739	0.000000	0.000000	3.750000	15.129285	-402.358002
392	182.849152	265.532104	22.427511	87.160629	0.000000	0.000000	3.750000	-29.186766	-311.321899
393	-109.242989	330.839203	-26.468552	53.846218	0.000000	0.000000	3.750000	285.118805	-537.683472
394	361.012970	-294.115143	66.393982	-36.984299	0.000000	0.000000	3.750000	-432.481750	250.591049
395	51.044037	-343.779236	26.426525	-56.085983	0.000000	0.000000	3.750000	-195.949341	477.004700
396	301.233582	-218.655899	62.468662	-39.669437	0.000000	0.000000	3.750000	-571.904114	394.681793
397	358.993805	-284.301636	57.861351	-42.849319	0.000000	0.000000	3.750000	-428.135620	336.474457
398	397.461914	-472.160034	58.246082	-57.718231	0.000000	0.000000	3.750000	-662.719849	666.953491
399	-276.775879	134.907944	-76.049866	24.827755	0.000000	0.000000	3.750000	489.231323	-148.293900
400	69.111732	-52.354790	-73.320602	-19.090046	0.000000	0.000000	3.750000	27.140463	75.084450
401	84.151672	261.237732	8.174376	77.570259	0.000000	0.000000	3.750000	20.384466	-415.012177
402	458.744537	-10.758548	81.837677	5.156435	0.000000	0.000000	3.750000	-824.976624	-116.651772
403	-210.611786	93.380142	-69.467300	8.618979	0.000000	0.000000	3.750000	434.463654	-21.196329
404	-380.469025	297.614258	-53.805313	41.581032	0.000000	0.000000	3.750000	889.617554	-486.796814
405	164.119980	270.604736	30.350578	71.852257	0.000000	0.000000	3.750000	-47.948486	-356.608978
406	-50.886284	-516.397156	7.455040	-83.668503	0.000000	0.000000	3.750000	-21.921154	675.093994
407	-5.310293	-454.083313	2.259942	-75.966385	0.000000	0.000000	3.750000	10.791088	566.046082
408	350.839722	326.186310	53.936302	50.664307	0.000000	0.000000	3.750000	-511.708405	-414.501251
409	-453.984711	205.535675	-70.742096	21.715195	0.000000	0.000000	3.750000	811.482544	-147.713394
410	-288.743744	208.228500	-58.224144	31.079527	0.000000	0.000000	3.750000	634.125305	-212.381927
411	274.884155	447.040375	43.259544	78.921532	0.000000	0.000000	3.750000	-334.237396	-715.223267
412	-490.998505	138.117874	-69.986694	24.038736	0.000000	0.000000	3.750000	804.752686	-214.221085
413	-229.136993	210.763412	-34.270836	36.407551	0.000000	0.000000	3.750000	417.903931	-494.971680
414	299.781799	-103.749985	54.829605	-28.943184	0.000000	0.000000	3.750000	-441.471924	173.271179
415	14.239189	-188.386078	-1.652655	-71.981003	0.000000	0.000000	3.750000	-8.300974	330.133148
416	357.847717	-609.821655	53.144238	-72.633804	0.000000	0.000000	3.750000	-411.548584	834.789124
417	390.552124	314.074921	66.088577	37.527214	0.000000	0.000000	3.750000	-769.953064	-309.605469
418	-43.695908	-198.870834	15.972337	-70.205978	0.000000	0.000000	3.750000	-66.907021	248.368286
419	-314.846283	116.352051	-76.765640	28.826374	0.000000	0.000000	3.750000	262.376953	-55.903389
420	-210.170395	375.152802	-47.175350	54.391956	0.000000	0.000000	3.750000	420.886749	-552.882446
421	-147.056580	183.926270	-36.213467	37.317200	0.000000	0.000000	3.750000	327.176788	-232.464340
422	590.819458	222.545319	72.598541	46.102360	0.000000	0.000000	3.750000	-844.773499	-323.300018
423	244.383728	283.783051	53.403152	59.565903	0.000000	0.000000	3.750000	-318.105011	-313.305573
424	137.285294	360.751282	30.099892	69.785355	0.000000	0.000000	3.750000	-408.521179	-1037.686279
425	6.810490	164.638199	-5.218481	63.785664	0.000000	0.000000	3.750000	62.708664	-140.916901
426	29.804281	-356.161102	-1.619637	-69.981201	0.000000	0.000000	3.750000	-23.609886	326.617279
427	191.245178	-13.128115	61.998535	-0.417894	0.000000	0.000000	3.750000	-345.744629	31.898890
428	350.296631	270.768921	48.819820	38.218124	0.000000	0.000000	3.750000	-561.834839	-429.068329
429	-150.766434	129.100006	-38.989201	67.556000	0.000000	0.000000	3.750000	206.808975	-254.443359
430	-367.909027	431.937988	-55.166466	65.974579	0.000000	0.000000	3.750000	503.251160	-835.561340
431	341.109924	-434.923584	45.139503	-53.501640	0.000000	0.000000	3.750000	-480.239105	582.953918
432	443.762451	486.945251	67.010727	60.079613	0.000000	0.000000	3.750000	-590.959229	-460.431885
433	356.289062	-34.158772	85.317787	-10.810778	0.000000	0.000000	3.750000	-631.336182	112.313583
434	-339.070435	-471.230835	-52.916306	-72.800117	0.000000	0.000000	3.750000	437.154907	754.421143
435	-425.413940	-84.138611	-64.800568	-20.612537	0.000000	0.000000	3.750000	771.079712	121.798416
436	604.491333	-231.990479	91.141022	-30.154774	0.000000	0.000000	3.750000	-693.129517	178.061737
437	-386.659790	361.050659	-49.105995	49.885880	0.000000	0.000000	3.750000	559.233582	-494.625458
438	-223.739594	345.532166	-53.831020	56.446617	0.000000	0.000000	3.750000	431.164307	-471.886780
439	440.928711	348.693054	67.311821	71.225830	0.000000	0.000000	3.750000	-427.106476	-469.817078
440	232.175537	-309.583679	45.034134	-75.603699	0.000000	0.000000	3.750000	-179.051178	380.579285
441	104.483948	-373.008545	10.088814	-71.289658	0.000000	0.000000	3.750000	-73.211250	646.528015
442	-114.329559	-217.527435	-6.291914	-67.707916	0.000000	0.000000	3.750000	178.255493	462.838623
443	143.220627	-193.482254	62.478348	-61.971100	0.000000	0.000000	3.750000	-211.409317	300.975128
444	-381.153931	-322.096008	-45.208416	-45.301201	0.000000	0.000000	3.750000	457.641327	499.082794
445	-621.934448	-257.997498	-81.921158	-50.049118	0.000000	0.000000	3.750000	792.855347	385.599579
446	299.895721	295.808289	44.730240	42.932549	0.000000	0.000000	3.750000	-337.337006	-284.178955
447	-334.457306	286.936523	-39.467682	52.898979	0.000000	0.000000	3.750000	408.624603	-543.779663
448	288.802979	-527.666626	44.553986	-71.210388	0.000000	0.000000	3.750000	-277.402313	767.505188
449	-122.450607	571.841064	-27.765823	83.504837	0.000000	0.000000	3.750000	237.663269	-845.968018
450	-409.600983	-15.288242	-69.258759	-19.677914	0.000000	0.000000	3.750000	640.024231	122.066925
451	-123.256042	-358.141327	-18.713934	-59.108280	0.000000	0.000000	3.750000	156.055069	543.447937
452	305.236603	-60.467667	76.200134	-30.289833	0.000000	0.000000	3.750000	-277.360077	67.846542
453	574.866333	465.919739	74.241287	60.862282	0.000000	0.000000	3.750000	-829.492310	-504.760040
454	-244.800110	290.833801	-54.683651	58.392570	0.000000	0.000000	3.750000	452.067352	-407.762207
455	186.823212	291.169128	30.700306	65.126694	0.000000	0.000000	3.750000	-222.801086	-624.187683
456	-447.289032	-182.875214	-58.186123	-31.150761	0.000000	0.000000	3.750000	713.684875	272.479187
457	-555.687378	59.304199	-85.994217	-0.996900	0.000000	0.000000	3.750000	904.999512	52.450443
458	-73.455276	273.145355	-6.600103	69.688148	0.000000	0.000000	3.750000	33.901897	-188.429794
459	367.961578	-9.775845	69.758141	5.813870	0.000000	0.000000	3.750000	-675.014587	-77.056091
460	252.417038	422.597443	38.885849	67.615715	0.000000	0.000000	3.750000	-288.211395	-622.087585
461	213.422699	112.884003	60.227211	42.996269	0.000000	0.000000	3.750000	-522.639465	-313.613586
462	257.483459	323.996552	37.151398	54.550598	0.000000	0.000000	3.750000	-288.800598	-603.351685
463	71.993225	35.151463	17.693413	55.235161	0.000000	0.000000	3.750000	-54.269634	-322.931427
464	454.561035	329.386597	59.399136	47.410278	0.000000	0.000000	3.750000	-801.905945	-467.429779
465	78.551254	-560.832031	22.242893	-83.073761	0.000000	0.000000	3.750000	-172.767670	860.050232
466	-185.706421	405.924133	-30.332573	58.616810	0.000000	0.000000	3.750000	259.810211	-711.762207
467	-355.593933	359.991333	-46.057602	52.713310	0.000000	0.000000	3.750000	479.368835	-712.157288
468	-176.742386	-369.461151	-16.549744	-61.823174	0.000000	0.000000	3.750000	143.862991	735.923462
469	404.142761	191.571640	65.753754	24.009186	0.000000	0.000000	3.750000	-677.464661	-188.602371
470	373.063721	90.527420	78.175095	16.989830	0.000000	0.000000	3.750000	-661.835205	-129.815933
471	-13.790989	440.755249	9.330618	77.439911	0.000000	0.000000	3.750000	-57.920364	-539.729675
472	422.168701	54.906101	73.611176	18.904814	0.000000	0.000000	3.750000	-613.195251	-189.974091
473	-329.224976	-244.257568	-47.126511	-57.053059	0.000000	0.000000	3.750000	290.981049	221.903671
474	-314.272766	-379.931793	-54.722191	-68.916473	0.000000	0.000000	3.750000	425.519958	526.583496
475	354.894501	434.345032	42.708298	62.864906	0.000000	0.000000	3.750000	-407.006866	-748.306885
476	-434.243286	121.094330	-75.217461	10.878029	0.000000	0.000000	3.750000	719.426575	-65.008636
477	190.953125	494.438416	30.794971	82.435829	0.000000	0.000000	3.750000	-161.988708	-544.086487
478	-30.909025	-312.092163	4.540386	-59.827934	0.000000	0.000000	3.750000	-60.520390	420.510620
479	-43.225906	-27.094669	66.997818	-39.777821	0.000000	0.000000	3.750000	-11.175637	66.506645
480	-374.291229	-433.438324	-60.189812	-49.610039	0.000000	0.000000	3.750000	551.312927	264.870270
481	-28.757137	-317.889587	14.809278	-72.502831	0.000000	0.000000	3.750000	-1.719145	216.354767
482	-471.454041	169.635941	-78.663872	23.151569	0.000000	0.000000	3.750000	657.011841	-187.825790
483	-290.168823	54.933479	-77.931870	-3.259319	0.000000	0.000000	3.750000	926.350281	16.282497
484	251.625214	-414.486633	38.630226	-72.329941	0.000000	0.000000	3.750000	-94.489258	291.769501
485	-315.829712	-57.044041	-65.980743	-1.593902	0.000000	0.000000	3.750000	631.268860	-1.262300
486	172.348938	175.835693	59.363846	40.741886	0.000000	0.000000	3.750000	-433.164642	-182.815598
487	-210.412018	153.548584	-58.741615	19.834782	0.000000	0.000000	3.750000	312.714569	-131.126266
488	-288.566132	-106.355026	-64.266525	40.568638	0.000000	0.000000	3.750000	492.905487	-297.086182
489	519.658936	-56.966831	87.991051	1.252344	0.000000	0.000000	3.750000	-587.283875	24.527525
490	291.615448	173.979065	58.933479	29.712666	0.000000	0.000000	3.750000	-591.593323	-251.191498
491	-84.699982	418.187225	-3.227942	71.927597	0.000000	0.000000	3.750000	39.999443	-641.541077
492	-392.858032	-514.954590	-52.842018	-75.310791	0.000000	0.000000	3.750000	367.807190	616.437195
493	400.191589	286.304047	61.457260	51.215202	0.000000	0.000000	3.750000	-528.538086	-357.841064
494	-140.385513	-135.436127	-47.097889	-43.333305	0.000000	0.000000	3.750000	308.517548	205.945602
495	-314.837646	-114.638481	-69.530228	-35.348938	0.000000	0.000000	3.750000	471.182983	233.720810
496	-134.410889	256.161102	-10.238901	83.373634	0.000000	0.000000	3.750000	88.972725	-576.349609
497	301.552856	124.746567	72.724388	28.197601	0.000000	0.000000	3.750000	-211.820526	-37.044350
498	-38.561275	357.841003	-12.777685	66.788696	0.000000	0.000000	3.750000	142.764816	-808.230408
499	-613.161682	-403.837585	-68.912010	-66.836624	0.000000	0.000000	3.750000	624.245300	660.372314
500	-479.805542	-297.847290	-63.460503	-58.041061	0.000000	0.000000	3.750000	483.125031	438.215973
501	-48.015160	373.079742	12.284969	72.973114	0.000000	0.000000	3.750000	-67.049080	-672.626831
502	379.512634	366.514069	54.286358	58.762131	0.000000	0.000000	3.750000	-532.737976	-677.025452
503	53.127289	-401.946106	-5.941646	-87.799179	0.000000	0.000000	3.750000	58.684982	792.613647
504	161.115860	-114.177429	22.925367	-72.459778	0.000000	0.000000	3.750000	-134.591019	339.211182
505	100.343536	-69.508316	55.011940	-43.285988	0.000000	0.000000	3.750000	-282.330383	283.313812
506	-462.433167	-319.784454	-59.515930	-47.263638	0.000000	0.000000	3.750000	410.170959	264.919830
507	-186.316162	-313.886078	-45.641747	-68.123596	0.000000	0.000000	3.750000	330.161835	415.487640
508	-226.783325	-389.783936	-40.625679	-54.530296	0.000000	0.000000	3.750000	425.399872	537.360413
509	-477.419495	21.031477	-73.707138	6.576860	0.000000	0.000000	3.750000	853.659546	-21.198767
510	-94.164803	-292.919037	-9.207940	-65.353516	0.000000	0.000000	3.750000	210.705734	299.112030
511	375.776276	443.929474	52.946636	54.522022	0.000000	0.000000	3.750000	-522.533630	-651.216248
512	-352.759613	161.948532	-66.103714	15.946722	0.000000	0.000000	3.750000	784.385437	-143.954544
513	84.658569	-45.888004	7.320479	-85.636414	0.000000	0.000000	3.750000	120.621712	94.865059
514	102.879333	206.752350	58.243546	42.327995	0.000000	0.000000	3.750000	-159.687958	-164.651276
515	55.935158	217.282623	7.570154	63.550636	0.000000	0.000000	3.750000	6.853090	-436.297394
516	319.092438	-397.977814	44.694862	-66.350327	0.000000	0.000000	3.750000	-380.605927	671.626526
517	233.147141	129.110458	54.509926	40.652260	0.000000	0.000000	3.750000	-185.946167	-244.560226
518	575.153687	-403.317566	74.286301	-50.808815	0.000000	0.000000	3.750000	-749.746826	378.646484
519	276.216217	87.515602	74.344040	15.777519	0.000000	0.000000	3.750000	-434.120667	-18.350279
520	-109.131851	-101.603577	-7.375950	-55.512081	0.000000	0.000000	3.750000	34.178513	188.480621
521	434.239746	-95.993141	71.968803	-2.119000	0.000000	0.000000	3.750000	-718.664734	-19.544838
522	-6.261492	-129.403900	-6.377161	-69.708237	0.000000	0.000000	3.750000	138.904251	264.866333
523	168.453033	290.408569	53.945583	50.654453	0.000000	0.000000	3.750000	-349.809692	-340.274902
524	-115.288177	283.284973	-25.635803	75.781143	0.000000	0.000000	3.750000	170.698914	-345.651825
525	-304.371246	247.075470	-38.999687	62.888924	0.000000	0.000000	3.750000	328.712372	-721.000305
526	433.738007	-317.284241	63.213272	-42.190948	0.000000	0.000000	3.750000	-752.328613	381.108215
527	320.180420	-501.788818	47.299145	-69.417404	0.000000	0.000000	3.750000	-418.126129	922.153442
528	289.661255	-166.605682	61.696846	-37.114487	0.000000	0.000000	3.750000	-479.480713	197.746231
529	-17.676828	-211.888367	-10.741592	-67.144196	0.000000	0.000000	3.750000	115.915871	142.779800
530	345.647888	-445.204590	45.657730	-55.671951	0.000000	0.000000	3.750000	-471.398285	768.937256
531	-278.382660	114.181854	-57.717308	27.653320	0.000000	0.000000	3.750000	518.090149	-177.538528
532	-479.353729	347.476532	-67.709457	59.290924	0.000000	0.000000	3.750000	711.365479	-459.248993
533	-151.161636	-397.578369	-36.598770	-71.137329	0.000000	0.000000	3.750000	207.626221	523.138855
534	344.458008	-335.791840	47.567585	-42.817341	0.000000	0.000000	3.750000	-581.362732	520.149109
535	78.114563	-18.790092	75.305397	-10.250114	0.000000	0.000000	3.750000	-300.270325	83.974220
536	-65.567268	322.685577	-44.866276	87.125580	0.000000	0.000000	3.750000	44.838760	-42.474632
537	428.643494	422.148102	61.170235	54.609528	0.000000	0.000000	3.750000	-669.763245	-535.155396
538	430.479919	310.065857	76.367653	34.985374	0.000000	0.000000	3.750000	-798.339661	-281.709015
539	60.125225	-237.155014	48.089104	-61.410843	0.000000	0.000000	3.750000	-65.545403	80.694168
540	-123.510635	451.782440	-15.394315	72.381020	0.000000	0.000000	3.750000	104.034790	-694.393250
541	-297.735016	-104.505852	-60.160229	-21.834400	0.000000	0.000000	3.750000	393.562775	188.731369
542	-327.582977	-334.772583	-44.595016	-45.905159	0.000000	0.000000	3.750000	375.280029	425.150757
543	-37.272270	357.363861	-16.001804	80.423515	0.000000	0.000000	3.750000	203.965027	-888.070435
544	-164.212021	369.095764	-19.068634	63.185333	0.000000	0.000000	3.750000	171.943298	-513.080811
545	-363.272980	-244.804291	-65.744415	-55.440636	0.000000	0.000000	3.750000	533.159302	362.588226
546	430.962097	-190.633499	73.415764	-19.650053	0.000000	0.000000	3.750000	-662.035217	198.891907
547	483.810028	-439.092529	61.265549	-63.170639	0.000000	0.000000	3.750000	-647.345825	763.368591
548	-281.464569	-193.159515	-49.934029	-46.158192	0.000000	0.000000	3.750000	155.003769	158.184692
549	-412.047241	-321.766785	-62.575840	-52.993057	0.000000	0.000000	3.750000	216.543793	171.360733
550	-248.702240	469.404572	-45.377533	75.398018	0.000000	0.000000	3.750000	365.467224	-458.662903
551	260.499115	332.990662	64.841949	78.736877	0.000000	0.000000	3.750000	-407.005829	-597.244934
552	0.586643	46.600861	-16.309155	70.128540	0.000000	0.000000	3.750000	57.628704	-213.500519
553	40.735146	-207.136200	64.444611	-53.878159	0.000000	0.000000	3.750000	-249.387756	156.153351
554	-115.714066	-319.457550	-44.181961	-64.279648	0.000000	0.000000	3.750000	257.830872	211.403519
555	177.886810	337.492371	42.833988	52.813187	0.000000	0.000000	3.750000	-289.698151	-507.769257
556	-273.382568	403.856140	-41.735115	53.685905	0.000000	0.000000	3.750000	400.924377	-663.726685
557	-361.691956	-330.796631	-62.883476	-52.627106	0.000000	0.000000	3.750000	216.979233	118.513191
558	650.964600	111.341782	94.240738	18.294338	0.000000	0.000000	3.750000	-938.772949	-144.491653
559	-403.744415	-181.598923	-70.685005	-21.900341	0.000000	0.000000	3.750000	676.632080	140.282486
560	-83.067902	-278.824493	3.137633	-81.938889	0.000000	0.000000	3.750000	66.222046	227.680817
561	74.785576	89.934586	70.970673	-32.359207	0.000000	0.000000	3.750000	-267.970184	174.346161
562	164.864258	18.349051	78.715530	34.637867	0.000000	0.000000	3.750000	-177.648346	-126.869766
563	67.499176	411.802948	-3.127381	73.933876	0.000000	0.000000	3.750000	53.556110	-712.560913
564	376.737122	162.943329	65.616165	29.639814	0.000000	0.000000	3.750000	-514.574707	-207.845734
565	-435.307373	-390.682068	-56.857742	-56.277847	0.000000	0.000000	3.750000	570.881958	516.434265
566	56.684986	481.133240	-5.405871	85.829903	0.000000	0.000000	3.750000	60.927963	-511.641022
567	311.030487	351.240326	43.685791	54.695030	0.000000	0.000000	3.750000	-216.577148	-249.183334
568	-15.422520	11.576965	-71.927452	-1.845394	0.000000	0.000000	3.750000	95.358688	99.094360
569	-160.849075	225.384293	-38.047318	65.790009	0.000000	0.000000	3.750000	213.659119	-197.346771
570	245.634186	-447.950012	36.388149	-62.127945	0.000000	0.000000	3.750000	-209.561081	698.113770
571	53.849358	353.221436	11.731415	69.009933	0.000000	0.000000	3.750000	-67.124008	-659.442444
572	630.343567	196.744019	87.797913	43.537350	0.000000	0.000000	3.750000	-901.456482	-286.547333
573	-257.141357	331.001404	-39.778111	52.665871	0.000000	0.000000	3.750000	378.575073	-738.718262
574	-202.618454	-367.297272	-32.995796	-57.160004	0.000000	0.000000	3.750000	211.904312	545.280945
575	-170.933304	314.654205	-31.105469	62.709229	0.000000	0.000000	3.750000	216.745651	-368.321777
576	18.848213	321.776062	1.185621	65.989349	0.000000	0.000000	3.750000	-5.743567	-633.432983
577	-256.245819	-408.674377	-43.018196	-60.211514	0.000000	0.000000	3.750000	295.811432	543.965820
578	65.358315	136.604263	14.332013	76.671951	0.000000	0.000000	3.750000	-59.324142	-608.722900
579	-355.015198	-113.589935	-61.034317	-19.256481	0.000000	0.000000	3.750000	602.858093	186.187363
580	-57.521950	-386.160126	-27.065176	-83.734497	0.000000	0.000000	3.750000	180.413727	425.595245
581	99.517075	350.478790	-1.067261	73.992294	0.000000	0.000000	3.750000	35.349941	-736.983521
582	-564.351562	-197.623474	-83.956696	-26.366482	0.000000	0.000000	3.750000	599.131409	20.030239
583	310.119293	-112.687408	71.965034	-2.243092	0.000000	0.000000	3.750000	-680.730835	69.170364
584	328.195099	-445.644836	55.495018	-54.811523	0.000000	0.000000	3.750000	-492.076080	515.182495
585	-208.512711	-1.507150	-56.288063	34.462357	0.000000	0.000000	3.750000	440.097351	-277.693451
586	-234.196396	259.063965	-43.270218	52.456497	0.000000	0.000000	3.750000	404.950897	-611.671143
587	133.052307	-397.671173	12.859035	-83.009842	0.000000	0.000000	3.750000	-46.131660	588.619690
588	64.369377	136.425705	35.396847	62.697598	0.000000	0.000000	3.750000	-137.291428	-144.142868
589	-303.125854	344.223907	-43.161148	52.546272	0.000000	0.000000	3.750000	469.751129	-765.880737
590	399.961304	-3.137106	79.722443	-6.657948	0.000000	0.000000	3.750000	-680.192322	20.585594
591	412.042053	-4.069574	73.075943	-20.878372	0.000000	0.000000	3.750000	-486.156250	134.048340
592	-137.941650	-481.321533	-12.012774	-81.115280	0.000000	0.000000	3.750000	60.547733	825.572388
593	148.079987	439.812134	15.323839	68.302017	0.000000	0.000000	3.750000	-30.714075	-729.627136
594	360.151642	200.709579	62.706512	39.292336	0.000000	0.000000	3.750000	-578.809937	-296.633423
595	-179.690323	-274.838013	-31.255161	-58.130112	0.000000	0.000000	3.750000	194.958710	453.556458
596	379.987244	156.617981	49.070740	41.086006	0.000000	0.000000	3.750000	-599.798157	-406.734222
597	-432.118164	383.205292	-54.461258	63.952881	0.000000	0.000000	3.750000	471.840698	-634.656067
598	-269.700195	363.182739	-41.673218	63.555653	0.000000	0.000000	3.750000	142.611801	-341.758698
599	-26.469223	-482.830902	-11.473345	-77.151550	0.000000	0.000000	3.750000	107.443031	847.168945
600	-392.750885	163.219696	-61.827015	36.897263	0.000000	0.000000	3.750000	641.457092	-257.597961
601	53.857582	-225.350754	43.137932	-49.951027	0.000000	0.000000	3.750000	-225.868637	360.712555
602	-13.068871	-304.186981	26.529598	-69.080849	0.000000	0.000000	3.750000	-95.029633	436.348877
603	-86.097824	-401.009827	-9.055948	-83.510025	0.000000	0.000000	3.750000	146.904343	436.341125
604	356.376648	84.364571	62.121128	15.393636	0.000000	0.000000	3.750000	-763.036316	-136.703796
605	-331.298676	342.717407	-51.422516	50.395645	0.000000	0.000000	3.750000	478.424469	-388.800720
606	-394.437256	440.948730	-58.208107	60.562492	0.000000	0.000000	3.750000	550.912231	-545.780457
607	-271.224335	13.581057	-75.983032	1.604743	0.000000	0.000000	3.750000	501.824829	10.347605
608	-469.527466	237.051361	-59.640068	43.806992	0.000000	0.000000	3.750000	933.455322	-463.696625
609	47.706467	168.464340	-1.671221	53.974125	0.000000	0.000000	3.750000	47.350689	-636.533264
610	52.882408	424.960052	16.471621	88.479851	0.000000	0.000000	3.750000	-102.658760	-672.629089
611	-491.254730	-185.070053	-83.936310	-3.270407	0.000000	0.000000	3.750000	829.471008	31.784500
612	248.250259	-316.948700	34.591118	-53.846546	0.000000	0.000000	3.750000	-268.346161	523.329773
613	54.635033	329.498596	-12.413624	66.857323	0.000000	0.000000	3.750000	85.575073	-517.852966
614	-367.007568	360.511597	-53.102974	54.369789	0.000000	0.000000	3.750000	556.954163	-596.981384
615	533.436707	-270.469482	75.753571	-40.711121	0.000000	0.000000	3.750000	-727.716736	359.553253
616	-23.540047	159.357361	45.321972	58.496735	0.000000	0.000000	3.750000	-185.246521	-371.128571
617	61.472038	-427.892334	14.518614	-70.520966	0.000000	0.000000	3.750000	-149.221680	576.332275
618	398.146637	-582.227905	54.110535	-74.404404	0.000000	0.000000	3.750000	-320.477295	711.078064
619	-46.700481	131.669464	-19.356899	61.002365	0.000000	0.000000	3.750000	220.814545	-406.781189
620	75.130508	81.084831	53.685913	31.013065	0.000000	0.000000	3.750000	-199.621979	-150.460770
621	42.992477	34.204845	24.352934	52.639664	0.000000	0.000000	3.750000	-81.653191	-192.437775
622	-27.166599	287.036804	4.734297	63.824638	0.000000	0.000000	3.750000	-6.851068	-575.523926
623	-481.018372	50.929653	-89.240051	11.670702	0.000000	0.000000	3.750000	528.331909	-106.508965
624	319.430542	265.624542	58.517906	57.442616	0.000000	0.000000	3.750000	-319.585449	-319.670593
625	-158.912491	-266.932281	-35.500633	-64.928444	0.000000	0.000000	3.750000	194.132889	393.890289
626	86.259872	-175.678497	56.502335	-62.153938	0.000000	0.000000	3.750000	-103.470886	65.597321
627	238.945831	-357.796326	55.214043	-55.094528	0.000000	0.000000	3.750000	-453.173126	405.810425
628	158.229980	-417.029572	31.147427	-71.511093	0.000000	0.000000	3.750000	-277.005859	639.994934
629	-359.020905	183.745010	-57.503380	46.576324	0.000000	0.000000	3.750000	118.145370	-95.584099
630	-281.715210	-245.182526	-35.880684	-31.883770	0.000000	0.000000	3.750000	589.508972	383.197968
631	-417.275848	113.155029	-65.289871	19.006077	0.000000	0.000000	3.750000	776.707336	-184.352997
632	337.766296	85.721451	83.020218	44.085419	0.000000	0.000000	3.750000	-158.137482	-96.744133
633	331.476105	26.761963	55.363079	8.421932	0.000000	0.000000	3.750000	-567.117310	-109.595993
634	152.324188	-224.122192	31.272673	-55.839165	0.000000	0.000000	3.750000	-59.475319	178.360214
635	-348.287598	-411.748779	-58.093964	-68.738754	0.000000	0.000000	3.750000	414.167694	306.549194
636	390.389191	341.148376	47.306194	59.482094	0.000000	0.000000	3.750000	-436.473541	-669.134155
637	392.348022	-150.753738	57.429375	-17.374210	0.000000	0.000000	3.750000	-719.697754	129.689743
638	303.092621	-421.153870	49.252525	-57.880791	0.000000	0.000000	3.750000	-422.887329	433.750763
639	291.609741	-31.812000	53.754082	-5.147565	0.000000	0.000000	3.750000	-477.613770	16.975941
640	471.939270	-182.771637	67.252258	-39.511192	0.000000	0.000000	3.750000	-763.850037	424.717682
641	158.954895	-37.436211	58.538467	-13.152529	0.000000	0.000000	3.750000	-71.074287	26.614985
642	264.870026	-54.262165	69.872009	-4.230715	0.000000	0.000000	3.750000	-415.399628	48.286415
643	246.411896	-196.042618	72.934410	-56.076321	0.000000	0.000000	3.750000	-390.684052	238.292175
644	78.784027	232.260208	29.287079	59.146149	0.000000	0.000000	3.750000	-209.658569	-451.016479
645	-398.533813	160.219696	-65.867188	37.914009	0.000000	0.000000	3.750000	170.641891	-113.387505
646	574.717102	-377.281586	79.073425	-57.891155	0.000000	0.000000	3.750000	-667.270813	372.130463
647	-154.014175	-91.327179	-42.609695	36.337376	0.000000	0.000000	3.750000	1027.893921	-672.818176
648	385.709473	-299.773132	55.993713	-62.615524	0.000000	0.000000	3.750000	-499.434418	553.048706
649	-320.570618	31.851151	-88.204369	-17.888264	0.000000	0.000000	3.750000	694.652405	138.358627
650	-129.434174	16.375927	-51.994293	0.603709	0.000000	0.000000	3.750000	141.424988	61.868725
651	207.811859	-306.265076	50.278168	-59.633087	0.000000	0.000000	3.750000	-468.263123	522.571472
652	-54.256123	175.851044	-26.747959	60.336609	0.000000	0.000000	3.750000	182.846695	-248.016953
653	117.552505	-356.814758	18.345873	-63.398773	0.000000	0.000000	3.750000	-47.603539	504.127594
654	432.859100	-32.975937	81.956955	-2.655856	0.000000	0.000000	3.750000	-741.818054	-20.866138
655	104.794060	305.365356	28.602015	66.075150	0.000000	0.000000	3.750000	-186.598679	-445.773499
656	197.427917	-172.388489	56.275246	-30.480900	0.000000	0.000000	3.750000	-436.391235	157.073013
657	-163.943649	-193.779083	-47.421658	-7.428723	0.000000	0.000000	3.750000	468.807343	86.428429
658	379.195435	508.546295	53.057259	67.682335	0.000000	0.000000	3.750000	-217.599976	-375.930450
659	308.659302	60.507698	83.850662	5.005716	0.000000	0.000000	3.750000	-647.364807	23.031473
660	272.291595	324.907471	34.344913	54.003937	0.000000	0.000000	3.750000	-338.802582	-640.943054
661	-314.009033	212.967773	-64.606186	50.497913	0.000000	0.000000	3.750000	461.301849	-345.316406
662	-449.894409	61.312050	-82.702957	14.704180	0.000000	0.000000	3.750000	659.988403	-56.348492
663	-105.672302	401.587036	-21.645285	62.349670	0.000000	0.000000	3.750000	229.606644	-673.072510
664	140.163986	43.862534	63.144615	10.428417	0.000000	0.000000	3.750000	-337.949738	-26.563990
665	-191.160721	-419.785370	-32.000084	-81.975426	0.000000	0.000000	3.750000	136.976913	593.114990
666	-416.618713	-373.165009	-51.626450	-47.272705	0.000000	0.000000	3.750000	664.482605	549.886108
667	-39.131462	-245.646759	-67.172134	-31.045467	0.000000	0.000000	3.750000	294.533325	73.949387
668	324.595886	417.181183	35.392242	62.700722	0.000000	0.000000	3.750000	-313.602722	-839.401855
669	202.539566	37.944359	42.363049	63.097889	0.000000	0.000000	3.750000	-244.803391	-252.391296
670	-49.929745	-200.411880	-5.721128	-77.789764	0.000000	0.000000	3.750000	108.804062	480.073547
671	-26.067430	-198.834381	-5.127449	-69.811920	0.000000	0.000000	3.750000	76.146782	511.567017
672	144.443695	296.989075	36.545845	73.405190	0.000000	0.000000	3.750000	-181.053040	-233.822495
673	169.403366	-153.279297	68.871712	-12.517201	0.000000	0.000000	3.750000	-330.937622	84.360977
674	158.636932	-102.078224	69.983261	1.522171	0.000000	0.000000	3.750000	-229.053848	25.643650
675	587.287354	53.992901	83.741455	-6.585473	0.000000	0.000000	3.750000	-951.208069	37.925770
676	-30.838821	-267.271149	-10.682396	-63.102013	0.000000	0.000000	3.750000	161.457840	420.969940
677	-440.858917	96.086044	-73.549133	19.144810	0.000000	0.000000	3.750000	595.359680	-169.050125
678	285.623596	-20.020851	73.644051	7.249165	0.000000	0.000000	3.750000	-451.004883	-24.621000
679	-5.736625	55.398090	41.028072	40.996243	0.000000	0.000000	3.750000	-26.020353	-19.744383
680	-414.664276	256.707275	-49.880257	43.219879	0.000000	0.000000	3.750000	632.026917	-461.626831
681	63.534607	-363.688843	22.505154	-53.455723	0.000000	0.000000	3.750000	-181.836868	614.690186
682	406.625275	-377.836578	52.007622	-49.791637	0.000000	0.000000	3.750000	-598.129517	584.943909
683	66.447937	246.711197	17.662140	69.799942	0.000000	0.000000	3.750000	-36.253269	-323.124023
684	-314.280121	-330.767853	-48.599045	-35.187069	0.000000	0.000000	3.750000	588.357544	333.291626
685	-85.647095	-12.782497	-75.530594	36.754021	0.000000	0.000000	3.750000	206.243164	-50.888229
686	-20.715778	332.918701	-9.481684	55.191315	0.000000	0.000000	3.750000	-5.166245	-342.612579
687	341.183777	-500.470642	47.434738	-78.828476	0.000000	0.000000	3.750000	-360.233887	852.405090
688	139.690079	-85.639145	75.738159	-18.646950	0.000000	0.000000	3.750000	-326.124939	117.614182
689	17.733292	-139.297043	2.839609	-63.935848	0.000000	0.000000	3.750000	85.647652	143.381287
690	361.760315	-30.302078	59.995155	-0.761236	0.000000	0.000000	3.750000	-721.694946	-40.959373
691	216.062088	-18.537264	75.057274	-21.222755	0.000000	0.000000	3.750000	-378.787018	107.858780
692	146.093460	429.240662	28.424957	61.773911	0.000000	0.000000	3.750000	-216.859390	-681.874573
693	-600.710083	-128.493622	-91.922287	-3.780590	0.000000	0.000000	3.750000	961.706726	51.978161
694	-29.721493	85.059013	-48.074379	32.447517	0.000000	0.000000	3.750000	85.755707	-50.842796
695	419.145752	129.590332	67.820724	4.934472	0.000000	0.000000	3.750000	-885.457031	-53.412807
696	-172.278885	47.790474	-43.064087	65.033417	0.000000	0.000000	3.750000	243.517792	-201.873199
697	205.646835	-192.459900	55.690346	-57.433304	0.000000	0.000000	3.750000	-293.007782	317.174957
698	139.259323	-285.858398	44.265053	-59.300961	0.000000	0.000000	3.750000	-262.037415	359.857819
699	-322.390503	212.858765	-49.604065	33.755497	0.000000	0.000000	3.750000	558.343079	-287.458618
700	-102.000763	-87.267883	-73.958244	2.484906	0.000000	0.000000	3.750000	243.219055	-1.485869
701	-229.398880	401.750854	-38.333527	67.930397	0.000000	0.000000	3.750000	164.691833	-246.238907
702	-97.164749	-335.993469	-16.723660	-67.972908	0.000000	0.000000	3.750000	112.424187	665.280273
703	374.558685	-438.244659	47.256729	-62.054810	0.000000	0.000000	3.750000	-355.264771	546.914246
704	-91.031097	-27.766777	27.688408	-55.472435	0.000000	0.000000	3.750000	-7.797256	79.332184
705	-271.063446	65.917862	-68.171539	15.894647	0.000000	0.000000	3.750000	592.827148	-114.473938
706	184.648010	-477.025696	46.945930	-51.923782	0.000000	0.000000	3.750000	-470.345032	579.650330
707	456.603851	69.538101	71.254860	10.331743	0.000000	0.000000	3.750000	-773.252441	-100.328453
708	-413.996094	418.704224	-51.601971	53.039940	0.000000	0.000000	3.750000	690.227356	-629.287659
709	-379.895172	-14.390388	-61.986588	1.289670	0.000000	0.000000	3.750000	695.900024	-13.849000
710	43.623318	-534.154846	-1.152573	-85.992279	0.000000	0.000000	3.750000	22.975531	753.422607
711	-416.448761	240.299805	-48.558273	41.690453	0.000000	0.000000	3.750000	550.517578	-423.632324
712	226.101654	244.905991	62.109932	59.483902	0.000000	0.000000	3.750000	-101.638847	-86.141457
713	-358.083649	-48.475571	-60.965271	-19.473970	0.000000	0.000000	3.750000	236.048065	71.748466
714	436.702637	-269.769104	69.816742	-30.026995	0.000000	0.000000	3.750000	-597.646851	218.942017
715	-368.282623	-236.301056	-64.386887	-47.479012	0.000000	0.000000	3.750000	370.230164	149.322815
716	363.545776	-79.422279	61.879147	3.868990	0.000000	0.000000	3.750000	-599.761292	-4.164258
717	-280.351929	-283.647552	-52.095352	-33.616512	0.000000	0.000000	3.750000	625.079407	303.638062
718	15.913067	494.783691	19.226328	73.527840	0.000000	0.000000	3.750000	-133.618744	-808.919373
719	-237.641342	-241.632172	-32.314560	-43.263885	0.000000	0.000000	3.750000	208.829636	387.493622
720	-235.582809	166.975662	-84.635406	45.308369	0.000000	0.000000	3.750000	701.456848	-360.489716
721	277.702637	-367.037659	49.795757	-70.116852	0.000000	0.000000	3.750000	-496.695007	594.761230
722	169.118073	278.127533	48.702721	47.454758	0.000000	0.000000	3.750000	-48.961647	-71.238625
723	326.422302	231.469223	55.525612	51.893116	0.000000	0.000000	3.750000	-334.495850	-389.352142
724	125.801743	384.707031	36.958748	68.688065	0.000000	0.000000	3.750000	-324.184753	-581.916565
725	-247.094620	-347.824432	-40.497017	-54.625923	0.000000	0.000000	3.750000	377.873779	521.878662
726	331.696472	-243.071228	66.157440	-41.318199	0.000000	0.000000	3.750000	-524.745422	344.385376
727	-394.226593	31.931892	-59.832748	4.476838	0.000000	0.000000	3.750000	703.392151	-35.489613
728	412.688629	-172.315735	60.371918	-26.668856	0.000000	0.000000	3.750000	-557.605591	179.353409
729	447.530396	409.849365	60.393112	49.362602	0.000000	0.000000	3.750000	-713.714111	-457.122864
730	131.368073	-386.087982	25.744133	-75.744431	0.000000	0.000000	3.750000	-152.277237	780.710815
731	-383.163757	-58.999062	-79.347801	-10.194435	0.000000	0.000000	3.750000	591.447449	56.614929
732	167.043198	-288.784851	43.724354	-66.993790	0.000000	0.000000	3.750000	-223.526337	437.445068
733	162.139099	-158.766571	37.553402	-41.541992	0.000000	0.000000	3.750000	-266.200897	377.070251
734	-295.161011	278.865204	-31.670650	46.184086	0.000000	0.000000	3.750000	299.878845	-476.932373
735	-14.517254	-106.998726	-65.956985	23.411949	0.000000	0.000000	3.750000	71.262573	-2.370988
736	55.048000	-378.202972	11.970971	-73.025276	0.000000	0.000000	3.750000	-58.406918	659.316162
737	232.642639	-300.734222	48.313026	-63.764023	0.000000	0.000000	3.750000	-368.808685	455.917511
738	447.448700	-99.905197	95.059509	-13.404735	0.000000	0.000000	3.750000	-646.919006	71.563995
739	463.033173	95.084991	65.686417	6.426023	0.000000	0.000000	3.750000	-753.857117	-81.504005
740	-396.015472	-231.802277	-58.403587	-63.126816	0.000000	0.000000	3.750000	460.578552	364.082184
741	219.455765	-392.292084	29.505173	-61.265358	0.000000	0.000000	3.750000	-235.573349	526.036865
742	89.174637	191.110779	2.652642	57.939247	0.000000	0.000000	3.750000	50.811230	-604.759766
743	169.024048	70.417694	75.645210	-7.320299	0.000000	0.000000	3.750000	-190.263489	80.572212
744	-443.794861	44.972855	-75.207306	10.947927	0.000000	0.000000	3.750000	821.212280	-56.558659
745	-143.556717	168.524673	-39.147110	42.795605	0.000000	0.000000	3.750000	319.320068	-219.996414
746	200.987579	-35.012115	79.970207	2.182836	0.000000	0.000000	3.750000	-500.643402	-24.179478
747	-258.759949	-131.113861	-53.925766	-15.100065	0.000000	0.000000	3.750000	619.695068	164.372009
748	301.440247	376.387817	45.381767	55.897137	0.000000	0.000000	3.750000	-290.821625	-439.849701
749	127.785950	404.926453	22.337753	53.525906	0.000000	0.000000	3.750000	-183.159775	-571.254211
750	202.608551	-438.067963	41.219723	-56.576233	0.000000	0.000000	3.750000	-97.535217	181.351746
751	-48.237656	-277.280396	-24.012831	-78.401566	0.000000	0.000000	3.750000	129.534317	86.264122
752	-82.197952	-434.633423	-27.363724	-68.754562	0.000000	0.000000	3.750000	91.929680	554.354187
753	100.905113	-325.225952	13.405977	-74.808258	0.000000	0.000000	3.750000	-34.037373	266.554230
754	170.686035	49.971165	76.015167	24.915882	0.000000	0.000000	3.750000	-31.170002	-68.082329
755	305.996216	350.761658	44.943436	51.030235	0.000000	0.000000	3.750000	-260.912598	-354.660034
756	325.094421	51.779369	93.891281	-4.519670	0.000000	0.000000	3.750000	-549.771912	14.204315
757	378.592773	-217.598328	60.266632	-35.608047	0.000000	0.000000	3.750000	-618.380005	362.497894
758	-261.711212	65.250450	-69.725769	6.188557	0.000000	0.000000	3.750000	519.778931	-119.173698
759	213.142014	-167.741547	38.248390	-35.228607	0.000000	0.000000	3.750000	-344.309692	244.807861
760	-313.849915	-299.243408	-41.906010	-40.098461	0.000000	0.000000	3.750000	506.670013	462.854950
761	380.646606	194.711365	51.707848	37.713375	0.000000	0.000000	3.750000	-431.463440	-304.999481
762	95.954338	-407.744690	14.745150	-60.221085	0.000000	0.000000	3.750000	-103.763130	597.991089
763	-331.190735	-171.155869	-54.243675	-25.644102	0.000000	0.000000	3.750000	466.911957	165.994949
764	373.989105	468.340210	55.185448	63.328918	0.000000	0.000000	3.750000	-190.139908	-269.822510
765	-223.605652	96.628082	-59.167000	24.397312	0.000000	0.000000	3.750000	202.663025	-126.536659
766	-314.158325	226.229431	-51.920250	25.851166	0.000000	0.000000	3.750000	633.236633	-206.117310
767	388.416412	-172.092804	71.202332	-20.155079	0.000000	0.000000	3.750000	-602.188599	180.020782
768	412.019592	-41.571171	59.076515	-10.486094	0.000000	0.000000	3.750000	-449.846863	150.279648
769	258.134552	-7.574840	83.338234	-33.979828	0.000000	0.000000	3.750000	-105.755363	64.666107
770	427.027405	-100.972107	61.011803	-11.025372	0.000000	0.000000	3.750000	-760.593994	98.482925
771	-223.280289	145.241714	-47.205643	43.215988	0.000000	0.000000	3.750000	404.833923	-301.285309
772	392.986084	-335.137756	54.854767	-43.485107	0.000000	0.000000	3.750000	-518.532227	421.784363
773	568.911499	-387.128204	74.486649	-57.338799	0.000000	0.000000	3.750000	-739.604858	515.338257
774	135.454697	174.876083	42.229828	45.394264	0.000000	0.000000	3.750000	-218.130997	-283.566528
775	3.990919	265.416199	-16.605453	53.481354	0.000000	0.000000	3.750000	176.387970	-423.502808
776	380.793518	-221.632538	76.715164	-38.868080	0.000000	0.000000	3.750000	-608.154419	166.458664
777	95.069695	-137.303146	53.532021	-31.276705	0.000000	0.000000	3.750000	-160.533859	192.120529
778	-156.852814	215.138184	-20.898144	47.615753	0.000000	0.000000	3.750000	175.489288	-273.946442
779	295.938171	-219.936951	43.752258	-43.928795	0.000000	0.000000	3.750000	-472.470459	431.581177
780	212.373291	-511.850769	34.173843	-76.734100	0.000000	0.000000	3.750000	-271.314087	1102.308838
781	342.808533	161.300064	55.523514	42.627686	0.000000	0.000000	3.750000	-421.559021	-231.481827
782	373.439819	180.517883	64.970688	35.423218	0.000000	0.000000	3.750000	-569.227844	-251.255661
783	-377.971802	262.556793	-66.778214	31.885063	0.000000	0.000000	3.750000	654.708313	-196.063538
784	-386.130737	244.464676	-66.376343	40.965607	0.000000	0.000000	3.750000	506.835693	-303.890320
785	-356.668427	-420.258667	-49.263077	-57.871807	0.000000	0.000000	3.750000	425.776245	593.154846
786	-396.017578	-159.977509	-71.414551	-19.389734	0.000000	0.000000	3.750000	449.066406	104.807495
787	209.635956	-335.302002	31.153244	-48.923134	0.000000	0.000000	3.750000	-357.374756	733.511536
788	-15.244165	250.805450	24.261082	69.909927	0.000000	0.000000	3.750000	-134.513657	-452.113342
789	-386.227814	-377.301636	-67.168991	-47.034264	0.000000	0.000000	3.750000	435.901703	118.943886
790	-42.946571	200.858093	-21.114002	68.832260	0.000000	0.000000	3.750000	4.735924	-33.064213
791	-443.583344	-365.952026	-75.188759	-37.451790	0.000000	0.000000	3.750000	683.892822	228.767349
792	493.693115	122.410713	79.386734	33.071686	0.000000	0.000000	3.750000	-868.468628	-246.819504
793	176.060120	-181.194382	55.889137	-45.391445	0.000000	0.000000	3.750000	-419.608398	246.941025
794	2.874868	23.186951	-25.852757	73.577736	0.000000	0.000000	3.750000	14.180984	-112.434479
795	-108.026649	-259.051727	1.847189	-53.968376	0.000000	0.000000	3.750000	7.355760	398.354004
796	-3.200247	-100.826500	35.173409	-60.521259	0.000000	0.000000	3.750000	-150.677505	337.256561
797	460.451019	-47.471382	88.883728	-14.130705	0.000000	0.000000	3.750000	-565.698669	138.094650
798	438.089752	-430.892456	53.804939	-56.471481	0.000000	0.000000	3.750000	-592.404724	678.738464
799	-274.895721	-317.964447	-37.404026	-41.676537	0.000000	0.000000	3.750000	166.453094	211.762329
800	241.011200	-338.871704	57.037567	-56.095566	0.000000	0.000000	3.750000	-437.112823	386.877167
801	-355.752228	450.052734	-49.611198	57.573689	0.000000	0.000000	3.750000	387.500153	-444.143982
802	111.735657	478.343964	27.719286	72.908371	0.000000	0.000000	3.750000	-208.944000	-870.972473
803	454.939972	-282.585052	75.836929	-40.555603	0.000000	0.000000	3.750000	-774.961609	332.521515
804	58.484516	-350.906189	35.090263	-65.151093	0.000000	0.000000	3.750000	-246.743134	580.722534
805	20.396538	-342.711121	6.534513	-57.630707	0.000000	0.000000	3.750000	-10.474940	198.943039
806	322.773132	241.252716	80.373558	35.834175	0.000000	0.000000	3.750000	-457.188568	-184.047073
807	-121.431763	250.007385	-24.217312	84.602097	0.000000	0.000000	3.750000	131.762527	-368.391449
808	-159.947510	-360.344147	-42.052620	-72.715607	0.000000	0.000000	3.750000	244.518280	609.305176
809	-381.018402	219.262802	-52.480156	33.012501	0.000000	0.000000	3.750000	551.894531	-209.487503
810	171.080292	129.235275	86.236191	17.529831	0.000000	0.000000	3.750000	-368.779663	-32.096375
811	428.202728	-126.826675	65.257034	-25.328199	0.000000	0.000000	3.750000	-760.270996	232.941406
812	342.540955	443.300568	54.482674	58.580177	0.000000	0.000000	3.750000	-640.942505	-645.038269
813	180.472748	305.408356	40.530830	49.530270	0.000000	0.000000	3.750000	-314.924438	-476.364716
814	292.852692	310.762115	41.818214	43.026005	0.000000	0.000000	3.750000	-517.904968	-560.505005
815	474.341064	116.426048	78.781418	22.748329	0.000000	0.000000	3.750000	-707.629822	-173.879776
816	-353.542389	-457.102509	-47.389008	-59.416119	0.000000	0.000000	3.750000	439.018646	707.993713
817	-36.481239	444.037842	4.637218	89.880402	0.000000	0.000000	3.750000	8.293434	-463.988434
818	293.426514	62.716648	47.957802	-2.012141	0.000000	0.000000	3.750000	-569.761536	0.146620
819	-363.644073	133.559036	-52.662407	19.043877	0.000000	0.000000	3.750000	699.243835	-189.187195
820	124.577454	135.479630	53.289677	35.442223	0.000000	0.000000	3.750000	-169.477356	-194.990952
821	335.440247	77.634750	61.882576	-16.326248	0.000000	0.000000	3.750000	-497.273193	111.619957
822	-430.434509	-265.788574	-65.564255	-58.696331	0.000000	0.000000	3.750000	280.097107	169.428345
823	-242.360535	167.836594	-51.871559	3.652487	0.000000	0.000000	3.750000	562.853760	-17.623547
824	-103.500137	-201.602829	-15.345242	-60.070961	0.000000	0.000000	3.750000	157.889557	471.160553
825	-155.040283	-390.547913	-32.414089	-70.945740	0.000000	0.000000	3.750000	165.976685	691.069885
826	181.909607	-174.509354	45.227928	-45.281704	0.000000	0.000000	3.750000	-295.305359	331.385895
827	-165.588776	115.198776	-68.053085	45.743546	0.000000	0.000000	3.750000	101.958458	-101.453476
828	-362.468079	-295.363129	-57.554096	-52.645271	0.000000	0.000000	3.750000	481.304871	412.416962
829	-45.774239	-553.316467	-23.092297	-76.594612	0.000000	0.000000	3.750000	116.829872	647.989868
830	-393.607574	-245.803162	-58.984947	-33.834328	0.000000	0.000000	3.750000	456.116028	158.825745
831	174.228699	-362.439667	33.100170	-70.628403	0.000000	0.000000	3.750000	-180.413391	521.149597
832	-121.679703	-322.242767	-33.507069	-56.861862	0.000000	0.000000	3.750000	308.495728	675.202209
833	-498.603638	-104.380753	-61.981796	-27.968754	0.000000	0.000000	3.750000	823.838318	255.323898
834	134.619751	-296.229614	14.711199	-47.786827	0.000000	0.000000	3.750000	-164.002853	578.358032
835	475.258484	-160.149872	66.100182	-33.268082	0.000000	0.000000	3.750000	-701.276733	311.892212
836	176.616547	346.419647	46.058395	72.626579	0.000000	0.000000	3.750000	-314.372559	-571.246582
837	103.384659	362.566650	28.980141	54.810127	0.000000	0.000000	3.750000	-227.218979	-504.432190
838	363.977631	233.132889	46.298210	31.503578	0.000000	0.000000	3.750000	-415.402222	-270.798798
839	-78.374260	-221.758026	-58.592941	-54.468964	0.000000	0.000000	3.750000	316.792999	281.523254
840	-442.401459	184.554184	-62.146629	27.600559	0.000000	0.000000	3.750000	787.445862	-227.031479
841	-56.288651	330.243591	7.847092	81.623047	0.000000	0.000000	3.750000	59.629105	-327.668396
842	-447.292786	459.182648	-60.020226	55.870983	0.000000	0.000000	3.750000	687.776855	-493.640015
843	-303.563507	-217.442291	-42.033943	-55.974518	0.000000	0.000000	3.750000	303.351898	457.703430
844	-309.436829	43.030724	-55.490055	16.877607	0.000000	0.000000	3.750000	565.048401	-178.816147
845	-282.068665	-304.670197	-58.547493	-57.412445	0.000000	0.000000	3.750000	389.149414	351.033569
846	301.309357	348.548981	48.136040	45.154419	0.000000	0.000000	3.750000	-499.577240	-425.731110
847	-79.388794	-263.284576	-18.883137	-69.479675	0.000000	0.000000	3.750000	166.936310	536.825195
848	415.673096	-104.757858	63.040047	-11.043032	0.000000	0.000000	3.750000	-699.497559	40.564579
849	-149.725388	138.449356	-41.899685	75.069038	0.000000	0.000000	3.750000	29.394371	-18.571749
850	-8.798489	-96.487022	-13.839698	-66.574493	0.000000	0.000000	3.750000	150.146011	205.104675
851	294.987976	-326.525391	47.425274	-42.974918	0.000000	0.000000	3.750000	-887.043213	741.453735
852	-439.754395	95.575523	-96.438210	26.451088	0.000000	0.000000	3.750000	890.266541	-153.956726
853	-390.238007	-299.444611	-51.848534	-40.837696	0.000000	0.000000	3.750000	426.926575	206.364716
854	-85.687706	-102.068146	-41.130219	-61.462719	0.000000	0.000000	3.750000	17.460632	18.573977
855	-7.194798	64.323418	16.265709	-70.122826	0.000000	0.000000	3.750000	73.897415	144.205963
856	-393.784271	-419.989258	-50.111443	-62.360542	0.000000	0.000000	3.750000	454.886322	720.824707
857	-379.760956	-332.270020	-50.399803	-51.418362	0.000000	0.000000	3.750000	224.870087	185.198303
858	507.950928	-154.609375	74.550781	-14.770905	0.000000	0.000000	3.750000	-932.667908	150.577988
859	-258.803986	-446.058960	-40.005154	-80.619888	0.000000	0.000000	3.750000	242.208786	729.029114
860	-438.215759	37.816513	-69.980072	1.670102	0.000000	0.000000	3.750000	791.558289	-2.719603
861	-158.248688	312.009979	-26.589226	58.215225	0.000000	0.000000	3.750000	230.366928	-562.660278
862	-220.212082	227.687134	-42.110497	65.655640	0.000000	0.000000	3.750000	342.573395	-361.910614
863	-423.077789	-74.091438	-58.816353	-19.612068	0.000000	0.000000	3.750000	534.975037	105.041466
864	-332.773163	16.140745	-61.643906	-6.634373	0.000000	0.000000	3.750000	419.320160	-21.221561
865	462.604675	137.489578	71.576950	18.781370	0.000000	0.000000	3.750000	-768.689148	-184.892548
866	199.404388	207.278458	30.373123	34.546677	0.000000	0.000000	3.750000	-105.313522	-134.337753
867	281.458008	470.796356	37.381744	66.171005	0.000000	0.000000	3.750000	-348.131012	-750.538330
868	-59.183212	324.362579	-4.256182	69.870430	0.000000	0.000000	3.750000	23.869259	-181.340836
869	-389.971619	321.304901	-50.578003	48.392799	0.000000	0.000000	3.750000	625.375366	-496.299438
870	-334.311096	17.028637	-82.166061	17.456694	0.000000	0.000000	3.750000	571.450439	-91.326332
871	-211.436829	-180.495453	-34.339722	-54.007195	0.000000	0.000000	3.750000	232.692902	265.189972
872	77.019653	-17.073776	55.339954	8.546673	0.000000	0.000000	3.750000	-43.008659	-29.944262
873	-108.874496	18.665779	-47.996376	63.999161	0.000000	0.000000	3.750000	279.455597	-157.850876
874	322.217529	166.176697	50.187546	29.072353	0.000000	0.000000	3.750000	-544.458923	-183.487869
875	214.150330	484.433167	34.623604	67.654999	0.000000	0.000000	3.750000	-261.545166	-693.479553
876	-215.674179	-438.665131	-33.428268	-61.502335	0.000000	0.000000	3.750000	278.754181	861.929016
877	356.032349	73.999985	62.435558	21.396297	0.000000	0.000000	3.750000	-550.359375	-184.459534
878	250.334503	382.761169	53.421700	62.210056	0.000000	0.000000	3.750000	-255.998978	-434.966431
879	456.432068	379.063873	60.012337	58.775116	0.000000	0.000000	3.750000	-409.390106	-461.314575
880	-130.727783	334.062866	-26.455196	53.852791	0.000000	0.000000	3.750000	224.812897	-492.337372
881	46.107246	-278.973297	11.199102	-69.098343	0.000000	0.000000	3.750000	-108.152985	676.622131
882	180.198090	-276.703064	59.313622	-37.173836	0.000000	0.000000	3.750000	-589.039429	340.416321
883	-454.455566	-254.108459	-69.245354	-35.903728	0.000000	0.000000	3.750000	648.008606	271.179474
884	-429.304382	-275.761169	-56.157711	-48.190369	0.000000	0.000000	3.750000	626.056580	488.858704
885	-313.631317	-335.769348	-55.175098	-49.312286	0.000000	0.000000	3.750000	489.728546	361.104584
886	196.832199	193.457687	83.377731	28.144243	0.000000	0.000000	3.750000	-390.897919	-63.525715
887	0.291961	-160.902573	6.679705	-55.599762	0.000000	0.000000	3.750000	86.408142	303.864075
888	-399.605927	432.202820	-54.010796	59.015530	0.000000	0.000000	3.750000	522.145752	-630.615784
889	312.301483	-309.695740	36.807751	-44.823959	0.000000	0.000000	3.750000	-410.296082	646.003174
890	202.396164	134.316406	59.859329	40.009155	0.000000	0.000000	3.750000	-113.695953	-117.763161
891	355.025269	461.701508	52.711086	54.749756	0.000000	0.000000	3.750000	-492.739044	-664.251587
892	198.021210	216.999237	39.617104	52.786911	0.000000	0.000000	3.750000	-175.600922	-371.726929
893	-46.024658	54.024067	67.745720	-38.658955	0.000000	0.000000	3.750000	-132.393661	77.003159
894	134.624603	5.255837	61.981491	1.392471	0.000000	0.000000	3.750000	-21.545431	25.418823
895	-59.628471	455.756226	-19.153692	73.546646	0.000000	0.000000	3.750000	179.431320	-401.230011
896	-59.175835	467.466125	-12.521311	72.932953	0.000000	0.000000	3.750000	87.555222	-825.797180
897	440.571167	-257.727081	58.998650	-33.810543	0.000000	0.000000	3.750000	-755.581787	297.018311
898	-187.761551	-373.947510	-30.888828	-60.579323	0.000000	0.000000	3.750000	80.087807	361.111938
899	36.143494	-53.407906	-2.271415	-61.957588	0.000000	0.000000	3.750000	105.357346	276.361633
900	-342.216949	229.930908	-56.429092	37.944065	0.000000	0.000000	3.750000	479.000427	-253.807480
901	75.680496	385.242157	12.148924	56.713345	0.000000	0.000000	3.750000	-140.735764	-660.429016
902	-232.850784	-424.114044	-37.646847	-63.707939	0.000000	0.000000	3.750000	249.424347	619.027710
903	-203.402313	-56.476364	-54.937439	-28.738077	0.000000	0.000000	3.750000	452.853790	216.914352
904	-426.128052	-333.744110	-53.419090	-45.237148	0.000000	0.000000	3.750000	448.983032	324.852264
905	-101.137573	324.455353	-39.422630	71.901527	0.000000	0.000000	3.750000	307.645447	-407.300934
906	190.721313	-107.266060	51.635490	-41.106842	0.000000	0.000000	3.750000	-252.721924	224.390823
907	213.789307	-67.370850	63.542942	-17.840775	0.000000	0.000000	3.750000	-380.070435	126.647346
908	-483.914917	-339.008270	-71.618484	-35.648041	0.000000	0.000000	3.750000	1038.351318	349.730835
909	413.714050	17.536062	71.643692	18.525082	0.000000	0.000000	3.750000	-723.818176	-145.239853
910	283.960266	-189.179169	62.600346	-43.095062	0.000000	0.000000	3.750000	-464.156921	245.961105
911	-68.472809	-260.826996	-5.413486	-63.770622	0.000000	0.000000	3.750000	76.297554	467.837769
912	-271.033081	-128.529388	-79.185577	-11.385262	0.000000	0.000000	3.750000	446.430634	119.026970
913	-39.620884	41.663307	-59.480957	36.904984	0.000000	0.000000	3.750000	222.571838	-110.408936
914	57.447216	480.428619	7.661646	77.622787	0.000000	0.000000	3.750000	-35.911518	-642.717896
915	492.921570	267.087372	65.454514	38.622562	0.000000	0.000000	3.750000	-748.959656	-357.887878
916	190.051773	-32.316059	75.991417	-0.819459	0.000000	0.000000	3.750000	-93.578362	83.309998
917	72.824966	330.451385	23.753723	57.269196	0.000000	0.000000	3.750000	-172.690582	-462.964203
918	66.846138	374.155640	19.805296	67.139771	0.000000	0.000000	3.750000	-151.264221	-647.046082
919	-329.860931	177.803192	-67.715454	42.598217	0.000000	0.000000	3.750000	517.577209	-250.715744
920	-579.443115	96.706238	-82.894341	13.584105	0.000000	0.000000	3.750000	839.196960	-111.944664
921	-33.692223	261.709076	-11.537958	46.592613	0.000000	0.000000	3.750000	134.533112	-348.196289
922	308.397064	-258.032166	43.591072	-41.228855	0.000000	0.000000	3.750000	-468.114227	483.138153
923	-276.711273	342.183594	-40.884590	56.819420	0.000000	0.000000	3.750000	364.151245	-643.383484
924	-202.579803	-323.255432	-14.967442	-66.332291	0.000000	0.000000	3.750000	82.392624	578.595398
925	16.232176	-331.099365	2.671575	-63.944160	0.000000	0.000000	3.750000	27.659960	409.823639
926	-52.388676	418.912262	-8.565964	59.385368	0.000000	0.000000	3.750000	31.715530	-757.233093
927	-98.488358	277.802124	-32.719360	52.663242	0.000000	0.000000	3.750000	304.682068	-317.470734
928	-119.738304	217.478409	-9.432355	59.253952	0.000000	0.000000	3.750000	87.358101	-442.971405
929	-216.883408	511.149323	-33.775848	72.520233	0.000000	0.000000	3.750000	256.706512	-750.330078
930	126.965355	-337.352417	30.951992	-56.017464	0.000000	0.000000	3.750000	-113.695442	191.083664
931	243.156448	-202.291824	48.140640	-45.149487	0.000000	0.000000	3.750000	-342.425354	292.766022
932	139.099213	-99.405334	55.249722	-32.299629	0.000000	0.000000	3.750000	-153.636292	20.085043
933	-338.241241	-227.693542	-53.572197	-31.209118	0.000000	0.000000	3.750000	520.113586	187.787827
934	-204.979752	-74.994850	-60.671394	-34.913857	0.000000	0.000000	3.750000	382.920837	265.971527
935	428.142731	-230.648697	61.162395	-29.717966	0.000000	0.000000	3.750000	-594.815002	210.530838
936	539.953552	-56.923954	85.911819	-19.056665	0.000000	0.000000	3.750000	-835.341248	228.751297
937	-405.961578	231.910583	-55.800533	38.862511	0.000000	0.000000	3.750000	541.206116	-271.428955
938	19.510918	-341.053009	11.961545	-64.906990	0.000000	0.000000	3.750000	-47.936478	189.432281
939	270.036682	374.240356	33.919945	68.010483	0.000000	0.000000	3.750000	-255.087112	-786.456665
940	-171.423782	-372.941650	-41.331413	-75.416924	0.000000	0.000000	3.750000	190.788284	399.760803
941	-264.973846	238.981415	-48.351173	38.809166	0.000000	0.000000	3.750000	137.737579	-78.945244
942	-189.670883	13.342417	-47.947304	2.248438	0.000000	0.000000	3.750000	384.079254	-4.749414
943	-28.734379	250.513809	-1.109819	83.992661	0.000000	0.000000	3.750000	6.957498	-285.471741
944	-232.997040	243.424957	-41.155609	51.596626	0.000000	0.000000	3.750000	344.497070	-362.304047
945	167.217728	357.193176	22.738087	57.679939	0.000000	0.000000	3.750000	-189.640976	-723.071045
946	434.435364	-94.381226	70.980515	-12.072450	0.000000	0.000000	3.750000	-176.180374	0.708427
947	-403.025909	144.393463	-68.328125	33.275620	0.000000	0.000000	3.750000	448.087555	-204.069305
948	418.862854	-112.160835	76.839905	-28.629171	0.000000	0.000000	3.750000	-433.782013	147.872742
949	378.429169	-479.551697	58.096992	-57.868256	0.000000	0.000000	3.750000	-551.777527	642.476501
950	221.963379	257.352203	31.486984	48.709030	0.000000	0.000000	3.750000	-320.246582	-497.910858
951	-93.700836	212.971802	-44.022549	59.479309	0.000000	0.000000	3.750000	260.911133	-140.448761
952	-245.430374	-97.643578	-73.534500	-36.286037	0.000000	0.000000	3.750000	367.779114	200.647369
953	72.054665	176.754486	3.370954	59.905190	0.000000	0.000000	3.750000	19.259184	-508.181488
954	155.511475	-331.341034	32.536831	-59.708931	0.000000	0.000000	3.750000	-4.884653	175.069427
955	193.622086	357.104828	28.328682	48.306152	0.000000	0.000000	3.750000	-293.072540	-615.425903
956	-61.949215	498.860687	-1.266254	81.990204	0.000000	0.000000	3.750000	-36.757542	-804.455078
957	260.680573	276.802338	50.400391	39.443626	0.000000	0.000000	3.750000	-246.735764	-196.319885
958	-52.629559	-261.151123	-17.936657	-71.792694	0.000000	0.000000	3.750000	184.084732	297.677551
959	-95.101364	207.090881	-19.765257	52.395798	0.000000	0.000000	3.750000	207.254440	-340.997070
960	-297.666229	-345.970703	-43.141045	-38.766579	0.000000	0.000000	3.750000	586.461182	410.898254
961	112.492477	471.390625	24.487843	61.288986	0.000000	0.000000	3.750000	-192.991913	-758.601562
962	76.359482	475.263885	2.868164	67.939476	0.000000	0.000000	3.750000	-57.474617	-695.702026
963	132.736237	-166.782593	41.479218	-56.383747	0.000000	0.000000	3.750000	-21.841053	100.105042
964	-104.089676	78.052116	-68.085999	16.257053	0.000000	0.000000	3.750000	518.469055	-91.731277
965	-24.772552	-411.908478	-12.027729	-62.859634	0.000000	0.000000	3.750000	101.931709	593.158447
966	-42.756775	265.557922	-13.782209	52.211517	0.000000	0.000000	3.750000	142.411743	-336.572296
967	255.192200	156.078369	40.544884	32.559261	0.000000	0.000000	3.750000	-413.234100	-239.136597
968	-237.560303	-201.207794	-47.053162	-30.364244	0.000000	0.000000	3.750000	455.853729	167.271927
969	76.178474	193.885345	8.476881	55.354691	0.000000	0.000000	3.750000	-49.524117	-389.640442
970	104.304047	-128.556671	13.149197	-62.634205	0.000000	0.000000	3.750000	35.730656	232.303589
971	272.099243	-377.243439	34.637352	-53.816750	0.000000	0.000000	3.750000	-319.994354	865.237549
972	-349.312469	59.285400	-66.641556	27.256233	0.000000	0.000000	3.750000	393.088226	-183.484360
973	250.066818	141.810120	52.585472	46.203545	0.000000	0.000000	3.750000	-418.444031	-349.844482
974	349.789978	-343.361481	55.179253	-49.307705	0.000000	0.000000	3.750000	-538.780701	454.506348
975	-119.189514	334.142365	-6.915816	67.647400	0.000000	0.000000	3.750000	63.961945	-582.770203
976	-250.973297	-396.315338	-41.254299	-59.009094	0.000000	0.000000	3.750000	318.519928	622.964233
977	364.789856	179.912674	51.950912	33.839272	0.000000	0.000000	3.750000	-661.320801	-295.220642
978	-382.774750	64.098358	-73.491608	8.659262	0.000000	0.000000	3.750000	648.397400	-45.719398
979	-377.260284	-246.201630	-80.079659	-17.642042	0.000000	0.000000	3.750000	879.875061	119.145912
980	-296.071381	100.414459	-59.858528	4.117588	0.000000	0.000000	3.750000	576.522827	3.769307
981	-34.938805	-110.565819	-47.669693	56.586346	0.000000	0.000000	3.750000	28.615242	-55.220470
982	-92.286942	-329.970001	-38.463890	-48.626282	0.000000	0.000000	3.750000	385.102051	331.562439
983	-347.793671	-37.436527	-81.503265	-9.012089	0.000000	0.000000	3.750000	560.362671	69.885071
984	31.979408	274.734222	7.202150	59.566170	0.000000	0.000000	3.750000	-37.204273	-415.770386
985	-196.744873	-416.888977	-33.783104	-65.838379	0.000000	0.000000	3.750000	123.512863	369.920471
986	-464.950836	-471.906860	-61.996201	-67.973984	0.000000	0.000000	3.750000	314.040558	315.517792
987	-438.113373	-144.105423	-75.503036	-19.577660	0.000000	0.000000	3.750000	700.809326	110.982658
988	27.748413	221.840851	18.945675	37.484150	0.000000	0.000000	3.750000	-257.468597	-493.220642
989	-269.873779	61.690727	-57.480259	7.747188	0.000000	0.000000	3.750000	578.759277	-38.088657
990	-402.498230	-51.665497	-55.406059	8.134281	0.000000	0.000000	3.750000	683.925659	-43.075150
991	-101.277222	-294.782349	-6.410552	-67.696754	0.000000	0.000000	3.750000	159.767349	385.871857
992	237.844894	-84.016479	55.135719	-23.665060	0.000000	0.000000	3.750000	-192.966492	111.052162
993	-432.592285	329.896515	-60.427155	42.714821	0.000000	0.000000	3.750000	753.409973	-417.615845
994	451.918213	-330.551178	62.074528	-47.230846	0.000000	0.000000	3.750000	-716.396790	505.460205
995	-194.938629	-416.546600	-32.972202	-57.173698	0.000000	0.000000	3.750000	360.602051	776.811218
996	189.171783	187.768463	45.153648	53.489540	0.000000	0.000000	3.750000	-328.468658	-572.401550
997	94.182648	263.637329	5.232342	41.672798	0.000000	0.000000	3.750000	-37.690758	-583.240417
998	385.275421	200.079346	52.465775	33.035416	0.000000	0.000000	3.750000	-670.546326	-311.070801
999	19.974934	55.879196	-71.972473	1.657280	0.000000	0.000000	3.750000	119.535179	30.248188
