node	a_force.x	a_force.y	g_force.x	g_force.y	r_force.x	r_force.y	global_speed	move_node.x	move_node.y
0	515.538086	407.266296	81.989090	55.485176	0.000000	0.000000	7.125000	-232.192703	-129.733383
1	-194.737671	259.659882	-112.888046	55.794636	0.000000	0.000000	7.125000	213.306442	-15.492446
2	-185.937561	762.270386	-33.391144	127.706299	0.000000	0.000000	7.125000	67.787506	-327.017609
3	-563.278320	461.712158	-78.997139	82.191238	0.000000	0.000000	7.125000	334.953827	-332.006195
4	-185.588257	-765.788330	-29.101627	-125.671295	0.000000	0.000000	7.125000	56.932564	387.541779
5	-510.196289	-337.664429	-73.062943	-41.442570	0.000000	0.000000	7.125000	279.611298	109.732834
6	-395.191895	-68.480339	-81.936287	-29.237551	0.000000	0.000000	7.125000	143.852798	61.658745
7	434.925964	285.759521	115.241333	33.451042	0.000000	0.000000	7.125000	-277.257172	-70.217377
8	300.484467	-166.143646	74.413986	-69.760345	0.000000	0.000000	7.125000	-147.178345	136.843140
9	508.853699	756.521118	73.101265	106.287880	0.000000	0.000000	7.125000	-1198.930542	-1886.674927
10	507.848969	-333.406158	83.370850	-82.085419	0.000000	0.000000	7.125000	-257.241455	214.378983
11	902.976929	-184.481689	165.480469	-28.985577	0.000000	0.000000	7.125000	-285.307007	141.987076
12	-55.744740	639.122925	-26.916761	129.220673	0.000000	0.000000	7.125000	83.237122	-263.656067
13	-47.748169	-740.031921	3.249195	-110.952118	0.000000	0.000000	7.125000	0.032667	336.550812
14	213.425400	-522.420654	35.430153	-102.015594	0.000000	0.000000	7.125000	-68.580528	373.804565
15	-130.745316	73.307129	-107.997086	0.663161	0.000000	0.000000	7.125000	191.900864	-4.882800
16	623.868164	588.681885	96.212959	66.563499	0.000000	0.000000	7.125000	-298.306793	-161.553864
17	-719.340271	-304.451233	-114.464615	-45.014061	0.000000	0.000000	7.125000	380.325928	118.025932
18	290.201538	-229.433197	64.205559	-83.076736	0.000000	0.000000	7.125000	-327.753510	358.731506
19	-457.464722	-480.968994	-67.362122	-76.591919	0.000000	0.000000	7.125000	235.342163	303.058350
20	-621.992188	-505.973907	-83.961990	-97.934097	0.000000	0.000000	7.125000	206.460190	206.732880
21	-233.495285	27.590031	-109.633850	-17.165190	0.000000	0.000000	7.125000	152.306198	64.228119
22	166.126984	-581.689331	29.357605	-113.255219	0.000000	0.000000	7.125000	-37.476303	282.324860
23	-790.814209	-296.069214	-115.649101	-50.012779	0.000000	0.000000	7.125000	353.832031	125.615852
24	-131.553223	599.024475	-25.533211	108.022743	0.000000	0.000000	7.125000	57.269077	-207.535339
25	-504.672791	-568.168945	-83.847954	-105.802948	0.000000	0.000000	7.125000	253.271606	311.290588
26	-494.258057	-368.738251	-81.392731	-56.354294	0.000000	0.000000	7.125000	237.989944	146.081757
27	225.958755	166.412308	117.008057	26.628899	0.000000	0.000000	7.125000	-121.494560	-19.464314
28	791.077881	-410.858826	104.043831	-76.257111	0.000000	0.000000	7.125000	-285.179749	163.310822
29	-41.663376	193.119537	28.877144	113.356728	0.000000	0.000000	7.125000	-14.734567	-115.702484
30	-340.580627	666.333008	-46.380165	94.201218	0.000000	0.000000	7.125000	57.048733	-146.631821
31	-534.223450	-409.981903	-99.084579	-67.689438	0.000000	0.000000	7.125000	397.746338	243.515427
32	309.113342	-491.315918	45.024506	-81.372070	0.000000	0.000000	7.125000	-115.813393	264.933807
33	147.546188	-22.944075	52.895260	-97.557625	0.000000	0.000000	7.125000	-15.965940	95.740616
34	-148.125458	518.622925	-67.208939	92.069572	0.000000	0.000000	7.125000	118.167931	-95.962509
35	96.041672	369.318268	33.358822	115.256088	0.000000	0.000000	7.125000	-20.379797	-157.513306
36	479.150757	475.982605	74.398834	69.776611	0.000000	0.000000	7.125000	-286.635315	-247.677536
37	-674.899902	-3.722519	-113.994095	1.158971	0.000000	0.000000	7.125000	297.493683	2.952659
38	685.944153	-450.400757	97.336029	-75.197708	0.000000	0.000000	7.125000	-287.694122	211.505127
39	477.624359	-4.458035	90.567108	-31.828526	0.000000	0.000000	7.125000	-236.201630	59.454662
40	-648.401062	-426.535919	-82.479767	-69.720375	0.000000	0.000000	7.125000	277.077881	196.403534
41	39.275238	-699.796997	24.893179	-123.510941	0.000000	0.000000	7.125000	-33.705925	345.513947
42	-332.946655	-293.566589	-61.234051	-81.572403	0.000000	0.000000	7.125000	195.785294	240.602631
43	127.553802	-467.094910	59.264019	-124.605270	0.000000	0.000000	7.125000	-35.138638	274.867462
44	-215.010925	-533.392029	-39.409897	-94.077133	0.000000	0.000000	7.125000	49.978813	173.380692
45	604.477600	255.861908	100.377609	39.853912	0.000000	0.000000	7.125000	-275.331329	-104.174080
46	-520.611511	595.136902	-69.916397	74.267700	0.000000	0.000000	7.125000	152.386703	-161.755112
47	524.636841	295.987762	84.367622	51.793839	0.000000	0.000000	7.125000	-256.351044	-121.570747
48	-720.166504	-34.232441	-123.576302	-24.594166	0.000000	0.000000	7.125000	319.702240	54.352589
49	-383.233032	-66.002975	-92.984749	-1.641068	0.000000	0.000000	7.125000	244.466400	-7.244027
50	-599.376282	422.798431	-105.242081	51.076283	0.000000	0.000000	7.125000	264.316833	-79.254471
51	-452.956207	-575.498779	-66.526703	-77.316330	0.000000	0.000000	7.125000	187.260513	261.129486
52	234.265808	-468.318542	25.322487	-132.602753	0.000000	0.000000	7.125000	-57.868080	396.878235
53	-17.843145	130.231522	56.468018	66.180809	0.000000	0.000000	7.125000	-89.725327	-129.800552
54	-351.950867	-278.054688	-95.619583	-72.500008	0.000000	0.000000	7.125000	203.313354	128.894867
55	521.040771	-215.976135	103.447662	-47.897453	0.000000	0.000000	7.125000	-220.159866	88.604027
56	-80.304977	146.370346	-94.993820	13.596850	0.000000	0.000000	7.125000	254.986282	3.881765
57	-196.351074	134.743103	-51.019772	88.309296	0.000000	0.000000	7.125000	144.309387	-199.384933
58	273.982727	740.027161	50.714741	115.339020	0.000000	0.000000	7.125000	-110.578529	-355.708893
59	688.638794	-441.678345	78.229271	-70.035713	0.000000	0.000000	7.125000	-251.968811	193.565170
60	-526.359192	767.052368	-98.423279	96.727554	0.000000	0.000000	7.125000	184.909424	-144.304993
61	307.302002	-312.388519	65.682266	-96.821785	0.000000	0.000000	7.125000	-143.811447	275.814301
62	619.428223	457.613586	121.065964	34.911148	0.000000	0.000000	7.125000	-307.950897	-70.877892
63	596.188232	812.746216	83.453537	98.365532	0.000000	0.000000	7.125000	-202.510757	-297.361755
64	-528.700684	-384.842133	-62.335304	-56.305080	0.000000	0.000000	7.125000	320.742889	219.631195
65	-290.012756	-339.537292	-7.142060	-107.763565	0.000000	0.000000	7.125000	0.474443	263.456543
66	225.983734	39.820103	84.349640	21.291454	0.000000	0.000000	7.125000	-167.818771	-30.868803
67	-476.798645	-202.110504	-89.123634	-49.589191	0.000000	0.000000	7.125000	279.849365	90.066971
68	392.394043	503.173370	84.745110	80.661636	0.000000	0.000000	7.125000	-305.527588	-289.012909
69	359.010712	-515.459717	62.541916	-80.575928	0.000000	0.000000	7.125000	-181.345795	241.646545
70	-625.085938	413.828644	-100.636826	65.351799	0.000000	0.000000	7.125000	286.001434	-132.074432
71	-284.495239	63.433418	-95.739082	-7.062754	0.000000	0.000000	7.125000	235.244156	25.853483
72	-232.618546	444.732605	-65.212212	70.446358	0.000000	0.000000	7.125000	150.950424	-130.016998
73	-426.929047	-440.687927	-48.055733	-76.093086	0.000000	0.000000	7.125000	156.949341	339.495605
74	118.733711	-516.670776	52.268280	-80.518654	0.000000	0.000000	7.125000	-94.102501	227.313141
75	-621.540344	518.105774	-88.629318	76.375244	0.000000	0.000000	7.125000	422.366699	-245.905197
76	-586.587524	480.644684	-93.155319	60.342033	0.000000	0.000000	7.125000	301.380676	-119.503052
77	-669.127075	450.281952	-93.702911	74.957077	0.000000	0.000000	7.125000	300.719299	-201.216675
78	-131.371948	903.267822	-24.254219	126.699326	0.000000	0.000000	7.125000	81.087448	-334.979187
79	459.798126	-172.668152	109.672676	-17.108528	0.000000	0.000000	7.125000	-269.735077	19.167126
80	-931.219971	-387.668182	-128.207184	-42.276062	0.000000	0.000000	7.125000	289.738800	80.998611
81	111.372490	581.182739	35.232635	98.912338	0.000000	0.000000	7.125000	-75.770683	-230.957596
82	414.910828	422.921692	66.453323	46.308929	0.000000	0.000000	7.125000	-296.532227	-146.296570
83	-641.058533	304.444672	-107.450928	38.067448	0.000000	0.000000	7.125000	386.033691	-91.579498
84	76.629364	694.534302	2.676114	104.964355	0.000000	0.000000	7.125000	-13.130210	-440.567993
85	238.906616	287.847168	113.115372	48.308945	0.000000	0.000000	7.125000	-294.808350	-71.261452
86	217.399689	-606.782349	44.427025	-88.463722	0.000000	0.000000	7.125000	-90.229698	310.232819
87	-599.918213	-581.023865	-82.572830	-87.061676	0.000000	0.000000	7.125000	330.874878	425.263306
88	401.586426	-326.312561	80.933365	-84.489334	0.000000	0.000000	7.125000	-246.360229	248.026123
89	-836.925232	-291.204895	-137.143951	-15.321953	0.000000	0.000000	7.125000	382.610016	26.913757
90	-132.082611	-619.791748	-23.964281	-114.519089	0.000000	0.000000	7.125000	71.993805	261.300171
91	-499.942200	-133.029861	-128.898544	-28.370815	0.000000	0.000000	7.125000	170.982361	54.336723
92	575.244751	-368.191223	91.188339	-30.006861	0.000000	0.000000	7.125000	-303.770569	73.677650
93	-368.792938	-165.645950	-96.231682	-66.545273	0.000000	0.000000	7.125000	168.793930	127.188133
94	-246.034821	-522.754944	-61.200623	-88.984322	0.000000	0.000000	7.125000	137.966522	234.858887
95	719.872498	-252.464783	117.705872	-66.107079	0.000000	0.000000	7.125000	-104.522537	82.065125
96	78.618011	-161.533813	73.033463	-117.071213	0.000000	0.000000	7.125000	-20.846064	69.524200
97	-427.204865	-53.426922	-80.377686	-10.016700	0.000000	0.000000	7.125000	258.809937	12.480474
98	-402.918304	-340.525818	-70.066681	-74.125092	0.000000	0.000000	7.125000	192.290405	175.486542
99	-485.339264	370.433990	-86.601280	47.959827	0.000000	0.000000	7.125000	270.388733	-105.514282
100	-294.044495	334.658875	-67.757599	54.568268	0.000000	0.000000	7.125000	434.826294	-322.678192
101	-227.090317	528.135986	-33.245533	73.857712	0.000000	0.000000	7.125000	58.047108	-192.472076
102	361.686829	-122.594803	74.063545	-32.792454	0.000000	0.000000	7.125000	-168.281052	47.995743
103	725.460327	201.075729	122.910614	4.675210	0.000000	0.000000	7.125000	-393.956757	-15.658714
104	191.818909	-620.210632	28.921005	-100.938431	0.000000	0.000000	7.125000	-71.873383	252.277130
105	495.471802	-474.094299	67.824783	-63.630150	0.000000	0.000000	7.125000	-234.106979	208.748062
106	-314.623840	-163.833603	-74.020294	-56.300713	0.000000	0.000000	7.125000	197.340439	104.334633
107	-37.153793	-408.462524	7.410675	-104.737915	0.000000	0.000000	7.125000	2.430705	212.670563
108	214.268082	316.099579	30.467518	97.342705	0.000000	0.000000	7.125000	-70.919991	-348.205444
109	52.846359	416.341370	19.030069	118.478271	0.000000	0.000000	7.125000	-11.000436	-281.087677
110	-954.293762	33.707890	-143.516083	-31.779123	0.000000	0.000000	7.125000	463.914154	49.957176
111	-551.036438	67.727989	-132.669876	47.745800	0.000000	0.000000	7.125000	264.219543	-89.499008
112	577.150208	-293.223511	108.619766	-57.699104	0.000000	0.000000	7.125000	-195.901413	70.389709
113	-652.444397	-535.172913	-80.983673	-80.234238	0.000000	0.000000	7.125000	433.448303	420.780945
114	46.334660	-490.038330	5.268983	-95.850914	0.000000	0.000000	7.125000	-0.621267	245.527756
115	419.652283	301.372253	102.845276	67.447189	0.000000	0.000000	7.125000	-239.638351	-91.349113
116	522.276917	-400.214233	67.849655	-67.914375	0.000000	0.000000	7.125000	-196.836121	141.374268
117	133.290237	403.367310	56.114220	102.665428	0.000000	0.000000	7.125000	-232.164932	-385.346436
118	-70.904205	162.568146	-45.355984	84.590767	0.000000	0.000000	7.125000	68.701813	-55.956764
119	-337.364807	-672.700317	-72.331879	-103.169220	0.000000	0.000000	7.125000	123.728584	229.983795
120	112.601181	-615.923706	37.872063	-107.522476	0.000000	0.000000	7.125000	-95.356445	445.151917
121	-821.324341	754.173706	-113.710449	102.336548	0.000000	0.000000	7.125000	324.310364	-274.394409
122	-267.652252	360.261169	-30.033707	109.972305	0.000000	0.000000	7.125000	40.891052	-130.792557
123	580.669373	-537.070312	77.260590	-66.590485	0.000000	0.000000	7.125000	-264.719452	193.283981
124	120.401505	151.801987	44.614204	84.960075	0.000000	0.000000	7.125000	-27.795584	-84.118538
125	912.231812	173.169769	135.216080	27.578163	0.000000	0.000000	7.125000	-370.131012	-70.332123
126	671.875732	-323.863892	100.540863	-65.503433	0.000000	0.000000	7.125000	-276.286041	146.469162
127	-328.723206	347.545868	-60.294067	58.485439	0.000000	0.000000	7.125000	191.316513	-185.417969
128	122.368027	-365.522675	5.833809	-104.836990	0.000000	0.000000	7.125000	-26.579832	297.462555
129	428.911621	-497.920990	53.781876	-72.163033	0.000000	0.000000	7.125000	-148.274933	230.573273
130	-207.812531	172.925964	-65.942429	73.827408	0.000000	0.000000	7.125000	156.173752	-119.533012
131	462.352905	-343.872284	96.615677	-85.477478	0.000000	0.000000	7.125000	-175.130997	158.937729
132	521.556458	-366.313782	98.516327	-73.618057	0.000000	0.000000	7.125000	-235.104568	97.116341
133	666.740295	-330.375946	86.105606	-54.669968	0.000000	0.000000	7.125000	-289.617462	117.690094
134	562.704529	-357.893768	78.468201	-55.302681	0.000000	0.000000	7.125000	-274.641602	120.517441
135	-647.189941	210.918365	-128.210846	14.158882	0.000000	0.000000	7.125000	214.332047	-55.112190
136	-13.537488	-103.837250	-75.711983	-48.638912	0.000000	0.000000	7.125000	142.672501	80.343300
137	-506.433777	905.355225	-69.823929	152.796890	0.000000	0.000000	7.125000	322.727295	-824.538025
138	-742.740051	-190.418381	-111.358368	-44.712017	0.000000	0.000000	7.125000	304.868011	107.443085
139	573.481262	407.012878	113.572723	38.743656	0.000000	0.000000	7.125000	-311.589264	-85.054321
140	486.809204	539.496399	76.906715	71.486298	0.000000	0.000000	7.125000	-199.567032	-168.303558
141	-243.667267	478.163635	-53.673130	75.947784	0.000000	0.000000	7.125000	98.407761	-150.985550
142	-690.260742	-181.505402	-103.811493	-15.753016	0.000000	0.000000	7.125000	260.311829	15.535173
143	221.776825	89.964340	76.780609	40.892979	0.000000	0.000000	7.125000	-146.899338	-123.053284
144	242.234985	-0.884350	104.721436	7.530616	0.000000	0.000000	7.125000	-143.333694	-4.963686
145	116.733963	-476.288116	24.018864	-86.734879	0.000000	0.000000	7.125000	-65.837357	307.334778
146	-402.613434	-252.638290	-88.482178	-37.238243	0.000000	0.000000	7.125000	269.273956	92.274780
147	-298.425934	827.777954	-52.551254	143.691269	0.000000	0.000000	7.125000	128.915237	-322.376404
148	358.171234	-244.534119	79.438225	-59.080433	0.000000	0.000000	7.125000	-158.672195	106.089828
149	-686.906494	190.984741	-115.062500	21.202286	0.000000	0.000000	7.125000	363.065002	-52.332756
150	139.513794	-460.478149	48.699471	-122.687653	0.000000	0.000000	7.125000	-74.685707	212.711533
151	-516.075317	769.996094	-80.163651	97.203148	0.000000	0.000000	7.125000	182.928436	-313.575684
152	467.838379	-81.608276	120.707726	-23.602129	0.000000	0.000000	7.125000	-250.819870	20.715410
153	496.034668	466.690613	70.814011	77.526611	0.000000	0.000000	7.125000	-183.948486	-186.735199
154	351.222198	399.586670	87.798996	62.871590	0.000000	0.000000	7.125000	-218.661926	-97.866684
155	-150.138626	465.999054	-19.789085	148.675827	0.000000	0.000000	7.125000	73.722816	-222.964935
156	131.084961	427.689636	41.382561	99.741730	0.000000	0.000000	7.125000	-32.691879	-191.812653
157	43.385033	349.259277	49.099483	125.751236	0.000000	0.000000	7.125000	-44.116337	-160.853638
158	-395.734924	-275.943451	-69.343491	-52.536949	0.000000	0.000000	7.125000	234.379593	125.032448
159	-331.552673	477.598267	-73.198715	95.086830	0.000000	0.000000	7.125000	188.605209	-210.585373
160	410.757812	671.646729	68.683945	105.633850	0.000000	0.000000	7.125000	-163.967682	-272.227997
161	562.860718	593.161560	84.294083	81.135880	0.000000	0.000000	7.125000	-178.619736	-187.019623
162	-282.560822	-170.689026	-67.977188	-54.290581	0.000000	0.000000	7.125000	282.132111	152.566528
163	391.174988	813.232483	65.655602	111.040375	0.000000	0.000000	7.125000	-149.825790	-293.996582
164	135.763885	544.962708	49.016579	96.235924	0.000000	0.000000	7.125000	-91.705505	-195.822723
165	9.383325	-622.249207	-8.344707	-125.722626	0.000000	0.000000	7.125000	15.306029	284.577332
166	-675.517944	254.638077	-114.439087	24.341335	0.000000	0.000000	7.125000	324.476532	-44.885181
167	-357.733490	439.361450	-71.217827	68.766953	0.000000	0.000000	7.125000	255.802719	-219.156021
168	-750.205200	667.527832	-85.761444	92.306747	0.000000	0.000000	7.125000	404.842346	-517.547485
169	239.669876	512.500427	38.383644	87.992172	0.000000	0.000000	7.125000	-60.812412	-157.849564
170	268.427155	-416.131470	43.580238	-82.155991	0.000000	0.000000	7.125000	-119.929489	252.912964
171	80.153366	-423.360931	18.246275	-133.760895	0.000000	0.000000	7.125000	-20.502081	242.959915
172	229.714600	-430.436676	53.288826	-64.932312	0.000000	0.000000	7.125000	-158.380920	215.829727
173	544.996948	614.221741	74.100349	78.568413	0.000000	0.000000	7.125000	-212.460648	-249.186340
174	-395.131165	-471.657043	-61.637051	-102.959167	0.000000	0.000000	7.125000	120.981644	199.831726
175	593.158630	-633.875916	74.584518	-105.248993	0.000000	0.000000	7.125000	-174.151855	329.203735
176	-604.174072	368.699768	-88.936234	43.474327	0.000000	0.000000	7.125000	270.207245	-82.800552
177	346.355072	-112.280342	68.152588	-31.305965	0.000000	0.000000	7.125000	-274.171143	100.591942
178	839.610107	390.867706	129.692841	47.135895	0.000000	0.000000	7.125000	-375.490631	-85.196129
179	-435.213562	196.630920	-109.309685	41.717758	0.000000	0.000000	7.125000	278.098297	-97.552689
180	-163.198364	363.177582	-34.105171	108.748192	0.000000	0.000000	7.125000	252.174545	-329.936615
181	329.388184	76.129463	77.704781	6.766751	0.000000	0.000000	7.125000	-206.900238	-28.619810
182	-335.284332	-747.960327	-46.445518	-97.491814	0.000000	0.000000	7.125000	76.691696	316.303101
183	-246.541779	-388.316406	-82.591782	-95.103165	0.000000	0.000000	7.125000	332.428040	177.431656
184	-604.201782	443.760437	-73.379425	70.846748	0.000000	0.000000	7.125000	246.733276	-214.365921
185	-510.116394	348.829590	-94.343864	52.564186	0.000000	0.000000	7.125000	192.361832	-60.765644
186	-591.659546	208.831696	-102.696671	42.108612	0.000000	0.000000	7.125000	279.783478	-68.542915
187	739.246277	601.053406	90.154968	79.195297	0.000000	0.000000	7.125000	-259.019867	-209.097794
188	427.134583	585.902466	52.671516	94.282547	0.000000	0.000000	7.125000	-132.649765	-316.991699
189	787.184692	-813.375732	102.980110	-100.652557	0.000000	0.000000	7.125000	-147.716354	134.401077
190	-720.016174	461.150177	-117.613678	83.083511	0.000000	0.000000	7.125000	342.638275	-184.834167
191	-494.072052	-607.961121	-103.023560	-72.500114	0.000000	0.000000	7.125000	232.008331	111.338585
192	81.958786	-652.159424	-12.309416	-101.254044	0.000000	0.000000	7.125000	29.575354	338.869385
193	74.836113	-266.514618	63.182278	-142.384445	0.000000	0.000000	7.125000	34.071060	86.054504
194	459.419312	614.287231	101.464119	84.433540	0.000000	0.000000	7.125000	-248.686142	-202.293320
195	-765.161377	-348.252808	-99.674828	-61.266743	0.000000	0.000000	7.125000	337.395172	167.462921
196	-222.427185	644.268433	-29.162575	103.981667	0.000000	0.000000	7.125000	86.183441	-300.139404
197	402.373901	275.740417	113.696945	66.783585	0.000000	0.000000	7.125000	-293.577667	-109.603500
198	413.606201	-383.595978	63.983444	-67.487198	0.000000	0.000000	7.125000	-165.803879	206.836761
199	354.822266	441.145691	56.833923	48.936531	0.000000	0.000000	7.125000	-241.011047	-185.471786
200	-712.327026	-580.704834	-90.274940	-83.542656	0.000000	0.000000	7.125000	286.365173	265.429810
201	87.750893	-436.643738	28.892700	-91.542145	0.000000	0.000000	7.125000	-48.929443	177.729263
202	618.440918	116.766380	122.769501	48.491154	0.000000	0.000000	7.125000	-226.160889	-72.376556
203	-590.425781	109.982819	-92.825813	5.681961	0.000000	0.000000	7.125000	243.095505	-0.177807
204	79.935181	-749.827087	15.033550	-113.001610	0.000000	0.000000	7.125000	-10.994149	330.820587
205	31.885376	390.768738	50.481277	108.864532	0.000000	0.000000	7.125000	-75.829147	-163.578659
206	394.745453	316.087708	73.100739	66.762878	0.000000	0.000000	7.125000	-180.039078	-134.246292
207	693.885925	-426.108154	101.675278	-57.882954	0.000000	0.000000	7.125000	-318.330505	136.457489
208	530.171143	98.276955	101.969177	2.499320	0.000000	0.000000	7.125000	-282.572937	-45.125713
209	309.170532	-92.057785	66.947433	50.704124	0.000000	0.000000	7.125000	-92.555298	-125.569176
210	-438.106720	95.738014	-85.279739	66.265594	0.000000	0.000000	7.125000	244.874527	-155.583298
211	745.569824	243.742874	128.841568	49.430779	0.000000	0.000000	7.125000	-311.330688	-95.490936
212	126.915543	260.125122	89.691544	88.367165	0.000000	0.000000	7.125000	-58.808002	-145.402313
213	-455.150574	149.476974	-137.855225	-6.317251	0.000000	0.000000	7.125000	142.824265	3.355977
214	318.390106	-565.404053	73.187881	-106.226448	0.000000	0.000000	7.125000	-191.272720	266.372498
215	-174.373657	265.056335	-28.843822	62.681007	0.000000	0.000000	7.125000	84.961815	-118.661827
216	-150.624664	905.803711	-36.186657	123.816605	0.000000	0.000000	7.125000	69.000427	-371.778961
217	539.293335	-552.494751	79.360992	-73.250946	0.000000	0.000000	7.125000	-204.229004	157.752701
218	118.624741	-985.550842	28.181423	-132.021576	0.000000	0.000000	7.125000	-58.047127	364.740906
219	185.309998	-707.508911	49.787029	-119.003555	0.000000	0.000000	7.125000	-46.510265	166.536255
220	-694.125061	-370.198059	-93.282364	-54.427158	0.000000	0.000000	7.125000	423.168396	195.960541
221	558.220642	355.564178	76.832687	67.086670	0.000000	0.000000	7.125000	-413.203552	-321.822784
222	-707.166504	480.591156	-101.737778	74.325447	0.000000	0.000000	7.125000	244.618561	-155.229126
223	-687.320679	354.148804	-93.523857	75.178719	0.000000	0.000000	7.125000	354.115540	-197.656662
224	-70.519058	400.520996	-52.389492	97.848389	0.000000	0.000000	7.125000	139.099289	-184.755951
225	-5.931647	92.429527	-37.216476	104.563797	0.000000	0.000000	7.125000	44.783543	-78.731064
226	-177.529816	-323.113403	-30.234440	-100.545639	0.000000	0.000000	7.125000	64.412697	118.760452
227	-272.158752	-772.378418	-56.639221	-105.779160	0.000000	0.000000	7.125000	100.912872	351.752106
228	709.670776	-1.131922	134.491547	11.691994	0.000000	0.000000	7.125000	-327.420563	-46.958591
229	120.698952	-138.144012	35.136185	92.348587	0.000000	0.000000	7.125000	12.219483	-86.201530
230	474.765991	646.168823	58.917458	86.911438	0.000000	0.000000	7.125000	-157.824493	-266.148865
231	-271.045776	-649.147766	-57.629341	-101.820786	0.000000	0.000000	7.125000	158.047760	354.869110
232	618.347046	-383.201965	85.469139	-60.991501	0.000000	0.000000	7.125000	-181.667160	117.273689
233	-366.838013	127.300095	-107.680038	8.227268	0.000000	0.000000	7.125000	222.392899	-46.144287
234	-359.261841	560.380676	-58.603806	87.121033	0.000000	0.000000	7.125000	128.039001	-236.375137
235	350.270691	-348.137177	81.890686	-87.714088	0.000000	0.000000	7.125000	-161.030975	181.647736
236	-712.787842	125.248596	-131.717346	29.589542	0.000000	0.000000	7.125000	343.255280	-70.799347
237	-412.581055	-463.535736	-68.709930	-71.273361	0.000000	0.000000	7.125000	243.591888	284.992889
238	71.082146	-607.792114	-26.048031	-126.299110	0.000000	0.000000	7.125000	101.826660	180.170593
239	884.730835	447.750549	117.542297	77.867516	0.000000	0.000000	7.125000	-440.388763	-229.810211
240	668.320801	-219.482315	113.408615	-11.574785	0.000000	0.000000	7.125000	-355.089417	18.248924
241	11.517787	-59.175171	-62.783905	-116.007050	0.000000	0.000000	7.125000	67.386177	95.464371
242	363.258575	246.112000	79.959412	58.367405	0.000000	0.000000	7.125000	-143.602280	-119.282860
243	-66.289490	348.780853	-51.222481	111.815613	0.000000	0.000000	7.125000	63.501900	-172.342819
244	-391.646973	814.584717	-63.378410	105.402069	0.000000	0.000000	7.125000	159.026276	-361.215027
245	-488.193268	609.959412	-61.943535	99.250710	0.000000	0.000000	7.125000	134.841064	-304.548950
246	551.399292	-49.812691	104.760216	-7.081721	0.000000	0.000000	7.125000	-323.817352	-12.024306
247	-582.238647	511.226990	-99.663864	77.082306	0.000000	0.000000	7.125000	216.963791	-138.378387
248	539.263245	-159.823257	103.391479	-66.624222	0.000000	0.000000	7.125000	-120.422638	60.715370
249	-216.926758	447.863770	-39.030605	84.406639	0.000000	0.000000	7.125000	255.644104	-794.302429
250	-299.195831	784.249634	-54.843601	123.341095	0.000000	0.000000	7.125000	153.439987	-539.102966
251	-501.499176	-13.341345	-94.865051	-28.312340	0.000000	0.000000	7.125000	223.187790	62.666538
252	35.041676	-236.378387	52.581902	-97.753952	0.000000	0.000000	7.125000	-58.468811	109.239151
253	75.528488	-835.148621	13.472206	-122.256653	0.000000	0.000000	7.125000	-5.546102	365.184479
254	162.523193	23.643991	74.406250	38.710175	0.000000	0.000000	7.125000	-48.193291	-66.939011
255	475.071045	214.904892	106.512802	17.855244	0.000000	0.000000	7.125000	-271.699097	-53.885746
256	650.878296	-222.663010	96.920059	-40.385284	0.000000	0.000000	7.125000	-313.227509	97.032951
257	771.230225	203.484863	101.191849	52.492367	0.000000	0.000000	7.125000	-309.631775	-115.479393
258	785.478882	-183.055588	114.395508	-24.549274	0.000000	0.000000	7.125000	-361.122498	70.171600
259	-151.004532	-462.583771	-45.787014	-110.920425	0.000000	0.000000	7.125000	76.826599	177.687836
260	-146.027542	81.019943	-103.091599	41.147537	0.000000	0.000000	7.125000	208.533905	-73.629883
261	-533.041626	-483.245605	-96.470642	-81.040497	0.000000	0.000000	7.125000	326.189667	170.465240
262	-723.205200	-363.552032	-109.826309	-40.326221	0.000000	0.000000	7.125000	318.852386	72.376373
263	-640.343567	291.622742	-91.070786	38.812351	0.000000	0.000000	7.125000	315.367249	-87.408012
264	496.783752	-167.851227	101.738922	-84.102226	0.000000	0.000000	7.125000	-381.627228	295.745087
265	190.415344	673.218140	25.938293	107.925125	0.000000	0.000000	7.125000	-44.999722	-346.361542
266	-507.727112	401.309021	-52.183258	94.554955	0.000000	0.000000	7.125000	120.415321	-189.445190
267	10.439537	456.442383	-24.736416	92.758301	0.000000	0.000000	7.125000	57.168083	-166.347565
268	-490.286743	445.055359	-59.534767	90.108673	0.000000	0.000000	7.125000	148.365433	-297.659515
269	596.789001	424.424011	85.238998	61.313000	0.000000	0.000000	7.125000	-223.634216	-142.866302
270	-116.281105	539.213257	-1.641982	113.988045	0.000000	0.000000	7.125000	45.093407	-235.302994
271	-92.465134	-26.836031	-92.802002	-6.045886	0.000000	0.000000	7.125000	122.644157	2.962595
272	-916.193054	-305.677277	-130.622391	-53.083397	0.000000	0.000000	7.125000	405.518799	116.413116
273	-372.698883	-691.827881	-54.913109	-99.897964	0.000000	0.000000	7.125000	127.005707	315.452484
274	326.205078	247.268356	107.678116	52.949257	0.000000	0.000000	7.125000	-179.315903	-44.997841
275	-556.104553	-831.363953	-75.194176	-115.703491	0.000000	0.000000	7.125000	172.236755	402.066498
276	-630.769775	-137.505707	-109.464264	-31.816311	0.000000	0.000000	7.125000	385.093719	117.359398
277	-330.692932	-383.465912	-55.407913	-89.181198	0.000000	0.000000	7.125000	154.658051	335.148743
278	417.548431	-262.232819	87.390945	-63.430462	0.000000	0.000000	7.125000	-190.644104	81.346992
279	715.788208	-234.241547	127.357887	-20.516247	0.000000	0.000000	7.125000	-123.846359	10.658036
280	317.055389	91.940750	119.025177	15.244913	0.000000	0.000000	7.125000	-148.209488	-42.062546
281	-164.137787	798.539795	-18.953775	112.412636	0.000000	0.000000	7.125000	48.959412	-422.959167
282	-190.612137	620.380737	-45.063160	94.836021	0.000000	0.000000	7.125000	121.301407	-223.152985
283	504.878235	28.308487	100.909431	14.870622	0.000000	0.000000	7.125000	-271.119110	-49.586575
284	211.647079	349.986328	62.854980	64.414337	0.000000	0.000000	7.125000	-149.768173	-181.994919
285	-404.841614	-520.669312	-74.903870	-115.902573	0.000000	0.000000	7.125000	123.527275	168.124130
286	104.454781	513.389282	18.841513	118.511444	0.000000	0.000000	7.125000	-4.182618	-164.380936
287	459.088928	104.429344	105.533180	34.399189	0.000000	0.000000	7.125000	-176.403976	-81.707909
288	-522.023926	356.629028	-57.077785	57.472832	0.000000	0.000000	7.125000	249.346878	-255.944336
289	159.880966	387.841553	47.498363	100.322632	0.000000	0.000000	7.125000	-185.445419	-295.797607
290	51.605228	323.376923	30.149715	100.577957	0.000000	0.000000	7.125000	-57.805382	-233.659439
291	335.116302	365.055756	88.049423	77.046555	0.000000	0.000000	7.125000	-223.724152	-166.794083
292	-408.655029	-652.889832	-63.979565	-94.348724	0.000000	0.000000	7.125000	134.409119	315.131897
293	676.460022	486.848816	84.628342	85.076019	0.000000	0.000000	7.125000	-213.743210	-227.374130
294	-169.907364	690.663025	-26.550055	138.476639	0.000000	0.000000	7.125000	24.524979	-210.527039
295	-97.299095	-616.331787	-27.466311	-104.448868	0.000000	0.000000	7.125000	76.233116	299.865417
296	-399.411804	620.186523	-48.147877	119.677513	0.000000	0.000000	7.125000	120.976265	-299.243011
297	-510.597656	230.116455	-77.510307	39.502769	0.000000	0.000000	7.125000	244.599930	-83.887711
298	187.896118	779.011597	38.042419	132.650604	0.000000	0.000000	7.125000	-78.598488	-342.226685
299	-339.784729	-258.271118	-107.915436	-52.480419	0.000000	0.000000	7.125000	127.208832	1.648389
300	460.046326	345.720520	109.196762	68.678902	0.000000	0.000000	7.125000	-202.608948	-132.257568
301	298.346924	-475.999451	54.887703	-96.469078	0.000000	0.000000	7.125000	-45.519928	162.854752
302	-338.951050	-130.224075	-93.595146	-47.591057	0.000000	0.000000	7.125000	161.631897	75.088020
303	549.157715	-435.183350	99.623581	-48.929001	0.000000	0.000000	7.125000	-290.849335	67.366325
304	-122.512268	81.111397	-67.172615	-55.287895	0.000000	0.000000	7.125000	91.565964	93.754616
305	-544.380859	573.071594	-70.236687	82.036133	0.000000	0.000000	7.125000	189.724335	-281.368591
306	-199.192307	524.809082	-54.092361	75.650597	0.000000	0.000000	7.125000	254.660110	-387.996002
307	336.258179	-56.256866	104.079086	-13.872204	0.000000	0.000000	7.125000	-246.873062	39.257317
308	814.666077	334.242188	123.240646	55.083443	0.000000	0.000000	7.125000	-364.937225	-104.687332
309	-173.232422	-295.224457	-67.621162	-88.023468	0.000000	0.000000	7.125000	92.669380	112.055107
310	275.475372	387.828125	20.565281	93.770828	0.000000	0.000000	7.125000	-38.834358	-233.934402
311	-244.935181	902.107483	-4.591488	131.919952	0.000000	0.000000	7.125000	15.129464	-442.525787
312	185.956818	76.701294	122.440521	49.288212	0.000000	0.000000	7.125000	-92.433060	-59.624157
313	281.782349	-381.880035	60.083038	-89.743484	0.000000	0.000000	7.125000	-43.379555	109.499825
314	-5.153078	621.890869	-6.429577	104.802307	0.000000	0.000000	7.125000	27.781050	-253.367050
315	234.656631	-630.488770	42.273781	-102.627243	0.000000	0.000000	7.125000	-167.778091	675.164246
316	274.249512	-464.547302	44.817501	-120.958282	0.000000	0.000000	7.125000	-13.864429	113.098991
317	-212.965454	738.489929	-26.839844	116.959488	0.000000	0.000000	7.125000	57.346481	-317.051147
318	413.636383	-488.374634	69.142731	-94.382912	0.000000	0.000000	7.125000	-94.843987	185.001694
319	-238.578278	-558.232666	-51.441021	-81.050308	0.000000	0.000000	7.125000	141.660645	289.888794
320	233.589874	-422.828156	67.997337	-91.499237	0.000000	0.000000	7.125000	-106.622162	150.872147
321	-676.781555	481.137878	-90.515755	87.651108	0.000000	0.000000	7.125000	355.936066	-347.773224
322	-379.834595	419.964661	-61.265526	69.967293	0.000000	0.000000	7.125000	142.674149	-180.014404
323	-280.595551	-681.422363	-59.186775	-134.557388	0.000000	0.000000	7.125000	119.998520	265.899506
324	265.697784	443.647949	42.599560	143.823730	0.000000	0.000000	7.125000	-64.801735	-258.268799
325	-0.630220	-439.908264	9.658105	-86.462036	0.000000	0.000000	7.125000	-18.698999	159.598022
326	185.867401	-695.639648	17.024002	-106.648270	0.000000	0.000000	7.125000	-32.410137	320.883484
327	-858.087952	-572.275757	-116.000977	-85.321266	0.000000	0.000000	7.125000	295.609467	193.957382
328	221.637894	449.339752	25.583336	98.734711	0.000000	0.000000	7.125000	-28.343885	-177.732925
329	-255.910004	-668.514404	-12.105574	-107.314865	0.000000	0.000000	7.125000	13.762549	320.663513
330	389.562073	-655.137268	52.093182	-101.401627	0.000000	0.000000	7.125000	-110.632683	257.169281
331	-469.844879	-224.927231	-90.301956	-64.522583	0.000000	0.000000	7.125000	218.518280	87.037895
332	-316.154694	179.209091	-101.408188	97.883629	0.000000	0.000000	7.125000	187.485672	-105.451828
333	-276.920380	-739.144165	-68.619484	-94.764687	0.000000	0.000000	7.125000	122.569092	221.981781
334	446.822815	-164.356567	106.669418	-16.900669	0.000000	0.000000	7.125000	-271.994690	40.877888
335	-700.784241	-103.698021	-131.805206	-7.167068	0.000000	0.000000	7.125000	266.095825	8.109503
336	541.863159	-223.245529	102.717255	-78.027802	0.000000	0.000000	7.125000	-268.565063	186.511429
337	-311.931305	642.009338	-32.008415	103.146545	0.000000	0.000000	7.125000	76.548866	-311.918701
338	-423.100220	396.736023	-107.424637	65.846695	0.000000	0.000000	7.125000	966.284485	-543.276001
339	-623.034790	237.424515	-101.525925	58.144276	0.000000	0.000000	7.125000	290.614502	-126.335823
340	74.805489	370.871826	-24.271255	120.571030	0.000000	0.000000	7.125000	8.342598	-138.010193
341	383.169281	-428.704712	51.094307	-58.934624	0.000000	0.000000	7.125000	-151.462906	204.994064
342	214.580338	818.055908	36.075401	120.723846	0.000000	0.000000	7.125000	-90.216972	-319.235779
343	-379.999329	-308.019409	-49.603134	-56.254097	0.000000	0.000000	7.125000	139.391968	141.787720
344	498.045532	287.567688	82.432617	65.035980	0.000000	0.000000	7.125000	-133.479218	-104.085289
345	-593.486938	-131.452850	-124.183540	-21.273087	0.000000	0.000000	7.125000	250.132523	69.304298
346	453.740112	-84.227356	107.764099	-7.121373	0.000000	0.000000	7.125000	-256.396240	6.176013
347	532.679810	-692.694885	80.966393	-108.024078	0.000000	0.000000	7.125000	-211.731369	233.596832
348	-485.203674	612.249939	-64.925308	74.737061	0.000000	0.000000	7.125000	176.251892	-235.506744
349	-454.794739	578.348633	-50.272293	88.746872	0.000000	0.000000	7.125000	141.183960	-328.184662
350	-265.034576	-338.706055	-106.822945	-66.774673	0.000000	0.000000	7.125000	167.573807	74.827057
351	-79.653664	-751.345093	-24.317091	-126.683319	0.000000	0.000000	7.125000	8.872924	255.737152
352	202.963043	292.785675	53.378456	68.694832	0.000000	0.000000	7.125000	-109.856773	-212.986053
353	-632.442627	535.655457	-79.190430	77.780945	0.000000	0.000000	7.125000	198.525635	-184.127716
354	-82.663116	-421.204407	-0.752127	-119.988960	0.000000	0.000000	7.125000	24.605928	326.550385
355	163.168686	616.738831	28.068623	98.059448	0.000000	0.000000	7.125000	-46.239220	-366.936951
356	250.615433	74.948212	89.552773	8.960529	0.000000	0.000000	7.125000	-188.014740	-29.466499
357	-620.001099	-80.472214	-89.462074	-9.824868	0.000000	0.000000	7.125000	309.845917	29.112881
358	-86.792152	-430.394165	6.644785	-122.818100	0.000000	0.000000	7.125000	-6.410812	197.097473
359	78.259850	-433.005859	71.794067	-103.543991	0.000000	0.000000	7.125000	-197.938446	205.069763
360	689.931580	646.923157	91.618378	82.066681	0.000000	0.000000	7.125000	-264.738708	-228.747803
361	262.820068	186.126816	58.946869	68.008026	0.000000	0.000000	7.125000	-129.343323	-157.171387
362	-182.107742	-32.427895	-127.409431	-34.473705	0.000000	0.000000	7.125000	135.124710	44.661198
363	570.239197	17.014820	101.952690	3.106226	0.000000	0.000000	7.125000	-292.843567	-19.597841
364	-60.374802	-362.026794	-17.504246	-85.220856	0.000000	0.000000	7.125000	39.606861	185.755875
365	21.906353	333.732788	-12.219460	101.264923	0.000000	0.000000	7.125000	35.883373	-251.960770
366	-53.764744	679.831665	24.459997	111.344925	0.000000	0.000000	7.125000	-55.144585	-308.717499
367	687.937256	-283.630432	107.095856	-39.059792	0.000000	0.000000	7.125000	-352.812103	81.436760
368	167.229172	-842.051392	50.103554	-115.595032	0.000000	0.000000	7.125000	-71.363777	206.792999
369	-592.347961	-638.124390	-93.030304	-101.928177	0.000000	0.000000	7.125000	237.830078	259.009735
370	-386.843628	699.545776	-72.003967	107.034523	0.000000	0.000000	7.125000	149.330612	-238.422043
371	-482.126099	-696.190918	-71.228172	-92.819969	0.000000	0.000000	7.125000	131.914337	150.186417
372	-280.351044	-679.306274	-46.535599	-126.722549	0.000000	0.000000	7.125000	97.636574	374.246552
373	61.189575	730.994751	3.529816	131.952316	0.000000	0.000000	7.125000	-18.507463	-410.962891
374	-168.979065	-756.645752	-14.920922	-143.218597	0.000000	0.000000	7.125000	43.473602	444.942261
375	-610.971863	-123.078003	-115.409821	-19.224308	0.000000	0.000000	7.125000	436.543945	64.009216
376	-481.715454	451.664124	-74.157471	70.031418	0.000000	0.000000	7.125000	159.259949	-120.286301
377	-405.843994	3.239393	-110.935242	3.774362	0.000000	0.000000	7.125000	247.694824	-19.179710
378	-81.917084	-622.112671	-34.564869	-95.961288	0.000000	0.000000	7.125000	73.200623	295.421814
379	-965.976807	503.976746	-127.484352	73.133553	0.000000	0.000000	7.125000	364.945953	-130.263077
380	-480.616119	5.352518	-113.742897	-7.647164	0.000000	0.000000	7.125000	167.072327	40.257580
381	266.298737	692.578125	39.988041	125.796631	0.000000	0.000000	7.125000	-54.548923	-208.515747
382	-82.566132	254.137741	-76.769386	57.588280	0.000000	0.000000	7.125000	173.966248	-73.276215
383	-589.671509	-785.036011	-84.769119	-112.667114	0.000000	0.000000	7.125000	240.007538	345.790955
384	651.470825	-294.828278	122.996170	-80.503578	0.000000	0.000000	7.125000	-157.676529	90.420296
385	-427.536560	728.732910	-59.351879	107.725464	0.000000	0.000000	7.125000	121.828812	-355.975189
386	-394.558167	-374.011078	-111.807259	-34.450523	0.000000	0.000000	7.125000	232.124008	50.943806
387	-741.944092	193.695450	-107.963684	25.778194	0.000000	0.000000	7.125000	354.285187	-56.914921
388	173.771149	120.996788	101.583633	9.067944	0.000000	0.000000	7.125000	-71.713326	2.210505
389	82.371811	-636.614502	4.578340	-107.902748	0.000000	0.000000	7.125000	-6.930695	303.390350
390	360.143799	261.656219	106.846756	100.959206	0.000000	0.000000	7.125000	-147.100174	-116.447166
391	-37.341774	496.327026	6.008970	101.820862	0.000000	0.000000	7.125000	9.420523	-250.201447
392	272.501221	399.932556	32.736542	130.963867	0.000000	0.000000	7.125000	-25.876480	-306.010651
393	-161.540634	494.152954	-39.806541	80.718102	0.000000	0.000000	7.125000	171.357559	-220.309036
394	542.416626	-441.875671	99.550201	-55.549461	0.000000	0.000000	7.125000	-264.676819	98.246826
395	72.291824	-512.120789	39.484558	-84.201599	0.000000	0.000000	7.125000	-80.324043	236.865967
396	454.495636	-334.136505	93.573616	-59.706451	0.000000	0.000000	7.125000	-306.104218	229.545853
397	532.703613	-425.131104	86.734558	-64.351372	0.000000	0.000000	7.125000	-157.747665	118.487686
398	600.649536	-715.181763	87.335686	-86.611046	0.000000	0.000000	7.125000	-386.233612	391.248199
399	-420.573364	202.963135	-114.117310	37.110672	0.000000	0.000000	7.125000	242.660843	-75.410568
400	105.398788	-81.143539	-105.225845	-39.731163	0.000000	0.000000	7.125000	25.587782	38.263958
401	124.559273	399.356079	11.257203	116.448227	0.000000	0.000000	7.125000	11.671661	-210.555801
402	700.283203	-11.499412	122.717857	8.288681	0.000000	0.000000	7.125000	-330.246552	-41.368866
403	-322.696167	140.043884	-104.266876	12.359242	0.000000	0.000000	7.125000	173.999496	-20.274437
404	-577.577820	446.657715	-81.196541	61.723537	0.000000	0.000000	7.125000	262.716553	-151.714615
405	244.617996	409.108765	44.196533	108.311684	0.000000	0.000000	7.125000	-62.025806	-276.230621
406	-76.091431	-782.022705	10.811069	-125.534203	0.000000	0.000000	7.125000	-19.807646	289.310791
407	-7.833666	-684.274048	3.151795	-113.955917	0.000000	0.000000	7.125000	1.378354	306.194031
408	528.487183	490.248749	81.151001	75.731422	0.000000	0.000000	7.125000	-220.018631	-179.059525
409	-685.899658	307.931427	-106.290253	31.978161	0.000000	0.000000	7.125000	347.737488	-68.296173
410	-436.292603	310.909546	-87.700607	45.916580	0.000000	0.000000	7.125000	185.490143	-83.694191
411	418.567627	679.719238	64.524597	118.580040	0.000000	0.000000	7.125000	-144.721069	-331.503082
412	-742.288391	206.637482	-105.099792	35.703659	0.000000	0.000000	7.125000	343.239929	-89.857460
413	-344.812469	317.828369	-51.300499	54.710297	0.000000	0.000000	7.125000	167.317764	-189.728836
414	450.736145	-154.934677	82.470680	-42.977818	0.000000	0.000000	7.125000	-222.289581	90.401932
415	24.898880	-281.577606	-2.251268	-107.976028	0.000000	0.000000	7.125000	18.664095	189.176910
416	533.393799	-923.969666	78.824539	-109.586777	0.000000	0.000000	7.125000	-149.873062	283.177002
417	589.115967	470.512451	99.476105	55.673088	0.000000	0.000000	7.125000	-310.824768	-124.683281
418	-64.584625	-300.431244	24.146212	-105.265755	0.000000	0.000000	7.125000	-42.066326	142.095322
419	-471.712158	174.291016	-115.406586	42.533226	0.000000	0.000000	7.125000	190.035461	-62.165741
420	-311.582672	566.332703	-70.543915	81.776443	0.000000	0.000000	7.125000	172.618164	-229.136169
421	-221.333344	275.510498	-54.765083	55.533607	0.000000	0.000000	7.125000	132.471786	-97.372162
422	892.733215	329.386169	109.521759	68.140427	0.000000	0.000000	7.125000	-346.522308	-153.682251
423	365.556671	420.934814	80.298767	89.173767	0.000000	0.000000	7.125000	-237.768173	-245.270065
424	218.455139	563.632751	44.855080	104.803696	0.000000	0.000000	7.125000	-119.737801	-341.022705
425	9.505630	236.500366	-8.598171	95.606689	0.000000	0.000000	7.125000	59.041718	-160.079697
426	46.366730	-529.822510	-2.048337	-104.978577	0.000000	0.000000	7.125000	-5.225479	173.186401
427	291.663940	-21.244541	92.991890	-1.059672	0.000000	0.000000	7.125000	-179.123779	5.737020
428	528.703552	407.512451	73.259216	57.289459	0.000000	0.000000	7.125000	-241.812424	-181.756042
429	-228.976990	195.951981	-59.336044	100.827698	0.000000	0.000000	7.125000	106.220596	-140.817398
430	-552.362976	660.738525	-81.918167	99.639786	0.000000	0.000000	7.125000	192.614304	-283.987122
431	512.419922	-653.156677	67.674072	-80.282097	0.000000	0.000000	7.125000	-179.800537	224.816559
432	667.770386	732.528564	100.770660	89.833054	0.000000	0.000000	7.125000	-241.090988	-202.423309
433	547.986572	-55.701157	127.923767	-16.618532	0.000000	0.000000	7.125000	-275.610046	38.861721
434	-506.977509	-717.841431	-78.819481	-109.597206	0.000000	0.000000	7.125000	357.017975	640.278748
435	-642.808350	-124.374908	-97.420815	-30.200001	0.000000	0.000000	7.125000	365.317474	66.859505
436	908.362000	-347.099640	136.849426	-44.808861	0.000000	0.000000	7.125000	-323.602173	85.738434
437	-581.635803	539.222534	-73.847992	74.641357	0.000000	0.000000	7.125000	249.418961	-204.110840
438	-333.438782	520.971558	-80.671478	84.741318	0.000000	0.000000	7.125000	120.532867	-118.832138
439	667.062744	527.241943	100.871689	106.929260	0.000000	0.000000	7.125000	-206.816360	-194.247574
440	346.561371	-466.262085	67.045082	-113.702499	0.000000	0.000000	7.125000	-153.936844	328.709656
441	156.464249	-566.417175	14.978369	-106.956055	0.000000	0.000000	7.125000	-19.894901	264.840637
442	-177.208038	-329.708862	-10.985437	-101.382401	0.000000	0.000000	7.125000	75.347763	178.483597
443	217.928833	-301.328186	92.782043	-93.872292	0.000000	0.000000	7.125000	-119.144539	136.943253
444	-571.385681	-482.979706	-67.717270	-68.046562	0.000000	0.000000	7.125000	143.473068	177.574921
445	-941.734680	-388.408447	-123.219849	-74.511703	0.000000	0.000000	7.125000	348.768585	168.862427
446	443.709045	440.964417	67.201073	64.288147	0.000000	0.000000	7.125000	-218.970200	-211.170578
447	-501.786987	434.119904	-59.214825	79.338539	0.000000	0.000000	7.125000	164.733780	-208.327576
448	426.811371	-799.646729	65.855331	-107.407799	0.000000	0.000000	7.125000	-133.060654	382.057831
449	-182.678589	866.817505	-41.354725	125.353867	0.000000	0.000000	7.125000	93.566582	-355.497589
450	-617.439575	-20.831196	-104.003517	-29.101385	0.000000	0.000000	7.125000	298.389679	61.993370
451	-185.811813	-535.804443	-27.989536	-88.688057	0.000000	0.000000	7.125000	80.491875	309.333038
452	457.896027	-87.861603	114.549026	-44.793716	0.000000	0.000000	7.125000	-237.353729	73.202179
453	871.038452	697.727600	111.952515	90.558472	0.000000	0.000000	7.125000	-326.397217	-203.129776
454	-372.924622	441.269104	-82.400665	87.232933	0.000000	0.000000	7.125000	174.897858	-165.919266
455	281.582336	440.575745	45.615314	97.891655	0.000000	0.000000	7.125000	-97.554993	-288.682098
456	-673.134766	-273.865723	-87.528786	-46.250702	0.000000	0.000000	7.125000	268.440491	109.518990
457	-845.715393	86.712326	-128.986053	-1.835170	0.000000	0.000000	7.125000	383.125031	20.655041
458	-111.213104	408.810974	-10.193044	104.503242	0.000000	0.000000	7.125000	29.038527	-241.443359
459	556.693359	-15.183855	104.622093	8.896884	0.000000	0.000000	7.125000	-279.020325	-34.285015
460	380.316162	637.123840	57.909561	101.661255	0.000000	0.000000	7.125000	-144.996567	-322.654480
461	327.512817	174.879410	90.641808	64.066444	0.000000	0.000000	7.125000	-173.458420	-56.517200
462	382.154358	484.599701	55.262520	82.136597	0.000000	0.000000	7.125000	-113.309059	-213.568527
463	109.427139	59.193527	25.712692	83.104340	0.000000	0.000000	7.125000	-18.898499	-109.093956
464	689.276428	493.757629	89.572258	70.509689	0.000000	0.000000	7.125000	-300.906433	-178.475571
465	119.295738	-850.902832	32.931969	-124.724014	0.000000	0.000000	7.125000	-123.473549	592.501099
466	-275.004211	612.869202	-45.012821	88.171677	0.000000	0.000000	7.125000	103.179245	-309.092468
467	-532.420593	542.171936	-68.678146	79.421196	0.000000	0.000000	7.125000	228.152695	-349.838348
468	-263.306610	-559.122803	-24.513632	-92.816345	0.000000	0.000000	7.125000	50.518597	302.724640
469	612.458069	286.619263	98.774391	35.612534	0.000000	0.000000	7.125000	-305.844910	-82.757454
470	570.766724	136.416595	117.294159	25.338413	0.000000	0.000000	7.125000	-288.958496	-64.601418
471	-18.548300	666.162109	13.919153	116.169037	0.000000	0.000000	7.125000	-28.945808	-262.888184
472	641.159424	86.573143	110.334770	28.670954	0.000000	0.000000	7.125000	-260.096252	-75.143517
473	-498.271118	-365.000153	-71.515373	-84.877213	0.000000	0.000000	7.125000	101.806534	116.761139
474	-474.427551	-576.657959	-82.132767	-103.335365	0.000000	0.000000	7.125000	260.844757	330.926758
475	532.699341	657.047791	63.643536	94.577927	0.000000	0.000000	7.125000	-169.671127	-304.304626
476	-659.666870	181.136948	-112.868546	16.015747	0.000000	0.000000	7.125000	304.594635	-23.975439
477	287.410278	742.783325	45.834831	123.785591	0.000000	0.000000	7.125000	-108.968971	-343.615265
478	-43.182365	-469.783875	7.070939	-89.721016	0.000000	0.000000	7.125000	-18.407967	162.141174
479	-64.960312	-43.188816	94.263290	-67.663193	0.000000	0.000000	7.125000	-2.752214	29.624338
480	-564.067200	-646.604919	-90.893646	-73.657387	0.000000	0.000000	7.125000	250.459045	154.285965
481	-44.543320	-476.537842	21.436998	-108.904388	0.000000	0.000000	7.125000	-12.700544	160.492065
482	-711.544556	256.031403	-118.009293	34.681442	0.000000	0.000000	7.125000	222.224899	-59.941715
483	-465.271606	81.289871	-116.909203	-4.588854	0.000000	0.000000	7.125000	181.293945	-10.403422
484	373.029053	-616.079956	57.340168	-108.811966	0.000000	0.000000	7.125000	-79.608818	202.576736
485	-478.634277	-85.358368	-98.974045	-2.258867	0.000000	0.000000	7.125000	271.560120	4.396073
486	262.379730	262.706238	89.620026	60.249920	0.000000	0.000000	7.125000	-141.264404	-41.792526
487	-317.985687	233.677002	-87.993561	30.097523	0.000000	0.000000	7.125000	116.339455	-47.431286
488	-440.908325	-158.369278	-96.469109	60.742729	0.000000	0.000000	7.125000	215.167358	-136.475708
489	787.053101	-86.279800	131.990341	1.500880	0.000000	0.000000	7.125000	-215.539581	20.524584
490	440.272339	261.646301	88.542885	44.282597	0.000000	0.000000	7.125000	-302.475861	-122.517967
491	-128.447327	630.870300	-4.929705	107.887352	0.000000	0.000000	7.125000	17.050781	-393.773895
492	-586.980164	-781.039429	-78.861847	-113.244530	0.000000	0.000000	7.125000	193.876251	326.839691
493	606.673889	430.774536	92.546227	76.384155	0.000000	0.000000	7.125000	-233.873734	-148.640045
494	-211.839081	-203.088120	-71.095039	-64.502548	0.000000	0.000000	7.125000	137.942734	95.381386
495	-479.184540	-174.746704	-104.325142	-52.964668	0.000000	0.000000	7.125000	223.545868	100.500496
496	-203.277405	395.445587	-15.586510	125.031799	0.000000	0.000000	7.125000	46.262787	-241.912842
497	456.595642	184.079468	109.374397	41.530899	0.000000	0.000000	7.125000	-155.705566	-27.761003
498	-56.517189	542.929260	-19.096668	100.196335	0.000000	0.000000	7.125000	58.734947	-332.975922
499	-922.468384	-609.119568	-103.169296	-100.458611	0.000000	0.000000	7.125000	269.446228	272.665619
500	-723.331909	-448.897797	-95.205833	-87.045090	0.000000	0.000000	7.125000	225.403305	182.198288
501	-72.551331	565.718018	18.068724	109.518265	0.000000	0.000000	7.125000	-43.451256	-303.663483
502	576.715942	560.919922	81.095390	88.448418	0.000000	0.000000	7.125000	-244.785553	-310.919250
503	78.482079	-620.367981	-8.964478	-131.695221	0.000000	0.000000	7.125000	14.271425	357.351501
504	245.846436	-174.085480	34.844650	-108.542053	0.000000	0.000000	7.125000	-181.177826	433.044891
505	156.698166	-110.809006	81.966049	-65.612564	0.000000	0.000000	7.125000	-70.842957	89.825462
506	-690.211060	-473.548187	-89.448883	-70.673431	0.000000	0.000000	7.125000	272.478912	173.892242
507	-281.588135	-473.334229	-68.882278	-101.900475	0.000000	0.000000	7.125000	156.841553	199.718292
508	-340.880402	-587.463379	-61.051338	-81.711029	0.000000	0.000000	7.125000	185.891586	244.446442
509	-722.184875	30.887751	-110.590942	9.506928	0.000000	0.000000	7.125000	356.386810	-13.990755
510	-147.873230	-437.862732	-15.871292	-97.673782	0.000000	0.000000	7.125000	90.820305	149.814926
511	564.942871	672.379089	79.091171	82.098526	0.000000	0.000000	7.125000	-213.512283	-273.555878
512	-535.254700	244.346497	-99.221130	23.643242	0.000000	0.000000	7.125000	326.190125	-52.912628
513	119.773682	-70.596497	0.428351	-128.080475	0.000000	0.000000	7.125000	113.247231	89.773514
514	157.496216	313.797668	86.751381	64.312157	0.000000	0.000000	7.125000	-92.938690	-118.841026
515	83.565155	327.953003	10.732229	95.394020	0.000000	0.000000	7.125000	-2.699610	-163.810562
516	481.078613	-605.126831	66.671165	-99.772507	0.000000	0.000000	7.125000	-149.601944	268.752380
517	348.535339	197.082748	81.025742	61.933983	0.000000	0.000000	7.125000	-160.544357	-170.106140
518	869.366394	-603.974976	111.851479	-75.584961	0.000000	0.000000	7.125000	-331.650909	169.611526
519	420.466309	128.577179	111.704865	22.717873	0.000000	0.000000	7.125000	-375.805817	-26.098070
520	-163.625122	-154.035187	-11.262348	-83.241058	0.000000	0.000000	7.125000	22.223808	110.589775
521	653.796143	-146.123825	107.960579	-2.888560	0.000000	0.000000	7.125000	-312.376373	-15.728919
522	-11.572201	-190.956024	-11.293232	-104.361267	0.000000	0.000000	7.125000	98.288116	226.502335
523	250.329010	434.905670	80.853455	76.050652	0.000000	0.000000	7.125000	-194.416901	-190.993164
524	-174.368332	425.774536	-39.189877	113.414734	0.000000	0.000000	7.125000	99.175987	-194.932770
525	-453.849518	379.082306	-57.885254	94.706146	0.000000	0.000000	7.125000	124.102722	-280.903778
526	657.574219	-474.591614	95.149437	-62.784184	0.000000	0.000000	7.125000	-331.582977	183.105164
527	474.946686	-765.070312	70.010445	-104.747238	0.000000	0.000000	7.125000	-230.966064	503.023865
528	439.693665	-247.425827	92.931198	-55.014633	0.000000	0.000000	7.125000	-246.457611	111.603271
529	-29.629820	-319.168884	-18.611673	-100.220802	0.000000	0.000000	7.125000	97.911880	137.875519
530	519.148010	-673.234680	67.986153	-83.910965	0.000000	0.000000	7.125000	-127.429054	290.115601
531	-420.143494	170.501251	-86.784119	41.036903	0.000000	0.000000	7.125000	321.445740	-109.948349
532	-730.402466	522.558533	-102.196121	88.198875	0.000000	0.000000	7.125000	234.016006	-136.607193
533	-224.324005	-601.171082	-54.464714	-106.925705	0.000000	0.000000	7.125000	78.318794	213.273682
534	516.736816	-504.662109	71.359016	-64.217522	0.000000	0.000000	7.125000	-241.290649	208.309036
535	117.602203	-29.231415	112.833748	-16.218613	0.000000	0.000000	7.125000	-165.256729	38.542263
536	-92.195541	477.316345	-67.679550	130.490936	0.000000	0.000000	7.125000	144.582840	-140.548721
537	648.671326	636.700256	91.942474	81.703239	0.000000	0.000000	7.125000	-266.845001	-220.348038
538	657.667297	464.715454	114.804657	51.914551	0.000000	0.000000	7.125000	-333.922272	-108.397148
539	86.197510	-349.544373	72.302673	-91.983749	0.000000	0.000000	7.125000	-64.819000	93.953819
540	-183.245087	684.033386	-22.739832	108.644547	0.000000	0.000000	7.125000	105.174194	-520.054810
541	-448.477966	-159.578217	-90.087936	-33.162804	0.000000	0.000000	7.125000	178.841782	66.847519
542	-481.487701	-495.925201	-66.793091	-68.953918	0.000000	0.000000	7.125000	129.188934	163.263641
543	-61.593697	553.380554	-24.247820	120.585724	0.000000	0.000000	7.125000	73.787338	-379.162170
544	-247.832153	553.056152	-28.717892	94.743088	0.000000	0.000000	7.125000	98.331055	-321.932495
545	-552.717407	-370.354645	-99.075653	-82.607315	0.000000	0.000000	7.125000	306.616974	171.427902
546	649.768005	-287.319885	110.081131	-29.632595	0.000000	0.000000	7.125000	-340.124664	90.488861
547	727.205444	-665.299011	91.598198	-95.044296	0.000000	0.000000	7.125000	-233.013092	274.560089
548	-415.172913	-281.075317	-74.800560	-69.345596	0.000000	0.000000	7.125000	106.332962	97.611061
549	-610.193970	-475.888611	-93.911415	-79.433212	0.000000	0.000000	7.125000	261.196594	217.507553
550	-377.441833	706.258972	-68.744446	112.680557	0.000000	0.000000	7.125000	147.608292	-201.234222
551	400.492065	514.392578	96.531105	118.696823	0.000000	0.000000	7.125000	-151.672028	-226.500671
552	1.633285	68.845444	-24.610828	105.158279	0.000000	0.000000	7.125000	67.410797	-222.309158
553	63.491718	-312.168762	97.195412	-80.172356	0.000000	0.000000	7.125000	-133.289810	121.949493
554	-172.841675	-474.951141	-67.317513	-95.676239	0.000000	0.000000	7.125000	152.746140	143.491333
555	268.700714	513.551941	63.581898	79.748741	0.000000	0.000000	7.125000	-124.751503	-212.026535
556	-406.878601	610.699097	-62.201012	80.836365	0.000000	0.000000	7.125000	159.742401	-294.607422
557	-535.132080	-489.403656	-94.664803	-78.529755	0.000000	0.000000	7.125000	102.782753	33.868225
558	987.725220	166.630463	141.419510	27.135361	0.000000	0.000000	7.125000	-405.781067	-53.966881
559	-611.147827	-270.883820	-106.169601	-32.380978	0.000000	0.000000	7.125000	283.253235	56.499947
560	-129.079010	-415.312561	3.191451	-122.938858	0.000000	0.000000	7.125000	46.695728	173.687576
561	116.115433	131.619934	106.000259	-49.503532	0.000000	0.000000	7.125000	-89.669296	41.537109
562	243.664291	29.102787	117.671158	52.843884	0.000000	0.000000	7.125000	-126.614029	-64.303825
563	101.198517	621.245117	-4.881541	110.892273	0.000000	0.000000	7.125000	16.871687	-264.236176
564	570.205933	245.198288	98.508263	44.272312	0.000000	0.000000	7.125000	-205.776840	-71.673576
565	-655.301025	-587.445984	-85.451797	-84.248901	0.000000	0.000000	7.125000	237.028381	220.438812
566	85.512711	728.779358	-8.467670	128.720764	0.000000	0.000000	7.125000	25.924706	-256.715454
567	456.729950	512.185303	65.616547	81.972168	0.000000	0.000000	7.125000	-150.841492	-176.283783
568	-25.679543	12.540414	-106.755859	-10.954865	0.000000	0.000000	7.125000	88.632118	82.578392
569	-238.793655	326.656189	-57.898743	98.192490	0.000000	0.000000	7.125000	216.391968	-223.773300
570	365.916199	-677.683899	53.655781	-93.716377	0.000000	0.000000	7.125000	-71.192497	224.576385
571	80.609230	533.891296	17.275415	103.568054	0.000000	0.000000	7.125000	-40.081440	-337.138855
572	959.676270	293.031494	132.205200	64.249504	0.000000	0.000000	7.125000	-370.789368	-123.111702
573	-384.339813	502.089783	-59.073601	79.436829	0.000000	0.000000	7.125000	140.399078	-284.247314
574	-302.821533	-557.526917	-48.809937	-86.123993	0.000000	0.000000	7.125000	123.191994	301.473022
575	-254.372223	469.888062	-46.898857	93.943329	0.000000	0.000000	7.125000	97.748169	-182.987167
576	28.844437	483.217987	1.741885	98.984665	0.000000	0.000000	7.125000	-13.753896	-249.754471
577	-383.198029	-619.396057	-63.985596	-90.697052	0.000000	0.000000	7.125000	195.699844	379.142273
578	99.249290	219.101746	20.851059	115.123245	0.000000	0.000000	7.125000	-60.695587	-283.454834
579	-532.671082	-171.879486	-91.559753	-28.858459	0.000000	0.000000	7.125000	258.834869	81.266304
580	-86.849472	-580.656433	-41.118507	-125.429871	0.000000	0.000000	7.125000	102.190376	237.386093
581	149.933685	534.826904	-1.808093	110.984879	0.000000	0.000000	7.125000	-2.130027	-283.944458
582	-848.730774	-289.591553	-126.325844	-38.234730	0.000000	0.000000	7.125000	422.687469	20.667330
583	473.633514	-171.507401	107.930962	-3.809044	0.000000	0.000000	7.125000	-273.198212	25.862078
584	495.236847	-671.711548	83.135994	-82.324722	0.000000	0.000000	7.125000	-211.995560	224.843491
585	-319.056274	-0.292549	-84.391281	51.760025	0.000000	0.000000	7.125000	158.411514	-120.899239
586	-350.572540	392.620361	-64.526749	78.992508	0.000000	0.000000	7.125000	182.086380	-271.360626
587	200.158478	-600.495850	18.785524	-124.589607	0.000000	0.000000	7.125000	-66.644913	732.297546
588	95.241203	198.208115	53.802910	93.636520	0.000000	0.000000	7.125000	-85.668617	-108.297836
589	-454.074799	525.434082	-64.232277	79.229744	0.000000	0.000000	7.125000	192.170105	-335.239532
590	605.043335	-3.569791	119.608871	-9.670025	0.000000	0.000000	7.125000	-336.437622	3.972676
591	624.604248	-6.462601	109.629105	-31.264244	0.000000	0.000000	7.125000	-210.355148	51.788837
592	-204.000824	-733.400269	-17.525021	-121.743042	0.000000	0.000000	7.125000	26.914228	386.785095
593	218.957321	661.831116	22.165211	102.626869	0.000000	0.000000	7.125000	-24.833839	-299.047363
594	547.030029	301.248199	94.314240	58.526474	0.000000	0.000000	7.125000	-241.172775	-132.722717
595	-268.309692	-413.921753	-46.505875	-87.394699	0.000000	0.000000	7.125000	81.260849	170.473709
596	572.872681	230.432037	73.858871	61.323307	0.000000	0.000000	7.125000	-303.293549	-213.221832
597	-646.758362	572.427795	-81.427773	96.152359	0.000000	0.000000	7.125000	185.452393	-252.103165
598	-392.671295	530.078613	-62.084030	95.608711	0.000000	0.000000	7.125000	104.255493	-235.769058
599	-40.447647	-731.631531	-17.072788	-115.747482	0.000000	0.000000	7.125000	40.810440	341.081879
600	-593.624146	242.849670	-93.132568	54.672585	0.000000	0.000000	7.125000	289.737549	-133.619308
601	80.230392	-341.809143	64.140465	-75.404778	0.000000	0.000000	7.125000	-111.815453	145.734634
602	-22.611130	-457.756775	39.065849	-103.892380	0.000000	0.000000	7.125000	-59.964886	256.379913
603	-133.489441	-603.239258	-14.919561	-125.098709	0.000000	0.000000	7.125000	70.733765	249.045776
604	540.304443	126.615738	93.259293	22.770279	0.000000	0.000000	7.125000	-294.029388	-50.163475
605	-498.392151	512.482544	-77.416222	75.302010	0.000000	0.000000	7.125000	211.373123	-162.538025
606	-592.044434	661.141602	-87.398773	90.760254	0.000000	0.000000	7.125000	219.145004	-216.773270
607	-417.583649	18.835230	-113.979454	2.126304	0.000000	0.000000	7.125000	266.208618	-15.491394
608	-718.196411	353.776428	-90.020088	64.926987	0.000000	0.000000	7.125000	359.974182	-143.894852
609	71.406097	258.458313	-2.701176	80.954475	0.000000	0.000000	7.125000	13.502138	-239.594147
610	81.962143	649.299500	24.457739	132.765533	0.000000	0.000000	7.125000	-35.698441	-290.292175
611	-747.445129	-280.192078	-125.904663	-4.900511	0.000000	0.000000	7.125000	356.819733	14.190276
612	372.785217	-479.880768	51.505219	-81.011108	0.000000	0.000000	7.125000	-107.518776	245.476624
613	84.213539	492.044983	-18.548740	100.299217	0.000000	0.000000	7.125000	9.635168	-220.596985
614	-554.085754	547.053955	-79.561676	81.644997	0.000000	0.000000	7.125000	238.918839	-253.644150
615	807.304749	-406.951050	113.729713	-60.880711	0.000000	0.000000	7.125000	-333.470795	158.716309
616	-33.534565	249.199692	66.681465	88.708855	0.000000	0.000000	7.125000	-84.171204	-143.034302
617	94.980331	-646.193665	22.081112	-105.717682	0.000000	0.000000	7.125000	-61.431904	251.380005
618	593.491028	-880.505737	80.202995	-112.288216	0.000000	0.000000	7.125000	-179.164963	335.451141
619	-72.448517	197.560730	-29.903187	91.214546	0.000000	0.000000	7.125000	111.264771	-220.271042
620	113.364006	123.629982	80.247383	46.997066	0.000000	0.000000	7.125000	-100.905518	-94.754219
621	62.017162	46.237877	36.461861	78.990631	0.000000	0.000000	7.125000	-102.332954	-235.926758
622	-41.132950	434.151184	6.805383	95.757545	0.000000	0.000000	7.125000	-5.921542	-245.205994
623	-723.850586	83.154259	-133.790466	18.015793	0.000000	0.000000	7.125000	270.138062	-55.554005
624	483.243103	400.067444	87.739822	86.201607	0.000000	0.000000	7.125000	-148.935471	-142.834320
625	-239.821167	-402.863007	-53.038719	-97.507812	0.000000	0.000000	7.125000	107.919708	197.147552
626	133.164459	-263.623291	86.071487	-91.981201	0.000000	0.000000	7.125000	-86.075546	74.274940
627	364.691772	-539.663635	83.047241	-82.413261	0.000000	0.000000	7.125000	-215.486847	173.202728
628	241.583511	-634.418823	46.710964	-107.271072	0.000000	0.000000	7.125000	-176.135208	332.221649
629	-522.710083	270.700012	-86.229637	69.895889	0.000000	0.000000	7.125000	146.696014	-157.422607
630	-425.271332	-367.045746	-54.073975	-47.536381	0.000000	0.000000	7.125000	271.086151	184.168457
631	-631.239807	171.241119	-98.005814	28.261734	0.000000	0.000000	7.125000	333.944153	-73.874039
632	502.728546	126.176750	124.358986	66.448471	0.000000	0.000000	7.125000	-234.192688	-122.528435
633	502.497009	40.708878	83.018112	12.803624	0.000000	0.000000	7.125000	-206.312347	-36.439159
634	225.330215	-331.226410	46.558891	-83.951996	0.000000	0.000000	7.125000	-49.001251	104.253632
635	-531.230347	-619.456726	-88.384201	-102.017899	0.000000	0.000000	7.125000	173.919785	139.214752
636	589.622498	516.301575	70.572250	89.526901	0.000000	0.000000	7.125000	-141.834106	-223.241287
637	591.083618	-224.438690	86.272690	-25.624249	0.000000	0.000000	7.125000	-290.522034	57.105324
638	458.145844	-633.333313	74.149452	-86.588684	0.000000	0.000000	7.125000	-255.374435	253.801224
639	436.680176	-48.010216	80.648537	-7.532567	0.000000	0.000000	7.125000	-170.966080	16.169523
640	715.214661	-278.560944	100.955132	-59.135574	0.000000	0.000000	7.125000	-499.803925	266.095367
641	227.462891	-53.437740	87.725471	-20.089306	0.000000	0.000000	7.125000	-131.515228	49.044979
642	404.529602	-83.840111	104.785736	-6.686629	0.000000	0.000000	7.125000	-298.484253	11.148110
643	379.627502	-297.030121	109.891602	-83.465485	0.000000	0.000000	7.125000	-162.450577	87.735359
644	118.284767	348.038055	43.844353	88.761780	0.000000	0.000000	7.125000	-116.436478	-223.844757
645	-590.832214	236.392014	-98.696365	57.051552	0.000000	0.000000	7.125000	153.478668	-82.659126
646	869.062866	-563.274536	119.068375	-86.200218	0.000000	0.000000	7.125000	-349.268738	251.575897
647	-260.921844	-125.204483	-64.740990	53.489803	0.000000	0.000000	7.125000	205.297729	-146.444763
648	582.892700	-452.147552	84.013214	-93.903030	0.000000	0.000000	7.125000	-205.767410	240.097229
649	-495.175354	45.400867	-132.312836	-26.801304	0.000000	0.000000	7.125000	317.567261	61.243073
650	-196.597763	23.883797	-77.947632	-0.953321	0.000000	0.000000	7.125000	80.100189	29.124529
651	318.518188	-465.758331	75.580193	-89.311485	0.000000	0.000000	7.125000	-206.763763	221.796097
652	-81.915939	262.355560	-40.984226	90.107880	0.000000	0.000000	7.125000	101.739143	-136.012024
653	174.578339	-538.220215	26.708755	-95.321526	0.000000	0.000000	7.125000	-39.589348	223.265137
654	660.370178	-48.499062	122.946617	-3.576652	0.000000	0.000000	7.125000	-356.207336	-13.349210
655	157.426514	459.335754	42.848068	99.136452	0.000000	0.000000	7.125000	-61.905239	-157.862747
656	299.066223	-258.371124	84.742393	-45.096695	0.000000	0.000000	7.125000	-192.196609	69.196129
657	-250.928406	-292.184845	-71.115143	-11.252157	0.000000	0.000000	7.125000	183.602890	24.225445
658	564.811462	757.743835	79.191437	101.829147	0.000000	0.000000	7.125000	-245.276245	-408.003265
659	473.962402	88.666763	125.812691	6.791332	0.000000	0.000000	7.125000	-259.846344	9.382110
660	407.772583	489.084015	51.244041	81.177811	0.000000	0.000000	7.125000	-139.616806	-258.841034
661	-473.368469	321.591919	-96.992378	75.640205	0.000000	0.000000	7.125000	153.881989	-117.532028
662	-683.395996	91.293068	-124.155365	21.464222	0.000000	0.000000	7.125000	274.241272	-39.090111
663	-159.872757	607.012512	-32.445160	93.532402	0.000000	0.000000	7.125000	84.401108	-278.665710
664	212.683411	64.145958	94.774376	15.282112	0.000000	0.000000	7.125000	-244.675034	-17.183180
665	-284.447388	-636.057800	-47.114914	-123.297836	0.000000	0.000000	7.125000	164.997910	680.245117
666	-628.083069	-562.245972	-77.588104	-70.745926	0.000000	0.000000	7.125000	198.151947	177.906174
667	-65.830620	-370.695496	-101.374084	-45.160252	0.000000	0.000000	7.125000	186.902573	45.802456
668	486.277283	631.923462	52.393776	94.433167	0.000000	0.000000	7.125000	-147.364655	-376.219208
669	309.803223	55.837418	64.367485	94.078598	0.000000	0.000000	7.125000	-180.263199	-200.471848
670	-76.901741	-309.084991	-9.576653	-116.598717	0.000000	0.000000	7.125000	46.769619	281.641022
671	-40.384670	-304.052917	-8.131234	-104.682785	0.000000	0.000000	7.125000	25.166271	220.062607
672	219.462830	441.469574	55.648132	109.683319	0.000000	0.000000	7.125000	-104.575363	-151.312576
673	255.804077	-231.177780	103.236481	-19.155159	0.000000	0.000000	7.125000	-123.725784	21.619167
674	240.279434	-154.640533	104.982880	1.685942	0.000000	0.000000	7.125000	-225.533905	25.106266
675	891.776184	80.654022	125.632889	-9.603380	0.000000	0.000000	7.125000	-355.972107	14.087607
676	-49.668320	-402.053925	-16.898987	-94.492355	0.000000	0.000000	7.125000	71.792763	200.352890
677	-669.625244	146.815979	-110.288406	28.851795	0.000000	0.000000	7.125000	291.947449	-82.645142
678	432.545654	-29.914957	110.489334	10.629340	0.000000	0.000000	7.125000	-315.721191	-24.314041
679	-8.635679	85.494278	61.981827	61.044685	0.000000	0.000000	7.125000	-24.018387	-19.363403
680	-624.889832	385.263214	-75.043777	64.569283	0.000000	0.000000	7.125000	251.056900	-181.214874
681	94.053680	-546.530640	33.351147	-80.351158	0.000000	0.000000	7.125000	-88.169617	290.621429
682	611.196472	-567.856445	77.979637	-74.720627	0.000000	0.000000	7.125000	-232.345123	250.996155
683	98.378258	370.130920	25.888813	104.847366	0.000000	0.000000	7.125000	-42.129665	-350.060211
684	-473.765991	-496.786957	-73.122940	-52.466499	0.000000	0.000000	7.125000	294.693115	151.416565
685	-131.834473	-19.532721	-114.037613	53.523315	0.000000	0.000000	7.125000	162.332184	-42.729557
686	-26.191990	495.278687	-13.771751	82.860703	0.000000	0.000000	7.125000	4.692157	-188.230942
687	511.491089	-761.053711	70.284706	-118.751892	0.000000	0.000000	7.125000	-186.101593	487.591431
688	218.938202	-130.278564	113.384460	-28.833017	0.000000	0.000000	7.125000	-155.785843	31.353104
689	24.080051	-202.871613	2.703924	-95.935562	0.000000	0.000000	7.125000	93.397629	170.252640
690	543.538208	-44.448738	89.995010	-0.853782	0.000000	0.000000	7.125000	-306.862366	-16.917116
691	319.663605	-24.680145	112.583420	-31.842934	0.000000	0.000000	7.125000	-229.311020	59.304848
692	216.703400	646.661316	42.124573	92.891762	0.000000	0.000000	7.125000	-86.769920	-284.678955
693	-914.476807	-193.223923	-137.879181	-5.771339	0.000000	0.000000	7.125000	399.930084	19.658693
694	-45.023727	129.236862	-72.320526	48.357399	0.000000	0.000000	7.125000	69.071724	-36.913933
695	636.316040	194.017914	101.735893	7.334751	0.000000	0.000000	7.125000	-334.074921	-22.092901
696	-264.068176	69.674072	-66.032158	96.552734	0.000000	0.000000	7.125000	121.221252	-110.348511
697	312.444519	-294.896759	83.405655	-86.275314	0.000000	0.000000	7.125000	-307.430023	331.506531
698	206.974228	-426.979309	66.349258	-88.987457	0.000000	0.000000	7.125000	-155.433701	191.414291
699	-484.677734	316.645203	-74.645370	50.276188	0.000000	0.000000	7.125000	243.989655	-132.342209
700	-155.687866	-131.491837	-110.943420	3.532242	0.000000	0.000000	7.125000	161.694382	-16.280031
701	-341.487091	598.159363	-57.706657	101.778320	0.000000	0.000000	7.125000	126.934258	-188.722366
702	-143.029114	-512.264954	-24.717842	-102.047722	0.000000	0.000000	7.125000	41.416672	344.623199
703	559.967041	-656.200684	70.640839	-93.266716	0.000000	0.000000	7.125000	-142.643311	231.649078
704	-140.938400	-36.320641	40.852875	-83.538376	0.000000	0.000000	7.125000	-32.213123	158.987747
705	-418.879517	101.578369	-102.336700	23.493475	0.000000	0.000000	7.125000	97.909088	-18.848392
706	275.487122	-719.633240	70.244019	-78.042725	0.000000	0.000000	7.125000	-182.327545	220.468674
707	691.018250	104.723480	106.893738	15.418030	0.000000	0.000000	7.125000	-308.187073	-46.761948
708	-625.668762	628.680237	-77.606918	79.359947	0.000000	0.000000	7.125000	251.662811	-255.422821
709	-570.189209	-20.469446	-92.979935	1.931966	0.000000	0.000000	7.125000	292.846588	-3.198150
710	64.180130	-807.912292	-1.837136	-128.986832	0.000000	0.000000	7.125000	7.884644	353.776611
711	-627.469238	358.289795	-72.958984	62.393246	0.000000	0.000000	7.125000	262.299194	-188.567871
712	334.326141	360.786224	93.294647	89.089874	0.000000	0.000000	7.125000	-30.980701	-47.616798
713	-536.830383	-70.541855	-91.462296	-29.165785	0.000000	0.000000	7.125000	495.874207	146.747147
714	658.889282	-406.538483	104.836136	-44.779682	0.000000	0.000000	7.125000	-280.013184	107.034615
715	-550.882263	-348.214600	-97.201408	-70.352737	0.000000	0.000000	7.125000	196.473907	85.547340
716	551.589355	-121.005081	92.834694	5.528537	0.000000	0.000000	7.125000	-232.358536	-28.545776
717	-421.797760	-426.661316	-78.404823	-50.011986	0.000000	0.000000	7.125000	272.050262	133.397217
718	22.211380	749.144287	28.313198	110.425385	0.000000	0.000000	7.125000	-47.964638	-326.782959
719	-354.720093	-363.773438	-48.129562	-65.147339	0.000000	0.000000	7.125000	87.672104	118.959106
720	-376.996552	265.264618	-127.061058	67.759735	0.000000	0.000000	7.125000	541.693665	-293.306244
721	427.016754	-556.866943	75.173576	-104.829468	0.000000	0.000000	7.125000	-245.885574	366.079407
722	243.171249	413.349670	72.809204	71.431358	0.000000	0.000000	7.125000	-70.882263	-102.323990
723	489.249512	349.621155	82.893593	78.255844	0.000000	0.000000	7.125000	-125.586502	-146.273361
724	196.846252	583.559509	55.524612	102.985428	0.000000	0.000000	7.125000	-115.371994	-203.399994
725	-371.419037	-524.732788	-60.703995	-81.969627	0.000000	0.000000	7.125000	165.382019	229.053940
726	499.382660	-367.327606	99.169678	-62.083366	0.000000	0.000000	7.125000	-259.023834	165.747086
727	-593.919189	48.684162	-89.756508	6.614221	0.000000	0.000000	7.125000	265.739838	-13.616638
728	617.401550	-255.705215	90.705910	-39.663033	0.000000	0.000000	7.125000	-261.921417	83.829285
729	677.918945	615.472900	90.961929	73.581345	0.000000	0.000000	7.125000	-300.706085	-197.142578
730	196.926575	-592.736450	37.670464	-113.925087	0.000000	0.000000	7.125000	-65.398026	314.894989
731	-578.143127	-88.256165	-119.045151	-15.105740	0.000000	0.000000	7.125000	235.243683	6.796886
732	251.946533	-438.931488	65.073700	-100.819901	0.000000	0.000000	7.125000	-72.265465	176.222961
733	242.544449	-241.191818	55.961464	-62.640411	0.000000	0.000000	7.125000	-114.097633	166.546722
734	-443.169464	416.272949	-47.416412	69.337296	0.000000	0.000000	7.125000	115.475395	-219.947556
735	-22.350973	-162.341843	-99.715179	32.652321	0.000000	0.000000	7.125000	110.824661	-3.162061
736	81.016937	-577.944397	17.453728	-109.616798	0.000000	0.000000	7.125000	-61.637974	261.864136
737	354.261932	-455.881531	72.632439	-95.521957	0.000000	0.000000	7.125000	-179.443573	206.027222
738	678.485901	-150.448837	142.619583	-19.888536	0.000000	0.000000	7.125000	-274.448059	-1.705634
739	699.490234	144.035721	98.524933	9.686670	0.000000	0.000000	7.125000	-297.452942	-29.376940
740	-600.067444	-346.319305	-88.296112	-94.036957	0.000000	0.000000	7.125000	206.638397	192.129868
741	330.381256	-591.104004	44.160576	-91.944656	0.000000	0.000000	7.125000	-87.959099	223.811630
742	132.905426	302.800995	3.219113	86.933716	0.000000	0.000000	7.125000	27.145512	-231.876587
743	256.489441	103.987305	113.242294	-12.839310	0.000000	0.000000	7.125000	-90.011703	21.941259
744	-673.823730	65.431038	-112.872650	15.980044	0.000000	0.000000	7.125000	284.486725	-14.318831
745	-219.522263	253.211227	-59.507889	63.445999	0.000000	0.000000	7.125000	140.211136	-90.983887
746	316.778259	-52.728756	119.950424	3.440670	0.000000	0.000000	7.125000	-340.224670	-1.811527
747	-389.111450	-198.824844	-80.903450	-22.597042	0.000000	0.000000	7.125000	260.688934	53.242001
748	452.381073	564.639526	67.723892	84.125305	0.000000	0.000000	7.125000	-142.094055	-209.228455
749	191.655914	606.765015	33.233521	80.401215	0.000000	0.000000	7.125000	-61.153126	-229.268738
750	299.878418	-655.367065	61.557480	-85.060883	0.000000	0.000000	7.125000	-114.012268	180.204330
751	-75.253052	-409.275604	-38.090942	-116.908798	0.000000	0.000000	7.125000	128.091675	115.192551
752	-118.163315	-655.008301	-40.061928	-103.507339	0.000000	0.000000	7.125000	73.511887	277.005707
753	152.813171	-486.202118	19.915163	-112.246613	0.000000	0.000000	7.125000	-26.913063	181.709396
754	254.147415	77.289795	113.039566	40.055035	0.000000	0.000000	7.125000	-58.689484	-103.519356
755	451.364655	526.654785	67.194229	76.738251	0.000000	0.000000	7.125000	-231.808167	-334.502136
756	499.856689	78.083763	140.845963	-6.583237	0.000000	0.000000	7.125000	-337.246002	17.013733
757	570.793152	-328.611389	90.408401	-53.397758	0.000000	0.000000	7.125000	-141.858200	91.393837
758	-399.374023	102.638641	-104.504829	10.115025	0.000000	0.000000	7.125000	221.694870	-43.166924
759	320.959259	-250.611618	57.635048	-52.553665	0.000000	0.000000	7.125000	-181.043060	138.671143
760	-471.396667	-449.710358	-62.910934	-60.093288	0.000000	0.000000	7.125000	253.609146	237.437180
761	571.474609	288.816162	77.588264	56.533684	0.000000	0.000000	7.125000	-239.665359	-157.848099
762	142.874695	-612.572388	21.875906	-90.389816	0.000000	0.000000	7.125000	-36.060444	228.939651
763	-499.633148	-257.594635	-81.538071	-38.094646	0.000000	0.000000	7.125000	227.636795	71.761642
764	556.216980	697.072876	82.539360	95.199966	0.000000	0.000000	7.125000	-175.993729	-239.938232
765	-332.630798	146.557648	-88.523117	37.133808	0.000000	0.000000	7.125000	141.793625	-83.372894
766	-473.056793	337.045929	-78.102829	38.320038	0.000000	0.000000	7.125000	288.523438	-95.167091
767	578.778198	-258.661896	106.782555	-30.306320	0.000000	0.000000	7.125000	-293.993225	98.466843
768	618.661621	-63.308563	88.518417	-16.245802	0.000000	0.000000	7.125000	-189.806793	53.391109
769	385.951752	-10.565207	124.728912	-51.638008	0.000000	0.000000	7.125000	-88.450127	59.644253
770	644.315308	-151.922989	91.557472	-16.313274	0.000000	0.000000	7.125000	-232.587433	26.612572
771	-338.953979	217.665558	-71.129539	64.467987	0.000000	0.000000	7.125000	184.442490	-142.439529
772	590.527222	-502.909058	82.248306	-65.270287	0.000000	0.000000	7.125000	-227.399445	187.283417
773	859.260132	-582.433105	111.915527	-85.765533	0.000000	0.000000	7.125000	-329.230560	226.683624
774	202.208435	264.106842	63.103592	68.313385	0.000000	0.000000	7.125000	-87.226166	-119.044884
775	4.635687	399.340668	-25.251575	80.112999	0.000000	0.000000	7.125000	83.349731	-190.832245
776	581.307007	-329.109375	115.662071	-57.092743	0.000000	0.000000	7.125000	-514.543335	160.146240
777	144.558472	-210.680878	79.276665	-48.545563	0.000000	0.000000	7.125000	-76.917816	85.213837
778	-237.061310	319.988281	-31.707752	71.262154	0.000000	0.000000	7.125000	95.177567	-192.364532
779	447.459381	-329.856232	65.770782	-65.750458	0.000000	0.000000	7.125000	-219.460907	200.732254
780	318.743591	-787.558655	49.846825	-115.700211	0.000000	0.000000	7.125000	-111.931839	423.875000
781	518.443420	237.612946	83.692543	63.400406	0.000000	0.000000	7.125000	-297.234711	-179.052780
782	554.909424	273.457458	97.680054	52.717651	0.000000	0.000000	7.125000	-183.510422	-97.132950
783	-572.160583	392.855957	-100.510742	47.087589	0.000000	0.000000	7.125000	331.683472	-106.701248
784	-576.924072	364.967194	-99.593285	61.401726	0.000000	0.000000	7.125000	215.248260	-121.127533
785	-533.524231	-633.968994	-73.603378	-87.053131	0.000000	0.000000	7.125000	242.920486	311.336517
786	-585.089844	-237.952301	-107.163376	-28.930248	0.000000	0.000000	7.125000	185.448730	53.988640
787	313.335846	-506.827698	46.338589	-73.629517	0.000000	0.000000	7.125000	-124.695610	263.065979
788	-20.914526	383.164917	36.140877	104.950912	0.000000	0.000000	7.125000	-86.887589	-228.993118
789	-580.905823	-562.872253	-101.671021	-69.183983	0.000000	0.000000	7.125000	325.667694	86.671692
790	-60.391068	295.617188	-31.258411	103.373413	0.000000	0.000000	7.125000	15.509917	-148.610199
791	-672.044983	-548.995850	-113.140762	-55.441933	0.000000	0.000000	7.125000	331.784973	123.494751
792	752.868042	183.289185	119.392044	48.837959	0.000000	0.000000	7.125000	-344.465271	-95.335960
793	269.428284	-271.283752	84.332588	-67.458839	0.000000	0.000000	7.125000	-180.591599	106.816620
794	6.699278	38.160843	-36.353725	111.137421	0.000000	0.000000	7.125000	16.636248	-68.179970
795	-163.687500	-386.912079	2.599499	-80.957893	0.000000	0.000000	7.125000	10.531861	187.152527
796	-5.308933	-153.886566	52.294830	-91.047592	0.000000	0.000000	7.125000	-71.147903	133.691574
797	693.552795	-75.535782	133.245483	-21.682865	0.000000	0.000000	7.125000	-173.296051	57.591057
798	658.468872	-648.553406	80.557541	-84.849266	0.000000	0.000000	7.125000	-233.815170	270.198700
799	-409.624786	-475.052856	-56.019291	-62.592361	0.000000	0.000000	7.125000	136.143600	133.817871
800	367.870941	-511.977997	85.780594	-83.913521	0.000000	0.000000	7.125000	-181.401627	137.995758
801	-532.851807	676.359680	-74.437073	86.343048	0.000000	0.000000	7.125000	183.370148	-231.166412
802	167.328110	729.154846	40.794769	109.651154	0.000000	0.000000	7.125000	-81.836578	-346.131134
803	694.096252	-425.670166	114.001366	-60.366608	0.000000	0.000000	7.125000	-336.857422	129.280960
804	88.495491	-533.805359	52.180710	-97.967499	0.000000	0.000000	7.125000	-98.284813	236.425629
805	28.738890	-508.062347	9.693971	-86.458084	0.000000	0.000000	7.125000	-16.662914	194.308060
806	488.527313	362.575928	120.659073	53.528160	0.000000	0.000000	7.125000	-222.783112	-93.328667
807	-184.053970	380.107361	-36.755524	126.777832	0.000000	0.000000	7.125000	93.800636	-245.174072
808	-237.770035	-552.776306	-62.279427	-109.524254	0.000000	0.000000	7.125000	133.791840	367.240143
809	-572.057373	322.900391	-79.045578	48.989941	0.000000	0.000000	7.125000	290.495422	-108.287781
810	260.916382	191.788895	129.509460	25.493748	0.000000	0.000000	7.125000	-258.003723	-27.959576
811	647.928833	-189.965942	98.015083	-37.653385	0.000000	0.000000	7.125000	-357.094849	102.246643
812	518.067810	674.798279	81.878441	87.725883	0.000000	0.000000	7.125000	-199.829590	-256.795349
813	270.052643	461.103302	60.465385	74.562515	0.000000	0.000000	7.125000	-127.523109	-201.386902
814	440.955688	468.252655	62.656979	64.607147	0.000000	0.000000	7.125000	-354.625000	-403.581390
815	720.135742	175.572815	118.244110	33.870220	0.000000	0.000000	7.125000	-318.023102	-76.698112
816	-528.758972	-691.261047	-70.620064	-89.487999	0.000000	0.000000	7.125000	183.140625	292.375854
817	-55.296986	672.083618	6.509927	134.841415	0.000000	0.000000	7.125000	4.177552	-298.870148
818	439.078247	96.020905	71.941170	-2.905542	0.000000	0.000000	7.125000	-231.777496	16.191673
819	-548.907349	198.826736	-79.100746	28.264191	0.000000	0.000000	7.125000	304.953156	-82.032997
820	184.443268	206.212692	79.256927	54.142540	0.000000	0.000000	7.125000	-99.322876	-133.212204
821	507.622894	117.070786	92.867371	-24.322676	0.000000	0.000000	7.125000	-249.852509	51.953339
822	-643.950562	-392.424072	-98.845200	-87.477898	0.000000	0.000000	7.125000	124.999626	112.330475
823	-365.261292	251.572296	-77.816956	5.336668	0.000000	0.000000	7.125000	201.325867	-5.167021
824	-156.585159	-300.078522	-23.312454	-90.029663	0.000000	0.000000	7.125000	73.625237	262.604309
825	-225.549362	-594.653503	-47.589390	-106.872192	0.000000	0.000000	7.125000	67.742943	318.632111
826	273.284363	-264.171143	67.662064	-68.100769	0.000000	0.000000	7.125000	-154.595688	156.554214
827	-249.383331	175.556656	-101.311981	69.719498	0.000000	0.000000	7.125000	81.528305	-53.305412
828	-546.565918	-443.752502	-86.438568	-78.849991	0.000000	0.000000	7.125000	269.236877	208.683762
829	-63.953545	-832.139526	-34.087833	-115.053650	0.000000	0.000000	7.125000	70.929085	325.791809
830	-585.052979	-364.499512	-88.770531	-50.230022	0.000000	0.000000	7.125000	187.854568	86.661034
831	260.935120	-552.852295	49.089752	-106.199928	0.000000	0.000000	7.125000	-70.289322	255.835846
832	-183.550903	-489.659393	-49.778194	-85.571625	0.000000	0.000000	7.125000	105.865044	218.509888
833	-751.846924	-155.303360	-93.213776	-41.406132	0.000000	0.000000	7.125000	301.773590	83.188278
834	204.430466	-446.769012	22.002439	-71.699959	0.000000	0.000000	7.125000	-64.573311	220.580231
835	717.573486	-239.241272	99.261520	-49.679214	0.000000	0.000000	7.125000	-275.837158	127.629601
836	270.486023	531.154175	68.659698	109.207733	0.000000	0.000000	7.125000	-151.697128	-285.345398
837	153.098343	545.730286	43.258396	82.326149	0.000000	0.000000	7.125000	-117.229309	-251.584961
838	539.095520	345.520020	69.476761	47.212009	0.000000	0.000000	7.125000	-178.258698	-103.498390
839	-124.065163	-340.416412	-88.027130	-81.554543	0.000000	0.000000	7.125000	135.230759	111.825180
840	-667.962585	276.771423	-93.471275	40.820480	0.000000	0.000000	7.125000	312.567474	-91.415482
841	-88.916611	498.577026	10.128796	122.559509	0.000000	0.000000	7.125000	40.246037	-294.047333
842	-675.231262	688.823975	-90.446144	83.353043	0.000000	0.000000	7.125000	289.577271	-213.801147
843	-454.832428	-324.820953	-62.845898	-84.114571	0.000000	0.000000	7.125000	143.966873	241.122284
844	-466.338501	64.984482	-83.220993	25.362606	0.000000	0.000000	7.125000	253.547913	-79.504837
845	-425.339417	-457.303284	-87.964386	-85.971970	0.000000	0.000000	7.125000	242.469711	209.844543
846	453.171265	523.979370	72.335785	67.590378	0.000000	0.000000	7.125000	-202.910645	-174.744904
847	-121.142761	-396.842316	-28.507767	-104.169250	0.000000	0.000000	7.125000	63.723270	280.080139
848	624.944702	-155.297424	94.638672	-16.095467	0.000000	0.000000	7.125000	-256.672638	19.400593
849	-222.610321	197.843155	-64.239304	111.810585	0.000000	0.000000	7.125000	109.226357	-62.722813
850	-16.980812	-145.999969	-23.158625	-99.272461	0.000000	0.000000	7.125000	81.284393	113.210724
851	457.163696	-499.868408	71.289459	-64.293938	0.000000	0.000000	7.125000	-393.992859	292.944489
852	-682.187683	141.675278	-144.892059	38.789009	0.000000	0.000000	7.125000	587.767273	-108.773911
853	-585.142822	-444.571503	-78.104614	-60.828156	0.000000	0.000000	7.125000	356.026642	179.377625
854	-125.601357	-148.178543	-62.847095	-91.418976	0.000000	0.000000	7.125000	114.831192	90.774422
855	-15.228773	94.302078	18.925442	-106.024445	0.000000	0.000000	7.125000	78.313049	140.277695
856	-589.226013	-635.950195	-74.699951	-93.910583	0.000000	0.000000	7.125000	194.459015	304.154999
857	-565.616821	-488.283813	-75.783852	-76.945801	0.000000	0.000000	7.125000	215.514587	206.381653
858	771.585876	-231.952744	111.868835	-21.937687	0.000000	0.000000	7.125000	-336.725220	32.092686
859	-389.057800	-682.416138	-59.089638	-121.372581	0.000000	0.000000	7.125000	116.089180	452.867004
860	-664.922607	56.872715	-104.972443	2.401107	0.000000	0.000000	7.125000	329.089722	-4.100692
861	-235.655258	470.536346	-39.727707	87.393646	0.000000	0.000000	7.125000	76.127335	-155.387878
862	-335.475647	343.872925	-64.136658	97.840240	0.000000	0.000000	7.125000	149.175095	-152.186661
863	-634.532043	-107.193726	-88.352287	-29.026348	0.000000	0.000000	7.125000	210.034576	60.799549
864	-498.809753	26.831972	-92.521011	-9.391952	0.000000	0.000000	7.125000	201.393250	13.342395
865	699.226440	207.690460	107.393440	28.064632	0.000000	0.000000	7.125000	-298.038330	-67.101250
866	294.941010	304.232208	45.536606	51.840282	0.000000	0.000000	7.125000	-186.643158	-268.493805
867	421.867798	712.242859	55.690689	99.469391	0.000000	0.000000	7.125000	-138.228775	-308.951233
868	-86.521339	475.894592	-6.500647	104.798386	0.000000	0.000000	7.125000	21.746048	-179.338638
869	-588.025452	481.312408	-76.134262	72.306763	0.000000	0.000000	7.125000	257.142517	-198.775299
870	-505.006439	25.542307	-123.314575	25.870926	0.000000	0.000000	7.125000	289.005707	-45.932594
871	-319.761230	-268.713104	-52.039368	-80.666580	0.000000	0.000000	7.125000	111.499969	138.877686
872	112.692520	-25.461718	82.865433	13.679697	0.000000	0.000000	7.125000	-65.284592	-48.617210
873	-176.279053	33.047745	-74.807693	93.683380	0.000000	0.000000	7.125000	208.069443	-125.711525
874	485.542236	243.477341	75.598358	43.047001	0.000000	0.000000	7.125000	-184.117432	-68.508827
875	319.600586	733.006836	51.406517	101.748016	0.000000	0.000000	7.125000	-114.315025	-307.561432
876	-321.423157	-668.352539	-49.251183	-92.721481	0.000000	0.000000	7.125000	82.608620	292.413910
877	540.245850	112.569733	93.664917	32.060589	0.000000	0.000000	7.125000	-210.014328	-68.547165
878	366.209167	573.529419	79.511963	93.837540	0.000000	0.000000	7.125000	-155.072647	-251.445618
879	679.267456	563.676575	89.813805	88.370255	0.000000	0.000000	7.125000	-220.967072	-227.331650
880	-195.713181	501.330750	-39.601044	80.819191	0.000000	0.000000	7.125000	55.048473	-239.838165
881	69.217438	-424.221252	16.787043	-103.649391	0.000000	0.000000	7.125000	-41.493019	292.611877
882	278.692902	-416.848358	89.081924	-55.581650	0.000000	0.000000	7.125000	-257.482208	181.725769
883	-685.168823	-380.648376	-104.064041	-53.472427	0.000000	0.000000	7.125000	317.108032	135.639816
884	-649.817627	-414.510559	-84.378799	-72.118813	0.000000	0.000000	7.125000	1566.187134	1223.698486
885	-472.552948	-505.763733	-83.085793	-73.602058	0.000000	0.000000	7.125000	150.160904	134.011276
886	301.750763	289.204987	125.430695	41.088295	0.000000	0.000000	7.125000	-220.359940	-49.172710
887	-4.443058	-242.125488	8.389293	-83.547516	0.000000	0.000000	7.125000	0.418347	110.047234
888	-600.423401	655.131958	-80.835258	88.687881	0.000000	0.000000	7.125000	199.087540	-249.866058
889	468.826599	-465.654358	54.907440	-67.482315	0.000000	0.000000	7.125000	-160.687653	172.010284
890	298.208221	199.983231	89.420418	60.555244	0.000000	0.000000	7.125000	-118.384583	-107.084297
891	529.951050	696.709351	78.636887	82.531998	0.000000	0.000000	7.125000	-226.400650	-286.285919
892	293.867188	327.340271	58.733032	79.686371	0.000000	0.000000	7.125000	-72.981674	-128.164200
893	-65.463142	79.540237	101.598053	-58.024376	0.000000	0.000000	7.125000	-126.677452	61.722828
894	201.500412	7.386130	92.974579	0.738134	0.000000	0.000000	7.125000	-16.689289	4.422565
895	-93.173042	684.080811	-29.417763	110.134201	0.000000	0.000000	7.125000	82.601974	-196.387512
896	-87.291672	709.583801	-18.418209	109.460022	0.000000	0.000000	7.125000	16.298679	-261.565765
897	666.005432	-384.199677	88.812164	-50.155396	0.000000	0.000000	7.125000	-337.072052	125.704170
898	-276.939728	-556.662354	-45.730030	-91.169174	0.000000	0.000000	7.125000	122.163628	448.700287
899	50.015690	-82.329361	-5.177036	-92.821114	0.000000	0.000000	7.125000	64.400139	136.008942
900	-517.790039	345.444824	-84.915222	56.505867	0.000000	0.000000	7.125000	169.355652	-102.556671
901	114.024315	581.527039	18.218620	85.071037	0.000000	0.000000	7.125000	-54.987820	-258.512146
902	-346.573059	-641.738403	-55.818893	-95.938004	0.000000	0.000000	7.125000	151.057709	326.229065
903	-308.611481	-84.991951	-82.479370	-42.966282	0.000000	0.000000	7.125000	223.326675	96.090515
904	-639.852295	-500.937775	-80.287773	-67.666458	0.000000	0.000000	7.125000	173.629913	129.495316
905	-156.027191	490.170990	-59.939659	107.398727	0.000000	0.000000	7.125000	136.849670	-183.749359
906	279.786133	-158.751312	77.335876	-61.806854	0.000000	0.000000	7.125000	-140.275467	96.099976
907	324.750702	-103.040009	95.244339	-27.007105	0.000000	0.000000	7.125000	-309.417816	97.287415
908	-737.388062	-509.012421	-107.852272	-52.592438	0.000000	0.000000	7.125000	446.107544	153.005051
909	631.504822	26.233696	107.543243	27.481783	0.000000	0.000000	7.125000	-311.525055	-59.656967
910	431.440735	-286.082886	94.260025	-64.110886	0.000000	0.000000	7.125000	-267.257507	141.852325
911	-104.448776	-395.859039	-8.454988	-95.625748	0.000000	0.000000	7.125000	39.850887	302.224976
912	-411.728821	-197.687256	-118.648529	-17.917875	0.000000	0.000000	7.125000	162.750427	30.374229
913	-64.142563	65.274200	-89.563774	54.794201	0.000000	0.000000	7.125000	178.966263	-78.802536
914	86.293320	726.979431	11.252460	116.457123	0.000000	0.000000	7.125000	-10.630831	-266.590820
915	748.119202	400.712830	98.438400	57.492207	0.000000	0.000000	7.125000	-432.825897	-171.250504
916	287.170532	-54.756954	113.822571	-4.397717	0.000000	0.000000	7.125000	-72.753716	38.055729
917	107.014694	495.467682	35.512966	85.952301	0.000000	0.000000	7.125000	-109.459381	-289.806030
918	100.565918	566.241150	29.415874	100.794441	0.000000	0.000000	7.125000	-59.861038	-315.747986
919	-500.337311	267.188690	-101.934486	63.311928	0.000000	0.000000	7.125000	211.408829	-110.299049
920	-878.226685	145.882675	-124.371101	20.193058	0.000000	0.000000	7.125000	359.054810	-37.675121
921	-53.177498	393.607239	-17.680351	69.793282	0.000000	0.000000	7.125000	45.085976	-148.532394
922	460.109772	-387.250946	65.277405	-61.958138	0.000000	0.000000	7.125000	-211.364136	214.302567
923	-415.909821	518.251953	-60.912270	85.522942	0.000000	0.000000	7.125000	177.669403	-268.895874
924	-301.774353	-485.266937	-22.088305	-99.578247	0.000000	0.000000	7.125000	38.498325	304.791626
925	23.872410	-497.164520	3.578959	-95.931290	0.000000	0.000000	7.125000	16.290977	177.368683
926	-77.016632	632.166565	-12.431356	89.135300	0.000000	0.000000	7.125000	4.309779	-294.636475
927	-152.847580	418.256226	-49.944302	78.437286	0.000000	0.000000	7.125000	149.509918	-135.806854
928	-180.809433	330.578857	-14.306536	88.855347	0.000000	0.000000	7.125000	43.453823	-211.735931
929	-325.867462	772.214966	-50.150383	109.015091	0.000000	0.000000	7.125000	82.401642	-250.928253
930	185.207657	-501.372986	46.534023	-83.967422	0.000000	0.000000	7.125000	-75.524109	160.221344
931	366.972260	-303.770599	72.347000	-67.578308	0.000000	0.000000	7.125000	-174.944519	182.900040
932	205.511292	-141.131012	83.391037	-47.533367	0.000000	0.000000	7.125000	-159.514984	36.641930
933	-511.116486	-337.895721	-80.701340	-46.209442	0.000000	0.000000	7.125000	263.878632	99.034096
934	-310.561859	-116.573601	-90.774017	-52.769722	0.000000	0.000000	7.125000	190.032043	116.065544
935	643.974060	-344.749298	91.931084	-44.184750	0.000000	0.000000	7.125000	-285.025726	103.930260
936	823.263855	-91.513069	128.789124	-28.932774	0.000000	0.000000	7.125000	-352.679779	69.938347
937	-607.955139	343.454071	-83.983391	57.881622	0.000000	0.000000	7.125000	198.200897	-97.545105
938	28.839920	-509.185638	18.115879	-97.328033	0.000000	0.000000	7.125000	-56.916939	253.259674
939	403.401428	570.841919	50.145775	102.372124	0.000000	0.000000	7.125000	-107.175903	-333.889893
940	-256.120056	-564.539856	-61.706436	-113.283249	0.000000	0.000000	7.125000	125.788834	225.850693
941	-388.346954	355.594849	-72.658958	58.047966	0.000000	0.000000	7.125000	177.171906	-112.630798
942	-282.749390	19.514349	-71.925858	3.262857	0.000000	0.000000	7.125000	173.373840	-27.542599
943	-41.897945	378.827515	-1.722022	125.988197	0.000000	0.000000	7.125000	24.340359	-183.498749
944	-352.775269	367.237457	-62.035961	77.150703	0.000000	0.000000	7.125000	158.321716	-163.311356
945	249.484940	539.594971	33.639381	86.699966	0.000000	0.000000	7.125000	-76.822601	-284.433624
946	642.929321	-141.801788	106.517822	-17.825668	0.000000	0.000000	7.125000	-621.016846	0.615168
947	-609.810486	218.766281	-102.556900	49.779896	0.000000	0.000000	7.125000	222.707489	-101.189400
948	629.503784	-167.851654	115.308449	-42.812649	0.000000	0.000000	7.125000	-237.861725	75.690903
949	568.955872	-725.797180	86.846642	-87.099365	0.000000	0.000000	7.125000	-195.718933	317.320007
950	334.178375	385.649628	47.224773	73.067230	0.000000	0.000000	7.125000	-163.350128	-277.860321
951	-142.072159	315.126617	-67.535019	88.047890	0.000000	0.000000	7.125000	158.692230	-101.743408
952	-372.272980	-150.149765	-110.185059	-54.663658	0.000000	0.000000	7.125000	94.767044	117.979324
953	108.426170	266.951782	4.660147	89.877472	0.000000	0.000000	7.125000	3.574949	-240.227158
954	227.879059	-494.586853	47.839272	-90.070679	0.000000	0.000000	7.125000	-38.181232	104.396584
955	290.835724	535.432739	42.262039	72.593216	0.000000	0.000000	7.125000	-116.481819	-249.941650
956	-91.554344	759.385803	-1.490841	122.989594	0.000000	0.000000	7.125000	-1.566062	-366.912842
957	387.192841	413.011627	75.579575	59.192268	0.000000	0.000000	7.125000	-120.385513	-75.623405
958	-80.594612	-390.783875	-28.480690	-107.258499	0.000000	0.000000	7.125000	101.585854	136.960907
959	-144.406448	311.566681	-30.343449	78.320724	0.000000	0.000000	7.125000	91.773041	-154.031647
960	-448.479156	-519.590515	-64.968513	-57.860077	0.000000	0.000000	7.125000	251.333939	187.695358
961	166.171356	710.550598	36.196095	92.142136	0.000000	0.000000	7.125000	-80.418884	-304.977570
962	118.684189	715.146851	4.498456	101.900375	0.000000	0.000000	7.125000	-35.741589	-354.013000
963	195.596664	-247.213425	61.453819	-85.124222	0.000000	0.000000	7.125000	-26.441435	112.070160
964	-162.698151	117.909065	-102.236343	23.922155	0.000000	0.000000	7.125000	373.240601	-88.305504
965	-34.442844	-618.808960	-17.965786	-94.303864	0.000000	0.000000	7.125000	38.285774	310.638000
966	-64.687874	397.853027	-21.126539	78.193451	0.000000	0.000000	7.125000	60.819386	-156.516449
967	384.682434	234.264374	61.133934	48.436638	0.000000	0.000000	7.125000	-124.642143	-68.886322
968	-356.876556	-299.435730	-70.959129	-44.941780	0.000000	0.000000	7.125000	267.221191	97.820702
969	113.062897	287.480072	12.628164	83.045242	0.000000	0.000000	7.125000	-30.409477	-235.031616
970	154.017975	-195.264587	18.247860	-94.225403	0.000000	0.000000	7.125000	9.898633	140.076355
971	405.873810	-572.694153	51.099075	-81.257805	0.000000	0.000000	7.125000	-104.716698	265.228516
972	-528.310425	92.388397	-99.857529	41.137833	0.000000	0.000000	7.125000	169.090500	-68.631851
973	380.209106	213.636566	78.961670	69.209976	0.000000	0.000000	7.125000	-132.489166	-135.189529
974	527.681274	-516.030029	82.857544	-73.861977	0.000000	0.000000	7.125000	-270.467743	229.386261
975	-179.863724	502.339752	-10.411393	101.467232	0.000000	0.000000	7.125000	31.850241	-270.039795
976	-374.889313	-601.415771	-61.274223	-88.929031	0.000000	0.000000	7.125000	146.383743	268.628174
977	552.087891	268.561432	78.268188	50.222221	0.000000	0.000000	7.125000	-280.893005	-133.534760
978	-575.355530	95.620926	-110.265701	12.741733	0.000000	0.000000	7.125000	309.489197	-22.241123
979	-585.014954	-370.011322	-120.251434	-25.841335	0.000000	0.000000	7.125000	377.922882	24.731688
980	-444.165253	148.108261	-89.806435	5.884755	0.000000	0.000000	7.125000	249.152618	4.166402
981	-51.175873	-165.550064	-69.940895	86.132805	0.000000	0.000000	7.125000	31.782700	-47.798031
982	-141.211304	-496.329010	-58.352013	-72.405739	0.000000	0.000000	7.125000	149.278778	138.917847
983	-530.875061	-56.758060	-122.243370	-13.621191	0.000000	0.000000	7.125000	292.458374	35.794147
984	50.057945	414.329987	10.676695	89.364281	0.000000	0.000000	7.125000	-16.931463	-198.881195
985	-287.108856	-621.756470	-50.269333	-98.962456	0.000000	0.000000	7.125000	122.492859	323.845276
986	-692.926697	-701.291626	-93.132393	-101.834549	0.000000	0.000000	7.125000	224.523483	239.920242
987	-663.874146	-214.919464	-113.394165	-28.811422	0.000000	0.000000	7.125000	295.378845	46.087196
988	43.124268	334.465332	28.450142	56.210205	0.000000	0.000000	7.125000	-99.987900	-179.787704
989	-405.310669	90.174156	-86.254936	11.355206	0.000000	0.000000	7.125000	225.316956	-11.789284
990	-604.678955	-81.547134	-83.150703	11.907164	0.000000	0.000000	7.125000	353.963776	-28.222572
991	-155.281754	-445.920013	-11.208773	-101.356476	0.000000	0.000000	7.125000	76.918549	212.554337
992	352.838989	-126.910126	82.566727	-35.811661	0.000000	0.000000	7.125000	-131.199265	64.461090
993	-653.180786	495.115601	-90.959404	63.614143	0.000000	0.000000	7.125000	591.112122	-302.429932
994	682.365906	-496.638397	93.229507	-70.690750	0.000000	0.000000	7.125000	-251.147324	176.093307
995	-292.096771	-627.680115	-49.092384	-85.968483	0.000000	0.000000	7.125000	120.989815	286.970062
996	287.224609	293.369019	66.792755	80.998611	0.000000	0.000000	7.125000	-175.877869	-248.673233
997	142.481613	395.886017	7.708133	62.526344	0.000000	0.000000	7.125000	-17.315918	-241.934555
998	582.108215	300.230255	78.954987	49.138889	0.000000	0.000000	7.125000	-284.745361	-134.672989
999	29.324980	82.749634	-107.935577	0.027818	0.000000	0.000000	7.125000	84.926048	16.322826
