node	a_force.x	a_force.y	g_force.x	g_force.y	r_force.x	r_force.y	global_speed	move_node.x	move_node.y
0	595.225525	-216.006012	145.432526	-36.733612	0.000000	0.000000	3.750000	-645.796082	176.056839
1	67.877930	344.182007	54.704224	146.091370	0.000000	0.000000	3.750000	-104.503250	-510.136139
2	-658.079346	438.862762	-95.075195	97.245056	0.000000	0.000000	3.750000	714.797241	-562.026611
3	519.406372	-581.453003	101.306503	-96.627098	0.000000	0.000000	3.750000	-587.721130	779.083008
4	141.768646	-690.759033	70.861664	-141.215424	0.000000	0.000000	3.750000	-258.624084	1138.916992
5	-226.443756	1039.618530	-32.795502	154.558899	0.000000	0.000000	3.750000	267.044342	-1295.496216
6	631.414490	37.383427	149.978394	0.700953	0.000000	0.000000	3.750000	-179.672638	-3.208567
7	-630.762329	-807.828308	-104.140251	-118.822418	0.000000	0.000000	3.750000	665.964111	871.540527
8	860.091675	734.517700	113.768387	100.800568	0.000000	0.000000	3.750000	-701.248840	-576.418457
9	-308.970703	386.680176	-76.438522	119.671005	0.000000	0.000000	3.750000	320.790527	-499.169586
10	-799.964722	-180.819336	-136.600616	-30.663437	0.000000	0.000000	3.750000	1060.566284	176.660645
11	141.655609	1018.797729	65.911148	152.353867	0.000000	0.000000	3.750000	-339.596741	-960.706360
12	70.452309	-1054.114502	39.758236	-144.634369	0.000000	0.000000	3.750000	-141.668137	1216.840576
13	261.684784	727.194397	38.760220	128.271759	0.000000	0.000000	3.750000	-241.009415	-735.878113
14	437.034851	328.038391	132.436920	96.727692	0.000000	0.000000	3.750000	-523.129700	-495.352600
15	373.100342	-34.860790	149.767395	25.936317	0.000000	0.000000	3.750000	-646.831116	48.412224
16	-910.943420	-347.153656	-134.794220	-65.805511	0.000000	0.000000	3.750000	1048.367065	350.055786
17	-523.949158	-328.456482	-108.656700	-78.420013	0.000000	0.000000	3.750000	235.163879	188.575424
18	-645.627197	-812.709229	-84.022285	-106.940300	0.000000	0.000000	3.750000	660.808533	990.001099
19	-47.056129	545.047302	-10.797874	141.588272	0.000000	0.000000	3.750000	82.959358	-467.839691
20	-604.558960	737.039307	-88.861359	118.353653	0.000000	0.000000	3.750000	728.248413	-799.744690
21	424.651154	-931.435181	75.418930	-122.669800	0.000000	0.000000	3.750000	-512.226746	1139.784180
22	-327.861115	818.122314	-38.661945	136.634888	0.000000	0.000000	3.750000	174.102402	-956.535706
23	-718.020020	-412.874146	-123.134384	-70.718658	0.000000	0.000000	3.750000	505.296783	157.658005
24	631.242798	79.887428	134.477768	20.291145	0.000000	0.000000	3.750000	-934.882385	-141.589691
25	-782.553101	598.511414	-99.817116	80.127937	0.000000	0.000000	3.750000	1022.608215	-620.784119
26	745.139954	255.681808	113.006882	45.971062	0.000000	0.000000	3.750000	-899.051208	-189.085175
27	461.881195	231.765244	127.972809	32.356380	0.000000	0.000000	3.750000	-910.082336	-279.909790
28	383.413605	-216.903549	136.583450	-45.616810	0.000000	0.000000	3.750000	-447.979889	129.670639
29	-169.366684	-160.779785	-119.430817	-56.216141	0.000000	0.000000	3.750000	258.454346	112.371849
30	-849.218018	-823.791626	-131.979599	-113.390236	0.000000	0.000000	3.750000	1460.830078	1105.750732
31	-915.443604	-489.941254	-122.005325	-72.654060	0.000000	0.000000	3.750000	1070.906372	459.165924
32	-120.797638	-633.213928	-17.948799	-138.844421	0.000000	0.000000	3.750000	23.141649	464.274384
33	-135.661743	163.356262	-26.765018	159.660431	0.000000	0.000000	3.750000	62.855335	-8.372972
34	-468.830566	917.037598	-74.168602	130.380249	0.000000	0.000000	3.750000	549.130676	-1049.581055
35	-210.630188	-213.860413	-131.820038	-47.153122	0.000000	0.000000	3.750000	351.699921	142.422745
36	610.979370	-770.994568	104.874161	-107.244156	0.000000	0.000000	3.750000	-688.357605	877.835144
37	-6.223848	-647.231689	-0.039226	-143.999512	0.000000	0.000000	3.750000	-78.528702	769.206970
38	-809.211914	249.870499	-129.830841	57.514702	0.000000	0.000000	3.750000	831.360779	-390.152740
39	48.231781	947.591248	7.042677	155.840759	0.000000	0.000000	3.750000	52.503689	-1449.760132
40	-486.619324	-15.476167	-135.601807	10.375217	0.000000	0.000000	3.750000	771.183655	104.208145
41	652.776306	-605.882080	106.413094	-97.016090	0.000000	0.000000	3.750000	-1662.692139	2009.683472
42	-721.480591	393.942871	-137.646835	85.424393	0.000000	0.000000	3.750000	784.590942	-444.663940
43	321.703918	853.161438	76.081161	124.610016	0.000000	0.000000	3.750000	-522.465454	-888.841003
44	-827.483154	-531.314575	-115.606781	-95.577141	0.000000	0.000000	3.750000	758.393860	542.076965
45	-256.353333	-610.162842	-52.825020	-133.960419	0.000000	0.000000	3.750000	277.878723	976.508972
46	-333.761292	-340.262939	-99.571220	-66.971123	0.000000	0.000000	3.750000	383.887207	371.710388
47	-259.699341	558.108215	-43.766788	149.734253	0.000000	0.000000	3.750000	357.952972	-881.418457
48	192.583725	845.152954	38.394615	163.552536	0.000000	0.000000	3.750000	-78.712746	-766.545654
49	-279.134796	794.454895	-51.694435	145.063904	0.000000	0.000000	3.750000	384.925537	-780.000549
50	688.111511	368.624512	108.793526	74.752716	0.000000	0.000000	3.750000	-759.838928	-535.548767
51	-516.084778	320.881165	-101.309616	99.500557	0.000000	0.000000	3.750000	562.635498	-544.861267
52	675.221069	478.935974	110.062119	76.435066	0.000000	0.000000	3.750000	-839.245667	-528.942139
53	853.959351	-1028.296509	111.550720	-128.282333	0.000000	0.000000	3.750000	-696.908447	1012.536377
54	-132.957703	-262.151611	-91.115372	-124.074883	0.000000	0.000000	3.750000	44.469292	340.138855
55	946.438354	285.479370	138.091187	53.241310	0.000000	0.000000	3.750000	-1059.037964	-234.735916
56	958.277832	551.498352	120.238373	82.816025	0.000000	0.000000	3.750000	-979.878479	-454.522369
57	682.193054	-726.642883	108.148895	-98.080444	0.000000	0.000000	3.750000	-561.987183	588.723206
58	-109.442215	146.605835	7.228568	159.836517	0.000000	0.000000	3.750000	11.848768	-347.518280
59	-816.703735	148.234497	-136.675568	38.517296	0.000000	0.000000	3.750000	1039.474121	-116.960358
60	686.233826	-34.220016	155.817810	-7.534254	0.000000	0.000000	3.750000	-768.339722	-6.887396
61	660.994507	-754.886292	98.605179	-113.035187	0.000000	0.000000	3.750000	-665.049194	920.966980
62	703.141479	-564.290283	123.206146	-85.558411	0.000000	0.000000	3.750000	-857.678101	621.367615
63	783.481140	-113.359741	139.626373	-10.206614	0.000000	0.000000	3.750000	-1111.976196	290.086517
64	-604.877197	-374.996887	-107.305656	-58.046928	0.000000	0.000000	3.750000	836.414978	349.891205
65	-390.467957	-939.482910	-58.341389	-142.521118	0.000000	0.000000	3.750000	393.841370	1135.660034
66	-900.284180	114.695862	-139.502747	26.511181	0.000000	0.000000	3.750000	1103.637207	-59.060486
67	495.030945	679.693298	53.852871	111.695358	0.000000	0.000000	3.750000	-428.380341	-1031.506104
68	-365.397278	434.081177	-111.232033	125.902458	0.000000	0.000000	3.750000	391.651764	-453.086761
69	851.079285	585.081665	123.069870	82.204880	0.000000	0.000000	3.750000	-1030.785522	-458.626007
70	-618.037231	860.727051	-96.189545	107.161255	0.000000	0.000000	3.750000	837.793701	-1108.817749
71	-47.239307	-857.869141	2.374775	-153.981689	0.000000	0.000000	3.750000	-17.131594	1190.845581
72	511.888672	-366.485474	115.185646	-55.823544	0.000000	0.000000	3.750000	-622.661194	303.190399
73	-556.125488	-409.612061	-101.782486	-84.049469	0.000000	0.000000	3.750000	656.368774	502.083221
74	840.326538	-323.063751	128.778351	-43.728004	0.000000	0.000000	3.750000	-1097.430908	381.397766
75	651.612488	483.684570	107.501190	76.599518	0.000000	0.000000	3.750000	-865.944885	-652.945190
76	634.418823	415.345459	116.862427	80.666901	0.000000	0.000000	3.750000	-778.161438	-606.346069
77	851.186768	324.001587	135.586624	64.157013	0.000000	0.000000	3.750000	-1026.016846	-344.292877
78	643.352600	578.917419	95.824478	68.859680	0.000000	0.000000	3.750000	-444.568298	-288.792542
79	-543.149963	-700.051575	-82.329277	-98.009071	0.000000	0.000000	3.750000	528.965698	843.514465
80	-784.136414	-224.202133	-145.388596	-13.345358	0.000000	0.000000	3.750000	965.896545	15.547630
81	-720.143188	-666.396973	-116.621376	-91.120865	0.000000	0.000000	3.750000	955.219482	446.258087
82	-844.405701	479.095947	-108.104889	82.518280	0.000000	0.000000	3.750000	992.058350	-586.218567
83	-603.208618	-241.109253	-126.282318	-30.866947	0.000000	0.000000	3.750000	699.888855	182.600449
84	35.201950	-820.951416	-2.698896	-153.976288	0.000000	0.000000	3.750000	-17.131424	1031.634644
85	-585.303955	44.411484	-155.739685	51.371372	0.000000	0.000000	3.750000	786.653198	14.992921
86	-618.095764	402.172729	-105.139160	65.739899	0.000000	0.000000	3.750000	831.870178	-462.372650
87	278.253387	720.487671	52.622353	131.887115	0.000000	0.000000	3.750000	-118.737846	-247.752151
88	-680.801453	677.320435	-97.645454	97.515961	0.000000	0.000000	3.750000	816.599609	-831.366882
89	-692.710327	-897.117554	-109.671471	-127.264122	0.000000	0.000000	3.750000	608.155090	780.001709
90	-553.512451	-897.249390	-81.669441	-130.559540	0.000000	0.000000	3.750000	423.800629	1176.981323
91	415.204712	-738.429199	74.108101	-89.241180	0.000000	0.000000	3.750000	-529.054871	695.549927
92	454.468231	441.244568	83.008087	89.407074	0.000000	0.000000	3.750000	-463.226746	-590.250000
93	443.076263	404.589081	98.616920	99.371094	0.000000	0.000000	3.750000	-496.879517	-609.381653
94	123.485130	503.971008	32.001411	101.053436	0.000000	0.000000	3.750000	-26.639692	-113.222107
95	425.462616	426.646362	97.792946	76.239944	0.000000	0.000000	3.750000	-663.065674	-564.513672
96	-138.823318	802.808777	-40.666809	136.052094	0.000000	0.000000	3.750000	253.755829	-780.711121
97	910.340210	-235.475906	139.684509	-25.538780	0.000000	0.000000	3.750000	-1048.286255	161.066406
98	520.579468	-632.249512	78.805969	-98.313217	0.000000	0.000000	3.750000	-432.777222	775.395386
99	542.901428	-451.023193	115.776848	-71.355942	0.000000	0.000000	3.750000	-831.322815	432.412720
100	-340.353577	-768.869263	-63.055183	-120.498917	0.000000	0.000000	3.750000	323.279114	816.265991
101	640.173889	-264.784180	133.452606	-42.313080	0.000000	0.000000	3.750000	-910.835938	265.401855
102	741.216919	-64.692963	177.331009	15.417224	0.000000	0.000000	3.750000	-1034.836060	-130.800964
103	-467.788147	951.351868	-78.976654	143.731262	0.000000	0.000000	3.750000	484.909943	-981.866211
104	-85.487320	-203.161728	-100.077980	-97.899933	0.000000	0.000000	3.750000	261.809906	249.443146
105	-1059.618896	348.813354	-165.582153	46.544254	0.000000	0.000000	3.750000	1128.156372	-168.057297
106	-55.643364	869.786133	-11.602299	147.544128	0.000000	0.000000	3.750000	-1.171909	-981.080811
107	382.690613	-445.816711	69.952209	-111.936012	0.000000	0.000000	3.750000	-145.230316	606.712219
108	313.041351	-337.333618	124.137375	-55.550423	0.000000	0.000000	3.750000	-456.331543	173.218002
109	780.966919	-448.889282	137.108505	-44.014294	0.000000	0.000000	3.750000	-1103.625122	338.909485
110	-164.453064	480.403229	-72.439728	110.346977	0.000000	0.000000	3.750000	896.075195	-1204.581055
111	-786.867859	189.634613	-134.827225	56.013996	0.000000	0.000000	3.750000	990.929382	-323.070557
112	289.328522	-853.476562	66.059601	-107.294052	0.000000	0.000000	3.750000	-430.355530	1060.900391
113	-926.294739	113.266289	-152.323914	22.651848	0.000000	0.000000	3.750000	1158.762451	38.785950
114	-624.191040	784.216675	-91.945419	126.023567	0.000000	0.000000	3.750000	679.016235	-798.682007
115	595.741760	-42.165417	127.755722	-7.896300	0.000000	0.000000	3.750000	-880.943848	149.446259
116	958.115295	374.281097	129.529434	62.913406	0.000000	0.000000	3.750000	-1086.371460	-414.147797
117	641.304016	586.631531	101.792725	90.189926	0.000000	0.000000	3.750000	-617.524048	-594.281860
118	-421.854187	-866.914429	-85.342018	-142.381073	0.000000	0.000000	3.750000	454.550476	1220.929565
119	461.007690	275.609528	115.781273	78.706360	0.000000	0.000000	3.750000	-633.656311	-398.776794
120	-63.728573	537.126099	11.780306	135.488770	0.000000	0.000000	3.750000	-105.660271	-846.951965
121	-304.464050	788.424622	-47.464405	121.024979	0.000000	0.000000	3.750000	275.990509	-1122.534058
122	476.231659	867.268799	66.500656	132.218109	0.000000	0.000000	3.750000	-431.257355	-1074.956543
123	-537.027832	-167.286087	-140.632263	-19.661362	0.000000	0.000000	3.750000	583.385925	84.238213
124	-193.069916	-743.265381	-63.917015	-151.029907	0.000000	0.000000	3.750000	162.881699	549.598572
125	557.117676	214.898041	114.357056	61.824089	0.000000	0.000000	3.750000	-797.636963	-230.659439
126	-959.268982	723.932739	-116.923157	100.223900	0.000000	0.000000	3.750000	879.019531	-576.216125
127	-481.499329	471.727417	-77.301910	126.207825	0.000000	0.000000	3.750000	431.467529	-693.442810
128	979.276001	-180.103088	153.503143	-27.796871	0.000000	0.000000	3.750000	-1080.210449	81.170898
129	-336.475983	-624.956848	-58.800285	-111.438400	0.000000	0.000000	3.750000	361.161377	735.987671
130	-260.566772	-623.606689	-69.330475	-117.001076	0.000000	0.000000	3.750000	469.270538	699.492859
131	272.266571	-424.612610	97.601242	-108.570091	0.000000	0.000000	3.750000	-239.261032	724.342407
132	726.491821	99.538490	131.625748	9.932611	0.000000	0.000000	3.750000	-1132.823975	-115.527580
133	-631.333252	-529.422485	-104.827026	-83.470016	0.000000	0.000000	3.750000	1216.265381	772.543945
134	204.657822	577.284851	41.545929	110.444168	0.000000	0.000000	3.750000	-174.244339	-616.124634
135	624.884094	-527.450806	92.292343	-79.787979	0.000000	0.000000	3.750000	-791.778809	704.738037
136	245.906387	-613.086487	77.317978	-126.196930	0.000000	0.000000	3.750000	-385.703552	904.622375
137	-717.898315	-121.991776	-131.428146	-26.127178	0.000000	0.000000	3.750000	782.609680	126.680038
138	-719.114868	-465.967773	-135.603058	-42.140274	0.000000	0.000000	3.750000	948.986450	316.911530
139	725.605225	3.148854	141.599335	10.658159	0.000000	0.000000	3.750000	-737.499146	-77.518501
140	223.486603	438.140747	54.839523	120.068619	0.000000	0.000000	3.750000	-210.307404	-626.397949
141	-652.288757	171.718781	-143.802536	49.236153	0.000000	0.000000	3.750000	898.367737	-97.161865
142	267.862427	140.412567	132.451370	30.857214	0.000000	0.000000	3.750000	-338.124939	-11.163934
143	-365.364746	241.588684	-96.477402	98.671478	0.000000	0.000000	3.750000	463.395844	-514.936035
144	948.595398	505.870300	143.231689	71.306931	0.000000	0.000000	3.750000	-1220.376099	-584.007019
145	589.604919	-641.635559	119.691025	-90.409798	0.000000	0.000000	3.750000	-605.218506	560.176819
146	681.246704	-78.173538	113.986008	-1.779855	0.000000	0.000000	3.750000	-589.508911	7.816183
147	98.221375	645.255127	27.070442	133.278458	0.000000	0.000000	3.750000	-180.165634	-719.132324
148	-866.358459	407.673126	-125.660789	52.012737	0.000000	0.000000	3.750000	1135.417969	-359.202698
149	-1018.539673	331.087219	-155.086823	59.194557	0.000000	0.000000	3.750000	1187.769287	-336.029663
150	-20.376724	730.436096	24.598230	127.651138	0.000000	0.000000	3.750000	-70.045708	-1073.334106
151	646.365540	-366.817780	111.095200	-71.287125	0.000000	0.000000	3.750000	-730.242676	454.543610
152	-732.246948	-1043.172119	-101.945160	-131.008026	0.000000	0.000000	3.750000	673.077698	1079.543213
153	587.339844	-513.950256	105.868774	-114.572594	0.000000	0.000000	3.750000	-270.737152	564.117126
154	-171.433228	159.532745	-96.623016	104.051445	0.000000	0.000000	3.750000	323.456421	-194.701279
155	539.212402	845.575989	70.420990	116.347458	0.000000	0.000000	3.750000	-257.209717	-659.050171
156	-282.308105	-844.718384	-41.052216	-110.627808	0.000000	0.000000	3.750000	130.650772	1045.791016
157	145.402771	816.776367	30.477621	132.540878	0.000000	0.000000	3.750000	-175.059692	-1043.271118
158	39.761780	904.859802	9.446245	143.689789	0.000000	0.000000	3.750000	-23.541639	-1041.164673
159	80.279404	2.732213	123.806564	-60.738857	0.000000	0.000000	3.750000	-76.813637	248.913803
160	330.648926	-273.433960	123.846420	-73.470490	0.000000	0.000000	3.750000	-514.423950	384.967804
161	448.015717	233.685257	129.072662	63.842972	0.000000	0.000000	3.750000	-1071.564697	-337.901550
162	613.371582	-269.757538	100.990234	-52.886234	0.000000	0.000000	3.750000	-963.512573	441.663574
163	108.530655	678.992554	-9.200131	111.621490	0.000000	0.000000	3.750000	70.551575	-832.822083
164	-998.371826	53.329453	-151.894714	5.651699	0.000000	0.000000	3.750000	1218.643677	45.058132
165	293.249329	180.163513	82.868149	94.902519	0.000000	0.000000	3.750000	-268.883606	-138.351578
166	-62.387253	-148.974609	-69.614365	-123.730698	0.000000	0.000000	3.750000	24.979612	307.991486
167	1001.142456	132.522949	163.233856	30.177586	0.000000	0.000000	3.750000	-858.308289	-182.299713
168	-59.305290	93.859123	-94.506226	92.135757	0.000000	0.000000	3.750000	204.969696	-82.734604
169	630.117310	609.484375	106.543388	102.725113	0.000000	0.000000	3.750000	-592.458801	-687.705566
170	-726.797546	91.095139	-136.832733	61.455345	0.000000	0.000000	3.750000	791.077576	-303.896973
171	647.659424	-94.141251	129.906281	-4.327386	0.000000	0.000000	3.750000	-164.754303	11.854498
172	329.759583	-189.110443	110.502586	-56.259865	0.000000	0.000000	3.750000	-598.128357	293.325531
173	-51.743309	-726.957031	-28.027004	-143.284119	0.000000	0.000000	3.750000	91.858505	938.012024
174	-153.939880	845.339844	-22.017076	119.996788	0.000000	0.000000	3.750000	123.195442	-1026.534546
175	108.288414	-986.386230	53.353531	-142.327301	0.000000	0.000000	3.750000	-215.464996	1115.976929
176	-472.079163	-237.255493	-108.969559	-108.819107	0.000000	0.000000	3.750000	543.975464	515.066162
177	425.589691	-380.153931	79.551941	-87.151093	0.000000	0.000000	3.750000	-419.437164	653.798523
178	446.045288	-724.649780	81.202415	-137.859909	0.000000	0.000000	3.750000	-339.260132	1107.417358
179	-692.104919	374.950623	-121.634644	65.184364	0.000000	0.000000	3.750000	829.131592	-402.305328
180	474.121521	352.863037	94.665146	103.142609	0.000000	0.000000	3.750000	-451.258850	-612.867371
181	-410.171814	-734.058350	-77.444550	-114.220085	0.000000	0.000000	3.750000	430.724426	846.474182
182	-618.305847	-870.410339	-104.267342	-107.834702	0.000000	0.000000	3.750000	846.036987	870.031799
183	678.582642	70.643158	156.893524	47.753338	0.000000	0.000000	3.750000	-669.426636	-173.580597
184	494.729218	170.402985	119.784531	39.082825	0.000000	0.000000	3.750000	-572.826477	-91.289185
185	-124.605835	806.375122	-36.886463	139.195435	0.000000	0.000000	3.750000	293.476990	-950.478943
186	-668.776123	-592.554565	-107.621666	-104.486923	0.000000	0.000000	3.750000	863.343933	1009.251221
187	-323.045044	642.248047	-40.519588	125.627014	0.000000	0.000000	3.750000	313.259888	-839.552979
188	313.101135	666.848877	58.378471	127.247620	0.000000	0.000000	3.750000	-377.890625	-782.405212
189	-734.324707	-784.371948	-99.995872	-95.104111	0.000000	0.000000	3.750000	646.566833	513.066833
190	580.669922	392.429626	109.733574	61.922672	0.000000	0.000000	3.750000	-1099.901611	-397.755981
191	-770.921387	-691.103149	-113.747681	-100.823944	0.000000	0.000000	3.750000	521.059692	466.961182
192	-710.926270	710.882080	-104.774986	92.855759	0.000000	0.000000	3.750000	858.854065	-704.941711
193	-65.144905	585.797852	-25.136236	145.849731	0.000000	0.000000	3.750000	179.481491	-751.740417
194	-1064.588867	225.956528	-166.119751	44.587837	0.000000	0.000000	3.750000	1348.086182	-217.600204
195	-142.573364	552.512085	-34.992222	147.917267	0.000000	0.000000	3.750000	212.575638	-715.073730
196	-428.737488	546.974731	-102.596268	130.498901	0.000000	0.000000	3.750000	890.802490	-1025.959595
197	868.697754	-14.102654	133.943817	-3.878251	0.000000	0.000000	3.750000	-1051.033691	76.683250
198	777.340820	419.230469	146.580597	77.907593	0.000000	0.000000	3.750000	-1097.332153	-352.833252
199	-967.625366	164.623428	-155.358948	14.121075	0.000000	0.000000	3.750000	1135.339233	44.074413
200	-668.556641	-120.320152	-148.036835	-24.007677	0.000000	0.000000	3.750000	145.966187	23.488523
201	-252.483765	-175.769318	-116.888992	-69.517479	0.000000	0.000000	3.750000	130.095123	91.931473
202	145.787476	604.446533	64.980698	117.189896	0.000000	0.000000	3.750000	-441.890656	-683.136902
203	-464.286499	-337.961151	-102.272133	-98.510651	0.000000	0.000000	3.750000	495.000183	419.941589
204	376.397095	-371.271423	90.562515	-101.439262	0.000000	0.000000	3.750000	-89.520439	429.092163
205	-244.112534	-76.923851	-119.491013	-39.972717	0.000000	0.000000	3.750000	437.993286	134.165573
206	-854.254639	117.574280	-139.483093	12.017185	0.000000	0.000000	3.750000	1098.106567	-5.981134
207	437.121216	-908.903076	57.817688	-147.040558	0.000000	0.000000	3.750000	-265.187561	1030.680298
208	82.332504	-812.402344	-26.800348	-145.552856	0.000000	0.000000	3.750000	85.827682	1018.622986
209	654.283447	-36.125481	149.961288	3.407434	0.000000	0.000000	3.750000	-813.029968	5.849667
210	572.252014	-432.348419	97.358505	-94.959366	0.000000	0.000000	3.750000	-518.438904	581.323120
211	-360.836365	-980.436523	-63.201862	-133.825714	0.000000	0.000000	3.750000	299.593628	1071.984619
212	812.262573	-399.967621	113.102753	-59.931332	0.000000	0.000000	3.750000	-965.174194	544.547058
213	237.977203	525.683105	29.340183	147.102463	0.000000	0.000000	3.750000	-102.221222	-667.518311
214	893.610962	156.267563	138.793304	38.371536	0.000000	0.000000	3.750000	-1022.062500	-196.157410
215	-359.333252	-628.976562	-55.880280	-121.792038	0.000000	0.000000	3.750000	261.091156	760.414185
216	-634.837769	460.398315	-103.540970	68.229446	0.000000	0.000000	3.750000	972.878357	-575.833984
217	242.849045	547.913391	71.705650	131.750824	0.000000	0.000000	3.750000	-319.434235	-633.131409
218	137.005493	991.124817	32.164112	148.557480	0.000000	0.000000	3.750000	-97.898399	-1011.171143
219	-881.631042	-604.426025	-129.854858	-79.003540	0.000000	0.000000	3.750000	1241.690186	525.074707
220	-485.933228	-181.879944	-139.215714	-36.805965	0.000000	0.000000	3.750000	685.876953	280.357544
221	454.737793	-535.514954	126.247498	-107.783661	0.000000	0.000000	3.750000	-512.012451	554.159058
222	975.993408	-326.338806	149.786194	-43.589020	0.000000	0.000000	3.750000	-1693.525024	322.764709
223	-78.114243	-194.413193	-95.027016	-110.834747	0.000000	0.000000	3.750000	162.343979	302.627808
224	-240.252853	-604.557617	-15.102791	-143.203949	0.000000	0.000000	3.750000	-26.539804	600.183960
225	925.954285	-514.848816	130.143097	-89.592239	0.000000	0.000000	3.750000	-960.020813	690.013489
226	55.319351	-664.550110	24.634701	-154.041397	0.000000	0.000000	3.750000	-29.977484	878.512939
227	-610.935913	-56.841660	-151.426270	13.155197	0.000000	0.000000	3.750000	701.376343	85.825661
228	-75.985809	640.420288	-11.828676	145.520050	0.000000	0.000000	3.750000	83.205177	-899.459961
229	-297.986145	-78.764175	-105.050735	-62.033745	0.000000	0.000000	3.750000	563.163391	420.987762
230	-94.262375	404.783569	-30.177486	138.753021	0.000000	0.000000	3.750000	147.566788	-344.830200
231	154.838806	74.746498	117.379242	55.865959	0.000000	0.000000	3.750000	-136.427841	-81.955399
232	-232.995560	-694.685059	-18.128681	-134.786255	0.000000	0.000000	3.750000	76.144928	486.362427
233	-383.372467	-879.055176	-64.230087	-131.112000	0.000000	0.000000	3.750000	365.009064	1099.032593
234	-682.156616	-188.351456	-134.032043	-57.891258	0.000000	0.000000	3.750000	829.944092	314.608154
235	-246.615448	-6.546557	-131.969666	-23.237583	0.000000	0.000000	3.750000	529.592102	85.323608
236	711.478149	986.321289	83.382492	136.555176	0.000000	0.000000	3.750000	-507.596039	-978.910889
237	413.444458	582.723999	86.239853	83.439301	0.000000	0.000000	3.750000	-172.421295	-178.682922
238	-526.832214	-706.335754	-73.303406	-133.156036	0.000000	0.000000	3.750000	452.405548	684.003113
239	-591.316589	618.731995	-97.564972	108.613388	0.000000	0.000000	3.750000	927.206482	-732.373352
240	17.316442	-784.653076	-0.608605	-133.998383	0.000000	0.000000	3.750000	-87.374062	1087.973877
241	-713.355103	-801.487915	-100.183456	-97.791992	0.000000	0.000000	3.750000	767.125366	768.643921
242	-406.387390	-534.393982	-90.122543	-119.907883	0.000000	0.000000	3.750000	452.634857	562.328735
243	57.889275	581.952332	24.818325	129.645844	0.000000	0.000000	3.750000	-175.017639	-917.118225
244	-685.451904	715.639771	-98.714432	112.940048	0.000000	0.000000	3.750000	761.333313	-935.860229
245	-442.470978	165.357025	-126.421692	55.327953	0.000000	0.000000	3.750000	341.668610	-34.519756
246	340.245239	512.326843	31.505610	132.299438	0.000000	0.000000	3.750000	-208.359756	-551.646973
247	-482.618561	-874.903198	-83.094276	-112.672966	0.000000	0.000000	3.750000	646.264038	1289.814209
248	-809.161499	-89.755966	-130.902573	-16.985600	0.000000	0.000000	3.750000	1180.187500	104.492920
249	-883.624817	-528.457886	-111.841202	-87.495277	0.000000	0.000000	3.750000	865.029968	515.604431
250	583.409424	-356.410858	149.732147	-56.392521	0.000000	0.000000	3.750000	-735.415222	345.501892
251	339.268860	136.633484	111.263214	71.021866	0.000000	0.000000	3.750000	-380.326233	-153.516907
252	-319.289368	-135.543747	-153.178284	-78.220367	0.000000	0.000000	3.750000	370.166504	275.245544
253	-255.298309	314.993225	-57.913223	118.617233	0.000000	0.000000	3.750000	272.783478	-617.573181
254	387.936523	315.796936	132.005890	75.350021	0.000000	0.000000	3.750000	-310.689850	-215.100204
255	151.769104	-759.910645	26.464130	-149.678040	0.000000	0.000000	3.750000	-76.742989	1041.722046
256	442.703217	47.061066	122.839401	48.315857	0.000000	0.000000	3.750000	-649.216064	-202.528732
257	-585.774292	-645.591553	-72.695160	-102.914001	0.000000	0.000000	3.750000	418.833893	890.262390
258	744.809509	499.655304	121.198776	81.404976	0.000000	0.000000	3.750000	-1085.659668	-576.824829
259	835.714966	-841.008545	109.618195	-113.788597	0.000000	0.000000	3.750000	-888.697205	981.245605
260	331.666260	-884.127197	70.392044	-148.123428	0.000000	0.000000	3.750000	-287.634216	1051.324585
261	395.190186	-658.548096	85.721008	-125.522339	0.000000	0.000000	3.750000	-266.470032	553.524475
262	894.705078	620.615479	118.367096	85.470627	0.000000	0.000000	3.750000	-454.917084	-314.937500
263	-418.860168	929.750122	-66.871941	140.939880	0.000000	0.000000	3.750000	416.111176	-1189.793701
264	-527.529297	-269.038391	-125.668335	-74.320053	0.000000	0.000000	3.750000	658.194885	403.875275
265	-432.424591	-751.395813	-72.065224	-93.437546	0.000000	0.000000	3.750000	536.640625	864.913025
266	636.838501	691.503418	99.832321	119.872360	0.000000	0.000000	3.750000	-526.416382	-806.362793
267	259.329163	-765.882202	54.956783	-128.761108	0.000000	0.000000	3.750000	-194.760193	958.829956
268	-458.192993	-872.593506	-68.836411	-126.480789	0.000000	0.000000	3.750000	392.216278	1128.062500
269	483.352966	751.711304	93.750961	103.974777	0.000000	0.000000	3.750000	-767.268005	-798.221924
270	199.331482	-262.230164	117.384094	-55.865311	0.000000	0.000000	3.750000	-275.804382	111.117195
271	-727.734009	-268.008087	-127.637772	-40.799393	0.000000	0.000000	3.750000	976.565063	269.966400
272	-908.683960	-335.726807	-130.172775	-56.736397	0.000000	0.000000	3.750000	1120.973022	397.039185
273	-23.263170	785.832397	-13.598200	137.328323	0.000000	0.000000	3.750000	111.283508	-855.941223
274	-880.808167	-208.557587	-138.890182	-38.019836	0.000000	0.000000	3.750000	1115.691284	274.892059
275	953.811157	461.229675	135.997437	63.279949	0.000000	0.000000	3.750000	-1103.167969	-268.845398
276	25.881399	321.610291	28.358467	137.097244	0.000000	0.000000	3.750000	-58.789162	-471.532196
277	923.027222	8.023240	139.999451	-0.390378	0.000000	0.000000	3.750000	-1062.790039	4.176256
278	-154.341614	-444.336060	3.356616	-133.957764	0.000000	0.000000	3.750000	-52.721806	679.245422
279	-272.422729	536.696960	-10.226912	131.602753	0.000000	0.000000	3.750000	54.057995	-383.234650
280	140.025330	340.785034	83.019440	110.232010	0.000000	0.000000	3.750000	-396.301025	-366.261108
281	546.004883	-323.180786	125.748001	-51.801834	0.000000	0.000000	3.750000	-831.439636	305.258392
282	-12.915148	-91.790215	-163.098053	-17.131332	0.000000	0.000000	3.750000	217.718063	-10.130168
283	231.568542	312.947144	1.285435	139.992065	0.000000	0.000000	3.750000	-77.345039	-451.951935
284	105.022919	-341.989197	44.267807	-157.910828	0.000000	0.000000	3.750000	-221.976868	537.575134
285	329.006287	-661.900024	43.549141	-130.947678	0.000000	0.000000	3.750000	-163.446167	862.802002
286	657.459229	431.405884	123.803787	77.386169	0.000000	0.000000	3.750000	-894.018311	-572.607788
287	-103.783981	714.492615	16.838085	161.122406	0.000000	0.000000	3.750000	-33.203758	-867.867310
288	808.434814	829.520569	104.080521	105.219955	0.000000	0.000000	3.750000	-864.577454	-808.467285
289	368.934601	-899.079956	77.360001	-128.511963	0.000000	0.000000	3.750000	-509.659668	1186.929077
290	-149.085526	631.343994	-65.520050	137.153641	0.000000	0.000000	3.750000	293.320435	-630.299622
291	550.289246	706.438110	78.757721	113.319092	0.000000	0.000000	3.750000	-579.291138	-818.398071
292	-135.264999	685.286743	-40.256657	154.851807	0.000000	0.000000	3.750000	279.395935	-657.888794
293	-97.385643	753.272339	-24.054127	117.564392	0.000000	0.000000	3.750000	159.789459	-1052.358398
294	756.710205	655.434692	103.890350	81.429413	0.000000	0.000000	3.750000	-1028.255859	-654.927490
295	422.863251	113.317696	122.049011	55.317528	0.000000	0.000000	3.750000	-592.697693	-295.345917
296	174.326477	-0.830708	72.889557	142.432739	0.000000	0.000000	3.750000	-12.948527	-46.519596
297	633.300293	712.943115	87.572662	90.592636	0.000000	0.000000	3.750000	-476.284210	-459.790649
298	-999.058044	-1.854010	-153.381851	-13.784134	0.000000	0.000000	3.750000	1169.883423	72.653900
299	389.614410	156.491425	118.623550	57.884548	0.000000	0.000000	3.750000	-314.864563	-43.467720
300	690.283203	-359.671753	115.389252	-75.692207	0.000000	0.000000	3.750000	-816.775818	587.791016
301	628.096497	372.415253	126.335236	73.180550	0.000000	0.000000	3.750000	-1115.392212	-592.521423
302	833.826538	-389.922272	124.268478	-55.256626	0.000000	0.000000	3.750000	-670.854980	316.659973
303	-88.743927	1015.718872	-4.703964	149.926147	0.000000	0.000000	3.750000	92.864006	-1135.799805
304	-499.161316	-488.951111	-92.810310	-104.815186	0.000000	0.000000	3.750000	464.325287	577.397400
305	-1018.840942	299.525574	-146.494720	47.488838	0.000000	0.000000	3.750000	1234.172485	-248.670517
306	-868.054504	403.150421	-115.448105	71.886208	0.000000	0.000000	3.750000	1061.591187	-456.796631
307	125.132195	-66.624763	101.301933	-74.769638	0.000000	0.000000	3.750000	-63.857689	261.669281
308	43.862099	942.694214	16.406437	141.049011	0.000000	0.000000	3.750000	-113.310051	-1145.188477
309	-215.292465	3.928346	-106.860062	50.047909	0.000000	0.000000	3.750000	274.719635	-99.073776
310	763.055481	-893.922363	111.094315	-117.906700	0.000000	0.000000	3.750000	-757.506287	947.988770
311	-673.509949	-236.890045	-143.848816	-42.514328	0.000000	0.000000	3.750000	774.509338	172.222855
312	254.686218	-961.825745	56.659576	-132.384521	0.000000	0.000000	3.750000	-371.920441	1063.396973
313	-403.901611	311.599213	-61.992950	105.075539	0.000000	0.000000	3.750000	278.063354	-498.719482
314	83.550812	-930.460266	21.004063	-146.501877	0.000000	0.000000	3.750000	-104.738457	1203.649780
315	-344.938904	-237.211761	-119.983330	-59.665642	0.000000	0.000000	3.750000	497.460358	228.612900
316	-178.581833	-956.047119	-51.670685	-127.960526	0.000000	0.000000	3.750000	203.891769	1108.454102
317	-741.472961	-424.487854	-121.990585	-55.445869	0.000000	0.000000	3.750000	1065.520386	359.837677
318	-276.530121	190.911957	-146.332611	32.940819	0.000000	0.000000	3.750000	510.585052	13.527426
319	-591.694824	403.279297	-130.484695	69.839256	0.000000	0.000000	3.750000	497.376129	-206.884247
320	707.432129	-585.833679	115.100906	-89.820602	0.000000	0.000000	3.750000	-687.634521	610.031433
321	-298.840027	442.312927	-71.187401	103.962540	0.000000	0.000000	3.750000	474.619720	-524.394714
322	-875.935181	703.117432	-113.426163	95.070732	0.000000	0.000000	3.750000	880.114624	-600.252014
323	-413.092834	286.996002	-126.198441	69.353699	0.000000	0.000000	3.750000	555.008484	-272.554504
324	518.475220	238.110367	112.436829	52.285675	0.000000	0.000000	3.750000	-712.543274	-183.856506
325	-610.714661	391.714600	-106.390793	67.505463	0.000000	0.000000	3.750000	643.880371	-421.186005
326	629.780029	-343.646027	131.293396	-84.246643	0.000000	0.000000	3.750000	-599.451111	540.004028
327	-824.233887	-167.929764	-170.015900	-26.049820	0.000000	0.000000	3.750000	1090.289795	161.201233
328	-157.007278	81.130615	-119.468529	-56.081280	0.000000	0.000000	3.750000	167.597977	22.049231
329	-575.408203	-846.455811	-74.539093	-108.939392	0.000000	0.000000	3.750000	468.651154	1038.150879
330	-208.724762	-157.135101	28.039381	-147.336670	0.000000	0.000000	3.750000	-17.801670	337.524323
331	-197.222656	719.324951	-40.402733	138.215668	0.000000	0.000000	3.750000	317.140656	-852.837463
332	-77.199265	-69.017502	53.451065	-127.226173	0.000000	0.000000	3.750000	-107.212906	361.212646
333	-625.932190	576.469116	-84.683327	82.175011	0.000000	0.000000	3.750000	552.115845	-508.940765
334	932.977539	-231.283325	135.958649	-33.394646	0.000000	0.000000	3.750000	-1092.502686	184.710190
335	-102.803787	431.177795	-0.559800	147.998474	0.000000	0.000000	3.750000	-70.748695	-773.270874
336	438.530518	741.008057	80.547867	151.973740	0.000000	0.000000	3.750000	-439.557587	-754.770386
337	243.565063	552.862854	53.045753	131.719681	0.000000	0.000000	3.750000	-215.989304	-634.215576
338	225.031799	689.683167	57.604286	140.661774	0.000000	0.000000	3.750000	-574.791809	-1206.136841
339	-235.305603	-84.686432	-144.794220	-18.714458	0.000000	0.000000	3.750000	275.610718	35.048679
340	-144.975647	95.785248	40.135700	127.819092	0.000000	0.000000	3.750000	46.461929	39.841831
341	-597.585876	-434.018799	-97.204353	-66.897789	0.000000	0.000000	3.750000	676.208862	473.619873
342	584.177124	-491.531708	115.016586	-68.754501	0.000000	0.000000	3.750000	-767.451904	478.492249
343	411.826294	-528.839661	106.991501	-96.378227	0.000000	0.000000	3.750000	-478.861359	499.582306
344	443.658356	761.332336	77.176620	116.806541	0.000000	0.000000	3.750000	-558.580261	-841.754272
345	-450.798767	-411.749023	-85.225494	-105.983849	0.000000	0.000000	3.750000	439.858307	617.562561
346	-409.229736	432.078918	-97.091972	127.173355	0.000000	0.000000	3.750000	342.420105	-527.645630
347	-838.697510	553.377930	-110.454552	95.476608	0.000000	0.000000	3.750000	968.792175	-772.956299
348	-785.188721	-632.786255	-128.627899	-111.150528	0.000000	0.000000	3.750000	687.728638	434.467316
349	482.397522	-803.991577	81.578293	-125.875671	0.000000	0.000000	3.750000	-429.584503	982.777832
350	199.347702	-523.629578	43.975937	-143.406708	0.000000	0.000000	3.750000	-89.950401	853.962769
351	952.821594	-502.711182	137.169312	-82.368530	0.000000	0.000000	3.750000	-1043.140503	608.352966
352	-1002.066956	-27.004192	-145.774811	8.105204	0.000000	0.000000	3.750000	1272.035767	-20.477081
353	934.625061	273.127289	142.374451	47.212078	0.000000	0.000000	3.750000	-1245.529297	-103.662872
354	-199.553375	-363.878265	-78.282516	-118.472794	0.000000	0.000000	3.750000	374.869873	518.515442
355	-734.096985	724.715088	-98.643463	107.635788	0.000000	0.000000	3.750000	797.125000	-923.011597
356	748.325562	-327.252014	119.951927	-59.728737	0.000000	0.000000	3.750000	-763.824280	333.897156
357	-734.801270	459.868774	-126.283104	88.139519	0.000000	0.000000	3.750000	806.461670	-570.382263
358	98.703690	935.738953	38.900791	151.071899	0.000000	0.000000	3.750000	-232.768265	-881.767578
359	-870.098755	-347.957275	-131.749969	-41.059784	0.000000	0.000000	3.750000	1102.217651	249.699142
360	712.038757	-314.388000	121.310883	-73.808151	0.000000	0.000000	3.750000	-490.843719	290.324615
361	54.533031	-862.620361	39.104424	-138.588287	0.000000	0.000000	3.750000	-157.860672	972.207336
362	-929.905151	303.795227	-123.391800	52.253601	0.000000	0.000000	3.750000	1051.662231	-361.897552
363	789.306152	-541.302368	115.498436	-71.806068	0.000000	0.000000	3.750000	-987.842957	598.940063
364	840.109924	350.508148	121.747704	60.609383	0.000000	0.000000	3.750000	-793.640442	-370.467255
365	-432.585938	-35.828850	-127.679306	-8.912709	0.000000	0.000000	3.750000	289.684937	-46.607864
366	692.849304	-382.018341	115.255539	-55.679092	0.000000	0.000000	3.750000	-905.114197	422.373352
367	429.349304	802.346680	60.879868	117.122330	0.000000	0.000000	3.750000	-491.006744	-941.350159
368	403.527985	301.534821	115.240944	68.377808	0.000000	0.000000	3.750000	-715.382019	-383.596039
369	107.263634	-664.492432	39.067291	-126.085327	0.000000	0.000000	3.750000	-108.174873	761.758789
370	-820.604065	282.792358	-112.198593	52.796196	0.000000	0.000000	3.750000	1110.981812	-401.618225
371	-603.333618	624.000916	-89.377258	83.040359	0.000000	0.000000	3.750000	753.270691	-635.692383
372	-775.958862	-422.937042	-112.940826	-55.860168	0.000000	0.000000	3.750000	997.500183	426.281616
373	393.253845	288.771332	74.133667	118.756699	0.000000	0.000000	3.750000	-131.960617	-360.117737
374	-589.880432	164.327728	-129.044617	48.900795	0.000000	0.000000	3.750000	875.893982	-186.508713
375	-783.534180	734.854370	-100.599480	91.519073	0.000000	0.000000	3.750000	906.666260	-772.961670
376	814.400146	104.255592	133.915146	33.326324	0.000000	0.000000	3.750000	-1193.465820	-156.872345
377	-798.021973	863.673828	-99.806168	114.641632	0.000000	0.000000	3.750000	763.545654	-1021.601318
378	-250.245453	-1018.150208	-57.005638	-138.744934	0.000000	0.000000	3.750000	254.476776	1121.666748
379	-531.841248	-639.034424	-106.064926	-103.218803	0.000000	0.000000	3.750000	516.288513	621.727661
380	391.075012	-13.304531	139.666534	35.054108	0.000000	0.000000	3.750000	-1314.472290	-54.958912
381	484.203766	351.842529	109.328629	90.614990	0.000000	0.000000	3.750000	-422.694916	-447.816589
382	756.263062	-207.741043	139.066406	-28.714516	0.000000	0.000000	3.750000	-698.119568	158.807175
383	343.342041	255.524933	66.704788	116.212753	0.000000	0.000000	3.750000	-63.758774	-162.518906
384	-785.270813	-605.886780	-115.389847	-92.677811	0.000000	0.000000	3.750000	524.544006	414.607605
385	741.809814	-550.520203	95.056000	-91.587875	0.000000	0.000000	3.750000	-740.997864	796.649841
386	706.970520	886.681152	98.538742	113.092957	0.000000	0.000000	3.750000	-462.068787	-691.833374
387	-1104.097412	818.952026	-124.414124	118.764999	0.000000	0.000000	3.750000	922.174805	-893.095276
388	-647.277771	288.771362	-144.310516	59.238159	0.000000	0.000000	3.750000	711.020569	-73.143753
389	211.378754	-135.894608	126.487320	-64.521477	0.000000	0.000000	3.750000	-157.842529	184.064255
390	-641.870483	287.646179	-135.111115	65.153229	0.000000	0.000000	3.750000	484.023621	-244.721420
391	-238.204102	-676.421509	-46.356380	-134.217194	0.000000	0.000000	3.750000	53.015221	814.479492
392	-664.171997	-176.701050	-168.785324	-33.042885	0.000000	0.000000	3.750000	169.108475	49.451542
393	-623.153748	134.165985	-132.080933	22.589653	0.000000	0.000000	3.750000	824.523865	20.778717
394	-44.383377	-278.640015	-6.592667	-143.845291	0.000000	0.000000	3.750000	-48.738213	432.778442
395	568.585938	-490.782532	89.275955	-88.914078	0.000000	0.000000	3.750000	-489.840851	619.269958
396	902.944885	-129.153244	143.608337	-10.608105	0.000000	0.000000	3.750000	-1004.705444	183.081924
397	778.521118	536.098877	120.028168	89.962250	0.000000	0.000000	3.750000	-815.445068	-677.514038
398	634.810669	-115.981316	129.998657	-0.444577	0.000000	0.000000	3.750000	-799.633972	126.764244
399	-73.766418	-1072.884155	-6.782813	-147.844421	0.000000	0.000000	3.750000	-6.177235	1255.432617
400	520.046631	-355.582733	128.278702	-92.241943	0.000000	0.000000	3.750000	-520.225403	417.709961
401	-879.571655	132.238754	-163.742676	52.643158	0.000000	0.000000	3.750000	1094.252930	-32.635487
402	-367.651306	-759.888550	-51.956825	-119.165466	0.000000	0.000000	3.750000	274.545990	880.693298
403	284.093933	286.579834	105.749710	120.051384	0.000000	0.000000	3.750000	-269.696594	-141.300690
404	646.679810	-527.279480	93.295891	-107.049713	0.000000	0.000000	3.750000	-440.794464	704.443115
405	-798.658813	792.309998	-98.820831	101.972740	0.000000	0.000000	3.750000	815.774170	-905.828186
406	778.850830	-83.363464	129.509949	-25.517603	0.000000	0.000000	3.750000	-1214.868042	186.952637
407	-654.836914	-780.285156	-98.250908	-113.343529	0.000000	0.000000	3.750000	611.688721	727.004150
408	791.314697	-332.110626	140.839737	-62.290203	0.000000	0.000000	3.750000	-1012.954529	338.538055
409	330.067322	-338.146423	115.692261	-92.298416	0.000000	0.000000	3.750000	-381.503754	400.552917
410	445.218140	-319.491364	148.143982	-54.927734	0.000000	0.000000	3.750000	-713.075500	381.052063
411	281.424683	370.533661	96.450706	130.157669	0.000000	0.000000	3.750000	-308.541992	-356.424133
412	827.795410	-68.674080	147.953644	3.694561	0.000000	0.000000	3.750000	-908.800293	43.602196
413	-55.170029	622.766052	-27.821648	157.562469	0.000000	0.000000	3.750000	164.244629	-813.584717
414	-846.770325	665.160583	-106.990906	93.364555	0.000000	0.000000	3.750000	524.663208	-461.543854
415	427.600037	291.543457	110.839096	75.304016	0.000000	0.000000	3.750000	-671.987427	-453.867004
416	-502.737610	824.040894	-59.185623	124.663147	0.000000	0.000000	3.750000	302.884430	-988.942871
417	-418.687744	302.432495	-132.055054	97.248619	0.000000	0.000000	3.750000	730.396606	-457.777863
418	-601.361816	601.213379	-81.822769	82.225510	0.000000	0.000000	3.750000	705.784790	-732.830078
419	-565.272705	621.323425	-93.013092	120.218811	0.000000	0.000000	3.750000	652.513794	-806.269653
420	-715.409180	-286.124573	-112.092957	-65.841888	0.000000	0.000000	3.750000	854.177917	451.768646
421	397.258209	959.956360	75.373108	117.978355	0.000000	0.000000	3.750000	-711.630615	-1186.970947
422	448.687500	1064.631714	70.536942	152.474701	0.000000	0.000000	3.750000	-346.678162	-867.402344
423	-832.657349	-0.427876	-122.833260	28.070620	0.000000	0.000000	3.750000	751.935730	-86.226349
424	-393.438782	239.083939	-93.552681	104.153221	0.000000	0.000000	3.750000	551.232117	-624.391846
425	753.383118	783.116455	93.650345	98.618477	0.000000	0.000000	3.750000	-808.189331	-931.262451
426	-699.517944	107.363304	-141.868164	34.474789	0.000000	0.000000	3.750000	918.154724	41.880165
427	348.881165	-1026.200562	48.293205	-146.231506	0.000000	0.000000	3.750000	-223.149124	1077.829956
428	-837.362305	-643.956299	-105.120667	-104.180832	0.000000	0.000000	3.750000	768.663696	761.993530
429	627.828430	-913.707153	107.523132	-126.470070	0.000000	0.000000	3.750000	-687.099792	998.358826
430	-989.227661	176.351181	-144.317963	40.892059	0.000000	0.000000	3.750000	1098.967407	-136.454285
431	514.873169	-378.649261	109.811310	-65.768341	0.000000	0.000000	3.750000	-716.200378	413.653778
432	117.632462	-712.859680	28.432716	-135.038620	0.000000	0.000000	3.750000	-78.100922	1010.352661
433	795.729614	299.241455	125.514526	46.923920	0.000000	0.000000	3.750000	-951.269531	-159.619583
434	-1020.174011	-625.108765	-133.701080	-91.476868	0.000000	0.000000	3.750000	529.389404	272.844269
435	13.408705	-724.396790	3.071870	-143.966644	0.000000	0.000000	3.750000	-122.791389	901.576599
436	-199.993683	-434.678528	-23.116119	-142.132019	0.000000	0.000000	3.750000	53.568485	652.970581
437	-803.848633	-625.369995	-111.826881	-102.950104	0.000000	0.000000	3.750000	858.050720	861.704407
438	-380.341309	-470.812805	-87.994026	-103.696640	0.000000	0.000000	3.750000	473.541779	654.959473
439	648.583923	237.094513	138.611847	30.833710	0.000000	0.000000	3.750000	-715.310059	-121.977356
440	847.169678	422.265747	128.644623	69.039902	0.000000	0.000000	3.750000	-1133.482788	-483.112366
441	78.418274	-643.746582	19.936035	-124.412323	0.000000	0.000000	3.750000	-22.810286	930.991211
442	-318.516235	-584.438599	-59.852421	-106.308899	0.000000	0.000000	3.750000	445.747040	604.916321
443	-583.628418	-109.821419	-131.323029	-26.650486	0.000000	0.000000	3.750000	832.569214	127.715225
444	-413.321350	-924.917053	-50.978462	-132.532471	0.000000	0.000000	3.750000	165.847610	1089.936035
445	-73.823097	-489.064301	36.020199	-145.610916	0.000000	0.000000	3.750000	-182.762802	632.102722
446	195.373932	-417.751495	110.108795	-113.305466	0.000000	0.000000	3.750000	-221.771683	442.121460
447	93.119698	-646.883301	67.934837	-124.691467	0.000000	0.000000	3.750000	-189.551483	830.273254
448	-92.657196	294.672852	-34.223923	154.216675	0.000000	0.000000	3.750000	91.432091	-107.387192
449	938.112549	90.209290	149.785126	8.020082	0.000000	0.000000	3.750000	-790.099670	9.372211
450	481.555695	-312.778442	130.521362	-44.812523	0.000000	0.000000	3.750000	-776.249817	295.954346
451	415.294586	-635.664978	94.863640	-121.310158	0.000000	0.000000	3.750000	-365.149597	788.106506
452	388.975281	628.177551	70.870026	113.725143	0.000000	0.000000	3.750000	-508.878204	-715.915283
453	-114.794548	955.377563	-19.371054	150.760498	0.000000	0.000000	3.750000	82.944695	-1225.492310
454	-679.107300	-555.695068	-102.611900	-69.618225	0.000000	0.000000	3.750000	923.555115	432.014679
455	131.157471	-937.719238	17.171421	-149.013702	0.000000	0.000000	3.750000	-32.057247	1183.310547
456	889.967651	-783.045715	120.261276	-99.364090	0.000000	0.000000	3.750000	-995.625427	799.735229
457	-913.004272	-544.150146	-142.135437	-85.752647	0.000000	0.000000	3.750000	711.732056	365.482574
458	-377.784454	-276.400757	-89.505150	-73.788971	0.000000	0.000000	3.750000	405.475555	362.186066
459	511.406189	352.028931	120.430313	67.383514	0.000000	0.000000	3.750000	-532.692505	-303.630188
460	-318.895874	-438.611267	-73.982300	-123.541656	0.000000	0.000000	3.750000	308.712372	594.593506
461	854.821350	-812.907898	104.381012	-107.724159	0.000000	0.000000	3.750000	-662.777527	878.272156
462	299.940094	400.363434	98.052551	91.332672	0.000000	0.000000	3.750000	-366.188416	-297.266144
463	-521.659180	-788.070862	-78.891266	-120.465668	0.000000	0.000000	3.750000	418.682190	936.569824
464	-433.691803	-706.491028	-84.932083	-108.767715	0.000000	0.000000	3.750000	276.573822	343.064728
465	302.543335	-1005.437500	37.085625	-139.142365	0.000000	0.000000	3.750000	-201.754349	1195.866577
466	61.858498	-542.838257	35.868698	-147.707214	0.000000	0.000000	3.750000	-127.156860	555.597351
467	-509.265076	-431.492950	-91.525368	-92.320175	0.000000	0.000000	3.750000	491.418427	605.759216
468	-728.574524	319.262756	-114.854424	69.024475	0.000000	0.000000	3.750000	731.042419	-361.950256
469	-469.118195	-446.031921	-105.129700	-101.310150	0.000000	0.000000	3.750000	545.011230	545.752136
470	717.535522	514.460815	108.132233	79.141762	0.000000	0.000000	3.750000	-765.726868	-541.031616
471	-411.401215	642.214355	-59.316460	117.921829	0.000000	0.000000	3.750000	402.178436	-791.907959
472	803.018494	-88.380821	145.921326	-4.763004	0.000000	0.000000	3.750000	-879.916687	146.615585
473	-599.382202	-450.483795	-104.731148	-86.760345	0.000000	0.000000	3.750000	814.600159	581.744873
474	731.574219	679.842773	86.489212	107.533936	0.000000	0.000000	3.750000	-602.964966	-976.534302
475	791.092529	-652.089539	116.941208	-90.712479	0.000000	0.000000	3.750000	-807.364807	627.938293
476	-501.179504	631.673828	-93.985275	109.099365	0.000000	0.000000	3.750000	714.871643	-668.302063
477	-583.871704	547.321533	-80.922470	99.173950	0.000000	0.000000	3.750000	598.005188	-562.422852
478	-181.658234	-95.778908	-104.700043	-95.785309	0.000000	0.000000	3.750000	36.710556	295.935272
479	937.600220	415.627747	155.250061	64.197617	0.000000	0.000000	3.750000	-1164.612915	-391.021545
480	118.079010	60.111908	109.487610	77.246765	0.000000	0.000000	3.750000	-332.791016	-111.837982
481	385.587921	-703.989258	66.923721	-122.967300	0.000000	0.000000	3.750000	-356.364838	1052.760620
482	683.656494	756.688354	89.587166	99.649780	0.000000	0.000000	3.750000	-695.971558	-990.125061
483	-227.652847	-840.279053	-29.998947	-142.884308	0.000000	0.000000	3.750000	90.743553	1086.128784
484	215.803635	414.650970	99.974167	109.129128	0.000000	0.000000	3.750000	-361.571442	-406.105896
485	-320.019073	213.556396	-114.997314	40.735611	0.000000	0.000000	3.750000	452.697906	-104.250839
486	2.629307	331.676208	-36.019844	133.213043	0.000000	0.000000	3.750000	176.002960	-374.110992
487	-66.062103	-318.472534	-57.571056	-114.321014	0.000000	0.000000	3.750000	115.239777	274.041870
488	-642.453796	223.549774	-121.542786	40.138706	0.000000	0.000000	3.750000	737.286926	-124.792694
489	280.500275	855.759949	32.866325	140.198959	0.000000	0.000000	3.750000	-183.673584	-1236.821777
490	41.430054	-104.106148	144.116135	-53.445770	0.000000	0.000000	3.750000	-0.963565	151.879120
491	-544.595520	441.770203	-99.157883	80.942650	0.000000	0.000000	3.750000	679.382751	-580.067078
492	-247.342026	-204.582489	-146.317444	-69.534851	0.000000	0.000000	3.750000	662.711365	245.760315
493	77.711197	633.031006	35.751144	118.733528	0.000000	0.000000	3.750000	-257.888153	-541.690613
494	924.079712	-12.488623	157.353256	14.273912	0.000000	0.000000	3.750000	-1018.175781	-209.512421
495	101.513138	7.208173	-142.777344	-15.101994	0.000000	0.000000	3.750000	-0.539376	73.534424
496	-683.705078	-605.750366	-103.412064	-88.328209	0.000000	0.000000	3.750000	539.723511	517.655579
497	157.372086	-905.908203	43.197342	-137.367844	0.000000	0.000000	3.750000	-248.709488	1189.195068
498	-600.879028	-672.872681	-82.390457	-95.329941	0.000000	0.000000	3.750000	741.577576	989.225708
499	-877.252808	493.506470	-129.424561	87.093521	0.000000	0.000000	3.750000	947.449829	-655.611816
500	480.111206	-150.890839	135.493561	-35.232430	0.000000	0.000000	3.750000	-498.942566	76.226738
501	-367.834595	-725.512207	-68.452393	-124.411575	0.000000	0.000000	3.750000	377.348724	771.168457
502	-658.581177	536.655273	-111.335487	70.910927	0.000000	0.000000	3.750000	812.876343	-414.739319
503	221.902130	-485.014954	28.709026	-134.980392	0.000000	0.000000	3.750000	-107.074806	834.346191
504	-260.854187	-720.343140	-44.447563	-126.412552	0.000000	0.000000	3.750000	146.502838	802.659607
505	-545.519409	752.339417	-72.984772	107.578812	0.000000	0.000000	3.750000	531.064880	-918.382874
506	360.120483	-228.239685	133.288467	-84.841797	0.000000	0.000000	3.750000	-649.467590	387.316498
507	225.033066	818.039185	43.665306	118.191620	0.000000	0.000000	3.750000	-198.094635	-882.217529
508	676.252014	-513.043213	126.248779	-91.636353	0.000000	0.000000	3.750000	-857.098267	601.761719
509	717.330933	367.542084	124.138092	91.135666	0.000000	0.000000	3.750000	-352.729767	-352.032043
510	469.510315	-582.447266	111.569962	-87.840759	0.000000	0.000000	3.750000	-779.894470	784.893433
511	-644.925354	704.444092	-79.395752	112.872879	0.000000	0.000000	3.750000	481.834381	-758.878906
512	-134.927505	811.703796	-29.887417	163.287109	0.000000	0.000000	3.750000	109.420967	-912.136292
513	950.880371	109.498001	144.836411	18.395943	0.000000	0.000000	3.750000	-1075.614746	-130.739624
514	579.304688	-829.248718	88.845032	-97.624512	0.000000	0.000000	3.750000	-795.222473	1009.485840
515	-487.330811	235.521347	-106.677696	87.541855	0.000000	0.000000	3.750000	342.912292	-369.944336
516	115.190735	238.524368	-20.645313	146.552353	0.000000	0.000000	3.750000	267.204987	-1143.863647
517	473.753357	234.272583	109.543991	23.326044	0.000000	0.000000	3.750000	-757.117126	-132.930176
518	-23.768400	-218.741043	-79.794785	-102.627808	0.000000	0.000000	3.750000	253.587112	422.891602
519	572.351135	673.363647	113.108147	113.160690	0.000000	0.000000	3.750000	-210.842667	-264.040161
520	-30.819962	-883.004028	15.164337	-131.125946	0.000000	0.000000	3.750000	-54.780556	1213.343384
521	491.623718	-662.238220	86.020523	-110.454300	0.000000	0.000000	3.750000	-382.122986	729.506287
522	-57.039303	-288.314453	-84.828262	-84.877335	0.000000	0.000000	3.750000	344.054565	355.624207
523	-539.657532	-637.464722	-99.446716	-92.770157	0.000000	0.000000	3.750000	641.926086	513.802673
524	401.605621	896.249939	47.917580	135.792374	0.000000	0.000000	3.750000	-185.084503	-1357.773682
525	849.086304	-182.569916	141.781403	-7.874887	0.000000	0.000000	3.750000	-921.597778	98.917488
526	-468.429626	-650.180420	-74.682793	-108.840820	0.000000	0.000000	3.750000	363.885101	770.472473
527	-214.825256	365.170410	-67.745148	115.613953	0.000000	0.000000	3.750000	264.872314	-492.403961
528	927.149292	-316.048279	136.100128	-47.039940	0.000000	0.000000	3.750000	-1016.775146	355.374176
529	-502.329712	891.814514	-84.347351	133.601898	0.000000	0.000000	3.750000	558.399048	-1055.335327
530	-252.166412	-80.319923	-109.167236	49.824291	0.000000	0.000000	3.750000	385.103668	-145.488922
531	-22.380123	573.933105	20.671307	126.318542	0.000000	0.000000	3.750000	-2.792501	-599.405090
532	-634.049927	-388.360168	-137.597107	-54.505848	0.000000	0.000000	3.750000	650.434143	323.109924
533	-25.079336	404.377075	-74.701691	106.389603	0.000000	0.000000	3.750000	416.797241	-368.469727
534	468.548462	-634.529419	93.635010	-98.632874	0.000000	0.000000	3.750000	-857.522522	1032.669189
535	-206.563873	-531.744568	-62.439579	-125.300613	0.000000	0.000000	3.750000	121.286430	530.752930
536	-542.825684	-867.613831	-94.794861	-123.893867	0.000000	0.000000	3.750000	261.967957	413.287933
537	-33.591248	298.668701	48.787701	135.483185	0.000000	0.000000	3.750000	-121.066765	-321.435120
538	33.751755	484.399536	24.941275	149.939743	0.000000	0.000000	3.750000	-108.227974	-578.536743
539	653.356018	-612.086548	101.891724	-83.917038	0.000000	0.000000	3.750000	-666.242065	582.954163
540	426.708740	621.463562	92.907196	110.019081	0.000000	0.000000	3.750000	-498.333038	-703.908325
541	413.512146	960.537720	57.293037	145.097992	0.000000	0.000000	3.750000	-401.552551	-1389.465454
542	671.298462	-910.932129	104.043015	-105.257050	0.000000	0.000000	3.750000	-831.358032	882.480042
543	235.665771	800.370911	52.475563	129.793320	0.000000	0.000000	3.750000	-267.546204	-790.217041
544	-133.482498	829.028381	-30.361462	142.808014	0.000000	0.000000	3.750000	135.820358	-1033.503296
545	548.213501	450.760864	96.020798	84.640366	0.000000	0.000000	3.750000	-680.180847	-572.296997
546	-254.456818	-322.666077	-43.527641	-147.703339	0.000000	0.000000	3.750000	-23.132397	465.334442
547	337.080109	295.789520	82.000900	108.497932	0.000000	0.000000	3.750000	-325.646851	-412.935425
548	539.165405	-926.122437	75.674377	-131.821671	0.000000	0.000000	3.750000	-325.253601	1078.597290
549	-601.500244	-37.747543	-146.124115	23.475517	0.000000	0.000000	3.750000	681.970459	14.893118
550	-397.183136	539.195312	-106.425400	90.959518	0.000000	0.000000	3.750000	650.226318	-534.419189
551	913.619263	3.615942	165.768890	-8.755344	0.000000	0.000000	3.750000	-704.516418	82.063087
552	654.511719	-160.926758	127.524948	-34.078751	0.000000	0.000000	3.750000	-843.519165	272.787720
553	-870.680542	-269.054382	-143.836472	-42.554924	0.000000	0.000000	3.750000	930.924072	172.331558
554	-622.733765	682.648560	-79.529449	105.352028	0.000000	0.000000	3.750000	647.235229	-978.104187
555	199.726471	580.864380	31.913506	130.143890	0.000000	0.000000	3.750000	-114.729050	-852.060425
556	542.938354	-369.228699	96.733742	-89.814087	0.000000	0.000000	3.750000	-545.609009	561.138916
557	855.959167	390.430695	138.801544	51.360008	0.000000	0.000000	3.750000	-1004.183960	-179.262634
558	-332.756470	100.765671	-132.728592	37.769131	0.000000	0.000000	3.750000	369.079041	-45.332184
559	-51.499992	596.806091	20.088467	130.462463	0.000000	0.000000	3.750000	-171.825012	-1086.049683
560	-127.576004	-384.503113	-59.490997	-135.508698	0.000000	0.000000	3.750000	78.586441	484.535156
561	119.737732	830.019287	24.318541	141.931702	0.000000	0.000000	3.750000	-49.793804	-533.165588
562	385.080811	-429.896423	74.311485	-94.220924	0.000000	0.000000	3.750000	-344.808380	659.546082
563	67.154671	77.593628	153.847992	6.732989	0.000000	0.000000	3.750000	-167.865112	53.259102
564	-339.758667	586.145020	-70.520172	99.553490	0.000000	0.000000	3.750000	473.162231	-605.847229
565	-905.666870	123.297623	-145.994324	1.276105	0.000000	0.000000	3.750000	1204.260254	63.261047
566	47.564541	713.518311	19.345745	120.454529	0.000000	0.000000	3.750000	27.345446	-422.561615
567	869.215576	-180.699265	127.758301	-24.037289	0.000000	0.000000	3.750000	-1476.111206	174.856750
568	-292.388184	-882.594360	-60.677830	-132.793152	0.000000	0.000000	3.750000	273.998291	989.579102
569	501.814392	-148.234497	129.273895	-13.720234	0.000000	0.000000	3.750000	-646.196716	86.694016
570	-791.516479	-201.556885	-116.505516	-28.748207	0.000000	0.000000	3.750000	1040.419556	220.896027
571	-375.780640	537.394775	-65.539093	128.220978	0.000000	0.000000	3.750000	359.213196	-671.309998
572	286.426392	-615.798584	69.639389	-107.393539	0.000000	0.000000	3.750000	-159.910263	526.824280
573	-209.721863	-1052.083496	-30.140965	-157.134888	0.000000	0.000000	3.750000	83.595268	1178.937256
574	490.400635	855.161804	73.532913	123.809982	0.000000	0.000000	3.750000	-578.704468	-998.090271
575	656.073853	-644.135010	108.503860	-94.672043	0.000000	0.000000	3.750000	-676.389954	746.804932
576	-334.626312	-304.113098	-128.768417	-68.808975	0.000000	0.000000	3.750000	519.002747	273.115204
577	-757.126587	-880.406738	-106.179504	-119.690895	0.000000	0.000000	3.750000	730.475586	859.044128
578	126.876778	385.789520	66.640602	123.110779	0.000000	0.000000	3.750000	-55.455734	-181.255844
579	271.193115	644.145813	25.949688	139.608704	0.000000	0.000000	3.750000	-130.678360	-726.497986
580	-88.331863	156.368866	58.985210	115.486534	0.000000	0.000000	3.750000	-12.609159	-34.812977
581	-355.169250	-903.064636	-57.415665	-149.342728	0.000000	0.000000	3.750000	237.927780	990.282349
582	124.280045	-440.245483	4.822089	-155.924713	0.000000	0.000000	3.750000	-71.098717	746.977600
583	-116.781921	559.422424	7.728129	135.780182	0.000000	0.000000	3.750000	-20.371672	-727.590698
584	-276.234772	-350.925415	-54.748695	-143.937317	0.000000	0.000000	3.750000	208.434875	947.815979
585	-483.364410	7.192881	-128.792786	-17.672737	0.000000	0.000000	3.750000	505.845581	35.068249
586	403.949585	258.025055	113.566170	85.245041	0.000000	0.000000	3.750000	-456.124451	-365.218719
587	-524.652527	-331.388092	-121.609245	-60.886711	0.000000	0.000000	3.750000	708.945679	356.988892
588	780.269470	340.098663	140.953217	56.886032	0.000000	0.000000	3.750000	-951.474670	-246.888275
589	-227.100708	337.234406	-67.099777	125.145447	0.000000	0.000000	3.750000	292.430328	-450.672058
590	67.691132	-576.957458	53.908546	-120.489120	0.000000	0.000000	3.750000	-170.104538	619.596130
591	583.165894	818.123779	97.395233	116.696342	0.000000	0.000000	3.750000	-541.726257	-834.240601
592	343.932556	1108.071533	55.299934	167.085693	0.000000	0.000000	3.750000	-191.629456	-1176.173218
593	942.478394	-575.932800	134.532990	-66.339088	0.000000	0.000000	3.750000	-1215.920288	573.816162
594	269.992523	-42.960636	120.760529	42.432304	0.000000	0.000000	3.750000	-515.604309	-79.155495
595	-734.083679	-619.254700	-120.933762	-92.079666	0.000000	0.000000	3.750000	999.132202	470.221222
596	-889.233826	-134.169403	-156.509369	-21.646667	0.000000	0.000000	3.750000	1247.424194	7.082477
597	-382.686798	246.872650	-93.951569	77.826813	0.000000	0.000000	3.750000	524.077637	-527.916565
598	421.304596	525.300476	85.950211	97.532089	0.000000	0.000000	3.750000	-516.384155	-713.838318
599	35.317451	-619.377563	-9.781998	-129.630463	0.000000	0.000000	3.750000	-52.230591	687.220520
600	-816.912354	516.911133	-115.562424	82.518616	0.000000	0.000000	3.750000	795.003113	-536.851257
601	380.814270	607.496033	71.084534	127.526299	0.000000	0.000000	3.750000	-400.036926	-639.426636
602	-129.185211	844.793457	-28.920090	136.980316	0.000000	0.000000	3.750000	154.005783	-983.890503
603	-616.085449	-578.440369	-121.871368	-83.969940	0.000000	0.000000	3.750000	421.791748	215.754181
604	163.959381	303.750122	76.363945	117.317474	0.000000	0.000000	3.750000	-48.230354	-124.307915
605	1045.288696	-568.940613	134.395996	-93.987862	0.000000	0.000000	3.750000	-1054.887817	768.521362
606	812.596436	837.377197	131.702332	107.491791	0.000000	0.000000	3.750000	-983.340759	-831.620728
607	-1022.629395	111.634392	-163.541412	12.244505	0.000000	0.000000	3.750000	966.292114	69.330017
608	459.093506	-779.396973	79.292252	-112.945221	0.000000	0.000000	3.750000	-483.181335	930.418640
609	531.359619	-269.414795	139.339722	-36.337444	0.000000	0.000000	3.750000	-941.457520	284.897736
610	279.390869	833.424133	57.313614	134.279968	0.000000	0.000000	3.750000	-426.201019	-835.650940
611	235.222290	789.647095	56.104752	149.840698	0.000000	0.000000	3.750000	-292.818573	-688.783997
612	-398.394470	978.729919	-55.015404	148.112274	0.000000	0.000000	3.750000	333.725769	-1139.848389
613	-49.709564	-762.118774	-6.352857	-137.853668	0.000000	0.000000	3.750000	11.200686	1086.969604
614	579.947266	920.217041	74.006470	137.328064	0.000000	0.000000	3.750000	-468.570343	-1046.692383
615	-221.527145	752.756104	-52.197464	123.415642	0.000000	0.000000	3.750000	344.570465	-754.046814
616	304.737305	-947.347290	58.850807	-127.029572	0.000000	0.000000	3.750000	-384.945099	1159.131836
617	395.136200	-698.306580	63.727989	-113.307388	0.000000	0.000000	3.750000	-360.633484	993.397095
618	794.820312	520.679810	97.565491	88.909897	0.000000	0.000000	3.750000	-806.284546	-684.594482
619	-231.645050	95.486778	-121.425156	40.492043	0.000000	0.000000	3.750000	243.059097	-53.266815
620	30.195427	-376.947662	25.312641	-135.658417	0.000000	0.000000	3.750000	-68.590378	494.351685
621	615.671875	-190.284576	140.738159	-67.292130	0.000000	0.000000	3.750000	-683.494812	470.960541
622	-746.802490	560.079712	-99.481911	101.327667	0.000000	0.000000	3.750000	754.094116	-644.063904
623	713.187012	672.433228	91.633194	95.012405	0.000000	0.000000	3.750000	-781.628113	-790.695679
624	754.005737	286.254089	121.047821	57.474770	0.000000	0.000000	3.750000	-688.673645	-255.652817
625	-108.624298	182.620483	-88.776108	77.734932	0.000000	0.000000	3.750000	365.713776	-257.507355
626	99.775146	811.249329	24.461239	115.436424	0.000000	0.000000	3.750000	-68.313889	-1002.317322
627	-254.166504	937.409302	-19.832750	142.627655	0.000000	0.000000	3.750000	118.069626	-1114.682983
628	764.808105	607.155945	95.431404	96.896072	0.000000	0.000000	3.750000	-767.153137	-765.525513
629	-880.085693	392.948761	-145.878250	55.276394	0.000000	0.000000	3.750000	1050.312378	-300.871521
630	724.959290	-243.750290	132.558868	-30.399687	0.000000	0.000000	3.750000	-983.432739	202.603867
631	-100.839119	215.484634	54.288857	152.386932	0.000000	0.000000	3.750000	-15.270803	-35.970810
632	-192.495850	-547.509644	-37.137814	-141.197510	0.000000	0.000000	3.750000	180.861023	823.124451
633	517.219849	-249.451599	119.335434	-60.950615	0.000000	0.000000	3.750000	-586.267944	364.547058
634	-652.326355	-617.667908	-94.694031	-94.810432	0.000000	0.000000	3.750000	697.493164	806.461670
635	740.489014	220.224915	120.484314	53.919579	0.000000	0.000000	3.750000	-882.654663	-231.563263
636	123.126160	239.433502	27.350258	141.378143	0.000000	0.000000	3.750000	-42.524971	-568.133240
637	-1026.155884	392.901093	-145.319336	66.949837	0.000000	0.000000	3.750000	1007.880249	-415.276886
638	-30.555944	-771.001160	-9.219894	-117.639252	0.000000	0.000000	3.750000	68.414474	992.911682
639	179.511047	-166.806137	123.339996	-81.789612	0.000000	0.000000	3.750000	-353.981567	420.604492
640	323.450439	-1080.665649	63.758942	-142.375137	0.000000	0.000000	3.750000	-370.575500	1207.357666
641	-1056.034912	-423.252747	-144.774307	-52.501091	0.000000	0.000000	3.750000	1147.171265	332.086609
642	923.181885	-166.020630	143.631638	-10.293238	0.000000	0.000000	3.750000	-1168.285522	92.226418
643	-476.770813	788.721985	-72.786278	131.156998	0.000000	0.000000	3.750000	430.583069	-817.422852
644	-250.284622	-258.674591	-81.463783	-108.900955	0.000000	0.000000	3.750000	164.703400	234.557220
645	104.560608	-638.555176	43.320869	-147.780594	0.000000	0.000000	3.750000	-89.123695	493.351715
646	511.103790	-841.726624	78.667793	-118.216209	0.000000	0.000000	3.750000	-427.738281	1068.528687
647	837.868713	-677.899597	118.323341	-98.567635	0.000000	0.000000	3.750000	-860.696289	750.356995
648	-315.567902	120.926819	-123.775696	91.615707	0.000000	0.000000	3.750000	678.851929	-231.745651
649	-15.182682	19.977676	130.417877	38.563408	0.000000	0.000000	3.750000	-161.334015	-24.791155
650	504.939514	-133.436478	151.613129	-10.835804	0.000000	0.000000	3.750000	-593.310669	11.194777
651	-533.732239	-495.121338	-112.531288	-83.279175	0.000000	0.000000	3.750000	195.970276	167.708710
652	-760.944458	-521.477112	-130.392380	-70.012650	0.000000	0.000000	3.750000	964.897400	419.607239
653	883.062927	16.663990	126.836426	17.219408	0.000000	0.000000	3.750000	-1206.929443	-95.698059
654	-441.432739	357.168304	-102.807831	57.918434	0.000000	0.000000	3.750000	482.710114	-256.509705
655	861.041077	-872.040283	106.963547	-107.994400	0.000000	0.000000	3.750000	-652.583984	646.628784
656	251.518097	-1159.553345	38.061867	-159.521118	0.000000	0.000000	3.750000	-93.048874	1403.131348
657	-346.915680	212.616394	-122.783905	89.597015	0.000000	0.000000	3.750000	496.759064	-269.490448
658	46.302727	211.794388	-36.596466	145.459503	0.000000	0.000000	3.750000	9.498449	-231.286652
659	131.102493	497.309723	6.582915	113.809715	0.000000	0.000000	3.750000	-0.409418	-709.953552
660	697.841858	-824.687012	106.757156	-93.631775	0.000000	0.000000	3.750000	-909.107117	821.357849
661	-850.649719	364.311218	-132.423157	78.613495	0.000000	0.000000	3.750000	793.040771	-407.167236
662	-459.515320	894.792725	-73.905243	121.251755	0.000000	0.000000	3.750000	563.870422	-1092.387329
663	886.371399	120.238251	144.197968	22.867962	0.000000	0.000000	3.750000	-972.646240	-148.778107
664	-77.940613	-117.220078	147.749939	-8.479133	0.000000	0.000000	3.750000	-203.213287	55.705238
665	-886.154968	-263.427521	-127.794998	-46.523518	0.000000	0.000000	3.750000	953.127625	350.078094
666	917.076294	-474.160889	139.724884	-59.839432	0.000000	0.000000	3.750000	-841.806213	266.394043
667	245.604279	-959.107544	45.855301	-142.818298	0.000000	0.000000	3.750000	-168.735062	1122.334473
668	19.688704	287.142365	76.674881	104.952789	0.000000	0.000000	3.750000	-63.874889	-84.918625
669	189.434357	618.091980	45.465889	119.648346	0.000000	0.000000	3.750000	-69.183540	-230.051956
670	-511.615295	111.393387	-123.765030	56.375473	0.000000	0.000000	3.750000	403.702972	-139.044617
671	720.372375	677.079895	106.591766	93.816559	0.000000	0.000000	3.750000	-127.117638	-111.617096
672	110.959892	-577.509338	59.952873	-124.295052	0.000000	0.000000	3.750000	-182.107071	671.494690
673	16.968168	-868.936523	-11.783400	-135.488358	0.000000	0.000000	3.750000	5.640865	1036.731079
674	635.272095	949.203003	89.080307	120.683929	0.000000	0.000000	3.750000	-656.568237	-1172.023804
675	612.592224	453.949005	87.352371	63.510330	0.000000	0.000000	3.750000	-1018.015259	-754.262878
676	-902.463318	-847.749756	-110.704491	-112.732056	0.000000	0.000000	3.750000	849.384521	861.424561
677	2.215033	-385.378845	30.087818	-126.469238	0.000000	0.000000	3.750000	-74.895752	814.758911
678	-804.542358	16.107885	-129.800507	-7.198191	0.000000	0.000000	3.750000	920.893127	10.520137
679	635.454712	178.953293	137.033829	55.905891	0.000000	0.000000	3.750000	-893.234924	-179.898849
680	712.186157	579.001465	92.718552	85.318512	0.000000	0.000000	3.750000	-835.088928	-657.222107
681	817.518188	807.883362	112.694832	101.999084	0.000000	0.000000	3.750000	-1031.954956	-733.704834
682	-572.920166	320.608643	-135.545029	64.245895	0.000000	0.000000	3.750000	639.669250	-315.418732
683	-827.971191	563.791260	-117.223434	76.541733	0.000000	0.000000	3.750000	1107.813477	-599.112244
684	-657.073181	362.634277	-122.404526	83.193275	0.000000	0.000000	3.750000	698.185181	-441.600342
685	339.420593	46.419617	126.727722	-18.001114	0.000000	0.000000	3.750000	-530.371948	120.286278
686	-322.137024	95.856750	-123.421402	46.799202	0.000000	0.000000	3.750000	642.009766	-51.269531
687	-462.777557	733.752197	-51.031498	123.902267	0.000000	0.000000	3.750000	322.295624	-890.598694
688	576.308350	515.607300	99.050095	90.249741	0.000000	0.000000	3.750000	-526.717773	-569.231506
689	-836.431641	364.524658	-125.755783	46.275478	0.000000	0.000000	3.750000	1149.844604	-279.896332
690	505.746033	906.291321	74.389145	127.946190	0.000000	0.000000	3.750000	-489.760284	-1003.457092
691	-9.465390	780.680908	1.368225	137.993042	0.000000	0.000000	3.750000	59.001217	-886.928467
692	-824.157227	-747.389160	-99.835022	-95.273071	0.000000	0.000000	3.750000	867.444214	754.925537
693	-741.631592	-710.064697	-98.193672	-108.046288	0.000000	0.000000	3.750000	653.726318	731.939636
694	-57.025089	1020.620911	10.735527	155.630157	0.000000	0.000000	3.750000	-95.472763	-1278.316406
695	495.299652	22.024244	159.985550	2.149040	0.000000	0.000000	3.750000	-629.212708	-20.682940
696	777.861267	298.793030	126.110626	69.512871	0.000000	0.000000	3.750000	-1104.756836	-468.885406
697	-188.909134	-924.118225	-21.220966	-158.586060	0.000000	0.000000	3.750000	49.581043	1044.302246
698	-342.371460	-133.874634	-142.274857	-22.190741	0.000000	0.000000	3.750000	236.918442	66.855019
699	850.908691	181.914688	142.684601	30.934269	0.000000	0.000000	3.750000	-1069.265503	-85.820808
700	-591.652161	199.723633	-105.054855	38.826019	0.000000	0.000000	3.750000	1009.888855	-281.141388
701	-905.858704	-122.061317	-154.978455	-17.823475	0.000000	0.000000	3.750000	1108.441406	110.816338
702	-565.793823	-212.914001	-133.930573	-47.186317	0.000000	0.000000	3.750000	724.658142	209.655777
703	-217.066818	-960.920288	-36.186470	-139.378571	0.000000	0.000000	3.750000	124.729179	1188.644287
704	-764.781494	-157.136536	-153.771820	-50.972801	0.000000	0.000000	3.750000	825.648376	287.269745
705	398.471008	747.872620	54.775795	124.481140	0.000000	0.000000	3.750000	-324.581787	-1007.625305
706	-280.603607	-765.741272	-67.505150	-145.060364	0.000000	0.000000	3.750000	191.446716	380.572357
707	773.522400	-121.374130	144.830231	-46.132267	0.000000	0.000000	3.750000	-721.086426	256.072388
708	-331.121033	744.262573	-58.914627	109.110313	0.000000	0.000000	3.750000	484.195007	-987.904846
709	-96.062111	620.200623	-3.909330	143.946457	0.000000	0.000000	3.750000	97.943085	-700.273132
710	793.224976	-613.117920	121.137993	-81.495911	0.000000	0.000000	3.750000	-934.231934	637.998962
711	-365.555084	518.930481	-66.181282	104.861603	0.000000	0.000000	3.750000	285.700562	-547.502686
712	763.082458	348.255920	118.977737	65.880768	0.000000	0.000000	3.750000	-1189.579834	-563.015625
713	629.704285	-293.198486	104.623108	-45.276886	0.000000	0.000000	3.750000	-926.668335	344.390594
714	-597.965759	753.162537	-82.881699	120.193962	0.000000	0.000000	3.750000	735.347412	-974.082764
715	749.278442	-292.699432	122.840439	-35.975006	0.000000	0.000000	3.750000	-938.179504	210.607758
716	78.239967	875.268921	6.763640	145.842728	0.000000	0.000000	3.750000	76.163818	-1139.374634
717	663.275513	484.371002	128.137299	88.976547	0.000000	0.000000	3.750000	-722.081665	-527.759949
718	-424.800537	-721.157043	-55.663086	-126.275459	0.000000	0.000000	3.750000	173.406555	474.427979
719	555.198242	193.523132	138.910385	29.455183	0.000000	0.000000	3.750000	-578.487366	-42.345798
720	288.124207	-131.349091	142.114075	-59.286430	0.000000	0.000000	3.750000	-244.141403	226.901093
721	95.677521	900.018555	3.624382	135.951004	0.000000	0.000000	3.750000	131.717682	-1048.257446
722	372.975006	-528.945679	94.168564	-103.586174	0.000000	0.000000	3.750000	-261.678192	803.221069
723	-306.116333	961.759888	-43.741089	145.570312	0.000000	0.000000	3.750000	325.555725	-1109.016113
724	-478.379303	773.635986	-82.257980	123.034988	0.000000	0.000000	3.750000	496.828979	-742.086853
725	521.177429	-822.259460	92.852753	-137.601517	0.000000	0.000000	3.750000	-530.473938	1000.318665
726	-773.250610	-849.081116	-95.653793	-110.301117	0.000000	0.000000	3.750000	732.911255	931.550842
727	718.160889	-830.923828	105.539536	-100.883118	0.000000	0.000000	3.750000	-967.518555	874.386047
728	527.559021	938.329285	84.284180	131.271378	0.000000	0.000000	3.750000	-642.301941	-979.239868
729	-214.153229	-1061.300903	-45.168915	-145.132675	0.000000	0.000000	3.750000	165.928040	1385.815186
730	807.046143	-540.750916	122.966805	-95.995071	0.000000	0.000000	3.750000	-735.358521	694.232727
731	-254.112000	-448.690125	-91.101318	-124.155113	0.000000	0.000000	3.750000	89.853821	163.458817
732	-490.759949	-319.028809	-75.977448	-76.754623	0.000000	0.000000	3.750000	374.729126	531.326660
733	-756.500122	239.315094	-125.253876	26.363762	0.000000	0.000000	3.750000	715.511719	17.193203
734	109.540405	794.280334	-34.418259	158.301514	0.000000	0.000000	3.750000	210.045792	-866.536865
735	-627.276001	-1017.906006	-92.563309	-123.077133	0.000000	0.000000	3.750000	481.606171	807.668274
736	-250.479767	259.580383	-101.088669	78.518021	0.000000	0.000000	3.750000	547.622314	-414.662933
737	865.009338	734.032837	106.034897	97.429855	0.000000	0.000000	3.750000	-963.962036	-769.733582
738	949.005371	-334.248474	140.998581	-37.886406	0.000000	0.000000	3.750000	-1088.882935	230.752243
739	726.606934	-479.759399	103.044067	-68.977676	0.000000	0.000000	3.750000	-830.885010	533.204590
740	-517.665955	178.637131	-142.032043	59.477638	0.000000	0.000000	3.750000	263.206451	-13.322820
741	-193.962723	-441.939331	-66.472290	-125.479195	0.000000	0.000000	3.750000	173.604645	459.503174
742	366.579010	-438.614807	124.653305	-100.303864	0.000000	0.000000	3.750000	-576.263916	698.654480
743	-335.330566	-248.056824	-119.197189	-69.540985	0.000000	0.000000	3.750000	499.116913	321.747955
744	-374.947021	214.578690	-104.686646	118.341339	0.000000	0.000000	3.750000	496.897003	-514.980835
745	-116.191376	-898.532410	-31.606655	-152.764282	0.000000	0.000000	3.750000	131.039185	1004.055115
746	1002.978760	550.350708	131.862946	90.620094	0.000000	0.000000	3.750000	-1225.462646	-582.511230
747	10.750198	-848.424133	-3.373235	-165.965729	0.000000	0.000000	3.750000	16.583006	965.440063
748	-1017.820435	107.644569	-158.129456	24.391098	0.000000	0.000000	3.750000	1164.944824	-49.397526
749	691.872192	-154.651825	150.216949	-23.210766	0.000000	0.000000	3.750000	-660.318176	159.982788
750	-133.841431	747.419678	-30.769260	138.626282	0.000000	0.000000	3.750000	177.004517	-854.889526
751	70.893852	286.534760	-5.574940	145.888092	0.000000	0.000000	3.750000	-4.699730	-298.300964
752	191.496582	-163.748810	135.477219	-25.659698	0.000000	0.000000	3.750000	-69.065041	115.590340
753	556.961670	35.987740	124.261314	38.181732	0.000000	0.000000	3.750000	-438.422333	7.382786
754	650.279358	172.091461	128.666687	18.570721	0.000000	0.000000	3.750000	-865.713928	-90.803589
755	552.781494	-863.045471	86.908447	-122.256989	0.000000	0.000000	3.750000	-530.937622	1016.356995
756	-523.131042	-617.453186	-105.734863	-97.754280	0.000000	0.000000	3.750000	453.049347	564.961365
757	-147.724548	579.472046	-38.086800	140.944641	0.000000	0.000000	3.750000	187.866882	-692.734558
758	253.916031	514.347839	38.764824	130.357712	0.000000	0.000000	3.750000	-233.300217	-546.376709
759	-564.758057	648.993835	-74.503326	111.378510	0.000000	0.000000	3.750000	326.521515	-606.730042
760	-63.186520	388.317688	-12.392878	135.429626	0.000000	0.000000	3.750000	-124.217522	-646.966736
761	-915.935425	-140.691055	-146.623398	-20.139000	0.000000	0.000000	3.750000	1010.062439	138.362701
762	-89.753349	118.925232	-98.213745	113.267242	0.000000	0.000000	3.750000	168.466476	-52.469566
763	347.113190	-135.160248	147.969971	2.932548	0.000000	0.000000	3.750000	-463.896393	35.643326
764	-715.049866	-400.168579	-129.427917	-41.766045	0.000000	0.000000	3.750000	886.093506	303.577576
765	1057.352783	-19.170525	155.867065	6.438665	0.000000	0.000000	3.750000	-1246.127441	-49.218689
766	-396.971985	-175.822449	-136.700882	-30.211800	0.000000	0.000000	3.750000	629.278320	207.554962
767	-667.479614	604.987183	-86.531128	110.056007	0.000000	0.000000	3.750000	597.269836	-646.037842
768	611.439148	486.963440	84.712914	73.264091	0.000000	0.000000	3.750000	-567.728088	-366.968323
769	-138.693375	534.634155	-44.657238	141.100098	0.000000	0.000000	3.750000	367.916656	-669.768677
770	-83.438011	-718.239319	-27.343590	-133.222656	0.000000	0.000000	3.750000	119.342010	982.454651
771	672.546326	107.089005	119.831635	31.880436	0.000000	0.000000	3.750000	-842.642822	-158.490768
772	-20.738533	-419.087891	-61.074776	-107.914612	0.000000	0.000000	3.750000	225.026596	581.413879
773	-148.701630	846.976501	-23.631824	135.961487	0.000000	0.000000	3.750000	147.329697	-1109.621704
774	-843.340942	130.739685	-127.969879	46.039375	0.000000	0.000000	3.750000	988.236572	-232.683655
775	856.509949	8.100652	129.476135	25.688810	0.000000	0.000000	3.750000	-858.915222	-220.011002
776	-322.042297	863.429688	-65.695465	141.492340	0.000000	0.000000	3.750000	416.083099	-1038.106323
777	-900.347717	407.568115	-118.609940	66.540070	0.000000	0.000000	3.750000	1117.404175	-428.428680
778	-51.254807	134.240448	-58.196587	144.700287	0.000000	0.000000	3.750000	100.395287	-120.386436
779	-545.767822	-8.765604	-150.169281	42.231346	0.000000	0.000000	3.750000	756.025757	3.972704
780	890.107178	-570.593750	124.084702	-64.830444	0.000000	0.000000	3.750000	-1063.832153	565.952637
781	-742.770508	-370.786987	-111.591110	-58.509659	0.000000	0.000000	3.750000	926.259338	383.676239
782	243.782928	-375.283905	92.745911	-93.924316	0.000000	0.000000	3.750000	-409.081360	650.295959
783	-765.055359	230.732605	-138.670471	51.715477	0.000000	0.000000	3.750000	783.070251	-256.269318
784	-550.222534	-13.101008	-125.001053	15.819613	0.000000	0.000000	3.750000	815.929138	91.555954
785	-69.451828	104.155258	-57.120277	116.773842	0.000000	0.000000	3.750000	234.506882	-309.131073
786	503.858582	-425.460999	121.216568	-84.914299	0.000000	0.000000	3.750000	-593.039490	503.890808
787	-402.334137	-730.832275	-82.608109	-115.497803	0.000000	0.000000	3.750000	412.727631	795.662476
788	399.212097	341.158386	103.493332	105.794586	0.000000	0.000000	3.750000	-553.978394	-412.827606
789	-814.703979	468.657593	-125.682907	74.294968	0.000000	0.000000	3.750000	964.142700	-444.839813
790	-465.569031	837.108398	-54.760277	131.016159	0.000000	0.000000	3.750000	346.354706	-1164.995605
791	-491.394073	158.162811	-128.193878	69.870041	0.000000	0.000000	3.750000	878.914429	-264.399963
792	750.037048	-456.391846	129.240204	-58.829746	0.000000	0.000000	3.750000	-829.304993	326.322296
793	-29.780220	-357.738098	-75.226227	-93.480179	0.000000	0.000000	3.750000	171.586823	132.020935
794	820.402588	259.876770	128.105774	45.656754	0.000000	0.000000	3.750000	-1200.025513	-121.156113
795	598.632751	685.475891	85.000671	90.282227	0.000000	0.000000	3.750000	-795.051575	-916.352295
796	680.558594	865.780396	90.195038	112.253029	0.000000	0.000000	3.750000	-631.937988	-1101.872192
797	-519.730591	133.118103	-125.466774	41.002232	0.000000	0.000000	3.750000	700.262756	-13.953225
798	-409.420532	-354.251923	-102.927719	-76.091286	0.000000	0.000000	3.750000	506.027069	375.318024
799	-598.560669	-57.280628	-153.927307	-4.720602	0.000000	0.000000	3.750000	827.095154	106.568810
800	784.399780	317.389099	149.029419	63.513634	0.000000	0.000000	3.750000	-1073.212402	-272.473053
801	-777.463440	227.956497	-139.976120	48.067566	0.000000	0.000000	3.750000	920.448120	-179.713226
802	-992.846985	-331.385590	-142.019882	-41.644760	0.000000	0.000000	3.750000	1207.494751	234.635773
803	568.255371	364.054504	119.903412	68.315659	0.000000	0.000000	3.750000	-627.041504	-257.345978
804	-921.886475	695.472717	-124.187042	91.068604	0.000000	0.000000	3.750000	1205.732300	-684.624329
805	-238.577362	-458.213684	-70.432693	-120.992157	0.000000	0.000000	3.750000	240.395325	511.789368
806	830.702454	441.718109	146.252151	82.669281	0.000000	0.000000	3.750000	-874.737427	-410.958221
807	874.582031	399.041595	133.427155	76.897232	0.000000	0.000000	3.750000	-1016.882263	-518.891968
808	-877.331177	-432.882599	-132.293411	-56.871895	0.000000	0.000000	3.750000	1121.427979	384.168976
809	-640.899658	814.858215	-96.969711	106.455940	0.000000	0.000000	3.750000	736.754150	-860.012146
810	745.299133	914.589844	103.182487	114.321167	0.000000	0.000000	3.750000	-774.005920	-1033.869507
811	564.829468	539.142700	97.557190	88.906433	0.000000	0.000000	3.750000	-112.562737	-113.331696
812	720.337585	-610.667664	99.054428	-77.873047	0.000000	0.000000	3.750000	-1005.467041	712.963989
813	-334.674988	-585.470886	-44.055195	-166.260590	0.000000	0.000000	3.750000	130.167633	902.623657
814	-79.428665	340.972534	-27.685287	139.274994	0.000000	0.000000	3.750000	108.333313	-407.290253
815	446.759552	-390.954590	114.947006	-56.313244	0.000000	0.000000	3.750000	-650.804504	334.661469
816	-158.201904	870.103333	-51.181648	134.597290	0.000000	0.000000	3.750000	335.770996	-975.700989
817	842.635010	-379.192505	126.169601	-38.797318	0.000000	0.000000	3.750000	-884.737488	254.173965
818	-750.658142	478.493073	-115.475357	122.022285	0.000000	0.000000	3.750000	636.704407	-687.277771
819	869.845581	-586.630432	130.385452	-61.119286	0.000000	0.000000	3.750000	-1101.906006	391.468719
820	210.472137	-380.061188	97.524445	-100.405182	0.000000	0.000000	3.750000	-17.571264	204.986877
821	122.177734	-207.860260	115.927780	-71.065170	0.000000	0.000000	3.750000	-187.742508	284.498138
822	-778.338257	-95.361664	-129.830246	-6.641160	0.000000	0.000000	3.750000	851.614746	29.940456
823	-590.603333	-622.004944	-71.618149	-96.285042	0.000000	0.000000	3.750000	468.393524	781.917908
824	590.649048	-469.839722	112.829010	-92.658325	0.000000	0.000000	3.750000	-591.038452	562.404602
825	-849.480103	489.114349	-129.725800	62.507576	0.000000	0.000000	3.750000	1147.111694	-473.987640
826	-371.521667	801.178101	-57.527046	114.344223	0.000000	0.000000	3.750000	375.575073	-944.110107
827	14.121176	-503.916504	38.394859	-128.381546	0.000000	0.000000	3.750000	-143.819489	512.157959
828	-754.537720	-886.414368	-100.085098	-109.027367	0.000000	0.000000	3.750000	785.258240	935.471863
829	-65.442650	-16.189274	134.066376	40.216801	0.000000	0.000000	3.750000	-29.909678	-22.459667
830	404.927277	-348.185486	122.249191	-96.902054	0.000000	0.000000	3.750000	-340.070068	430.350616
831	656.285950	-893.888916	95.307922	-118.406891	0.000000	0.000000	3.750000	-674.045593	1212.756348
832	-585.711304	625.706421	-76.071045	117.528580	0.000000	0.000000	3.750000	258.863373	-553.813904
833	-373.431244	86.177795	-136.137634	22.575199	0.000000	0.000000	3.750000	288.465332	9.805691
834	282.366302	-285.208801	92.042679	-91.796539	0.000000	0.000000	3.750000	-78.552658	206.385468
835	623.241089	-474.269897	98.680710	-90.653473	0.000000	0.000000	3.750000	-651.491028	716.809753
836	556.666870	-436.786194	119.094254	-65.669586	0.000000	0.000000	3.750000	-645.837952	429.262329
837	365.156311	590.735718	65.183762	112.476898	0.000000	0.000000	3.750000	-477.056244	-727.543274
838	630.763000	701.468262	88.977028	105.484978	0.000000	0.000000	3.750000	-1002.169800	-1299.324219
839	772.006348	124.750023	128.614304	29.703825	0.000000	0.000000	3.750000	-1086.066650	-147.338226
840	-608.842102	814.563477	-78.225204	116.106842	0.000000	0.000000	3.750000	636.570129	-1085.653320
841	-253.497620	-148.604568	-115.829086	-31.362652	0.000000	0.000000	3.750000	497.002716	147.497803
842	724.912903	611.127686	97.289093	89.212280	0.000000	0.000000	3.750000	-849.712402	-796.721436
843	262.310638	814.423462	57.036758	123.461304	0.000000	0.000000	3.750000	-336.529755	-1101.753662
844	795.199280	-373.129517	116.615128	-61.845871	0.000000	0.000000	3.750000	-914.445374	502.691315
845	30.845943	313.907440	-4.502770	153.875000	0.000000	0.000000	3.750000	-10.905157	-56.383186
846	256.587006	-332.616791	103.494781	-97.210281	0.000000	0.000000	3.750000	-230.860916	534.542175
847	167.921082	857.476440	40.874428	131.807220	0.000000	0.000000	3.750000	-44.403595	-169.709549
848	-590.254028	-816.005981	-62.038162	-118.773544	0.000000	0.000000	3.750000	358.519073	1065.700684
849	-129.874329	719.557434	-31.486378	140.515472	0.000000	0.000000	3.750000	201.828018	-792.141479
850	-404.980225	-594.718018	-47.053078	-127.597565	0.000000	0.000000	3.750000	64.776283	679.269348
851	-875.183411	-693.427002	-116.151917	-101.117218	0.000000	0.000000	3.750000	498.192261	487.520538
852	-44.437794	506.191833	23.608681	119.693901	0.000000	0.000000	3.750000	-314.018951	-1413.495239
853	925.618103	-182.637436	140.734436	-30.492315	0.000000	0.000000	3.750000	-1216.659546	174.364761
854	321.871033	809.612488	57.211861	127.776382	0.000000	0.000000	3.750000	-433.116119	-965.997620
855	757.701050	618.596558	109.183289	81.086014	0.000000	0.000000	3.750000	-1100.314087	-618.875305
856	918.396851	-356.656036	133.112885	-59.974373	0.000000	0.000000	3.750000	-897.514954	329.294617
857	-431.695435	565.988708	-57.522156	107.588089	0.000000	0.000000	3.750000	424.970459	-835.665588
858	-398.917358	-746.902710	-65.138809	-100.780991	0.000000	0.000000	3.750000	381.627014	938.563171
859	466.396179	-809.544983	81.881142	-103.534485	0.000000	0.000000	3.750000	-534.717041	888.308167
860	-365.928467	-508.360931	-107.543762	-118.466576	0.000000	0.000000	3.750000	472.476990	539.663574
861	381.943237	956.626343	56.502106	136.789490	0.000000	0.000000	3.750000	-290.360474	-1136.017578
862	288.281677	-384.037537	105.995895	-106.133713	0.000000	0.000000	3.750000	-349.248810	544.107117
863	583.231201	689.307922	83.587242	96.939011	0.000000	0.000000	3.750000	-604.408813	-745.053711
864	-294.084900	-598.582825	-100.245300	-124.703094	0.000000	0.000000	3.750000	441.198975	587.181335
865	543.065491	483.207520	110.899338	85.432434	0.000000	0.000000	3.750000	-152.608078	-193.896057
866	67.357193	754.230713	-3.871200	135.944885	0.000000	0.000000	3.750000	30.227715	-971.929932
867	628.405823	-906.728882	93.361847	-114.836761	0.000000	0.000000	3.750000	-838.367554	1335.364136
868	521.510864	899.143433	75.676208	147.746689	0.000000	0.000000	3.750000	-567.875549	-997.183472
869	-229.393372	-418.086456	-69.514908	-141.873734	0.000000	0.000000	3.750000	36.374172	370.308685
870	512.538147	-167.572693	138.592255	-30.917770	0.000000	0.000000	3.750000	-662.384155	61.297775
871	-584.469910	482.880096	-112.975235	95.605804	0.000000	0.000000	3.750000	482.144135	-430.035156
872	292.023102	155.349640	111.910049	30.530758	0.000000	0.000000	3.750000	-443.474731	-133.081726
873	-35.883595	842.429138	15.722589	139.114227	0.000000	0.000000	3.750000	-50.633686	-1116.709351
874	192.952942	-228.136444	80.624886	-104.489639	0.000000	0.000000	3.750000	-60.554520	492.176178
875	-911.479126	933.944519	-120.976921	116.570068	0.000000	0.000000	3.750000	902.762756	-873.325195
876	312.269104	512.915710	86.825821	119.855217	0.000000	0.000000	3.750000	-454.523224	-652.548462
877	915.926514	-365.141174	149.078033	-52.342453	0.000000	0.000000	3.750000	-1014.539917	318.085327
878	-923.642334	559.111633	-126.577393	76.694611	0.000000	0.000000	3.750000	1083.674316	-491.221802
879	-456.987000	-266.107208	-130.021759	-66.410324	0.000000	0.000000	3.750000	638.107422	305.598236
880	-728.277466	-752.800903	-96.721962	-92.740753	0.000000	0.000000	3.750000	876.484863	737.806580
881	-867.535522	-23.298988	-131.367386	12.903448	0.000000	0.000000	3.750000	891.459534	21.512285
882	748.731689	750.615723	93.001022	96.471817	0.000000	0.000000	3.750000	-600.331848	-638.938843
883	27.439724	354.884705	75.418602	125.006393	0.000000	0.000000	3.750000	-134.692169	-388.831238
884	520.729187	-807.444702	75.490486	-105.835251	0.000000	0.000000	3.750000	-520.178162	1038.627075
885	-873.681824	192.426056	-126.991852	36.013573	0.000000	0.000000	3.750000	686.258972	-107.518776
886	-159.496170	-522.381897	-21.201805	-122.173798	0.000000	0.000000	3.750000	88.661415	711.852478
887	-230.836090	-631.497437	-62.867702	-122.848083	0.000000	0.000000	3.750000	350.968414	685.154907
888	672.218811	768.851746	97.999557	116.189835	0.000000	0.000000	3.750000	-532.059753	-682.201294
889	-662.185974	-122.122200	-126.417625	-20.064480	0.000000	0.000000	3.750000	719.208008	113.278175
890	-423.124695	-600.207275	-78.430000	-101.156418	0.000000	0.000000	3.750000	408.134491	701.714539
891	-328.242065	870.474243	-38.804024	142.822250	0.000000	0.000000	3.750000	216.667587	-1134.128052
892	785.900818	-442.685852	118.237946	-58.683807	0.000000	0.000000	3.750000	-994.760986	502.001160
893	-258.016724	-939.016235	-49.710304	-124.438019	0.000000	0.000000	3.750000	267.481750	995.886353
894	-1027.755371	138.041046	-159.358093	29.135450	0.000000	0.000000	3.750000	1043.425781	-86.084778
895	-350.393585	-983.626526	-41.410881	-158.685425	0.000000	0.000000	3.750000	196.926086	1089.372437
896	418.704163	-70.772682	147.979980	-2.365428	0.000000	0.000000	3.750000	-497.846313	75.338722
897	325.974121	2.773580	106.967239	83.987122	0.000000	0.000000	3.750000	-406.744629	-259.726013
898	-65.933731	-624.416443	-17.286415	-167.107971	0.000000	0.000000	3.750000	20.743441	737.376953
899	-509.777649	-356.349670	-116.023605	-88.625549	0.000000	0.000000	3.750000	640.766418	437.062683
900	-430.029114	-609.915894	-105.043884	-95.549850	0.000000	0.000000	3.750000	616.870728	540.075439
901	958.139954	481.750214	144.674011	68.330956	0.000000	0.000000	3.750000	-1531.873901	-399.163177
902	94.357475	-579.523499	29.339756	-132.797043	0.000000	0.000000	3.750000	-95.047562	714.202209
903	917.941162	-221.387222	146.464935	-40.644318	0.000000	0.000000	3.750000	-1004.898315	201.683731
904	-590.977173	-878.697632	-84.043304	-119.384399	0.000000	0.000000	3.750000	510.541809	956.768616
905	743.481750	-259.183990	148.922668	-17.944977	0.000000	0.000000	3.750000	-867.757874	134.410843
906	-371.846039	-660.182678	-87.992462	-111.450844	0.000000	0.000000	3.750000	603.538208	867.869934
907	-154.818573	-735.323303	-49.230888	-150.130753	0.000000	0.000000	3.750000	66.970085	867.991333
908	-109.246574	378.221313	-9.330629	129.658722	0.000000	0.000000	3.750000	57.453793	-248.886017
909	-576.678711	85.595581	-143.056030	16.448215	0.000000	0.000000	3.750000	856.922363	60.300858
910	-603.113708	175.267944	-133.287445	68.799133	0.000000	0.000000	3.750000	504.971100	-121.933594
911	286.190582	890.716919	44.294121	149.579285	0.000000	0.000000	3.750000	-206.020325	-998.342163
912	-725.407166	-434.798187	-118.829254	-70.168358	0.000000	0.000000	3.750000	875.073914	472.493866
913	211.243622	47.034840	75.280746	118.022728	0.000000	0.000000	3.750000	-49.197735	13.231859
914	-97.866631	500.608063	-2.414598	129.977539	0.000000	0.000000	3.750000	1.129127	-451.541046
915	734.491272	569.592346	123.398735	78.030411	0.000000	0.000000	3.750000	-775.000122	-439.104279
916	-811.423462	487.652435	-108.298752	85.529564	0.000000	0.000000	3.750000	980.613892	-598.179260
917	-310.745544	196.485474	-48.251369	148.347672	0.000000	0.000000	3.750000	86.569229	-183.434280
918	-611.750122	-274.517059	-119.537949	-39.833107	0.000000	0.000000	3.750000	823.720032	264.849609
919	-897.306458	-292.477753	-128.332428	-45.019497	0.000000	0.000000	3.750000	1150.145996	307.180847
920	-191.587433	673.180664	-20.918234	128.305878	0.000000	0.000000	3.750000	78.906525	-714.863892
921	522.304077	461.132996	119.205269	87.712173	0.000000	0.000000	3.750000	-239.409866	-202.242798
922	-807.549805	-642.272034	-123.185638	-82.026596	0.000000	0.000000	3.750000	499.716827	194.589203
923	931.773254	84.454941	157.666260	10.263727	0.000000	0.000000	3.750000	-1060.786621	-29.790508
924	655.546570	-645.908936	100.636620	-91.478256	0.000000	0.000000	3.750000	-863.104309	769.649719
925	-726.189697	-623.772522	-113.533813	-81.914818	0.000000	0.000000	3.750000	993.947693	592.264771
926	443.459229	442.859161	114.051971	87.908279	0.000000	0.000000	3.750000	-497.675110	-532.278198
927	-621.454102	536.444092	-88.097794	84.396179	0.000000	0.000000	3.750000	1368.853149	-984.119263
928	879.679504	292.545654	129.372086	48.026443	0.000000	0.000000	3.750000	-1117.558838	-157.443192
929	-48.506554	-193.763992	-115.536652	-92.401100	0.000000	0.000000	3.750000	82.166664	159.950348
930	-83.067169	-316.784943	-16.212460	-112.839714	0.000000	0.000000	3.750000	12.469254	396.709839
931	-619.172546	57.924576	-134.120422	22.525944	0.000000	0.000000	3.750000	772.530518	-2.565470
932	-652.103333	482.961945	-127.564728	62.379627	0.000000	0.000000	3.750000	872.796082	-370.074738
933	-686.324768	-441.033813	-124.403351	-76.418625	0.000000	0.000000	3.750000	631.590271	362.722900
934	-830.914917	-555.773010	-111.513687	-77.850464	0.000000	0.000000	3.750000	936.333008	624.105835
935	166.724258	-1.901436	142.824951	-18.328442	0.000000	0.000000	3.750000	-420.824249	147.456772
936	-931.424072	-152.933456	-137.762146	-24.931614	0.000000	0.000000	3.750000	1213.309570	187.558151
937	-474.702881	-697.593018	-66.892517	-99.625931	0.000000	0.000000	3.750000	440.503540	941.343933
938	195.857376	-824.055542	36.284752	-137.284912	0.000000	0.000000	3.750000	-98.993858	1030.177979
939	136.630478	-45.835827	139.567612	-10.619417	0.000000	0.000000	3.750000	-194.249390	125.045952
940	-506.360291	286.609924	-131.581940	80.011276	0.000000	0.000000	3.750000	538.022034	-423.003998
941	293.534424	-883.495178	46.209778	-125.780029	0.000000	0.000000	3.750000	-319.150421	1190.780029
942	-228.363586	651.582581	-65.074425	119.420761	0.000000	0.000000	3.750000	392.420166	-717.705261
943	745.697388	-441.033997	121.601601	-65.246033	0.000000	0.000000	3.750000	-639.261414	352.740173
944	-57.704163	-436.254852	-17.816013	-142.888412	0.000000	0.000000	3.750000	-46.153744	577.350952
945	370.020325	741.905090	62.720917	111.579956	0.000000	0.000000	3.750000	-452.365204	-820.776245
946	253.211853	898.278320	46.563488	140.483978	0.000000	0.000000	3.750000	-213.714050	-1014.688171
947	-161.865616	645.238831	0.637718	139.998291	0.000000	0.000000	3.750000	63.636440	-872.797119
948	144.843781	328.761383	78.569969	115.873398	0.000000	0.000000	3.750000	-291.862671	-534.535583
949	-817.966919	227.939484	-140.273392	58.543671	0.000000	0.000000	3.750000	959.497009	-354.157867
950	740.521423	319.654510	116.786621	80.776779	0.000000	0.000000	3.750000	-785.473450	-537.713623
951	-699.033875	682.437439	-99.129990	101.672226	0.000000	0.000000	3.750000	814.488098	-798.544373
952	-687.303406	-279.679321	-116.357048	-53.338837	0.000000	0.000000	3.750000	803.038452	343.236176
953	732.805115	308.978851	110.805290	67.986458	0.000000	0.000000	3.750000	-970.211304	-497.038239
954	-98.244904	-122.975441	-111.875381	-5.280536	0.000000	0.000000	3.750000	84.587723	9.448978
955	-421.742798	516.110779	-101.115578	93.912811	0.000000	0.000000	3.750000	572.401611	-576.372986
956	-784.441101	854.540405	-103.669479	124.485443	0.000000	0.000000	3.750000	854.714355	-1111.183472
957	403.082062	-118.397339	135.278931	-13.973970	0.000000	0.000000	3.750000	-506.479584	128.849915
958	391.275085	84.701210	114.691231	61.203671	0.000000	0.000000	3.750000	-391.660614	-229.430878
959	411.000916	-574.240967	83.248154	-89.182846	0.000000	0.000000	3.750000	-378.560822	562.280090
960	860.571838	38.037628	133.770157	7.844588	0.000000	0.000000	3.750000	-1062.727783	-21.308441
961	-632.683167	44.897446	-130.910522	36.852921	0.000000	0.000000	3.750000	834.377197	-62.751110
962	-289.565186	317.689697	-15.638863	153.203369	0.000000	0.000000	3.750000	7.287473	-321.322632
963	-284.977631	-745.042053	-27.286537	-133.234100	0.000000	0.000000	3.750000	89.528320	1022.692383
964	-330.632111	-4.083617	-130.823547	28.986351	0.000000	0.000000	3.750000	507.510132	-10.724641
965	376.549438	-695.648926	81.133682	-96.401062	0.000000	0.000000	3.750000	-434.435425	710.299683
966	-240.259354	740.727966	-58.554817	109.303589	0.000000	0.000000	3.750000	338.449005	-789.103027
967	-877.677124	-242.312607	-130.712708	-18.389868	0.000000	0.000000	3.750000	1051.455200	175.962753
968	-507.534851	946.781372	-70.188713	132.565018	0.000000	0.000000	3.750000	471.796936	-1133.050781
969	-687.166870	281.506500	-116.412788	81.314468	0.000000	0.000000	3.750000	775.969177	-598.215881
970	-25.947453	-275.056641	-62.067677	-134.220444	0.000000	0.000000	3.750000	-105.155708	461.836304
971	-379.976501	327.318604	-71.337219	131.911652	0.000000	0.000000	3.750000	192.498154	-99.351463
972	-261.601501	-774.498840	-55.085701	-143.809891	0.000000	0.000000	3.750000	218.852585	899.300232
973	-724.990723	-806.676697	-104.860306	-98.692879	0.000000	0.000000	3.750000	935.666870	758.458374
974	511.105103	631.138367	84.705109	98.615601	0.000000	0.000000	3.750000	-551.604187	-715.589050
975	-276.034637	500.041992	-76.412216	110.078033	0.000000	0.000000	3.750000	424.442169	-601.189941
976	-181.676788	74.859657	-144.335739	-21.979107	0.000000	0.000000	3.750000	338.737854	39.932663
977	-293.739929	744.253113	-49.944351	126.497276	0.000000	0.000000	3.750000	335.340088	-833.142029
978	-677.098572	373.742828	-109.633423	83.812347	0.000000	0.000000	3.750000	750.522339	-595.126831
979	945.549194	5.693420	145.904633	-5.274482	0.000000	0.000000	3.750000	-1082.914551	84.285950
980	-543.118652	466.657684	-92.213654	113.192886	0.000000	0.000000	3.750000	506.059814	-653.837097
981	439.340912	232.919693	123.094055	62.379505	0.000000	0.000000	3.750000	-310.534607	-102.010994
982	282.209045	641.517334	78.047195	128.096115	0.000000	0.000000	3.750000	-426.668793	-633.472107
983	-712.898071	671.404114	-102.066826	83.703857	0.000000	0.000000	3.750000	973.886475	-669.487793
984	381.054169	-705.659668	86.638596	-117.512817	0.000000	0.000000	3.750000	-374.585938	834.541382
985	152.625259	-743.715881	44.454483	-143.260010	0.000000	0.000000	3.750000	-92.632210	812.039856
986	395.274780	-1036.045044	55.026596	-148.108170	0.000000	0.000000	3.750000	-338.941925	1124.944458
987	331.622711	-773.849792	64.324341	-98.926064	0.000000	0.000000	3.750000	-467.544556	836.830017
988	-491.923035	614.132141	-69.210281	98.030273	0.000000	0.000000	3.750000	481.881317	-676.960022
989	-545.372192	-743.506531	-74.472549	-101.635345	0.000000	0.000000	3.750000	516.974670	1029.523682
990	506.647308	58.116722	127.766823	-7.712573	0.000000	0.000000	3.750000	-467.634674	-4.396317
991	488.923950	-727.874146	91.882332	-113.461693	0.000000	0.000000	3.750000	-674.655579	1029.023926
992	901.493408	-736.980225	131.428253	-98.094910	0.000000	0.000000	3.750000	-1015.047913	723.390991
993	-887.237122	-780.476196	-119.804680	-93.545700	0.000000	0.000000	3.750000	1107.377930	715.664673
994	705.395386	868.676147	96.358315	109.686180	0.000000	0.000000	3.750000	-902.304504	-1181.429321
995	143.314941	-675.039124	47.315315	-133.885025	0.000000	0.000000	3.750000	-185.666779	757.563538
996	395.940857	-477.630341	84.404488	-90.838669	0.000000	0.000000	3.750000	-255.744568	368.412659
997	427.719360	-304.763794	114.798950	-51.934578	0.000000	0.000000	3.750000	-776.605896	355.088196
998	-825.277405	523.376587	-108.433540	75.273300	0.000000	0.000000	3.750000	1057.377686	-512.785583
999	-569.137329	361.544037	-112.093819	90.390701	0.000000	0.000000	3.750000	468.038818	-288.024323
