node	a_force.x	a_force.y	g_force.x	g_force.y	r_force.x	r_force.y	global_speed	move_node.x	move_node.y
0	-245.122192	-1185.492798	-34.560135	-216.247360	0.000000	0.000000	7.125000	85.698677	1169.031006
1	-853.466431	-901.002319	-147.595139	-127.431198	0.000000	0.000000	7.125000	261.037506	290.990051
2	876.272644	248.026154	171.694855	28.157116	0.000000	0.000000	7.125000	-367.202576	-6.626651
3	630.439819	835.892212	91.334312	155.106110	0.000000	0.000000	7.125000	-160.478714	-253.974442
4	824.779419	-390.499451	174.709381	-72.090218	0.000000	0.000000	7.125000	-376.818909	142.204346
5	-1063.831543	-332.481079	-159.379074	-69.804794	0.000000	0.000000	7.125000	372.833466	90.298393
6	-1229.961792	1028.734741	-172.012115	145.032288	0.000000	0.000000	7.125000	656.901428	-475.259613
7	-427.425903	-1122.563721	-85.426033	-171.929993	0.000000	0.000000	7.125000	188.178024	448.150421
8	270.686127	252.756256	185.009354	69.552231	0.000000	0.000000	7.125000	-242.528900	-1.354409
9	-1232.848145	90.974945	-182.990814	1.588936	0.000000	0.000000	7.125000	434.328094	8.876932
10	797.856506	1240.924805	123.895767	158.270615	0.000000	0.000000	7.125000	-294.066467	-388.387909
11	-96.217873	-97.556000	-157.385559	-80.982719	0.000000	0.000000	7.125000	105.046349	55.165516
12	-589.550415	536.544800	-146.325363	142.132980	0.000000	0.000000	7.125000	236.505508	-203.784576
13	548.381226	-540.601562	152.577789	-116.550140	0.000000	0.000000	7.125000	-317.075836	266.863739
14	867.054504	-997.829346	113.768784	-162.050201	0.000000	0.000000	7.125000	-257.817291	346.804932
15	-1392.403687	-842.144897	-199.384094	-133.540115	0.000000	0.000000	7.125000	466.081207	227.417709
16	-888.834534	-764.279785	-162.234314	-128.560303	0.000000	0.000000	7.125000	267.431824	191.772354
17	-206.924744	-1315.758301	-28.706207	-192.862457	0.000000	0.000000	7.125000	9.631875	834.962036
18	965.719177	-1089.533203	116.191528	-164.005341	0.000000	0.000000	7.125000	-284.342316	489.113464
19	1093.807739	636.453247	194.337738	107.272179	0.000000	0.000000	7.125000	-380.504456	-179.008835
20	-244.503723	1028.813232	-32.927052	170.855225	0.000000	0.000000	7.125000	17.942411	-274.374786
21	1322.608398	92.377762	191.973022	3.095048	0.000000	0.000000	7.125000	-337.658325	4.903112
22	907.322998	-434.174194	143.677567	-127.359245	0.000000	0.000000	7.125000	-267.844696	312.466766
23	294.282898	-259.237549	101.379181	-137.704987	0.000000	0.000000	7.125000	-200.343185	213.658554
24	1061.254150	493.696869	192.546783	83.814743	0.000000	0.000000	7.125000	-262.096283	-99.170975
25	1143.559814	614.379089	183.116394	96.498970	0.000000	0.000000	7.125000	-397.788452	-140.696457
26	444.125122	-758.592651	85.493462	-198.307953	0.000000	0.000000	7.125000	-193.674774	310.850983
27	-747.583862	1139.409912	-122.031960	152.083282	0.000000	0.000000	7.125000	265.642273	-412.124268
28	1174.682861	1218.865356	151.903488	153.561157	0.000000	0.000000	7.125000	-367.720612	-351.544647
29	-806.052979	941.378357	-187.391235	135.064560	0.000000	0.000000	7.125000	367.054535	-251.185379
30	-1264.058105	-530.653992	-174.561432	-72.425552	0.000000	0.000000	7.125000	493.663879	148.546158
31	1114.353638	-420.663513	141.954590	-95.330002	0.000000	0.000000	7.125000	-486.579193	228.830795
32	119.661865	-221.593597	54.070904	-168.521042	0.000000	0.000000	7.125000	-222.853256	464.673004
33	-619.284851	-500.185425	-161.913162	-91.525391	0.000000	0.000000	7.125000	379.658508	151.858109
34	-211.993500	-1176.796631	-32.179867	-186.239410	0.000000	0.000000	7.125000	-17.782700	374.293823
35	-1019.759644	589.561646	-131.176163	89.817162	0.000000	0.000000	7.125000	361.347015	-165.397446
36	1057.767334	-1112.242920	128.330505	-150.782181	0.000000	0.000000	7.125000	-253.107574	383.952606
37	-360.577393	639.711609	-112.943771	128.392410	0.000000	0.000000	7.125000	159.702576	-181.110367
38	-536.299927	1349.121704	-80.805611	184.031067	0.000000	0.000000	7.125000	145.958725	-423.568146
39	-1435.713379	-1009.942871	-179.132217	-136.121567	0.000000	0.000000	7.125000	628.672791	366.387665
40	118.215515	1144.822266	64.772369	202.910400	0.000000	0.000000	7.125000	-159.474182	-620.096069
41	919.163452	-726.450500	147.560791	-140.860901	0.000000	0.000000	7.125000	-311.133698	268.120117
42	-801.605774	969.544250	-114.813828	138.607407	0.000000	0.000000	7.125000	175.271744	-320.401459
43	-627.530945	-812.954041	-88.660370	-113.469040	0.000000	0.000000	7.125000	152.204315	250.643280
44	1123.283691	-393.863312	180.269897	-66.078011	0.000000	0.000000	7.125000	-416.823273	149.086014
45	752.571899	1222.127441	113.415512	187.332397	0.000000	0.000000	7.125000	-214.215271	-472.598541
46	492.368958	813.315308	133.531677	146.190323	0.000000	0.000000	7.125000	-278.052673	-209.661026
47	-1069.804810	-805.732788	-165.460968	-129.316010	0.000000	0.000000	7.125000	354.178772	259.401794
48	-1287.207764	-239.790039	-200.405304	-51.799782	0.000000	0.000000	7.125000	681.102966	154.068298
49	145.932953	-274.858124	157.796829	-164.444611	0.000000	0.000000	7.125000	-121.019928	107.738808
50	-251.356506	179.205170	-168.099319	120.173882	0.000000	0.000000	7.125000	189.576828	-36.267605
51	-589.531067	-222.426727	-139.016541	-109.558815	0.000000	0.000000	7.125000	214.645615	233.735184
52	377.327850	612.879700	138.635773	228.154755	0.000000	0.000000	7.125000	-122.978149	-217.572235
53	1160.696289	796.285950	150.899445	108.710518	0.000000	0.000000	7.125000	-427.586212	-214.171432
54	164.352798	-1295.915527	39.418293	-184.843704	0.000000	0.000000	7.125000	-93.234436	453.681458
55	1358.606567	-552.715210	182.920685	-103.115517	0.000000	0.000000	7.125000	-536.101196	229.405945
56	1033.138794	907.609802	160.954590	130.163376	0.000000	0.000000	7.125000	-325.516785	-240.640656
57	-209.910675	1176.756348	-24.208776	175.328674	0.000000	0.000000	7.125000	40.694260	-485.939209
58	655.158386	327.980530	199.745392	53.646164	0.000000	0.000000	7.125000	-225.890259	0.554543
59	-1174.763550	293.240662	-184.024567	42.994251	0.000000	0.000000	7.125000	475.212585	-51.095131
60	984.585205	750.809265	148.483185	90.658539	0.000000	0.000000	7.125000	-435.248383	-156.345093
61	248.256729	226.252533	59.147285	201.472122	0.000000	0.000000	7.125000	-42.421658	-109.101303
62	-329.829590	466.545044	-55.337170	168.104782	0.000000	0.000000	7.125000	47.406986	-249.338333
63	841.336243	26.767281	181.959763	-19.440201	0.000000	0.000000	7.125000	-701.261414	149.345078
64	-1412.048096	-355.845398	-215.728973	-63.883179	0.000000	0.000000	7.125000	734.327087	161.960968
65	1201.511963	-109.641640	200.942719	-35.184296	0.000000	0.000000	7.125000	-443.181671	103.635429
66	927.281006	-585.304565	137.848969	-96.013855	0.000000	0.000000	7.125000	-239.107971	164.894928
67	865.553223	33.633629	224.898712	5.765176	0.000000	0.000000	7.125000	-362.648468	28.562780
68	1000.260925	776.172241	163.890289	126.446060	0.000000	0.000000	7.125000	-449.395599	-203.235275
69	-264.258514	-148.942383	-142.886154	-82.408340	0.000000	0.000000	7.125000	192.977264	151.106033
70	898.797546	-572.813538	190.462708	-108.042252	0.000000	0.000000	7.125000	-182.973831	138.222214
71	199.145691	196.732147	152.013794	112.305557	0.000000	0.000000	7.125000	-234.667099	-132.599091
72	-861.552002	-1299.070068	-140.903473	-167.650803	0.000000	0.000000	7.125000	1792.287354	2250.615723
73	338.371277	1203.351929	47.751469	204.497284	0.000000	0.000000	7.125000	-99.595627	-468.506775
74	539.066895	313.172241	148.251495	96.593857	0.000000	0.000000	7.125000	-178.049133	-71.691483
75	-258.088867	235.705673	4.184237	197.929413	0.000000	0.000000	7.125000	31.758486	-169.690262
76	-216.627350	-1235.688354	-46.978760	-189.254456	0.000000	0.000000	7.125000	76.870064	416.494354
77	-996.461304	1089.386475	-150.069656	155.351959	0.000000	0.000000	7.125000	296.848663	-337.792755
78	388.510742	1239.598511	67.150764	176.664764	0.000000	0.000000	7.125000	-131.840530	-453.447052
79	-516.686279	721.543823	-115.297020	118.030312	0.000000	0.000000	7.125000	219.927719	-222.838211
80	-543.467773	-841.735962	-118.910706	-198.042160	0.000000	0.000000	7.125000	282.934601	417.086456
81	-1085.430420	-555.739075	-180.059631	-113.689880	0.000000	0.000000	7.125000	458.667816	150.298477
82	-78.811218	1351.418457	-49.686848	210.199158	0.000000	0.000000	7.125000	36.116940	-381.464508
83	579.984009	-683.148193	123.283997	-122.788322	0.000000	0.000000	7.125000	-321.889069	311.780334
84	225.381256	-998.403870	68.966728	-166.263382	0.000000	0.000000	7.125000	-157.317810	382.828583
85	669.774475	-533.575073	174.563171	-99.589722	0.000000	0.000000	7.125000	-362.660797	142.254684
86	92.294083	-607.950378	9.223885	-191.772385	0.000000	0.000000	7.125000	-45.280746	451.681976
87	-1266.299683	281.943237	-180.681122	55.382301	0.000000	0.000000	7.125000	342.306274	-71.287384
88	-315.415985	189.683914	-144.506042	139.536804	0.000000	0.000000	7.125000	159.938110	-69.894287
89	176.001740	-1173.327148	17.336027	-188.203247	0.000000	0.000000	7.125000	-56.396893	280.414886
90	-723.874573	-1493.581909	-116.730560	-188.824158	0.000000	0.000000	7.125000	238.331940	471.079376
91	365.582947	347.389069	172.734604	102.468170	0.000000	0.000000	7.125000	-439.867584	-61.946728
92	-996.048706	601.687195	-141.561539	106.221252	0.000000	0.000000	7.125000	500.596802	-273.685120
93	-240.266754	744.776184	-49.899689	172.944946	0.000000	0.000000	7.125000	86.705246	-315.575409
94	780.129028	615.338867	148.702759	111.729530	0.000000	0.000000	7.125000	-311.268280	-213.817032
95	-66.768967	-969.381470	-14.288699	-176.403290	0.000000	0.000000	7.125000	-16.273895	461.818909
96	1396.247559	199.200684	217.189056	45.820816	0.000000	0.000000	7.125000	-607.532837	-28.137529
97	-486.803253	-544.040222	-128.128540	-184.934250	0.000000	0.000000	7.125000	189.880722	309.194061
98	10.526917	-1063.278931	-3.166469	-185.965668	0.000000	0.000000	7.125000	-50.672829	396.662415
99	97.881195	-833.091797	33.855309	-167.612213	0.000000	0.000000	7.125000	-87.156494	355.984833
100	-518.693237	-725.211121	-132.474014	-178.140823	0.000000	0.000000	7.125000	227.759659	331.498871
101	156.758087	991.738403	24.762928	193.420258	0.000000	0.000000	7.125000	-44.415257	-315.930359
102	101.226585	74.633766	158.931839	135.491211	0.000000	0.000000	7.125000	-166.313812	20.489170
103	-158.396606	1305.189209	-13.566588	215.547394	0.000000	0.000000	7.125000	-8.887673	-656.612183
104	-878.993774	-1336.435303	-115.060204	-172.056259	0.000000	0.000000	7.125000	251.525070	515.194824
105	-1204.861694	-246.347534	-177.703796	-43.652649	0.000000	0.000000	7.125000	403.594666	31.427969
106	-1212.232422	581.572754	-184.247025	63.825821	0.000000	0.000000	7.125000	477.647156	-94.489807
107	1103.784424	-768.936584	138.602539	-110.082687	0.000000	0.000000	7.125000	-441.771179	226.576538
108	-110.294968	-382.891235	-18.904066	-206.068146	0.000000	0.000000	7.125000	-42.911423	200.917450
109	888.895752	-569.689270	147.809830	-79.824417	0.000000	0.000000	7.125000	-798.562012	359.401550
110	-971.199219	-292.826050	-176.200134	-68.344238	0.000000	0.000000	7.125000	313.000305	79.946899
111	-197.233521	-1267.871094	-36.278553	-194.644043	0.000000	0.000000	7.125000	115.942451	404.050415
112	1285.407227	725.484131	175.755600	114.888031	0.000000	0.000000	7.125000	-495.783173	-212.711136
113	-123.511757	128.650269	-139.067154	-88.640015	0.000000	0.000000	7.125000	108.485123	120.581985
114	1189.884888	1143.684692	146.176636	150.771286	0.000000	0.000000	7.125000	-310.068817	-330.581329
115	156.956772	-848.635864	68.734428	-201.535217	0.000000	0.000000	7.125000	-162.151230	345.585785
116	-759.259521	-995.581665	-115.229805	-149.809570	0.000000	0.000000	7.125000	200.581390	346.402374
117	-968.031616	544.931030	-160.031815	88.454514	0.000000	0.000000	7.125000	832.726562	-273.351868
118	940.188477	-121.153320	216.033112	35.270809	0.000000	0.000000	7.125000	-240.368256	-19.485332
119	803.651245	858.281189	102.926254	165.615417	0.000000	0.000000	7.125000	-234.712570	-346.984161
120	67.674026	538.606018	34.067005	182.840256	0.000000	0.000000	7.125000	-95.677727	-323.081482
121	-705.904358	495.851929	-175.398911	52.164211	0.000000	0.000000	7.125000	541.394226	-96.465645
122	-261.058228	-763.683105	-71.066856	-203.967163	0.000000	0.000000	7.125000	66.466721	392.095978
123	556.123901	1175.774658	107.023163	187.621414	0.000000	0.000000	7.125000	-201.715027	-383.339935
124	181.734985	300.400482	121.469406	140.562881	0.000000	0.000000	7.125000	-213.796021	-98.911423
125	-817.228394	552.579834	-175.780045	97.415398	0.000000	0.000000	7.125000	352.170746	-48.340584
126	1337.022217	216.477051	210.432831	32.804420	0.000000	0.000000	7.125000	-584.400696	-7.419443
127	625.118286	889.766907	98.247368	154.387817	0.000000	0.000000	7.125000	-307.642365	-514.287292
128	-203.437103	-1025.290405	-65.141350	-190.144562	0.000000	0.000000	7.125000	100.177673	433.172729
129	-407.069458	-580.086426	-131.929886	-131.111816	0.000000	0.000000	7.125000	183.765366	186.382233
130	-938.521484	949.828491	-128.330780	138.748123	0.000000	0.000000	7.125000	318.378296	-386.206238
131	474.649628	-611.999939	112.340454	-212.077148	0.000000	0.000000	7.125000	-231.327744	293.399323
132	-1162.209229	389.442505	-173.755127	57.401047	0.000000	0.000000	7.125000	535.629089	-116.365700
133	-1060.802734	649.246887	-174.153961	80.821701	0.000000	0.000000	7.125000	406.299622	-162.948334
134	-541.855469	697.758972	-125.295700	120.731659	0.000000	0.000000	7.125000	257.682373	-298.413086
135	257.140869	694.327576	26.714884	205.246399	0.000000	0.000000	7.125000	-51.920338	-491.077423
136	147.504791	833.273254	10.804717	182.671265	0.000000	0.000000	7.125000	6.296041	-271.279022
137	-365.653503	957.318359	-80.413399	180.934174	0.000000	0.000000	7.125000	197.222488	-423.234436
138	985.582336	-1118.291992	133.529877	-146.197571	0.000000	0.000000	7.125000	-382.559631	398.131378
139	904.711853	21.747934	188.974762	-2.302076	0.000000	0.000000	7.125000	-375.527374	37.094360
140	428.431244	1307.635620	60.986633	197.812103	0.000000	0.000000	7.125000	-129.114731	-416.448761
141	-526.124207	306.242767	-157.207642	39.012321	0.000000	0.000000	7.125000	300.156250	-20.744946
142	-111.813065	1157.014404	5.278907	185.924896	0.000000	0.000000	7.125000	-19.429485	-433.195129
143	-69.082253	1183.102051	-10.594107	209.718826	0.000000	0.000000	7.125000	-82.732246	-280.483368
144	-902.309937	731.803406	-141.530762	106.281364	0.000000	0.000000	7.125000	339.426788	-190.003326
145	-643.358765	-610.568970	-126.133240	-128.410599	0.000000	0.000000	7.125000	275.423645	252.780991
146	602.194763	952.686340	112.600143	162.854477	0.000000	0.000000	7.125000	-191.691467	-256.522034
147	187.073975	854.144348	31.979540	189.312881	0.000000	0.000000	7.125000	-51.158356	-218.331421
148	47.625610	414.490753	-39.240501	190.964401	0.000000	0.000000	7.125000	39.051590	-202.754150
149	-237.575989	284.457397	-55.396286	168.068542	0.000000	0.000000	7.125000	31.235399	-193.235306
150	-100.520348	1186.867065	-31.439167	168.083557	0.000000	0.000000	7.125000	47.095135	-526.280823
151	-239.157852	1021.732727	-36.705139	173.148132	0.000000	0.000000	7.125000	60.660667	-425.117188
152	602.692505	753.573425	137.678558	146.443054	0.000000	0.000000	7.125000	-259.321777	-241.380966
153	899.360291	448.791504	208.980286	83.268097	0.000000	0.000000	7.125000	-347.166565	-80.739891
154	697.711975	205.147491	171.718979	63.040649	0.000000	0.000000	7.125000	-260.688721	-37.722187
155	-874.805908	-126.666595	-173.345459	-48.483242	0.000000	0.000000	7.125000	423.717072	119.672432
156	177.277786	-454.642670	50.025387	-194.672104	0.000000	0.000000	7.125000	-48.204781	281.169403
157	1005.706360	-818.950256	126.207359	-115.378616	0.000000	0.000000	7.125000	-365.427368	288.601990
158	-581.536621	-119.080093	-178.760986	-39.059570	0.000000	0.000000	7.125000	267.927460	119.902695
159	1291.481567	-403.406219	202.823212	-54.428627	0.000000	0.000000	7.125000	-508.490082	143.249420
160	-697.821533	-716.586792	-102.397858	-144.360184	0.000000	0.000000	7.125000	149.359863	265.693207
161	400.838745	1533.353149	47.312946	235.288391	0.000000	0.000000	7.125000	-61.897427	-501.656647
162	1073.848877	-848.761719	145.502502	-105.948730	0.000000	0.000000	7.125000	-388.931366	231.298859
163	679.093445	-95.395721	195.617950	-30.599192	0.000000	0.000000	7.125000	-278.874481	46.447586
164	602.906738	-756.892395	108.654205	-147.251709	0.000000	0.000000	7.125000	-238.241455	325.438873
165	-1067.884766	-870.609924	-143.891861	-136.000122	0.000000	0.000000	7.125000	774.175537	828.318726
166	-1057.940308	32.849155	-190.531265	23.697712	0.000000	0.000000	7.125000	631.331909	-39.980263
167	-1152.336426	960.774292	-161.828186	133.814651	0.000000	0.000000	7.125000	559.955933	-300.656799
168	-687.391235	1229.616577	-95.826035	183.477112	0.000000	0.000000	7.125000	207.707840	-485.502777
169	-28.294344	-1313.151367	-6.312263	-212.903915	0.000000	0.000000	7.125000	4.832049	575.261414
170	118.310043	376.175903	50.736984	188.107315	0.000000	0.000000	7.125000	-126.625999	-157.718292
171	-6.544677	-1318.079468	-23.404190	-193.575226	0.000000	0.000000	7.125000	15.674379	469.789856
172	995.588318	-65.691353	151.097092	-24.040623	0.000000	0.000000	7.125000	-411.774628	53.744373
173	-888.275574	-698.283142	-164.672150	-109.878098	0.000000	0.000000	7.125000	277.944244	129.557419
174	659.512878	-935.576172	104.343285	-115.966339	0.000000	0.000000	7.125000	-439.412994	446.056854
175	394.164215	-993.243835	68.941200	-201.534363	0.000000	0.000000	7.125000	-141.054855	436.177124
176	-778.933899	-810.701050	-143.386963	-157.508759	0.000000	0.000000	7.125000	179.859680	235.474823
177	-1218.113403	-761.258057	-184.086029	-124.021950	0.000000	0.000000	7.125000	298.831512	127.829834
178	-442.314911	854.268799	-76.270142	176.196777	0.000000	0.000000	7.125000	164.478226	-366.846832
179	522.760437	-1082.237915	94.635262	-184.098038	0.000000	0.000000	7.125000	-165.625214	394.634979
180	1135.907959	698.191345	144.373550	97.078621	0.000000	0.000000	7.125000	-458.565979	-195.745468
181	-649.372742	-1182.383545	-109.412506	-189.689819	0.000000	0.000000	7.125000	247.059952	498.039948
182	-174.742386	-335.776978	-114.640945	-142.598358	0.000000	0.000000	7.125000	109.765701	205.595383
183	1142.509277	444.171112	181.330811	63.099434	0.000000	0.000000	7.125000	-458.862427	-109.943703
184	-548.015930	13.899244	-190.892181	-52.023048	0.000000	0.000000	7.125000	317.023071	166.034164
185	430.142029	815.048706	101.905121	155.599808	0.000000	0.000000	7.125000	-309.822144	-390.273834
186	-869.951355	-906.398438	-155.578796	-127.264252	0.000000	0.000000	7.125000	327.038910	220.384995
187	1098.313721	-1418.549561	149.318756	-180.166351	0.000000	0.000000	7.125000	-405.804962	510.585327
188	341.100220	-1287.119141	29.147293	-192.806366	0.000000	0.000000	7.125000	-58.961929	468.623535
189	-525.116394	-107.770691	-176.188614	-36.724236	0.000000	0.000000	7.125000	259.604248	102.493210
190	-934.064209	913.594177	-129.347168	125.176201	0.000000	0.000000	7.125000	334.210999	-331.436432
191	272.767517	-636.772339	90.616112	-152.044434	0.000000	0.000000	7.125000	-115.340652	251.849533
192	-752.109314	384.264954	-123.091888	68.748947	0.000000	0.000000	7.125000	302.096710	-120.169907
193	115.456833	-217.043243	182.930450	-82.719955	0.000000	0.000000	7.125000	-147.006332	117.161987
194	76.579277	-852.386719	57.049965	-226.938690	0.000000	0.000000	7.125000	-118.547272	310.726715
195	299.282501	68.050667	174.285385	93.470154	0.000000	0.000000	7.125000	-356.484161	-61.158833
196	-838.929993	679.849792	-115.896576	108.850830	0.000000	0.000000	7.125000	257.499969	-290.825134
197	528.154907	-249.569733	197.935425	-1.940384	0.000000	0.000000	7.125000	-227.792145	47.788048
198	-916.679260	416.055084	-177.513580	87.652206	0.000000	0.000000	7.125000	421.287567	-107.004860
199	-949.956970	27.088203	-197.831940	6.886693	0.000000	0.000000	7.125000	211.461227	48.479904
200	-856.081299	773.490234	-141.057053	130.253403	0.000000	0.000000	7.125000	370.215973	-371.798828
201	-302.957642	-862.636292	-77.587234	-155.742172	0.000000	0.000000	7.125000	162.653564	320.193909
202	-1167.265991	-651.961670	-163.961517	-93.976883	0.000000	0.000000	7.125000	511.820831	211.138992
203	-840.397522	386.474304	-179.628235	58.739853	0.000000	0.000000	7.125000	461.247284	-77.838631
204	-673.043335	123.765274	-166.614899	-21.273674	0.000000	0.000000	7.125000	315.966187	93.327667
205	-1094.824707	-390.433319	-167.508392	-65.877197	0.000000	0.000000	7.125000	418.743378	143.567993
206	-661.632202	378.672546	-115.099976	138.389938	0.000000	0.000000	7.125000	136.054565	-158.703857
207	651.977112	42.163391	171.872513	-26.380215	0.000000	0.000000	7.125000	-159.811447	19.861439
208	-202.409241	-762.182617	-75.192307	-166.837219	0.000000	0.000000	7.125000	144.882858	309.010223
209	984.620117	889.979187	124.207779	117.528534	0.000000	0.000000	7.125000	-349.957336	-298.780914
210	173.378632	210.613724	-24.009094	226.494110	0.000000	0.000000	7.125000	11.315971	-29.645296
211	103.754677	393.863220	-25.861439	181.137222	0.000000	0.000000	7.125000	34.781090	-175.991333
212	-474.405273	-1206.036621	-57.190910	-208.270081	0.000000	0.000000	7.125000	62.862343	469.997070
213	-1171.358643	310.143982	-181.688324	62.070557	0.000000	0.000000	7.125000	279.025452	-33.948574
214	804.877502	-425.631592	158.079468	-114.157043	0.000000	0.000000	7.125000	-450.932892	274.256470
215	-916.592896	1169.185059	-153.070557	168.977051	0.000000	0.000000	7.125000	457.463165	-552.446716
216	-1200.601929	-35.786297	-212.424072	-14.931919	0.000000	0.000000	7.125000	397.942932	110.030510
217	-997.325073	-788.657898	-148.219055	-102.096588	0.000000	0.000000	7.125000	446.410187	215.887848
218	449.147339	-618.621887	107.426254	-133.043030	0.000000	0.000000	7.125000	-215.617203	282.042816
219	405.656189	1032.867310	87.014076	136.641678	0.000000	0.000000	7.125000	-211.209274	-384.813324
220	559.081543	946.755615	101.489502	159.438889	0.000000	0.000000	7.125000	-214.521439	-332.405640
221	-729.321350	-1155.637939	-103.881912	-185.934341	0.000000	0.000000	7.125000	155.225571	365.154663
222	121.898209	1232.799927	1.740290	182.987823	0.000000	0.000000	7.125000	-37.885025	-488.761963
223	148.776810	1031.824463	33.573589	189.034988	0.000000	0.000000	7.125000	-50.390068	-504.364288
224	-944.220947	172.680328	-185.505936	13.487932	0.000000	0.000000	7.125000	359.802917	-5.464994
225	1057.053833	440.109955	193.969009	87.969910	0.000000	0.000000	7.125000	-900.070496	-243.745804
226	-992.324463	-407.687073	-155.569214	-70.980850	0.000000	0.000000	7.125000	424.265900	162.902725
227	-578.795166	24.536772	-163.402527	-22.722889	0.000000	0.000000	7.125000	261.663727	71.631714
228	-345.085541	-209.759125	-50.921432	-172.617477	0.000000	0.000000	7.125000	-0.986683	211.665497
229	-1118.826172	-422.922058	-160.314819	-94.255119	0.000000	0.000000	7.125000	465.003113	178.268539
230	531.583008	-663.340759	103.083740	-169.041733	0.000000	0.000000	7.125000	-196.555115	282.084076
231	-769.686951	679.277039	-131.525879	113.912201	0.000000	0.000000	7.125000	284.789490	-390.134552
232	619.233643	-529.149658	107.741592	-140.427460	0.000000	0.000000	7.125000	-175.366333	207.193085
233	1039.968872	21.798754	154.786972	-19.390459	0.000000	0.000000	7.125000	-365.501068	52.491314
234	-105.990097	1041.547974	-37.953377	188.201492	0.000000	0.000000	7.125000	42.885445	-340.072388
235	-351.251465	-966.321655	-66.516602	-183.302399	0.000000	0.000000	7.125000	158.432556	399.930634
236	305.059601	454.280060	124.684937	141.939392	0.000000	0.000000	7.125000	-146.554916	-109.458572
237	-567.482971	-925.503723	-95.691025	-145.324097	0.000000	0.000000	7.125000	247.198532	473.065613
238	116.347298	853.622559	37.668488	194.382690	0.000000	0.000000	7.125000	-104.643517	-470.317566
239	1162.097046	411.827606	160.755493	66.570999	0.000000	0.000000	7.125000	-461.414062	-143.095490
240	-307.232208	1051.969971	-87.874763	177.431168	0.000000	0.000000	7.125000	183.029022	-346.164124
241	-334.563263	82.939163	-141.692612	-84.538055	0.000000	0.000000	7.125000	270.811615	180.489365
242	-1181.493408	332.063049	-193.970123	52.507751	0.000000	0.000000	7.125000	560.125732	-79.954697
243	1302.159058	325.360291	230.875031	37.816433	0.000000	0.000000	7.125000	-636.332947	-12.007738
244	1063.215942	966.366333	127.002426	127.555344	0.000000	0.000000	7.125000	-330.387482	-323.858124
245	690.514343	338.589111	165.311935	63.114826	0.000000	0.000000	7.125000	-313.218933	-72.204865
246	-730.097717	1148.977173	-92.828705	168.058136	0.000000	0.000000	7.125000	169.057465	-407.155365
247	-61.730770	1282.871460	-22.973625	193.632233	0.000000	0.000000	7.125000	34.323769	-455.480591
248	-772.857849	-268.149048	-181.734528	-39.597729	0.000000	0.000000	7.125000	382.449738	92.684166
249	-326.191528	483.368134	-139.393539	161.012375	0.000000	0.000000	7.125000	171.112518	-154.961960
250	-1001.493042	902.723572	-158.104111	147.170242	0.000000	0.000000	7.125000	384.863007	-349.528778
251	704.031250	779.220215	130.174759	149.168655	0.000000	0.000000	7.125000	-296.814667	-266.809662
252	-140.883820	-1075.313599	-25.616905	-156.918457	0.000000	0.000000	7.125000	44.339691	392.898407
253	1062.480591	1028.686768	123.809959	138.800262	0.000000	0.000000	7.125000	-291.859680	-392.019806
254	864.542847	1115.342041	115.531326	149.567017	0.000000	0.000000	7.125000	-275.046692	-481.528137
255	168.068512	-740.361023	90.725677	-151.979324	0.000000	0.000000	7.125000	-197.893402	337.757172
256	502.929138	-1189.589478	85.439499	-165.211044	0.000000	0.000000	7.125000	-206.410324	492.610901
257	173.315826	1046.156616	54.373089	196.617477	0.000000	0.000000	7.125000	-130.351883	-533.592957
258	491.772156	-52.188004	176.708267	-7.265671	0.000000	0.000000	7.125000	-236.517960	38.375896
259	-55.934059	110.976234	-89.335052	156.260834	0.000000	0.000000	7.125000	74.423248	-90.037987
260	119.685204	-592.723572	-21.656765	-205.854568	0.000000	0.000000	7.125000	27.729729	321.369537
261	-701.545410	301.222900	-139.235901	127.805817	0.000000	0.000000	7.125000	271.591095	-279.575684
262	-774.057617	627.687012	-156.521423	121.257149	0.000000	0.000000	7.125000	287.101501	-222.280624
263	412.255188	-398.020935	148.298065	-102.016663	0.000000	0.000000	7.125000	-157.335648	103.578629
264	-943.071411	-1269.352783	-142.449722	-170.270096	0.000000	0.000000	7.125000	337.565643	407.201172
265	1278.736816	-381.097290	188.706390	-59.948887	0.000000	0.000000	7.125000	-439.854553	127.682487
266	1234.812500	617.022217	189.629028	131.821762	0.000000	0.000000	7.125000	-510.947205	-269.749146
267	-874.143066	-783.462158	-173.776566	-112.421837	0.000000	0.000000	7.125000	398.643219	177.461044
268	572.226074	-1098.542603	103.579407	-154.490417	0.000000	0.000000	7.125000	-211.888580	332.358734
269	-786.031372	326.885742	-173.582458	74.739067	0.000000	0.000000	7.125000	369.882141	-102.910736
270	-1019.998230	1101.799194	-143.823196	131.680878	0.000000	0.000000	7.125000	377.387939	-340.759064
271	775.718628	720.809814	143.866364	127.147430	0.000000	0.000000	7.125000	-313.306305	-252.811035
272	1293.294800	-336.640198	181.695999	-39.770939	0.000000	0.000000	7.125000	-456.004608	79.133530
273	353.641052	475.915222	104.356674	135.463211	0.000000	0.000000	7.125000	-167.206726	-177.423248
274	955.713501	-1185.625610	123.517120	-158.544250	0.000000	0.000000	7.125000	-270.836060	428.937988
275	-349.982178	-630.126953	-143.451782	-98.444756	0.000000	0.000000	7.125000	190.904556	90.812057
276	-491.906891	252.360535	-192.011063	48.242516	0.000000	0.000000	7.125000	407.864685	-48.091843
277	-1181.626709	-114.198326	-191.960388	-3.680468	0.000000	0.000000	7.125000	490.677429	47.310829
278	-470.554932	544.923950	-132.885834	134.396164	0.000000	0.000000	7.125000	286.878571	-294.208038
279	1024.123047	-191.169159	181.881714	-38.923466	0.000000	0.000000	7.125000	-438.619720	99.784996
280	822.378540	1010.485352	126.796387	152.074554	0.000000	0.000000	7.125000	-314.183105	-373.935822
281	633.256104	355.847961	155.256180	91.061325	0.000000	0.000000	7.125000	-278.375458	-162.594971
282	502.550812	1239.784668	58.656326	207.882599	0.000000	0.000000	7.125000	-93.382721	-471.497955
283	1167.036743	-340.027771	209.486572	-52.627808	0.000000	0.000000	7.125000	-534.453796	172.447617
284	-1175.139160	-792.297241	-161.817169	-103.302170	0.000000	0.000000	7.125000	473.064850	209.608841
285	-1263.829224	-1142.567871	-155.823425	-145.216904	0.000000	0.000000	7.125000	414.663910	371.736389
286	-953.467468	723.302246	-153.445816	120.329391	0.000000	0.000000	7.125000	291.375488	-195.793213
287	620.185547	-975.988220	116.013863	-152.984009	0.000000	0.000000	7.125000	-304.032654	353.360413
288	-1080.960571	-275.689575	-203.186111	-63.880009	0.000000	0.000000	7.125000	367.007965	139.723938
289	656.659302	-1117.430908	94.801842	-170.386932	0.000000	0.000000	7.125000	-118.847946	217.134186
290	-137.552460	-1336.503906	-25.522358	-205.392365	0.000000	0.000000	7.125000	-1.389392	458.841644
291	-288.055298	713.452759	-69.980614	169.090729	0.000000	0.000000	7.125000	125.977226	-357.592285
292	65.615303	-288.027710	141.804779	-57.246227	0.000000	0.000000	7.125000	-158.956924	97.668053
293	-761.045227	972.657471	-121.756332	152.316574	0.000000	0.000000	7.125000	313.506348	-317.031403
294	-547.591797	-1357.949463	-121.672050	-167.463089	0.000000	0.000000	7.125000	256.125000	410.102814
295	-428.350708	1052.796875	-69.662125	165.965225	0.000000	0.000000	7.125000	129.421432	-464.957123
296	1084.129639	-1006.039917	137.632446	-138.137802	0.000000	0.000000	7.125000	-162.080368	287.306061
297	554.705688	81.877892	179.798355	66.455887	0.000000	0.000000	7.125000	-267.948334	-60.261066
298	1359.526367	7.737145	195.219559	32.990734	0.000000	0.000000	7.125000	-416.143463	-25.991482
299	949.491150	867.296204	116.294754	125.362511	0.000000	0.000000	7.125000	-294.622131	-354.884125
300	781.899841	1375.507690	107.268730	190.910797	0.000000	0.000000	7.125000	-203.737167	-461.564087
301	-1300.965576	998.997559	-167.042374	136.937210	0.000000	0.000000	7.125000	268.654297	-190.655334
302	802.459839	873.134521	126.864738	155.902054	0.000000	0.000000	7.125000	-246.724426	-289.606903
303	950.697876	914.215698	129.376129	116.349609	0.000000	0.000000	7.125000	-348.120972	-240.509323
304	-670.657349	651.605713	-144.180405	131.289581	0.000000	0.000000	7.125000	277.583160	-253.935638
305	-1338.058960	250.506134	-202.024277	67.483841	0.000000	0.000000	7.125000	414.233704	-109.790703
306	882.721558	-399.132996	195.154541	-48.090046	0.000000	0.000000	7.125000	-300.606140	3.933956
307	-486.269257	-428.155975	-170.257050	-173.371048	0.000000	0.000000	7.125000	244.261627	240.879440
308	989.743042	76.118912	185.548370	35.865196	0.000000	0.000000	7.125000	-319.431793	-31.795736
309	-699.011963	-1182.085571	-109.951691	-175.378525	0.000000	0.000000	7.125000	187.600632	327.214600
310	456.619812	-52.023151	169.731750	19.381218	0.000000	0.000000	7.125000	-705.759521	108.452278
311	-1101.922974	528.266235	-183.339966	45.867924	0.000000	0.000000	7.125000	439.171600	-80.376572
312	246.212616	861.734863	73.451645	218.982880	0.000000	0.000000	7.125000	-194.459732	-361.915894
313	-961.214111	61.387138	-201.967300	28.500555	0.000000	0.000000	7.125000	308.973663	1.302042
314	-243.077652	-994.875793	-79.712395	-168.048111	0.000000	0.000000	7.125000	153.311020	391.792999
315	169.615738	-1016.358765	17.363762	-155.026398	0.000000	0.000000	7.125000	-69.729279	430.258636
316	-1130.480469	86.408386	-189.446426	31.076836	0.000000	0.000000	7.125000	447.320129	-8.338093
317	1398.783569	785.526367	176.824707	129.176239	0.000000	0.000000	7.125000	-562.768555	-288.882294
318	-354.924988	1294.432495	-42.999107	202.480499	0.000000	0.000000	7.125000	54.624783	-443.941956
319	772.494751	306.304535	157.636383	57.786945	0.000000	0.000000	7.125000	-678.668945	-67.196991
320	551.243896	709.280151	94.666794	135.133759	0.000000	0.000000	7.125000	-159.786331	-176.096832
321	-461.636475	-238.738998	-215.914459	-2.346344	0.000000	0.000000	7.125000	533.560791	119.931313
322	-467.407928	360.313873	-140.356827	92.309418	0.000000	0.000000	7.125000	169.585022	-77.269646
323	776.874023	-840.304443	128.509918	-121.708611	0.000000	0.000000	7.125000	-295.549622	259.238739
324	-573.365112	-1011.725220	-95.229347	-145.627396	0.000000	0.000000	7.125000	141.546402	269.115143
325	-755.558044	926.418579	-103.481789	161.726044	0.000000	0.000000	7.125000	202.191193	-379.536346
326	348.847351	-532.183228	114.870575	-146.278107	0.000000	0.000000	7.125000	-161.061081	180.687500
327	112.299446	-939.181274	15.047176	-218.472855	0.000000	0.000000	7.125000	-13.845162	475.135681
328	-1174.312256	158.497620	-187.750015	79.770584	0.000000	0.000000	7.125000	427.040741	-129.354843
329	737.728027	-459.492432	176.827972	-74.766296	0.000000	0.000000	7.125000	-242.374390	89.623413
330	1037.021729	-444.373383	174.351746	-99.964661	0.000000	0.000000	7.125000	-428.245789	217.573853
331	3.868326	1232.515869	-10.958417	212.710327	0.000000	0.000000	7.125000	-15.681557	-460.265991
332	1059.263916	-196.266861	175.860046	-20.055332	0.000000	0.000000	7.125000	-376.008362	45.999500
333	687.746521	-578.108582	158.146881	-128.843719	0.000000	0.000000	7.125000	-280.249542	264.360138
334	-305.367249	6.425358	-128.527618	165.795990	0.000000	0.000000	7.125000	84.243744	-23.431358
335	913.451782	-825.845886	142.167511	-119.930634	0.000000	0.000000	7.125000	-284.244598	283.846039
336	-63.976799	-855.226196	-46.327393	-189.398788	0.000000	0.000000	7.125000	100.994720	627.092957
337	410.437195	469.066711	144.527527	148.122986	0.000000	0.000000	7.125000	-256.511780	-137.645584
338	1002.365906	277.319000	209.084747	19.372759	0.000000	0.000000	7.125000	-425.483612	8.793549
339	745.820801	-1132.526611	122.968689	-151.339203	0.000000	0.000000	7.125000	-313.672180	366.853882
340	408.547546	-1238.814941	60.640926	-182.164795	0.000000	0.000000	7.125000	-122.195175	595.299500
341	-1132.266846	-597.493896	-163.346893	-68.105377	0.000000	0.000000	7.125000	506.361755	145.678955
342	-384.275085	-219.622772	-194.576202	36.328239	0.000000	0.000000	7.125000	319.988403	-40.081200
343	384.520752	-96.432861	5.038640	-191.853134	0.000000	0.000000	7.125000	-26.646706	88.560356
344	-757.052368	-851.151611	-164.569733	-135.223450	0.000000	0.000000	7.125000	348.981598	282.366272
345	705.400513	-1302.817871	113.522430	-162.210571	0.000000	0.000000	7.125000	-477.777374	945.700745
346	356.907135	-743.565918	68.045158	-185.939926	0.000000	0.000000	7.125000	-135.692276	313.195587
347	1328.093994	-129.437622	200.026154	-19.727945	0.000000	0.000000	7.125000	-593.177856	29.345921
348	926.981445	904.768799	144.209457	135.672623	0.000000	0.000000	7.125000	-250.545212	-190.135788
349	489.443115	-966.517700	120.496262	-164.605164	0.000000	0.000000	7.125000	-247.154373	293.814514
350	-641.711548	245.030640	-176.660797	129.143921	0.000000	0.000000	7.125000	264.219635	-82.391098
351	-476.466125	743.855225	-96.411133	169.497528	0.000000	0.000000	7.125000	181.075729	-285.106659
352	778.250977	-1073.996460	100.459763	-160.045837	0.000000	0.000000	7.125000	-169.284668	434.570282
353	17.115076	499.311401	-82.335121	206.164062	0.000000	0.000000	7.125000	117.005272	-324.635193
354	162.676666	-820.237000	44.759457	-205.168732	0.000000	0.000000	7.125000	-63.981819	417.738159
355	810.194824	-889.479675	131.913895	-147.655731	0.000000	0.000000	7.125000	-220.062057	298.999786
356	-366.796661	733.928772	-99.238327	153.753876	0.000000	0.000000	7.125000	184.521469	-290.009399
357	414.673126	436.250244	-8.169457	194.823425	0.000000	0.000000	7.125000	-20.933741	-287.717743
358	-665.388245	1213.759277	-73.660133	186.986282	0.000000	0.000000	7.125000	108.318329	-529.617554
359	-842.416992	97.068199	-179.912231	2.756778	0.000000	0.000000	7.125000	982.305542	225.795868
360	-329.035461	1198.700684	-80.750404	160.860611	0.000000	0.000000	7.125000	158.901657	-411.961945
361	234.665436	883.492126	26.665842	168.904800	0.000000	0.000000	7.125000	-38.767899	-291.765930
362	-553.291077	-256.173157	-203.130463	18.625950	0.000000	0.000000	7.125000	331.234283	-77.359886
363	-531.781921	-1035.439575	-69.829758	-149.479065	0.000000	0.000000	7.125000	108.698143	387.302399
364	-469.442596	-1203.295166	-78.527512	-165.291367	0.000000	0.000000	7.125000	176.474792	487.075958
365	-728.696655	387.513275	-188.677536	69.215416	0.000000	0.000000	7.125000	310.259430	-72.172081
366	361.922913	86.497589	177.795456	111.517746	0.000000	0.000000	7.125000	-403.090790	-103.962341
367	-208.549118	-31.886604	-174.981888	-71.288750	0.000000	0.000000	7.125000	166.168900	110.454262
368	379.424225	648.192261	62.438843	175.204483	0.000000	0.000000	7.125000	-124.183189	-288.907318
369	-945.521362	-860.642029	-142.191711	-124.506256	0.000000	0.000000	7.125000	324.273773	278.710052
370	-1138.245605	1179.171875	-162.715668	137.438156	0.000000	0.000000	7.125000	710.460693	-483.711243
371	-423.738953	-587.665161	-135.320847	-118.613388	0.000000	0.000000	7.125000	203.933609	151.064682
372	281.831604	922.456665	69.786118	156.110626	0.000000	0.000000	7.125000	-136.025818	-257.734985
373	-800.949585	1020.144897	-119.138077	130.896927	0.000000	0.000000	7.125000	339.687714	-452.013184
374	858.620728	-707.083130	156.105728	-121.798973	0.000000	0.000000	7.125000	-326.008240	238.398346
375	-151.342072	-1020.683289	-11.945235	-176.587967	0.000000	0.000000	7.125000	4.295412	310.195404
376	-712.559814	-1149.706055	-92.100693	-154.642380	0.000000	0.000000	7.125000	198.547012	457.881592
377	1350.091431	-137.010986	221.960663	-4.177864	0.000000	0.000000	7.125000	-684.196411	36.200554
378	86.730408	-990.952515	27.978508	-189.935974	0.000000	0.000000	7.125000	-78.900612	375.943115
379	162.258301	698.247314	17.672594	176.106903	0.000000	0.000000	7.125000	-3.282560	-324.400391
380	-518.572937	478.670074	-140.867538	130.462021	0.000000	0.000000	7.125000	266.413239	-239.772583
381	-277.743378	988.030151	-52.421242	194.023880	0.000000	0.000000	7.125000	64.680626	-400.112152
382	-107.761269	471.094971	-88.319572	170.456741	0.000000	0.000000	7.125000	85.916389	-216.895996
383	-472.140106	1578.465454	-97.893211	222.394958	0.000000	0.000000	7.125000	185.905807	-581.209595
384	170.983032	-208.869034	92.491730	-147.380188	0.000000	0.000000	7.125000	-94.194359	144.332153
385	-940.383362	215.843216	-176.053665	49.835838	0.000000	0.000000	7.125000	654.929504	-9.770299
386	-654.396057	-269.498962	-239.012573	-20.002674	0.000000	0.000000	7.125000	364.555603	88.502777
387	1109.469971	908.419373	133.209412	121.058205	0.000000	0.000000	7.125000	-329.477295	-277.034393
388	-338.743347	-1329.358398	-64.094528	-180.977951	0.000000	0.000000	7.125000	102.238106	428.662994
389	1054.953857	-847.053894	161.877899	-124.124886	0.000000	0.000000	7.125000	-499.405792	336.735443
390	-564.603088	-380.113403	-177.775223	-111.691048	0.000000	0.000000	7.125000	340.839355	215.477814
391	-597.433228	-93.278381	-167.853973	6.906389	0.000000	0.000000	7.125000	244.052994	25.309849
392	-288.294525	-745.724365	-69.994431	-191.611725	0.000000	0.000000	7.125000	119.407318	397.646271
393	-1434.135010	1058.734497	-173.074631	148.415253	0.000000	0.000000	7.125000	454.929535	-342.141876
394	-66.046310	104.258118	-196.108994	64.434181	0.000000	0.000000	7.125000	168.163574	61.061470
395	668.545349	227.659241	167.357239	87.807114	0.000000	0.000000	7.125000	-226.517563	-128.876312
396	-543.986328	-1256.716431	-97.509506	-182.593582	0.000000	0.000000	7.125000	199.824829	418.357635
397	37.775635	281.310852	-34.733604	191.833130	0.000000	0.000000	7.125000	-4.909607	-355.590027
398	1110.169922	577.971252	175.425323	109.845734	0.000000	0.000000	7.125000	-414.583588	-165.796005
399	473.006744	-326.465912	189.257996	-67.534721	0.000000	0.000000	7.125000	-227.230896	136.743332
400	-882.103638	689.532715	-161.321472	119.897232	0.000000	0.000000	7.125000	371.250366	-222.465851
401	-1170.779907	-119.123611	-202.459229	-24.940033	0.000000	0.000000	7.125000	360.975739	75.474815
402	-470.216003	-1046.551758	-87.662872	-153.755264	0.000000	0.000000	7.125000	188.562424	430.705383
403	-352.595459	98.805679	-156.534576	115.775696	0.000000	0.000000	7.125000	225.269043	-72.984863
404	-1140.675415	-681.779785	-196.236481	-103.754715	0.000000	0.000000	7.125000	396.387817	196.957031
405	645.117737	-238.574509	179.843353	-47.457901	0.000000	0.000000	7.125000	-460.328247	157.889648
406	262.269440	-1135.034668	59.271072	-160.396530	0.000000	0.000000	7.125000	-131.451065	437.077881
407	1056.411865	-1186.886475	142.029587	-142.224716	0.000000	0.000000	7.125000	-406.950745	200.153488
408	-688.232056	1111.317261	-87.883278	170.697174	0.000000	0.000000	7.125000	169.973557	-434.252472
409	1213.258789	255.163879	154.829010	57.027588	0.000000	0.000000	7.125000	-435.146423	-121.308006
410	117.668274	628.076599	-19.093918	200.077698	0.000000	0.000000	7.125000	5.526375	-388.460114
411	-404.177856	930.158508	-121.464874	178.608246	0.000000	0.000000	7.125000	200.215820	-347.547485
412	874.020081	545.433105	142.803131	109.577576	0.000000	0.000000	7.125000	-79.306190	-122.511871
413	-206.032623	663.000366	-36.140030	173.251434	0.000000	0.000000	7.125000	19.543795	-261.074341
414	32.512596	-1253.235840	13.072302	-191.551651	0.000000	0.000000	7.125000	-23.342411	342.141113
415	-650.550171	322.769684	-163.706482	111.370026	0.000000	0.000000	7.125000	371.020935	-210.102066
416	790.289001	-607.551147	151.817993	-102.174805	0.000000	0.000000	7.125000	-236.173523	123.969353
417	-995.341736	-1083.676514	-131.515182	-163.711838	0.000000	0.000000	7.125000	306.668091	407.775116
418	-424.197784	70.482758	-191.307449	51.043556	0.000000	0.000000	7.125000	294.652435	-99.556816
419	540.733826	-311.374878	201.810211	-45.661499	0.000000	0.000000	7.125000	-302.799652	97.127792
420	1204.447266	-348.800293	216.764999	-47.920250	0.000000	0.000000	7.125000	-528.907776	80.692047
421	1216.593384	-39.414238	203.994537	1.349557	0.000000	0.000000	7.125000	-339.552032	52.248196
422	330.735046	926.153748	-11.010316	215.719162	0.000000	0.000000	7.125000	55.504562	-311.160645
423	435.098175	751.272705	52.204212	212.686890	0.000000	0.000000	7.125000	-91.783897	-330.052460
424	828.781433	116.483215	204.268478	33.178516	0.000000	0.000000	7.125000	-384.304962	5.767358
425	-393.444580	-581.845886	-51.354637	-194.328201	0.000000	0.000000	7.125000	56.636223	260.854370
426	-622.490417	640.342224	-120.286751	129.839935	0.000000	0.000000	7.125000	207.426834	-269.185699
427	-1096.780518	-787.622253	-141.947556	-110.674057	0.000000	0.000000	7.125000	417.130737	284.036163
428	263.011414	-137.397675	121.821503	-199.549347	0.000000	0.000000	7.125000	-74.301201	110.179176
429	1041.518677	-1323.331543	146.710876	-170.589905	0.000000	0.000000	7.125000	-235.793091	302.377380
430	273.873566	-1073.431152	23.949476	-190.491409	0.000000	0.000000	7.125000	-80.256493	456.288330
431	675.674988	-357.132751	173.020386	-96.238373	0.000000	0.000000	7.125000	-451.324890	280.353912
432	-175.146393	1279.666626	-60.031181	213.728302	0.000000	0.000000	7.125000	115.988197	-334.514221
433	-39.258301	591.754150	-38.631210	141.824768	0.000000	0.000000	7.125000	37.183506	-259.183960
434	-279.054504	-940.644897	-30.425449	-183.494049	0.000000	0.000000	7.125000	20.821035	263.489319
435	-785.867554	-796.810547	-173.964905	-133.000641	0.000000	0.000000	7.125000	271.099030	159.957581
436	-196.430649	-1218.624634	6.142630	-194.895111	0.000000	0.000000	7.125000	-38.543098	403.073486
437	596.325806	895.357361	68.062103	126.883286	0.000000	0.000000	7.125000	-126.334862	-384.297760
438	1258.573242	-518.619873	196.252380	-74.732391	0.000000	0.000000	7.125000	-473.994873	199.093872
439	575.958313	736.656128	146.957581	128.159378	0.000000	0.000000	7.125000	-274.394379	-201.402283
440	1025.908081	-783.740784	152.421783	-126.371780	0.000000	0.000000	7.125000	-435.251648	250.395218
441	1317.400269	-965.440186	180.990250	-128.517731	0.000000	0.000000	7.125000	-487.331482	212.076340
442	982.686462	-1336.609375	135.581146	-164.257446	0.000000	0.000000	7.125000	-331.219177	560.247131
443	-530.525330	-35.913223	-175.945251	-60.063484	0.000000	0.000000	7.125000	272.490845	203.607635
444	-209.049255	-906.507446	-11.169572	-176.647202	0.000000	0.000000	7.125000	14.405881	335.727692
445	155.947342	-1140.111572	-6.320475	-167.881042	0.000000	0.000000	7.125000	1.293467	439.690033
446	-463.108398	-816.258423	-122.795425	-155.323074	0.000000	0.000000	7.125000	210.185486	287.543182
447	-138.359344	376.170227	-104.133049	168.400482	0.000000	0.000000	7.125000	168.056519	-246.538879
448	-1015.077026	789.533569	-155.517029	132.024353	0.000000	0.000000	7.125000	268.458069	-217.201263
449	-197.701904	139.315063	-174.299423	72.856064	0.000000	0.000000	7.125000	151.630966	-3.914307
450	1249.338013	185.767181	197.632065	50.536934	0.000000	0.000000	7.125000	-439.361938	-97.229721
451	868.274536	-417.753113	218.456512	-53.867805	0.000000	0.000000	7.125000	-289.101044	79.330902
452	723.857239	-120.986641	180.841995	64.034691	0.000000	0.000000	7.125000	-341.407715	8.691117
453	-300.312927	251.374466	-96.714783	169.320999	0.000000	0.000000	7.125000	304.614502	-471.405243
454	1069.619629	-871.145630	158.569183	-128.334473	0.000000	0.000000	7.125000	-337.170715	235.507095
455	-427.145020	679.908691	-72.005493	164.966019	0.000000	0.000000	7.125000	133.188126	-354.118622
456	-229.983887	-534.639709	-125.170250	-129.328278	0.000000	0.000000	7.125000	171.811493	268.036682
457	1159.068726	-805.376038	178.699554	-91.952614	0.000000	0.000000	7.125000	-485.048737	164.304535
458	-333.083435	-917.548279	-112.249352	-173.920044	0.000000	0.000000	7.125000	182.541718	284.225006
459	396.175049	1021.677490	107.103302	180.634125	0.000000	0.000000	7.125000	-155.513428	-276.259155
460	-68.936234	-1085.478638	-50.235172	-231.606094	0.000000	0.000000	7.125000	89.298553	469.947906
461	863.789734	671.296387	165.424072	97.434723	0.000000	0.000000	7.125000	-375.045654	-140.829849
462	-230.955292	-806.488403	-75.300858	-192.814804	0.000000	0.000000	7.125000	123.166969	364.338409
463	-353.676941	-112.645325	-182.687256	8.186060	0.000000	0.000000	7.125000	143.108490	24.114861
464	-943.865234	703.657593	-153.865234	99.032288	0.000000	0.000000	7.125000	380.080017	-144.108215
465	-1075.019043	1010.463379	-129.919006	141.366241	0.000000	0.000000	7.125000	310.555786	-376.459473
466	-324.940430	1104.832764	-60.393715	219.831146	0.000000	0.000000	7.125000	97.589287	-758.102173
467	-32.599152	-1156.990723	-40.221676	-175.440216	0.000000	0.000000	7.125000	58.846001	485.678223
468	64.025154	822.897034	-29.076729	180.674347	0.000000	0.000000	7.125000	57.626759	-315.694916
469	826.860901	-500.808441	186.030807	-97.426468	0.000000	0.000000	7.125000	-236.346283	88.469269
470	1513.131470	-1302.160034	201.376221	-156.433044	0.000000	0.000000	7.125000	-453.101868	301.239746
471	-993.612183	-673.254456	-188.260620	-99.556358	0.000000	0.000000	7.125000	285.672516	25.724218
472	17.351379	-1005.437622	-21.216711	-196.859833	0.000000	0.000000	7.125000	30.752914	402.447449
473	429.176483	805.852112	48.780060	210.415863	0.000000	0.000000	7.125000	-67.035896	-388.526672
474	-551.303467	-672.876099	-110.680603	-206.166962	0.000000	0.000000	7.125000	199.862213	333.455444
475	555.458252	1105.433594	85.602417	217.779938	0.000000	0.000000	7.125000	-142.374817	-339.311920
476	-161.408890	-233.644958	-172.517700	-97.163208	0.000000	0.000000	7.125000	131.250168	99.665115
477	125.324036	829.214050	4.984136	194.934448	0.000000	0.000000	7.125000	-23.146915	-368.278625
478	653.697510	1176.514771	92.335121	181.890961	0.000000	0.000000	7.125000	-140.816360	-419.300171
479	-595.047485	813.159058	-112.357368	191.463821	0.000000	0.000000	7.125000	157.862549	-313.949005
480	401.089661	-374.025146	200.550415	-120.478645	0.000000	0.000000	7.125000	-251.939850	134.927170
481	808.331055	-937.965088	96.649719	-165.898682	0.000000	0.000000	7.125000	-160.373001	315.580719
482	-688.548523	-938.045776	-131.106552	-186.522522	0.000000	0.000000	7.125000	301.203949	540.710205
483	-823.570435	604.383240	-152.541641	95.556465	0.000000	0.000000	7.125000	415.081207	-232.493652
484	903.717163	606.685303	110.470779	96.963951	0.000000	0.000000	7.125000	-523.205750	-397.935883
485	-903.976440	1250.390625	-141.175308	151.388000	0.000000	0.000000	7.125000	310.595490	-330.251892
486	-1205.025146	-590.471069	-176.363159	-102.475784	0.000000	0.000000	7.125000	453.295593	189.567566
487	-595.395081	-170.076584	-212.674927	11.636401	0.000000	0.000000	7.125000	303.484772	1.424119
488	-407.069214	1135.479248	-81.080498	196.963654	0.000000	0.000000	7.125000	163.621613	-347.129028
489	-255.696014	539.140869	-113.712219	139.533249	0.000000	0.000000	7.125000	176.419891	-240.512527
490	-641.503113	1063.914551	-118.369843	131.591171	0.000000	0.000000	7.125000	290.158264	-376.514832
491	174.132599	11.778400	127.772423	145.935715	0.000000	0.000000	7.125000	-103.224396	-2.815260
492	-353.123047	-1331.189087	-43.398308	-193.173798	0.000000	0.000000	7.125000	76.931831	606.187866
493	-237.342148	-1086.861450	-56.923759	-183.365372	0.000000	0.000000	7.125000	80.152344	375.161957
494	1282.332520	667.549988	210.332642	102.516479	0.000000	0.000000	7.125000	-520.440125	-176.893051
495	888.395264	53.838753	168.970413	41.418968	0.000000	0.000000	7.125000	-397.033386	-43.656906
496	-1120.036621	332.960083	-190.471268	54.035034	0.000000	0.000000	7.125000	217.223190	-71.825424
497	546.337952	-494.320831	153.242157	-130.060242	0.000000	0.000000	7.125000	-229.097458	188.014481
498	802.633972	793.982910	130.347519	156.922287	0.000000	0.000000	7.125000	-334.687469	-341.761810
499	-1079.738159	487.109741	-150.908737	86.578125	0.000000	0.000000	7.125000	285.354553	-77.629883
500	636.703979	-1172.800171	126.983414	-174.731812	0.000000	0.000000	7.125000	-265.694733	350.362457
501	422.653259	643.919495	90.807129	130.507996	0.000000	0.000000	7.125000	-219.714798	-304.201324
502	-244.637375	1323.776611	-50.125053	188.444717	0.000000	0.000000	7.125000	114.575623	-521.975891
503	-288.477448	671.039551	-130.898361	182.987915	0.000000	0.000000	7.125000	214.977081	-315.017059
504	1067.850098	308.669708	180.348679	74.069084	0.000000	0.000000	7.125000	-329.889618	-71.941818
505	156.716858	1315.453857	-21.120289	217.972687	0.000000	0.000000	7.125000	-31.057684	-515.827515
506	331.374237	1387.047607	35.952171	228.180420	0.000000	0.000000	7.125000	-44.862797	-521.151367
507	186.917847	1176.511475	-0.294262	176.998596	0.000000	0.000000	7.125000	-16.022583	-438.796997
508	-898.287842	808.053223	-132.292297	98.578804	0.000000	0.000000	7.125000	469.714752	-211.356567
509	-1102.226562	1350.613037	-160.929565	161.509918	0.000000	0.000000	7.125000	396.678986	-388.324554
510	202.553864	1236.102051	38.230545	203.438858	0.000000	0.000000	7.125000	-89.161179	-506.381378
511	47.168385	260.857513	35.169449	182.644638	0.000000	0.000000	7.125000	-51.309376	-250.157394
512	385.314575	-825.164429	28.652925	-183.766907	0.000000	0.000000	7.125000	-59.185196	292.606476
513	-1316.094971	-573.715942	-201.529434	-77.707321	0.000000	0.000000	7.125000	515.781494	151.363358
514	-843.930969	-733.374390	-117.386879	-98.127792	0.000000	0.000000	7.125000	351.572571	257.138245
515	-1103.078125	621.084534	-157.190796	110.225418	0.000000	0.000000	7.125000	438.646332	-205.455780
516	-672.741516	748.026428	-153.821503	180.285431	0.000000	0.000000	7.125000	270.808563	-398.961090
517	436.276520	95.429291	127.230453	105.034531	0.000000	0.000000	7.125000	-215.494171	-119.633949
518	775.270630	1253.300049	116.943230	185.151810	0.000000	0.000000	7.125000	-222.389816	-444.368439
519	-591.026245	389.055878	-173.476746	138.442368	0.000000	0.000000	7.125000	282.959412	-154.526947
520	323.050537	758.138428	76.102859	186.011276	0.000000	0.000000	7.125000	-234.118271	-521.746277
521	206.251007	-982.563660	65.914169	-205.696304	0.000000	0.000000	7.125000	-136.722061	410.575134
522	859.431824	-1107.232788	113.062042	-176.954758	0.000000	0.000000	7.125000	-397.288513	731.679382
523	-808.186401	795.303284	-157.592041	129.540512	0.000000	0.000000	7.125000	275.356750	-208.136505
524	1212.203735	-628.548035	166.031570	-96.381958	0.000000	0.000000	7.125000	-411.220947	179.490387
525	724.975952	27.388290	218.716949	36.708508	0.000000	0.000000	7.125000	-324.355286	22.860960
526	-1042.409302	-608.935486	-171.681946	-115.600876	0.000000	0.000000	7.125000	455.298828	220.273941
527	-893.839844	316.051819	-165.905151	118.706093	0.000000	0.000000	7.125000	307.001801	-240.173920
528	92.932014	-475.656006	-26.687174	-150.628693	0.000000	0.000000	7.125000	21.965492	114.604172
529	-1535.755371	-175.949585	-221.911804	-6.171131	0.000000	0.000000	7.125000	522.047485	29.119064
530	-196.534012	-1137.692627	-51.236080	-188.132187	0.000000	0.000000	7.125000	87.096008	479.765900
531	-544.233276	183.710632	-176.874054	101.601440	0.000000	0.000000	7.125000	314.554657	-132.553940
532	1086.080566	1157.685059	150.088562	159.481216	0.000000	0.000000	7.125000	-341.574860	-354.087250
533	-757.515320	189.638474	-162.548340	107.670883	0.000000	0.000000	7.125000	276.002777	-130.965195
534	1116.732910	198.850922	211.022095	28.652029	0.000000	0.000000	7.125000	-407.648987	-9.104864
535	-409.445862	100.648834	-181.785339	-20.050976	0.000000	0.000000	7.125000	309.410248	125.946198
536	-308.353760	1428.627930	-80.055618	219.861542	0.000000	0.000000	7.125000	162.594772	-555.154480
537	401.946686	-1093.216919	83.978378	-192.474731	0.000000	0.000000	7.125000	-156.786575	463.875824
538	-1211.710693	675.884766	-156.599030	105.737122	0.000000	0.000000	7.125000	489.463318	-165.078751
539	1044.927856	1003.873169	119.040344	154.444443	0.000000	0.000000	7.125000	-270.367065	-413.036560
540	-1373.958008	326.676849	-210.825439	46.963737	0.000000	0.000000	7.125000	516.360168	-69.393532
541	25.928160	-667.222534	19.724560	-169.857132	0.000000	0.000000	7.125000	-22.340355	226.060577
542	1531.180664	993.885742	216.577744	156.077484	0.000000	0.000000	7.125000	-553.003113	-276.570068
543	1232.999634	-714.385742	206.917053	-95.727997	0.000000	0.000000	7.125000	-475.042175	186.470520
544	-1221.350464	850.307922	-147.903183	131.638306	0.000000	0.000000	7.125000	333.208496	-308.053467
545	876.007751	-123.571136	191.999237	-48.375366	0.000000	0.000000	7.125000	-469.870026	176.550079
546	1121.281372	-845.400146	142.058884	-115.357697	0.000000	0.000000	7.125000	-303.101318	274.641296
547	-1235.483521	778.502075	-154.844681	132.812057	0.000000	0.000000	7.125000	342.739410	-266.398254
548	-1208.896973	-575.410645	-172.817780	-76.510323	0.000000	0.000000	7.125000	425.562042	147.856995
549	185.413559	920.307129	36.061577	185.527710	0.000000	0.000000	7.125000	-84.531944	-372.618225
550	653.522095	941.230347	111.557114	133.532806	0.000000	0.000000	7.125000	-242.934875	-259.617889
551	-306.480530	-1070.935181	-78.325432	-191.604065	0.000000	0.000000	7.125000	177.087036	388.665680
552	754.403259	-1110.177856	107.801575	-147.877686	0.000000	0.000000	7.125000	-277.359497	365.035889
553	-738.825500	799.944885	-110.928848	178.306671	0.000000	0.000000	7.125000	201.750809	-369.474823
554	1135.432373	-1019.001587	165.663025	-147.780380	0.000000	0.000000	7.125000	-624.505127	603.977844
555	1160.874634	1224.143311	143.325455	184.959656	0.000000	0.000000	7.125000	-252.011734	-390.102051
556	660.709045	-178.897186	160.964905	-73.614479	0.000000	0.000000	7.125000	-454.065338	132.453384
557	-1156.423340	26.181417	-200.416809	62.553680	0.000000	0.000000	7.125000	454.877197	-86.508293
558	-992.190491	-1501.460083	-144.177948	-191.852890	0.000000	0.000000	7.125000	281.487762	442.291809
559	1185.600098	-833.557190	172.826508	-124.496544	0.000000	0.000000	7.125000	-323.278564	173.198715
560	1283.668579	536.833557	195.575134	98.507973	0.000000	0.000000	7.125000	-495.590088	-173.952408
561	201.350784	1510.084595	59.051552	235.714874	0.000000	0.000000	7.125000	-116.331154	-567.054077
562	1103.825073	359.158020	179.933716	89.579834	0.000000	0.000000	7.125000	-395.331818	-153.544449
563	870.867188	950.026672	152.251495	148.955246	0.000000	0.000000	7.125000	-360.693878	-313.270844
564	1204.066162	-487.274780	211.203110	-45.261185	0.000000	0.000000	7.125000	-407.926544	95.727379
565	501.015259	650.790771	119.389748	154.173431	0.000000	0.000000	7.125000	-243.221298	-241.956497
566	-696.830933	-1194.891113	-82.390572	-193.090271	0.000000	0.000000	7.125000	129.691330	592.639587
567	996.630432	-857.622192	150.764252	-118.884598	0.000000	0.000000	7.125000	-430.834595	319.441772
568	-1044.010010	-846.614685	-158.736465	-113.244720	0.000000	0.000000	7.125000	327.534760	175.354126
569	980.952759	-975.785522	121.410095	-120.418205	0.000000	0.000000	7.125000	-320.828522	304.568085
570	-492.821564	837.134827	-60.314575	182.280075	0.000000	0.000000	7.125000	101.351700	-288.666718
571	980.355713	-723.790894	137.036407	-107.215714	0.000000	0.000000	7.125000	-391.225372	165.481262
572	-761.263062	-1323.959717	-125.560074	-186.705795	0.000000	0.000000	7.125000	232.383362	385.184387
573	785.475891	-354.537750	193.594208	-95.795197	0.000000	0.000000	7.125000	-276.808228	154.698059
574	-956.193359	208.210785	-163.159119	82.831299	0.000000	0.000000	7.125000	363.735321	-124.100403
575	224.277527	-1196.669434	26.898342	-187.051849	0.000000	0.000000	7.125000	-146.310715	322.335846
576	-249.351776	-986.925354	-38.506065	-191.134415	0.000000	0.000000	7.125000	-0.874882	190.570404
577	-1032.512939	-647.018188	-152.489288	-77.360748	0.000000	0.000000	7.125000	438.970184	155.546173
578	884.062744	872.927063	131.489746	139.908356	0.000000	0.000000	7.125000	-294.205322	-309.371765
579	-1264.180054	598.386841	-164.892654	104.084824	0.000000	0.000000	7.125000	343.969177	-182.308258
580	-564.978943	803.001221	-126.935158	155.833298	0.000000	0.000000	7.125000	225.444290	-349.853485
581	290.984375	151.873352	121.177460	151.796967	0.000000	0.000000	7.125000	-190.320145	-62.032146
582	925.555298	-197.382156	185.978546	-2.413519	0.000000	0.000000	7.125000	-349.435028	32.357479
583	465.445160	1240.928833	71.031136	171.894012	0.000000	0.000000	7.125000	-147.358734	-474.359680
584	887.690796	502.464966	153.818085	138.519028	0.000000	0.000000	7.125000	-262.013367	-218.114655
585	-965.394043	-935.293091	-139.490616	-108.955788	0.000000	0.000000	7.125000	273.847137	202.241364
586	235.604370	1318.392944	21.476036	208.898956	0.000000	0.000000	7.125000	-32.702301	-494.893097
587	-533.514954	874.251038	-143.781204	161.190689	0.000000	0.000000	7.125000	265.887238	-312.076691
588	-855.241943	-1047.629639	-121.058334	-124.980957	0.000000	0.000000	7.125000	318.575439	384.550507
589	-883.010803	-830.681580	-128.362625	-117.467468	0.000000	0.000000	7.125000	339.995514	263.776489
590	534.543884	497.004517	145.728119	120.306213	0.000000	0.000000	7.125000	-341.186584	-199.324387
591	-595.128174	-946.639954	-107.859154	-144.103424	0.000000	0.000000	7.125000	225.922272	335.811127
592	746.264343	-445.429688	128.572418	-88.346077	0.000000	0.000000	7.125000	-277.224976	180.886566
593	-235.572083	325.876892	-71.943886	135.027618	0.000000	0.000000	7.125000	76.419792	-194.167831
594	-1136.211792	-43.572010	-200.590271	-12.722997	0.000000	0.000000	7.125000	483.592682	64.911140
595	-240.529556	-413.696381	-60.199955	-188.625671	0.000000	0.000000	7.125000	73.699959	210.280869
596	-360.890747	-1276.621826	-75.253754	-166.793793	0.000000	0.000000	7.125000	123.826698	410.072876
597	972.353333	-880.030945	145.093521	-121.114616	0.000000	0.000000	7.125000	-485.606049	410.257538
598	-61.820087	582.237671	-0.481064	203.999359	0.000000	0.000000	7.125000	-18.786846	-226.887192
599	-956.559204	-708.381958	-152.901840	-116.123993	0.000000	0.000000	7.125000	313.298492	184.379868
600	-350.641266	-892.333801	-68.585831	-166.417480	0.000000	0.000000	7.125000	125.328690	389.404999
601	-395.690643	1051.353149	-68.244682	169.798309	0.000000	0.000000	7.125000	144.225586	-394.354309
602	-997.987671	64.124680	-184.234161	42.024185	0.000000	0.000000	7.125000	488.866333	-27.127176
603	347.820709	-1084.768555	75.551796	-169.964005	0.000000	0.000000	7.125000	-156.238815	365.428864
604	360.147827	964.024353	78.675735	178.401566	0.000000	0.000000	7.125000	-135.762192	-191.267334
605	-469.385193	-625.637573	-166.955444	-122.371758	0.000000	0.000000	7.125000	330.209686	233.850052
606	63.213829	-156.978806	-143.579346	166.870071	0.000000	0.000000	7.125000	51.541077	74.659103
607	141.844070	-313.625580	-0.364421	-164.989410	0.000000	0.000000	7.125000	-36.811321	220.938705
608	721.660522	1003.140259	115.133591	161.083633	0.000000	0.000000	7.125000	-245.669617	-339.065552
609	-1150.525513	967.611694	-160.977539	130.115005	0.000000	0.000000	7.125000	441.026428	-282.784882
610	-446.454651	12.920119	-204.863922	-28.743671	0.000000	0.000000	7.125000	218.878571	75.972946
611	-927.086670	467.704071	-214.794998	119.853043	0.000000	0.000000	7.125000	485.599731	-145.072754
612	143.289764	-910.662964	-5.093718	-170.920959	0.000000	0.000000	7.125000	-25.114540	371.680634
613	655.648010	1244.007080	94.503288	167.117783	0.000000	0.000000	7.125000	-179.328293	-475.379303
614	608.663696	883.667236	101.025711	130.451355	0.000000	0.000000	7.125000	-252.422623	-401.554810
615	-736.705383	-708.355835	-118.456665	-131.513763	0.000000	0.000000	7.125000	223.025681	278.679382
616	-1003.974304	89.456429	-175.830673	20.231232	0.000000	0.000000	7.125000	429.687073	4.396029
617	-1238.533813	-937.077087	-185.691925	-147.231445	0.000000	0.000000	7.125000	456.868774	316.842316
618	-1062.812866	751.999634	-191.370804	129.334259	0.000000	0.000000	7.125000	417.032745	-205.309967
619	-728.417358	644.110474	-117.346848	155.732086	0.000000	0.000000	7.125000	210.805969	-308.600494
620	200.650208	-5.211825	97.226151	179.139252	0.000000	0.000000	7.125000	-107.102806	-44.111786
621	-949.187439	-1468.340576	-139.613922	-180.252975	0.000000	0.000000	7.125000	310.872742	433.263641
622	-1364.393066	71.369286	-208.618591	66.623146	0.000000	0.000000	7.125000	384.788696	-104.184219
623	-174.747253	901.349976	-58.006546	170.396332	0.000000	0.000000	7.125000	138.390213	-344.514435
624	-21.143682	-302.613983	52.523701	-209.512634	0.000000	0.000000	7.125000	-71.229683	186.697784
625	601.878479	976.764526	103.077812	151.203339	0.000000	0.000000	7.125000	-219.416382	-353.216766
626	880.013489	-1136.171753	120.406281	-149.545074	0.000000	0.000000	7.125000	-189.461578	261.888092
627	253.115829	-361.959900	56.138454	-161.522064	0.000000	0.000000	7.125000	-69.996506	197.430084
628	-650.631531	-515.444824	-150.077713	-87.998093	0.000000	0.000000	7.125000	309.623108	131.118256
629	-209.953613	-1103.874023	-48.769676	-167.023468	0.000000	0.000000	7.125000	93.468681	417.651733
630	-673.149353	198.019592	-193.353058	54.606564	0.000000	0.000000	7.125000	341.493317	-16.624416
631	-886.159180	-682.260681	-201.732147	-135.431152	0.000000	0.000000	7.125000	384.472626	178.224716
632	-922.343628	-460.631195	-164.116425	-87.476852	0.000000	0.000000	7.125000	709.578369	235.442200
633	2.375869	-706.082825	-32.653358	-210.457993	0.000000	0.000000	7.125000	-22.109964	282.613708
634	-1257.250122	492.741211	-184.002075	94.735161	0.000000	0.000000	7.125000	383.244049	-99.361725
635	-1247.217651	153.723663	-198.399292	32.107418	0.000000	0.000000	7.125000	502.236176	-21.786587
636	-462.899506	-676.988037	-99.363136	-174.722046	0.000000	0.000000	7.125000	156.159576	329.171051
637	362.924469	-293.043640	180.863998	-123.419724	0.000000	0.000000	7.125000	-197.481094	134.190384
638	935.865356	1381.144287	131.508728	193.535889	0.000000	0.000000	7.125000	-258.821442	-478.565063
639	-422.367432	-649.034973	-174.408173	-146.838501	0.000000	0.000000	7.125000	191.974503	200.116592
640	-148.245163	-1026.513794	-51.682930	-156.696716	0.000000	0.000000	7.125000	137.189178	396.103851
641	-805.569763	-920.489685	-157.809586	-151.838745	0.000000	0.000000	7.125000	257.649994	258.126129
642	-903.891113	738.861877	-152.154953	117.087257	0.000000	0.000000	7.125000	602.287964	-319.840912
643	666.573425	-496.041382	139.227646	-161.092484	0.000000	0.000000	7.125000	-173.480240	161.647018
644	-706.921326	1134.733521	-106.927505	141.036087	0.000000	0.000000	7.125000	240.684906	-439.068665
645	-224.753265	-564.043091	-134.722015	-161.072327	0.000000	0.000000	7.125000	139.989609	206.481873
646	268.368988	235.064651	114.420113	157.889465	0.000000	0.000000	7.125000	-189.049332	-199.975311
647	635.834229	558.533997	117.794327	140.033661	0.000000	0.000000	7.125000	-206.722961	-177.698822
648	794.786255	-814.565002	126.218521	-115.368469	0.000000	0.000000	7.125000	-245.726303	215.986893
649	1502.630981	881.178101	168.040421	145.034607	0.000000	0.000000	7.125000	-414.633026	-258.548279
650	720.474243	-1039.181274	122.954117	-139.563156	0.000000	0.000000	7.125000	-562.907654	529.581238
651	-27.581347	-801.613831	7.486359	-182.842651	0.000000	0.000000	7.125000	25.672466	223.564682
652	-683.622925	-1133.910889	-102.210709	-169.553299	0.000000	0.000000	7.125000	374.476349	659.845459
653	373.084808	-1258.545532	69.025337	-201.502594	0.000000	0.000000	7.125000	-127.037224	506.003113
654	-928.029785	1380.632080	-144.122528	164.875427	0.000000	0.000000	7.125000	287.870178	-428.490753
655	-27.216200	-85.577240	-137.549835	-111.085060	0.000000	0.000000	7.125000	128.784744	119.100487
656	-1395.818237	465.612671	-202.950287	82.216415	0.000000	0.000000	7.125000	605.016602	-126.228508
657	366.403687	-752.043274	100.969910	-149.013672	0.000000	0.000000	7.125000	-206.216843	347.417633
658	-168.363541	-720.577759	-33.364693	-222.500687	0.000000	0.000000	7.125000	-17.556585	339.718811
659	102.571327	312.008057	88.401825	200.184372	0.000000	0.000000	7.125000	-127.741859	-139.196457
660	-284.076630	1118.338501	-71.571938	178.160873	0.000000	0.000000	7.125000	27.669754	-438.797760
661	1186.109131	1049.313599	157.673599	138.690765	0.000000	0.000000	7.125000	-432.665344	-297.810974
662	147.545746	345.271332	38.360252	224.737747	0.000000	0.000000	7.125000	-131.748642	-381.583313
663	294.218964	-481.070129	165.979965	-118.589767	0.000000	0.000000	7.125000	-246.369904	152.239563
664	577.982910	332.424164	145.494736	56.072258	0.000000	0.000000	7.125000	-207.589111	52.683880
665	-303.362396	313.205078	-165.010986	157.235596	0.000000	0.000000	7.125000	260.219177	-170.050919
666	150.152267	995.320618	74.932587	166.951965	0.000000	0.000000	7.125000	-118.429596	-366.498322
667	754.042725	1019.276245	115.779434	141.716949	0.000000	0.000000	7.125000	-265.955963	-378.843109
668	1166.095459	-78.952194	176.969879	-3.134734	0.000000	0.000000	7.125000	-526.805542	22.238863
669	-1038.476196	-913.920532	-134.820358	-119.261932	0.000000	0.000000	7.125000	390.402130	314.006622
670	-126.790489	-376.144287	-106.501236	-175.667877	0.000000	0.000000	7.125000	10.413350	109.741394
671	181.228546	-37.775757	138.290939	113.396652	0.000000	0.000000	7.125000	-76.360291	61.027092
672	-1067.240479	-833.845337	-172.195007	-125.361938	0.000000	0.000000	7.125000	314.303345	208.573761
673	780.812378	277.435059	207.047363	95.426819	0.000000	0.000000	7.125000	-298.393890	-133.294006
674	76.741501	-697.225708	42.275429	-147.027832	0.000000	0.000000	7.125000	-101.525711	190.325607
675	-981.018433	1275.984741	-141.878448	189.825989	0.000000	0.000000	7.125000	290.246643	-501.515320
676	-697.128052	-826.584656	-117.629913	-128.212738	0.000000	0.000000	7.125000	251.025345	300.925537
677	889.316589	250.090240	161.236603	104.241219	0.000000	0.000000	7.125000	-637.634644	-425.062683
678	781.664734	-202.294266	174.317780	-55.678947	0.000000	0.000000	7.125000	-436.755768	132.334381
679	-1163.694702	113.765434	-203.532593	13.291286	0.000000	0.000000	7.125000	399.624481	31.730413
680	-1388.690430	-85.071281	-209.650360	-11.850760	0.000000	0.000000	7.125000	522.859924	83.631905
681	-643.260925	226.983093	-146.295837	82.551102	0.000000	0.000000	7.125000	257.664886	-174.459061
682	-334.383118	-1351.531494	-56.955338	-189.624252	0.000000	0.000000	7.125000	89.612289	478.485168
683	458.126343	-361.237000	114.162773	-142.997833	0.000000	0.000000	7.125000	-273.336639	209.857147
684	68.747345	433.848541	21.818745	181.662659	0.000000	0.000000	7.125000	-81.473770	-237.985718
685	-190.733749	1231.259644	-34.606926	194.944992	0.000000	0.000000	7.125000	6.352004	-312.928833
686	-1009.100098	1146.299438	-154.360657	163.699310	0.000000	0.000000	7.125000	345.876678	-376.368896
687	256.584930	-934.044006	1.424097	-209.981140	0.000000	0.000000	7.125000	13.886819	665.620239
688	-1092.919678	-1051.656860	-194.404831	-155.588089	0.000000	0.000000	7.125000	648.835205	527.084229
689	906.314819	640.379517	165.663071	113.823997	0.000000	0.000000	7.125000	-376.490295	-220.165909
690	65.359688	-949.773315	-2.311743	-146.976242	0.000000	0.000000	7.125000	-33.155300	322.001648
691	547.109009	501.036346	110.710350	141.899399	0.000000	0.000000	7.125000	-159.745071	-170.624969
692	-706.824646	-336.344574	-181.238373	-41.793983	0.000000	0.000000	7.125000	351.975220	104.376083
693	-378.601959	1456.504639	-62.844986	209.785934	0.000000	0.000000	7.125000	119.204712	-521.812622
694	929.422546	-7.730465	179.681870	-10.677750	0.000000	0.000000	7.125000	-369.067535	42.288601
695	272.728088	826.835815	-7.234338	164.839691	0.000000	0.000000	7.125000	-35.717678	-1011.248901
696	1078.397095	519.416870	174.252060	55.842697	0.000000	0.000000	7.125000	-491.964233	-76.601852
697	175.895111	-299.627594	46.095821	-158.424728	0.000000	0.000000	7.125000	-101.030571	427.856049
698	516.492493	-822.829163	85.045891	-158.638107	0.000000	0.000000	7.125000	-163.965195	354.735870
699	520.474121	-793.015137	74.179497	-154.071411	0.000000	0.000000	7.125000	-142.861832	333.511078
700	609.270264	-1108.433105	105.383064	-145.923874	0.000000	0.000000	7.125000	-297.849457	541.469604
701	-643.401855	928.276123	-102.188599	125.698082	0.000000	0.000000	7.125000	257.427521	-371.365295
702	1392.863403	430.255493	193.797760	63.660095	0.000000	0.000000	7.125000	-497.240906	-104.554405
703	-983.797913	-862.428711	-151.713043	-140.825439	0.000000	0.000000	7.125000	205.909882	232.826141
704	882.204041	1129.049072	127.024582	147.948074	0.000000	0.000000	7.125000	-251.761932	-347.606201
705	1132.478394	-308.713562	192.911713	-56.444794	0.000000	0.000000	7.125000	-474.228760	145.531143
706	1102.749146	68.026581	179.881821	6.350932	0.000000	0.000000	7.125000	-320.001373	-44.353199
707	-1042.391968	-605.705444	-134.931305	-100.075806	0.000000	0.000000	7.125000	379.839355	229.616592
708	1316.913574	-174.915527	203.351654	-38.681816	0.000000	0.000000	7.125000	-567.586670	100.632172
709	-864.382507	432.859802	-158.937561	112.944832	0.000000	0.000000	7.125000	387.023682	-212.333313
710	1181.167725	217.971954	216.253189	50.117138	0.000000	0.000000	7.125000	-463.215332	-27.667313
711	442.460815	954.980896	73.224075	180.724091	0.000000	0.000000	7.125000	-68.933098	-284.480194
712	-616.664062	-742.993835	-120.939812	-145.233826	0.000000	0.000000	7.125000	195.415848	316.021271
713	-760.573059	1006.898254	-115.863991	149.308548	0.000000	0.000000	7.125000	245.682831	-389.905609
714	-98.689507	691.350159	-66.774872	183.204697	0.000000	0.000000	7.125000	108.403320	-404.673004
715	-1137.583008	-1006.480103	-193.404800	-147.107208	0.000000	0.000000	7.125000	435.856232	246.970062
716	1271.141602	-777.903870	208.963806	-124.028290	0.000000	0.000000	7.125000	-401.250854	230.756287
717	-947.593567	685.953491	-124.819153	121.221588	0.000000	0.000000	7.125000	278.868591	-340.360596
718	1187.158203	-440.110901	177.059387	-101.281296	0.000000	0.000000	7.125000	-498.644836	209.457504
719	-1126.730957	607.676758	-146.485748	104.567642	0.000000	0.000000	7.125000	435.748627	-230.413467
720	-874.770203	1051.930542	-115.285782	164.622009	0.000000	0.000000	7.125000	220.651764	-475.839844
721	-1060.467407	-1122.634155	-157.676636	-188.794907	0.000000	0.000000	7.125000	377.536346	477.207733
722	-135.938217	-565.650085	-61.959190	-184.866837	0.000000	0.000000	7.125000	212.626495	342.696472
723	-366.502930	-281.996613	-139.566193	-113.650818	0.000000	0.000000	7.125000	255.437454	194.306152
724	484.525116	-457.879944	193.150238	-43.503231	0.000000	0.000000	7.125000	-251.511673	68.345963
725	-1175.555176	297.518890	-212.625397	52.339947	0.000000	0.000000	7.125000	470.526093	-52.712906
726	-1181.862183	657.299805	-171.105972	111.025269	0.000000	0.000000	7.125000	433.803467	-162.150970
727	-217.207016	-587.449768	-41.509033	-147.261414	0.000000	0.000000	7.125000	120.909012	214.290344
728	-1080.089844	226.001144	-173.254944	36.134636	0.000000	0.000000	7.125000	490.098785	-25.929585
729	-771.979126	5.465088	-151.953964	-64.303665	0.000000	0.000000	7.125000	288.228851	117.442749
730	-197.098602	-433.202026	-91.322601	-208.889038	0.000000	0.000000	7.125000	139.007233	324.066071
731	438.346375	-658.455139	84.410751	-185.691772	0.000000	0.000000	7.125000	-206.426819	377.312531
732	276.382355	658.163757	100.007904	167.400360	0.000000	0.000000	7.125000	-186.980606	-253.082565
733	-796.691589	210.757858	-200.955750	35.013699	0.000000	0.000000	7.125000	628.560791	-68.662506
734	1046.941162	-564.280334	143.821808	-92.473862	0.000000	0.000000	7.125000	-392.633606	163.087509
735	-49.899498	-1007.916199	-44.249283	-174.462738	0.000000	0.000000	7.125000	43.289459	349.997833
736	-1108.037842	186.309723	-200.492783	71.913651	0.000000	0.000000	7.125000	423.030518	-230.953262
737	-443.413849	183.601410	-164.414841	56.945587	0.000000	0.000000	7.125000	295.510010	-93.577026
738	956.942505	241.478317	160.584641	58.716217	0.000000	0.000000	7.125000	-344.882111	-100.053833
739	1331.875977	263.856781	215.843567	51.909523	0.000000	0.000000	7.125000	-585.616516	-94.926575
740	-1102.717773	-1252.239746	-160.010590	-170.741165	0.000000	0.000000	7.125000	373.291107	405.532928
741	-622.963257	-772.000183	-118.492371	-131.480255	0.000000	0.000000	7.125000	259.293304	311.405975
742	1082.268433	190.964539	186.770447	65.669479	0.000000	0.000000	7.125000	-346.617004	-54.979797
743	-259.933655	975.993958	-15.368952	200.409714	0.000000	0.000000	7.125000	47.774235	-238.252075
744	-717.288757	419.509735	-130.860519	105.354279	0.000000	0.000000	7.125000	320.751587	-301.481659
745	-455.627747	592.092285	-170.107285	133.095459	0.000000	0.000000	7.125000	237.445374	-202.286118
746	-1334.286865	1067.127930	-179.220398	135.994232	0.000000	0.000000	7.125000	462.494354	-285.037903
747	1183.643311	254.531754	178.124542	53.481117	0.000000	0.000000	7.125000	-473.159180	-68.000824
748	167.557144	-1057.635864	33.465458	-201.231537	0.000000	0.000000	7.125000	-68.806007	357.554535
749	-587.653992	-104.416443	-140.617538	-9.950968	0.000000	0.000000	7.125000	264.065155	64.353783
750	-510.118805	308.685913	-157.567535	143.198914	0.000000	0.000000	7.125000	202.899200	-117.682716
751	370.743927	-286.394073	193.678497	21.535351	0.000000	0.000000	7.125000	-194.870972	-9.687665
752	-635.631714	936.468567	-92.797768	157.714249	0.000000	0.000000	7.125000	176.737473	-370.637085
753	-839.977905	-556.379700	-108.569130	-89.965225	0.000000	0.000000	7.125000	324.588165	227.665848
754	182.565628	-1484.364746	38.708942	-218.596451	0.000000	0.000000	7.125000	-76.697807	605.012939
755	694.453064	538.950195	164.015091	121.287140	0.000000	0.000000	7.125000	-300.642242	-181.199890
756	-1008.741333	1237.274780	-136.020279	163.891556	0.000000	0.000000	7.125000	342.809998	-525.753784
757	732.569092	1376.829102	124.373184	172.901489	0.000000	0.000000	7.125000	-259.325897	-465.071198
758	258.377350	-303.045197	100.560181	-152.865738	0.000000	0.000000	7.125000	-135.040634	171.901123
759	1036.751343	884.340393	145.421783	129.898834	0.000000	0.000000	7.125000	-378.051971	-285.895050
760	-1340.825439	-1007.635986	-188.515717	-133.470428	0.000000	0.000000	7.125000	480.174622	249.103470
761	189.849350	-1007.873230	14.385223	-176.413910	0.000000	0.000000	7.125000	25.615133	533.389771
762	-1456.721924	-112.630966	-215.823822	8.722123	0.000000	0.000000	7.125000	553.352905	-4.830209
763	926.730957	175.521271	173.535065	44.028522	0.000000	0.000000	7.125000	-323.074158	-19.284431
764	623.198486	1120.932251	74.780396	180.084579	0.000000	0.000000	7.125000	-135.933426	-434.623230
765	-1071.273926	-1119.653076	-146.695343	-146.042892	0.000000	0.000000	7.125000	342.058441	372.802460
766	261.664917	349.581787	60.939163	188.329865	0.000000	0.000000	7.125000	-154.852539	-220.965332
767	378.037964	921.151672	58.918171	204.689148	0.000000	0.000000	7.125000	-109.792267	-388.601379
768	163.848663	644.228821	99.045746	160.968353	0.000000	0.000000	7.125000	-155.009186	-221.105942
769	1186.309082	-909.349243	168.997604	-114.226959	0.000000	0.000000	7.125000	-392.186371	179.684326
770	353.840088	607.895813	140.078003	156.450775	0.000000	0.000000	7.125000	-240.109940	-209.692200
771	932.735352	660.963867	149.681519	115.389526	0.000000	0.000000	7.125000	-320.857574	-218.920441
772	286.781860	481.535370	123.104553	177.485947	0.000000	0.000000	7.125000	-215.739761	-283.756165
773	816.769958	-791.700012	179.083435	-136.210739	0.000000	0.000000	7.125000	-313.784943	240.314133
774	-1253.189697	433.835663	-189.274689	83.761169	0.000000	0.000000	7.125000	425.927612	-120.644653
775	-767.841919	-925.737793	-132.514404	-134.760040	0.000000	0.000000	7.125000	336.915466	354.783600
776	1134.898438	385.076813	235.422424	105.500458	0.000000	0.000000	7.125000	-425.244659	-129.439606
777	-929.540771	1293.066528	-140.842499	179.294006	0.000000	0.000000	7.125000	200.555313	-369.189911
778	-548.136047	1323.347656	-122.674988	170.412537	0.000000	0.000000	7.125000	244.800827	-474.466309
779	-143.328033	964.184998	-22.577511	193.684937	0.000000	0.000000	7.125000	62.518581	-527.406494
780	1085.938110	14.220260	200.825211	8.151390	0.000000	0.000000	7.125000	-501.723145	17.713938
781	1179.479980	-128.450638	189.338120	-31.803677	0.000000	0.000000	7.125000	-471.106537	66.100937
782	-594.331299	62.872765	-179.697144	9.723923	0.000000	0.000000	7.125000	332.092957	51.110104
783	-753.622742	800.343140	-132.544464	143.021118	0.000000	0.000000	7.125000	261.110504	-327.617523
784	-901.519714	-744.999023	-132.082733	-139.346237	0.000000	0.000000	7.125000	213.932037	231.941376
785	971.753052	644.168884	123.322571	95.531693	0.000000	0.000000	7.125000	-352.280701	-217.673660
786	964.781128	956.347534	135.343597	127.574600	0.000000	0.000000	7.125000	-453.134155	-367.150055
787	471.120117	-19.987740	184.447388	52.803860	0.000000	0.000000	7.125000	-356.909332	-23.891331
788	394.348419	-87.135811	176.331543	-35.827435	0.000000	0.000000	7.125000	-169.001007	70.305878
789	859.894043	456.179047	179.094910	109.646790	0.000000	0.000000	7.125000	-453.916901	-247.586411
790	-779.944214	1100.652222	-109.001579	154.388458	0.000000	0.000000	7.125000	215.561035	-414.283478
791	964.035767	-1318.797119	119.084442	-176.572739	0.000000	0.000000	7.125000	-174.975571	434.875946
792	302.166962	-1465.095703	54.931114	-205.794586	0.000000	0.000000	7.125000	-122.776131	550.204712
793	978.007202	650.359009	126.670364	96.086212	0.000000	0.000000	7.125000	-362.342010	-229.492767
794	1584.829346	-463.439240	234.403717	-74.638336	0.000000	0.000000	7.125000	-567.891113	172.275513
795	462.777527	1000.838623	101.224075	194.197159	0.000000	0.000000	7.125000	-223.525238	-589.778198
796	1010.163208	185.164017	187.246613	54.365486	0.000000	0.000000	7.125000	-405.923584	-66.362648
797	-748.898682	-1317.076416	-107.934799	-197.389969	0.000000	0.000000	7.125000	182.877899	533.578125
798	-1225.121826	-142.047745	-224.129669	-19.405880	0.000000	0.000000	7.125000	436.044800	110.995071
799	892.229553	-394.672211	173.588989	-82.039848	0.000000	0.000000	7.125000	-417.625092	177.311188
800	131.385712	1094.912964	79.311081	191.203400	0.000000	0.000000	7.125000	-420.239136	-1006.701050
801	-775.023071	176.923233	-194.191376	17.451040	0.000000	0.000000	7.125000	379.381622	6.357865
802	673.688232	1132.969604	102.619194	183.217422	0.000000	0.000000	7.125000	-198.901016	-455.616333
803	-1047.281982	-603.266724	-187.657028	-71.981529	0.000000	0.000000	7.125000	465.841461	118.270638
804	-394.685760	879.026001	-51.434074	166.220566	0.000000	0.000000	7.125000	105.609032	-438.421417
805	-1211.761719	-91.955009	-200.418533	15.273588	0.000000	0.000000	7.125000	600.557190	-21.485004
806	1020.322632	901.297302	139.574997	136.173706	0.000000	0.000000	7.125000	-286.374420	-264.859772
807	63.323860	-365.735962	196.338318	13.492597	0.000000	0.000000	7.125000	-125.504692	55.392101
808	1165.311890	-83.346329	187.772400	-21.486958	0.000000	0.000000	7.125000	-418.174561	42.035019
809	-601.272461	1040.328857	-92.477249	188.540741	0.000000	0.000000	7.125000	201.777893	-398.925537
810	648.008118	1250.612793	100.859512	166.880753	0.000000	0.000000	7.125000	-198.327988	-441.041199
811	829.534119	361.531403	167.562119	136.257950	0.000000	0.000000	7.125000	-264.742065	-160.231934
812	114.758507	1417.673584	51.022369	225.293747	0.000000	0.000000	7.125000	-150.083450	-664.965149
813	835.954224	586.173706	148.144516	148.839462	0.000000	0.000000	7.125000	-312.060120	-314.820374
814	-54.359184	264.403839	-85.644035	133.934296	0.000000	0.000000	7.125000	80.027016	-99.843483
815	-1072.877441	-1039.448120	-142.120514	-137.861084	0.000000	0.000000	7.125000	368.507721	356.388214
816	-131.255890	-504.937469	-40.010437	-187.779922	0.000000	0.000000	7.125000	11.209012	185.449173
817	267.573547	-896.368286	62.804993	-181.436005	0.000000	0.000000	7.125000	-141.305206	395.302277
818	-968.825378	451.727570	-175.510971	103.978294	0.000000	0.000000	7.125000	268.536621	-132.439926
819	374.717621	92.539307	100.124557	165.938385	0.000000	0.000000	7.125000	-11.577182	83.993439
820	236.807480	10.237867	161.338120	64.662552	0.000000	0.000000	7.125000	-296.273041	-42.008789
821	-1119.131348	-115.082550	-200.978516	2.702978	0.000000	0.000000	7.125000	570.899353	18.803062
822	-329.472870	248.664505	-90.715469	158.932983	0.000000	0.000000	7.125000	119.050842	-177.917450
823	-1076.512329	-63.237144	-160.047195	-51.076645	0.000000	0.000000	7.125000	372.143829	86.047844
824	-1285.085815	-522.752319	-202.650497	-74.712097	0.000000	0.000000	7.125000	509.958191	117.886971
825	-751.583008	1195.552979	-129.428696	176.627274	0.000000	0.000000	7.125000	360.279358	-679.651062
826	-436.623932	1110.024658	-75.932289	189.341675	0.000000	0.000000	7.125000	123.689453	-61.954815
827	128.666245	1121.955322	20.124241	190.941757	0.000000	0.000000	7.125000	-71.015656	-477.384186
828	1340.006836	-675.515625	200.169189	-109.149231	0.000000	0.000000	7.125000	-305.617065	146.403366
829	707.896667	-547.068420	155.955933	-153.742050	0.000000	0.000000	7.125000	-243.226364	248.064362
830	1077.616211	634.181580	174.631012	105.395660	0.000000	0.000000	7.125000	-386.828918	-146.418152
831	-18.672501	-459.635162	-82.371613	-142.957581	0.000000	0.000000	7.125000	122.985344	233.501175
832	-734.866455	-850.354248	-103.902702	-103.985970	0.000000	0.000000	7.125000	323.477509	325.033661
833	115.783401	-647.062378	8.378668	-161.780762	0.000000	0.000000	7.125000	-48.717278	312.814789
834	646.896729	-1233.871216	80.415085	-180.901260	0.000000	0.000000	7.125000	-144.201340	479.437866
835	630.700745	-547.348633	189.103271	-142.859772	0.000000	0.000000	7.125000	-300.295746	255.745224
836	213.308441	458.966736	55.162758	180.769424	0.000000	0.000000	7.125000	-107.914543	-290.650665
837	746.472900	-970.105896	98.947952	-139.451111	0.000000	0.000000	7.125000	-175.829834	289.824066
838	-335.867310	1503.307617	-73.635674	237.861633	0.000000	0.000000	7.125000	111.571762	-390.307404
839	-446.255707	-355.516876	-182.714142	-58.986038	0.000000	0.000000	7.125000	263.104401	111.096962
840	-786.051147	248.762665	-192.027527	48.040554	0.000000	0.000000	7.125000	352.152252	-2.558084
841	-213.509735	33.472061	-176.990921	32.771431	0.000000	0.000000	7.125000	274.210144	-57.510368
842	166.069901	825.340454	6.481170	188.873611	0.000000	0.000000	7.125000	-99.506714	-480.795197
843	-120.352386	-321.860016	-58.598183	-185.981705	0.000000	0.000000	7.125000	36.233841	165.990829
844	-905.901611	-1061.720093	-142.804260	-149.845657	0.000000	0.000000	7.125000	337.162720	393.945068
845	516.429077	-1210.138184	82.384628	-173.412735	0.000000	0.000000	7.125000	-254.647552	548.316772
846	913.350769	-1003.552429	132.947449	-130.071381	0.000000	0.000000	7.125000	-278.335785	317.600800
847	-121.246124	1093.359863	-50.935722	178.889038	0.000000	0.000000	7.125000	145.558517	-446.107605
848	-776.989929	768.071899	-110.269325	126.742126	0.000000	0.000000	7.125000	224.753052	-295.742249
849	-1208.207031	861.750122	-149.491028	129.829269	0.000000	0.000000	7.125000	235.563065	-136.819489
850	1272.562500	628.533875	172.916382	113.750420	0.000000	0.000000	7.125000	-509.103333	-219.002014
851	-1015.705261	13.220915	-185.943085	0.361953	0.000000	0.000000	7.125000	339.636749	66.572319
852	277.128174	-1074.628418	25.770134	-178.134186	0.000000	0.000000	7.125000	-36.867229	426.882538
853	36.510891	1178.248291	9.920366	182.729004	0.000000	0.000000	7.125000	-43.825844	-391.552979
854	1087.121094	834.127014	142.357849	124.308105	0.000000	0.000000	7.125000	-390.552277	-281.590637
855	-178.426743	-890.847351	-44.159927	-168.287674	0.000000	0.000000	7.125000	140.327835	609.364441
856	-51.815155	341.608398	-25.137802	157.000214	0.000000	0.000000	7.125000	22.702568	-212.731445
857	534.237549	913.547974	52.174461	150.186432	0.000000	0.000000	7.125000	-102.839767	-417.065033
858	147.051208	-1215.659668	56.238327	-211.655151	0.000000	0.000000	7.125000	-126.870003	490.408813
859	-395.442047	631.688965	-80.824356	160.805145	0.000000	0.000000	7.125000	348.623047	-991.606079
860	-770.915955	-1205.986084	-100.256561	-191.277893	0.000000	0.000000	7.125000	147.179153	511.203796
861	964.817444	-919.227539	137.600815	-158.637833	0.000000	0.000000	7.125000	-284.235382	309.049622
862	-725.001831	-989.128906	-141.749390	-166.930206	0.000000	0.000000	7.125000	226.203186	323.967926
863	-1203.126221	-402.780823	-193.159302	-55.566109	0.000000	0.000000	7.125000	491.535095	103.135384
864	-920.237000	-815.846863	-132.388489	-112.908829	0.000000	0.000000	7.125000	328.982452	292.480835
865	-611.538025	-1348.806274	-92.039818	-178.679871	0.000000	0.000000	7.125000	185.368896	487.673187
866	1012.495239	-357.727997	175.946777	-19.238419	0.000000	0.000000	7.125000	-535.525085	24.245426
867	-52.000931	-205.331543	90.531166	-142.304749	0.000000	0.000000	7.125000	-16.181156	68.636879
868	65.385246	-1513.892822	7.272932	-218.873138	0.000000	0.000000	7.125000	-37.964325	557.265137
869	-248.345825	-2.583439	-144.286179	-143.644897	0.000000	0.000000	7.125000	15.178069	89.083817
870	995.662720	883.537964	150.292725	119.467041	0.000000	0.000000	7.125000	-394.268494	-258.976685
871	245.304504	-553.787903	94.093025	-139.162750	0.000000	0.000000	7.125000	-113.569351	132.739426
872	138.526947	-570.464539	39.611290	-160.173920	0.000000	0.000000	7.125000	-64.043701	142.862686
873	-647.525391	-1128.856201	-92.396378	-211.716568	0.000000	0.000000	7.125000	229.003448	476.189575
874	-134.569443	607.324036	-84.615555	162.262390	0.000000	0.000000	7.125000	129.341644	-244.087326
875	869.272156	366.066345	161.821640	63.946434	0.000000	0.000000	7.125000	-352.423828	-97.237373
876	860.619934	501.870117	154.847702	97.514503	0.000000	0.000000	7.125000	-267.306702	-99.721039
877	722.326050	-1003.189453	100.846436	-149.071609	0.000000	0.000000	7.125000	-187.048203	411.348297
878	961.165955	962.802917	133.714050	137.784073	0.000000	0.000000	7.125000	-304.255035	-317.570679
879	-200.861069	1038.557861	-32.239357	158.757233	0.000000	0.000000	7.125000	129.596680	-541.168762
880	-1296.431885	216.700195	-181.432465	52.850090	0.000000	0.000000	7.125000	610.318970	-76.108238
881	984.566956	959.918579	131.274277	131.767166	0.000000	0.000000	7.125000	-437.429382	-425.616028
882	-1008.376465	-26.017448	-161.289917	-15.038652	0.000000	0.000000	7.125000	428.947937	93.660873
883	-272.079346	162.337891	-79.588425	181.280716	0.000000	0.000000	7.125000	86.066895	-225.694580
884	-47.572281	1131.654785	1.686647	218.971725	0.000000	0.000000	7.125000	-59.333420	-463.550842
885	-1177.790527	-155.310211	-185.606049	-35.653526	0.000000	0.000000	7.125000	482.142395	81.781578
886	653.155457	269.979340	152.223404	90.315605	0.000000	0.000000	7.125000	-218.137863	-117.403519
887	876.722351	-566.260193	145.799774	-105.535477	0.000000	0.000000	7.125000	-269.200653	155.699936
888	900.612000	-1131.693115	145.535568	-138.634064	0.000000	0.000000	7.125000	-272.914795	265.421814
889	-240.086319	-612.760681	-41.293453	-162.845352	0.000000	0.000000	7.125000	65.513474	398.493805
890	845.789917	-481.867157	163.286804	-68.308777	0.000000	0.000000	7.125000	-414.508392	173.545578
891	1221.952759	594.644104	189.442596	75.672058	0.000000	0.000000	7.125000	-480.318268	-150.935303
892	-1077.263062	510.650879	-153.429794	81.987869	0.000000	0.000000	7.125000	462.793121	-172.431061
893	463.964050	1037.871460	79.428123	164.858383	0.000000	0.000000	7.125000	-161.763107	-410.515503
894	405.436523	-943.045837	62.671238	-175.122406	0.000000	0.000000	7.125000	-129.099075	425.572876
895	1262.959473	425.887329	206.021027	90.418503	0.000000	0.000000	7.125000	-445.813202	-179.676285
896	491.057861	970.864380	122.039108	159.709503	0.000000	0.000000	7.125000	-243.377274	-342.983795
897	68.529984	823.177063	50.777374	137.949615	0.000000	0.000000	7.125000	-83.307899	-320.366394
898	-633.240784	-878.054565	-72.141571	-155.029572	0.000000	0.000000	7.125000	77.605453	353.439575
899	-118.863342	821.832703	-24.536501	190.418777	0.000000	0.000000	7.125000	18.671015	-294.433319
900	990.048828	-86.525848	155.970016	3.038309	0.000000	0.000000	7.125000	-663.093201	-27.524466
901	-723.192383	347.362610	-174.518509	111.257126	0.000000	0.000000	7.125000	311.183624	-122.384277
902	-793.109558	-1159.974121	-106.139465	-149.067764	0.000000	0.000000	7.125000	249.530457	413.396332
903	1219.274902	-1315.078613	162.766647	-163.914642	0.000000	0.000000	7.125000	-398.961975	386.504974
904	-766.057861	-25.600569	-145.859665	-34.996819	0.000000	0.000000	7.125000	377.879608	91.033836
905	-545.124023	-1250.392212	-72.724594	-174.427719	0.000000	0.000000	7.125000	116.156883	509.109741
906	779.340210	-853.889893	138.265366	-149.995621	0.000000	0.000000	7.125000	-344.485413	302.003906
907	308.565125	798.503296	86.401962	151.031708	0.000000	0.000000	7.125000	-106.959900	-373.218781
908	1067.034546	-287.474121	166.247040	-40.034588	0.000000	0.000000	7.125000	-432.088379	84.036835
909	603.348572	213.867599	165.358948	71.013351	0.000000	0.000000	7.125000	-230.854492	-43.868195
910	-259.373444	-36.898571	2.808475	179.962662	0.000000	0.000000	7.125000	-38.320953	-268.274719
911	-698.810913	-770.221191	-143.611526	-153.208389	0.000000	0.000000	7.125000	284.165314	279.494629
912	-354.658875	1216.681396	-25.947403	229.525726	0.000000	0.000000	7.125000	-1.075231	-576.183472
913	-1070.976929	759.431213	-175.377686	109.916672	0.000000	0.000000	7.125000	371.713837	-137.326157
914	1378.086914	-29.946859	205.216217	27.036476	0.000000	0.000000	7.125000	-507.054565	-16.660223
915	158.593185	1359.512329	22.563726	199.729431	0.000000	0.000000	7.125000	-67.253723	-494.817993
916	-1072.393677	529.937256	-156.640747	94.556412	0.000000	0.000000	7.125000	609.128479	-244.258850
917	468.564972	-958.275574	106.651230	-194.702026	0.000000	0.000000	7.125000	-200.633743	381.784332
918	732.860535	171.388260	180.020325	82.380165	0.000000	0.000000	7.125000	-238.047073	-87.206390
919	-758.450745	879.594177	-91.006851	148.293304	0.000000	0.000000	7.125000	155.759323	-314.838898
920	-1097.571899	-216.689880	-170.746536	9.225055	0.000000	0.000000	7.125000	347.557068	2.893028
921	1183.551025	841.920715	180.363297	129.406769	0.000000	0.000000	7.125000	-486.705475	-263.897339
922	698.728516	46.962677	177.798874	63.730423	0.000000	0.000000	7.125000	-143.030991	-16.018305
923	164.669113	514.687012	101.134644	180.612228	0.000000	0.000000	7.125000	-196.720657	-338.665497
924	951.326660	-415.567474	146.604172	-43.759396	0.000000	0.000000	7.125000	-451.474548	104.188797
925	-546.715332	-247.457657	-205.183533	-26.330961	0.000000	0.000000	7.125000	333.675385	146.153671
926	1147.673340	114.380318	176.864822	33.418365	0.000000	0.000000	7.125000	-569.940979	-71.900620
927	461.545258	-462.567413	184.257706	-63.827789	0.000000	0.000000	7.125000	-317.249359	73.267052
928	111.770844	1090.164307	1.889016	221.980560	0.000000	0.000000	7.125000	-61.641167	-638.894592
929	-899.152344	-135.561737	-170.744110	-8.434095	0.000000	0.000000	7.125000	316.444244	74.678619
930	-238.478729	483.278809	-60.684361	172.633423	0.000000	0.000000	7.125000	55.877350	-223.515182
931	-114.941849	-299.073059	-212.987015	-27.911880	0.000000	0.000000	7.125000	68.320351	44.552788
932	5.298245	-1009.377380	-5.081071	-182.914749	0.000000	0.000000	7.125000	-26.712456	383.360779
933	503.087646	-478.983337	101.577675	-114.414764	0.000000	0.000000	7.125000	-223.350601	240.269501
934	341.361908	856.103760	66.122330	134.633667	0.000000	0.000000	7.125000	-156.419724	-384.313629
935	-694.200195	690.231079	-135.412811	109.265533	0.000000	0.000000	7.125000	388.683411	-288.340576
936	-122.500191	-1244.697754	-4.317369	-200.948715	0.000000	0.000000	7.125000	-12.460160	427.602966
937	281.160645	-781.905762	50.664047	-166.450775	0.000000	0.000000	7.125000	-122.043716	346.414276
938	382.814728	-715.443359	89.661118	-152.608475	0.000000	0.000000	7.125000	-183.057220	330.374725
939	1278.310547	461.647583	195.227600	68.776688	0.000000	0.000000	7.125000	-466.080688	-101.043510
940	267.874329	-638.473877	36.273666	-203.760269	0.000000	0.000000	7.125000	-14.379251	184.500793
941	-1081.172241	203.817886	-212.881699	6.172068	0.000000	0.000000	7.125000	456.166412	14.673474
942	765.739990	897.742249	120.767075	133.473770	0.000000	0.000000	7.125000	-293.853271	-315.569336
943	1182.324463	-227.451111	183.824875	-65.061363	0.000000	0.000000	7.125000	-478.053497	162.145203
944	534.663086	-893.633423	81.230583	-140.159119	0.000000	0.000000	7.125000	-189.176086	358.847412
945	818.174316	-688.252014	110.502640	-114.324402	0.000000	0.000000	7.125000	-296.394257	321.437256
946	981.721252	-746.107727	187.058228	-119.528732	0.000000	0.000000	7.125000	-310.801270	116.771889
947	536.747925	-602.058044	121.562836	-152.467255	0.000000	0.000000	7.125000	-201.341324	246.018433
948	-170.204208	-470.992706	-122.289757	-144.104095	0.000000	0.000000	7.125000	223.566483	273.258179
949	96.524658	-1177.565674	31.141701	-192.490173	0.000000	0.000000	7.125000	-95.229286	430.733307
950	-246.764618	620.309021	-102.645889	132.988251	0.000000	0.000000	7.125000	169.442673	-185.596909
951	1085.511353	802.814880	154.031647	124.409210	0.000000	0.000000	7.125000	-333.061096	-257.252014
952	659.056152	-291.642029	164.373352	-14.363686	0.000000	0.000000	7.125000	-267.089478	17.879606
953	-1189.110596	87.404152	-194.684525	-10.787615	0.000000	0.000000	7.125000	437.046448	70.355721
954	394.179413	1237.306152	61.916176	184.897324	0.000000	0.000000	7.125000	-109.431419	-471.931946
955	-754.486694	-760.182800	-136.152405	-108.336220	0.000000	0.000000	7.125000	162.213165	188.915894
956	-479.456238	-598.050293	-163.594849	-136.383362	0.000000	0.000000	7.125000	257.179138	194.183029
957	593.514404	-1098.164307	101.660797	-183.728653	0.000000	0.000000	7.125000	-224.963379	795.238953
958	-881.694092	226.763062	-162.287292	77.803474	0.000000	0.000000	7.125000	408.134613	-118.710251
959	-157.465103	1246.586914	-33.750458	216.377213	0.000000	0.000000	7.125000	35.660370	-571.351990
960	711.611877	-687.115845	144.584259	-126.304886	0.000000	0.000000	7.125000	-490.830170	474.554230
961	-1141.602051	201.837906	-197.483154	37.315018	0.000000	0.000000	7.125000	478.411591	-31.549538
962	210.361771	562.804688	51.619598	175.556976	0.000000	0.000000	7.125000	-105.906891	-291.813049
963	998.033997	1009.766907	123.310959	139.249420	0.000000	0.000000	7.125000	-353.994720	-398.773621
964	-1014.027954	-200.300827	-181.868439	-20.262566	0.000000	0.000000	7.125000	986.005005	172.363205
965	-1084.312500	-304.155884	-202.485352	-42.996284	0.000000	0.000000	7.125000	480.104828	103.911049
966	-793.293091	1120.489990	-107.116806	159.304703	0.000000	0.000000	7.125000	219.230591	-509.494781
967	-790.514587	1338.502808	-105.858063	191.704681	0.000000	0.000000	7.125000	219.888748	-530.192627
968	-36.612015	-635.383362	-45.055069	-158.727112	0.000000	0.000000	7.125000	5.711212	127.070572
969	27.399912	-1323.862549	-20.750202	-221.027313	0.000000	0.000000	7.125000	9.998233	630.757874
970	-350.681671	329.078705	-157.459091	66.628403	0.000000	0.000000	7.125000	349.971619	-77.216621
971	-362.471069	64.295166	-221.607361	12.615620	0.000000	0.000000	7.125000	231.876678	24.798124
972	937.220093	-961.997192	119.648590	-138.466690	0.000000	0.000000	7.125000	-266.391235	326.051086
973	144.265137	-927.303040	34.062664	-149.160080	0.000000	0.000000	7.125000	-100.583183	441.078705
974	740.821350	-1271.415405	94.606499	-200.818130	0.000000	0.000000	7.125000	-46.239368	246.105942
975	1282.821777	32.116562	203.968048	-3.602890	0.000000	0.000000	7.125000	-652.849792	17.347776
976	-537.285034	-1466.686523	-76.570908	-208.343124	0.000000	0.000000	7.125000	120.470009	570.339905
977	-993.523499	769.769104	-139.887451	122.586380	0.000000	0.000000	7.125000	222.500580	-217.180817
978	387.541534	1048.842163	64.188972	151.997528	0.000000	0.000000	7.125000	-153.313599	-429.758575
979	691.244629	802.280396	135.999512	122.446457	0.000000	0.000000	7.125000	-327.260742	-281.649689
980	-125.119179	1148.470825	-35.657864	228.218292	0.000000	0.000000	7.125000	1.829796	-597.318665
981	-988.735474	20.168293	-180.094147	66.557671	0.000000	0.000000	7.125000	354.919647	-114.551414
982	901.218567	-144.262741	184.142548	-42.570736	0.000000	0.000000	7.125000	-366.374786	98.786705
983	291.485382	-600.909119	88.989189	-190.143600	0.000000	0.000000	7.125000	-215.162231	303.142761
984	494.758575	-1404.943237	88.785294	-203.443390	0.000000	0.000000	7.125000	-199.798416	810.946655
985	-375.751007	1664.202148	-59.393112	247.986755	0.000000	0.000000	7.125000	83.441360	-586.674744
986	396.044006	585.109009	133.434204	177.420105	0.000000	0.000000	7.125000	-222.446182	-261.995911
987	5.851316	295.823059	-82.226196	144.859085	0.000000	0.000000	7.125000	64.997223	1.939024
988	599.129822	-954.436035	94.546356	-149.623245	0.000000	0.000000	7.125000	-157.150879	284.621246
989	201.505066	-56.691521	145.796585	-18.263779	0.000000	0.000000	7.125000	-163.169250	53.925617
990	-1064.539551	80.564644	-190.970810	19.757111	0.000000	0.000000	7.125000	314.508881	-3.981100
991	1072.192261	-52.869213	157.381226	-22.630238	0.000000	0.000000	7.125000	-505.087860	66.364708
992	-37.304096	-1254.365479	22.534332	-205.762482	0.000000	0.000000	7.125000	-120.313759	765.918457
993	-428.945496	-487.737061	-110.228439	-134.630295	0.000000	0.000000	7.125000	218.781815	247.471024
994	-1237.777222	-1073.623901	-170.620148	-146.675339	0.000000	0.000000	7.125000	424.172150	381.006531
995	-1171.766846	-185.135681	-191.822266	-8.093495	0.000000	0.000000	7.125000	479.371277	43.943626
996	1433.192261	-770.394592	190.524673	-101.703812	0.000000	0.000000	7.125000	-441.492493	135.759064
997	-852.456909	528.398010	-118.837646	101.062302	0.000000	0.000000	7.125000	269.147308	-203.816559
998	413.799744	681.701050	105.175476	138.614197	0.000000	0.000000	7.125000	-219.645523	-242.029541
999	-889.040833	-373.151642	-141.779541	-57.509933	0.000000	0.000000	7.125000	326.623199	142.405762
