node	a_force.x	a_force.y	g_force.x	g_force.y	r_force.x	r_force.y	global_speed	move_node.x	move_node.y
0	449.999512	-94.425392	141.340027	-13.674171	0.000000	0.000000	3.750000	-255.756607	12.934178
1	191.318054	493.179413	31.533787	126.117058	0.000000	0.000000	3.750000	-110.775581	-722.508545
2	-34.635578	-647.828979	-5.087392	-141.908829	0.000000	0.000000	3.750000	36.591259	745.676392
3	-360.178741	-733.570923	-62.273460	-127.616547	0.000000	0.000000	3.750000	319.455170	753.607849
4	200.784821	56.600075	109.529739	10.147379	0.000000	0.000000	3.750000	-401.149414	-81.828842
5	430.336334	-723.751953	55.524139	-117.545883	0.000000	0.000000	3.750000	-476.363831	878.803528
6	-835.284790	-327.252441	-118.741791	-47.795242	0.000000	0.000000	3.750000	1050.958374	394.644409
7	456.877563	828.352722	71.899933	110.698936	0.000000	0.000000	3.750000	-460.815430	-1105.591431
8	-183.043457	838.665405	-22.912342	138.112335	0.000000	0.000000	3.750000	175.463623	-1316.781006
9	3.890446	640.652527	20.700340	110.070366	0.000000	0.000000	3.750000	-133.323853	-905.741821
10	-9.685333	-269.042023	-10.665014	-121.531868	0.000000	0.000000	3.750000	88.281235	400.706360
11	-576.461914	670.281738	-79.845627	102.589417	0.000000	0.000000	3.750000	532.821106	-923.293274
12	831.230103	-49.552673	133.849884	-6.339440	0.000000	0.000000	3.750000	-589.006775	17.976805
13	-72.623703	-353.729065	-46.233810	-110.726967	0.000000	0.000000	3.750000	210.283768	238.473801
14	-832.339722	510.825623	-111.999741	73.566223	0.000000	0.000000	3.750000	1272.254272	-617.092834
15	908.623169	374.330200	126.151245	55.944279	0.000000	0.000000	3.750000	-1048.710327	-307.114990
16	-476.553650	87.852699	-124.952469	27.754688	0.000000	0.000000	3.750000	445.764771	-10.540521
17	-74.892220	622.936401	-27.046597	139.400269	0.000000	0.000000	3.750000	112.985680	-815.404053
18	385.016174	355.758698	66.866028	84.811157	0.000000	0.000000	3.750000	-452.894745	-608.322876
19	617.540161	-366.008209	102.633163	-54.059307	0.000000	0.000000	3.750000	-891.804932	365.552155
20	-459.103882	224.031891	-126.970215	36.090477	0.000000	0.000000	3.750000	573.431213	-122.542053
21	-189.816147	-404.997314	-56.184372	-103.763474	0.000000	0.000000	3.750000	389.897430	465.771271
22	765.394226	-490.401550	101.564240	-77.901901	0.000000	0.000000	3.750000	-815.195068	634.272766
23	-420.783264	-372.190918	-98.459435	-78.623985	0.000000	0.000000	3.750000	573.823303	492.507629
24	-706.917175	679.148315	-105.185265	95.394119	0.000000	0.000000	3.750000	696.927795	-695.644714
25	-599.085449	248.307922	-112.081261	36.902386	0.000000	0.000000	3.750000	744.624146	-218.379974
26	-831.505066	-185.547455	-145.756470	-55.597206	0.000000	0.000000	3.750000	1023.524780	416.033173
27	-12.218853	-785.530151	1.585244	-141.991089	0.000000	0.000000	3.750000	-55.705772	920.074585
28	592.099854	769.147583	80.049080	104.957329	0.000000	0.000000	3.750000	-559.090759	-1046.082397
29	8.158293	668.613281	-2.898743	113.963097	0.000000	0.000000	3.750000	67.591225	-948.766174
30	551.417175	-60.273933	125.700211	-8.678911	0.000000	0.000000	3.750000	-656.566528	-29.309547
31	218.048096	-731.573547	24.921547	-115.338219	0.000000	0.000000	3.750000	-152.115570	950.535461
32	-717.820435	-723.677002	-96.100174	-93.384766	0.000000	0.000000	3.750000	556.754578	667.917969
33	654.477234	423.475128	97.776085	69.568817	0.000000	0.000000	3.750000	-669.927673	-539.454895
34	585.950928	421.340942	108.474342	75.215088	0.000000	0.000000	3.750000	-707.281311	-526.815369
35	-770.378662	-648.235657	-95.107285	-88.626190	0.000000	0.000000	3.750000	1020.209351	920.457581
36	-525.985596	-150.678421	-129.889374	-40.304001	0.000000	0.000000	3.750000	699.845825	336.965179
37	-216.374359	-674.992676	-42.040504	-116.655869	0.000000	0.000000	3.750000	273.996643	702.457153
38	191.978363	197.317947	70.406204	81.896027	0.000000	0.000000	3.750000	-347.889221	-378.807556
39	15.564510	611.469971	-8.752149	151.746613	0.000000	0.000000	3.750000	-50.276527	-720.549011
40	-22.304405	293.231689	-3.604321	131.950684	0.000000	0.000000	3.750000	0.827911	-590.998779
41	-234.348175	321.611053	-89.590218	94.198997	0.000000	0.000000	3.750000	361.191528	-476.762726
42	-786.795715	562.606140	-102.968575	79.356369	0.000000	0.000000	3.750000	890.842651	-554.139832
43	368.629242	614.466675	59.712811	82.694489	0.000000	0.000000	3.750000	-560.218262	-741.694580
44	622.490784	-474.158936	98.679626	-75.088760	0.000000	0.000000	3.750000	-686.335083	472.326477
45	607.900330	153.366745	115.368179	33.014439	0.000000	0.000000	3.750000	-559.174866	-245.588989
46	570.544922	-214.775009	114.385696	-69.798958	0.000000	0.000000	3.750000	-658.245728	352.376678
47	255.065125	517.126099	54.839142	126.635941	0.000000	0.000000	3.750000	-287.248230	-714.431641
48	-215.998505	-206.130646	-112.712685	-64.773796	0.000000	0.000000	3.750000	341.328186	232.367477
49	-26.631639	-607.973572	0.232979	-117.999680	0.000000	0.000000	3.750000	45.048504	669.354248
50	-674.328125	133.242401	-127.592857	10.200764	0.000000	0.000000	3.750000	811.571899	-99.368408
51	-643.992126	-161.686172	-135.089264	-43.756508	0.000000	0.000000	3.750000	626.842896	280.436249
52	806.256897	207.376678	119.203178	34.155312	0.000000	0.000000	3.750000	-998.195312	-224.003723
53	133.188370	235.234344	86.420135	91.692566	0.000000	0.000000	3.750000	-57.317200	-76.664276
54	-285.810730	-780.207275	-58.104744	-116.291962	0.000000	0.000000	3.750000	502.245911	896.509949
55	-203.226425	420.832458	-46.269527	84.113495	0.000000	0.000000	3.750000	279.358673	-684.122559
56	432.597229	366.055847	99.711151	86.487442	0.000000	0.000000	3.750000	-205.613281	-162.238647
57	-168.683090	685.430115	-37.225807	132.884308	0.000000	0.000000	3.750000	170.117188	-636.516113
58	160.156876	-600.853699	27.386536	-120.937851	0.000000	0.000000	3.750000	-99.426971	666.526184
59	441.757629	-357.968567	117.634712	-99.369904	0.000000	0.000000	3.750000	-320.864838	123.579002
60	-78.358612	-344.088654	-49.181751	-126.793724	0.000000	0.000000	3.750000	151.990448	269.506744
61	696.051392	-406.856934	90.172943	-59.437508	0.000000	0.000000	3.750000	-953.012817	501.922699
62	616.439880	218.100388	139.592377	42.773067	0.000000	0.000000	3.750000	-834.436768	-436.231110
63	763.706543	-579.926453	99.897499	-76.788315	0.000000	0.000000	3.750000	-1020.544128	608.777893
64	-956.346558	-12.390122	-137.773560	-7.902357	0.000000	0.000000	3.750000	1171.461304	54.700916
65	-368.941101	-628.605530	-53.511879	-107.407959	0.000000	0.000000	3.750000	345.466644	805.083740
66	-866.934631	111.893219	-128.234970	21.349316	0.000000	0.000000	3.750000	1138.643433	-196.980545
67	71.930809	810.891663	21.434586	122.133286	0.000000	0.000000	3.750000	-104.628433	-989.587830
68	-508.755676	-464.823853	-81.850410	-95.794083	0.000000	0.000000	3.750000	561.943787	626.593384
69	12.266658	3.333570	115.709381	6.539701	0.000000	0.000000	3.750000	-45.272808	-87.450874
70	-503.480042	656.350220	-72.022148	108.224976	0.000000	0.000000	3.750000	378.538574	-905.299988
71	-270.114838	874.317871	-55.488174	119.770111	0.000000	0.000000	3.750000	258.026855	-1122.965698
72	251.730072	467.265747	63.127941	133.860489	0.000000	0.000000	3.750000	-209.080658	-570.714661
73	500.637787	-596.922241	74.771530	-108.780594	0.000000	0.000000	3.750000	-455.290039	672.385864
74	710.824280	-235.679825	109.902168	-37.114861	0.000000	0.000000	3.750000	-899.316711	283.994354
75	161.388885	-228.301437	41.514084	-101.814774	0.000000	0.000000	3.750000	-10.436650	43.290703
76	606.554199	-108.253326	143.943115	4.007165	0.000000	0.000000	3.750000	-706.848694	-121.350800
77	154.241241	0.621754	125.203590	-13.881658	0.000000	0.000000	3.750000	-242.716675	-113.779572
78	-715.657898	177.649597	-127.600662	10.102889	0.000000	0.000000	3.750000	888.901672	-89.899605
79	223.693710	-719.573547	38.629250	-124.127434	0.000000	0.000000	3.750000	-141.773712	1012.775818
80	-777.307434	626.403320	-90.850365	84.393112	0.000000	0.000000	3.750000	507.738403	-530.872681
81	-337.404663	-708.193970	-49.138885	-98.414139	0.000000	0.000000	3.750000	368.427002	981.788574
82	-19.710478	635.973511	14.451239	115.096313	0.000000	0.000000	3.750000	-101.974907	-894.789185
83	719.116455	440.007812	110.320290	60.871941	0.000000	0.000000	3.750000	-902.670105	-394.327759
84	823.547302	-43.404701	115.953667	3.278066	0.000000	0.000000	3.750000	-1112.729492	-68.012276
85	-529.687988	-492.062378	-97.112083	-106.326050	0.000000	0.000000	3.750000	742.407104	885.910706
86	-128.282532	31.551615	-124.793556	54.058151	0.000000	0.000000	3.750000	269.296661	-153.511536
87	-466.954224	-796.292236	-65.077682	-107.892975	0.000000	0.000000	3.750000	578.399353	970.941284
88	-348.910187	679.156372	-57.984367	100.465698	0.000000	0.000000	3.750000	117.572174	-676.142029
89	-516.674927	-432.035309	-76.585358	-81.723175	0.000000	0.000000	3.750000	668.064514	661.483337
90	-337.973541	305.669067	-70.923645	78.775894	0.000000	0.000000	3.750000	334.526520	-562.301575
91	48.247211	-893.843628	4.771417	-131.913666	0.000000	0.000000	3.750000	-92.227974	1011.237793
92	-456.719940	-670.649231	-63.173935	-99.664688	0.000000	0.000000	3.750000	520.897644	760.501282
93	78.309708	-419.687286	27.857555	-141.279724	0.000000	0.000000	3.750000	-108.152679	501.599304
94	223.475113	-645.818604	35.895203	-110.303955	0.000000	0.000000	3.750000	-10.003471	637.813354
95	-213.476807	142.326019	-72.546768	87.935989	0.000000	0.000000	3.750000	214.889832	-337.145325
96	-808.458435	233.360611	-120.230896	49.441765	0.000000	0.000000	3.750000	841.819641	-256.716644
97	249.006790	263.650299	70.866425	96.839813	0.000000	0.000000	3.750000	-356.765594	-473.371796
98	109.922577	289.560303	-17.640755	126.778236	0.000000	0.000000	3.750000	25.252777	-145.234894
99	-169.739685	6.468168	-118.400429	-19.523891	0.000000	0.000000	3.750000	443.539368	121.339890
100	-647.495728	334.949646	-103.914261	46.880646	0.000000	0.000000	3.750000	927.810181	-309.990356
101	443.849030	-0.416100	127.898743	5.063087	0.000000	0.000000	3.750000	-591.917053	-115.819290
102	-499.322083	896.950500	-78.704010	120.588341	0.000000	0.000000	3.750000	445.569702	-976.366211
103	-52.293594	58.183578	58.342361	-113.894203	0.000000	0.000000	3.750000	-45.106884	19.074865
104	797.174316	325.772369	125.248260	66.909409	0.000000	0.000000	3.750000	-509.790649	-245.204651
105	368.517853	-577.332886	37.152000	-107.775543	0.000000	0.000000	3.750000	-108.440315	785.130737
106	-169.091537	-666.860291	-30.356632	-132.568634	0.000000	0.000000	3.750000	229.432251	791.898438
107	-517.376587	148.135635	-98.547104	48.871876	0.000000	0.000000	3.750000	431.191589	-231.807358
108	-461.831543	444.483795	-92.516891	76.423233	0.000000	0.000000	3.750000	826.651611	-917.505493
109	685.904175	463.233307	94.732025	66.946442	0.000000	0.000000	3.750000	-935.528931	-575.950073
110	763.043579	-207.701462	134.462219	-45.649773	0.000000	0.000000	3.750000	-894.957581	333.527435
111	-86.031883	-760.349792	-13.697361	-115.188461	0.000000	0.000000	3.750000	128.971252	1023.025146
112	-799.825684	-630.469788	-97.942291	-88.494507	0.000000	0.000000	3.750000	1423.397583	1018.503479
113	340.199860	67.035156	103.837006	5.692172	0.000000	0.000000	3.750000	-287.235168	-165.248474
114	332.131653	-622.375244	42.577591	-110.050034	0.000000	0.000000	3.750000	-231.677185	1172.118408
115	625.458679	375.456360	91.062500	45.952316	0.000000	0.000000	3.750000	-986.816711	-421.181366
116	471.303314	360.606201	88.163521	65.780777	0.000000	0.000000	3.750000	-519.247498	-510.637146
117	-411.872070	-776.389404	-56.842209	-114.686081	0.000000	0.000000	3.750000	354.722717	1020.675171
118	262.751190	567.973450	62.402271	118.583084	0.000000	0.000000	3.750000	-347.060394	-711.459167
119	-11.593719	59.817215	-134.838715	24.450165	0.000000	0.000000	3.750000	98.105057	-127.914032
120	-148.800232	-625.956726	-9.523500	-105.571312	0.000000	0.000000	3.750000	58.908501	583.557983
121	303.804321	841.897461	55.018044	139.545303	0.000000	0.000000	3.750000	-278.338043	-1034.231079
122	-457.174255	625.303589	-69.651878	95.249115	0.000000	0.000000	3.750000	392.004181	-955.535400
123	22.857920	-110.675972	81.174530	-101.541313	0.000000	0.000000	3.750000	-90.208916	100.333824
124	86.448906	197.707352	133.778107	-7.347217	0.000000	0.000000	3.750000	-248.769714	-66.370049
125	-321.534058	-168.174911	-109.500534	-10.462334	0.000000	0.000000	3.750000	536.517761	142.769394
126	767.069946	391.016785	111.100037	71.279449	0.000000	0.000000	3.750000	-764.188599	-554.730103
127	-30.796473	747.368347	1.413188	127.992172	0.000000	0.000000	3.750000	-40.263306	-1025.266113
128	511.796387	-583.812622	81.813385	-85.032761	0.000000	0.000000	3.750000	-939.970032	996.265198
129	-240.928040	-262.563141	-110.229202	-52.279610	0.000000	0.000000	3.750000	258.293518	87.637909
130	-237.093140	-210.459412	-110.882332	-67.859711	0.000000	0.000000	3.750000	517.277588	393.138062
131	-480.318665	-586.155029	-71.587639	-93.804092	0.000000	0.000000	3.750000	596.148804	751.789001
132	-913.365479	-4.203428	-147.133957	-15.975754	0.000000	0.000000	3.750000	914.623779	-66.272469
133	-612.234619	496.210510	-97.213974	63.285057	0.000000	0.000000	3.750000	195.819901	-128.106354
134	-592.540894	214.291229	-133.031967	49.663757	0.000000	0.000000	3.750000	689.279480	-227.961014
135	-423.101562	457.290955	-103.035004	79.269356	0.000000	0.000000	3.750000	539.319702	-537.170532
136	300.709106	656.407715	55.115108	106.593933	0.000000	0.000000	3.750000	-373.150024	-989.912659
137	0.380816	694.698975	17.375557	104.566086	0.000000	0.000000	3.750000	-99.045364	-1191.068848
138	370.345428	-559.199097	55.359859	-88.041382	0.000000	0.000000	3.750000	-526.243835	851.576355
139	-289.505981	-409.321411	-65.733047	-123.605492	0.000000	0.000000	3.750000	340.582764	390.363617
140	174.884460	599.637817	65.377167	123.794785	0.000000	0.000000	3.750000	-198.557861	-276.283936
141	687.625610	-104.306793	132.917404	-16.997860	0.000000	0.000000	3.750000	-568.170166	64.304176
142	-140.163727	-433.014404	-48.897713	-122.608353	0.000000	0.000000	3.750000	312.335052	585.765076
143	-166.358902	-540.948730	-54.645790	-95.466408	0.000000	0.000000	3.750000	278.515015	475.473480
144	162.004089	405.790100	3.907164	137.944382	0.000000	0.000000	3.750000	-69.261848	-714.214966
145	333.135254	650.122803	61.697529	116.693451	0.000000	0.000000	3.750000	-371.013397	-868.655640
146	-630.898987	578.268250	-90.621475	84.638443	0.000000	0.000000	3.750000	318.779388	-350.207397
147	684.200623	-393.807098	101.897247	-70.660690	0.000000	0.000000	3.750000	-898.037781	536.530457
148	-427.564575	-759.878845	-46.524799	-119.245300	0.000000	0.000000	3.750000	419.190277	1089.907959
149	933.901855	149.607697	135.295715	13.822704	0.000000	0.000000	3.750000	-1061.666260	-99.090645
150	247.103302	-648.463257	57.385696	-125.501633	0.000000	0.000000	3.750000	-475.481293	731.055969
151	-424.993683	-320.764221	-109.031921	-67.051804	0.000000	0.000000	3.750000	717.299500	564.452698
152	-677.671143	486.767853	-95.583572	75.813965	0.000000	0.000000	3.750000	814.133789	-542.622437
153	-402.033112	758.781982	-70.160660	118.832405	0.000000	0.000000	3.750000	308.671295	-952.029541
154	711.404663	394.670898	117.426651	55.776100	0.000000	0.000000	3.750000	-942.211182	-404.172791
155	-746.726685	216.831238	-145.571136	11.170786	0.000000	0.000000	3.750000	502.084259	-3.083815
156	-78.886452	866.715027	-27.052980	129.197937	0.000000	0.000000	3.750000	152.883743	-1162.596313
157	817.975220	500.281128	111.703033	74.016235	0.000000	0.000000	3.750000	-1018.125000	-554.120361
158	-500.776978	-291.005951	-114.004715	-97.482941	0.000000	0.000000	3.750000	533.031616	471.041962
159	-689.392822	493.306122	-98.354736	65.194305	0.000000	0.000000	3.750000	1399.786499	-671.377686
160	-726.233887	321.002258	-106.758682	50.265083	0.000000	0.000000	3.750000	1033.341675	-435.091797
161	192.918823	-607.165649	40.313423	-117.263535	0.000000	0.000000	3.750000	-91.715927	513.753235
162	168.771729	72.527664	120.396324	54.092659	0.000000	0.000000	3.750000	-223.035202	-206.825867
163	-191.961517	770.905518	-35.738789	112.457497	0.000000	0.000000	3.750000	206.500107	-989.251892
164	142.161835	-369.046814	46.535065	-121.385666	0.000000	0.000000	3.750000	-155.889572	432.625061
165	-162.226074	-547.345886	-27.212669	-131.207611	0.000000	0.000000	3.750000	180.740982	670.350098
166	-62.473557	493.041992	28.039509	137.163345	0.000000	0.000000	3.750000	-115.043816	-601.453796
167	-80.031891	342.738068	35.134491	121.000183	0.000000	0.000000	3.750000	-187.030212	-389.031525
168	25.102932	650.510864	-2.390100	127.977669	0.000000	0.000000	3.750000	28.933355	-866.415039
169	7.205877	16.798765	-19.689119	-126.456070	0.000000	0.000000	3.750000	280.537262	344.622742
170	-21.564377	323.544037	23.530783	117.670212	0.000000	0.000000	3.750000	-97.072861	-415.141235
171	540.431519	686.539429	80.326004	78.049530	0.000000	0.000000	3.750000	-765.420715	-803.082520
172	351.742462	778.410583	42.873459	122.726646	0.000000	0.000000	3.750000	-285.492889	-1096.021851
173	368.813354	815.397156	63.796898	113.268852	0.000000	0.000000	3.750000	-379.759399	-1057.965576
174	-346.690125	559.738525	-76.695221	94.877388	0.000000	0.000000	3.750000	399.835266	-692.922119
175	439.601624	-279.756439	107.328506	-80.228134	0.000000	0.000000	3.750000	-616.330933	401.428589
176	-117.298325	-349.548279	7.481306	-121.768333	0.000000	0.000000	3.750000	31.633041	280.252350
177	-60.729668	-592.323303	-6.880362	-113.792175	0.000000	0.000000	3.750000	34.579582	886.917114
178	600.655396	580.772705	91.892075	80.248657	0.000000	0.000000	3.750000	-833.003174	-745.311401
179	889.664307	-23.450897	125.647087	-9.423593	0.000000	0.000000	3.750000	-965.172607	89.727440
180	-448.378937	-183.900787	-115.570145	-32.303886	0.000000	0.000000	3.750000	862.069031	255.288589
181	266.746521	427.002747	64.574280	86.568695	0.000000	0.000000	3.750000	-432.367615	-672.065369
182	-794.589783	-465.899780	-105.348526	-76.168808	0.000000	0.000000	3.750000	907.240662	636.664917
183	-367.866882	146.985580	-96.683311	56.536118	0.000000	0.000000	3.750000	235.078079	-164.186142
184	-649.233032	480.147583	-85.162735	63.113266	0.000000	0.000000	3.750000	865.791443	-520.842651
185	-847.690918	124.816254	-126.872391	16.952400	0.000000	0.000000	3.750000	1167.899292	-98.088875
186	65.092552	829.563843	3.236198	125.958298	0.000000	0.000000	3.750000	31.189407	-745.272827
187	-71.069656	-669.517273	-0.719118	-121.997856	0.000000	0.000000	3.750000	-17.282648	745.691711
188	593.532593	-480.025818	106.760513	-70.612968	0.000000	0.000000	3.750000	-865.593140	588.765381
189	-769.808350	-770.199402	-111.888565	-105.815628	0.000000	0.000000	3.750000	848.195312	770.262085
190	-760.008179	552.439636	-99.585419	80.415985	0.000000	0.000000	3.750000	951.009949	-684.870483
191	-174.381119	147.167542	-79.549591	87.121071	0.000000	0.000000	3.750000	68.968407	-175.291382
192	-348.716644	765.563354	-66.467178	104.679977	0.000000	0.000000	3.750000	284.536560	-801.245422
193	152.085571	-624.690002	44.763817	-117.779205	0.000000	0.000000	3.750000	-119.079765	820.355164
194	481.624023	274.490845	130.397980	56.215771	0.000000	0.000000	3.750000	-713.204895	-408.976562
195	143.193451	951.454163	28.725800	132.931656	0.000000	0.000000	3.750000	-275.157135	-1457.698608
196	-728.714966	-222.668030	-96.473015	-48.548355	0.000000	0.000000	3.750000	1060.071777	437.016785
197	200.365402	-583.450928	47.001915	-108.234970	0.000000	0.000000	3.750000	-348.848236	986.997192
198	-120.591003	-895.016113	-10.027438	-131.618530	0.000000	0.000000	3.750000	36.760235	1126.644165
199	330.110565	69.552246	121.992493	-1.348265	0.000000	0.000000	3.750000	-448.885406	-41.906567
200	760.149597	432.269806	121.641495	65.171677	0.000000	0.000000	3.750000	-725.612061	-390.044403
201	-801.526611	-142.091187	-115.880356	-31.172359	0.000000	0.000000	3.750000	1160.024414	400.824005
202	145.627579	171.233917	122.760834	53.719101	0.000000	0.000000	3.750000	-432.784210	-217.837784
203	58.705330	138.253952	118.294968	53.587357	0.000000	0.000000	3.750000	-49.947636	-170.837341
204	509.143829	225.332886	107.172287	53.982391	0.000000	0.000000	3.750000	-685.533752	-337.018433
205	227.304672	853.723145	50.983475	123.921661	0.000000	0.000000	3.750000	-263.454987	-966.480591
206	29.780718	-698.412415	6.521776	-117.819626	0.000000	0.000000	3.750000	-75.059044	914.475891
207	-182.855835	513.612122	-36.943184	122.552002	0.000000	0.000000	3.750000	232.214081	-588.639221
208	-791.940002	-784.407593	-106.217255	-94.243027	0.000000	0.000000	3.750000	753.891663	461.165833
209	549.960510	393.573303	85.780045	62.271851	0.000000	0.000000	3.750000	-750.350037	-554.768372
210	288.729919	-34.013107	117.654984	-8.926820	0.000000	0.000000	3.750000	-165.570786	-37.764484
211	373.925018	462.730042	85.636917	78.234856	0.000000	0.000000	3.750000	-167.461197	-155.779236
212	363.441681	-325.228851	112.676636	-46.775650	0.000000	0.000000	3.750000	-641.293945	227.985367
213	421.597839	-516.193298	82.924271	-75.283188	0.000000	0.000000	3.750000	-709.039124	584.389404
214	-338.958191	-45.289318	-129.277252	26.153778	0.000000	0.000000	3.750000	78.784042	6.427829
215	395.811218	-603.011108	103.405457	-103.069427	0.000000	0.000000	3.750000	-493.149963	493.272675
216	-529.552246	457.200439	-93.657166	90.156998	0.000000	0.000000	3.750000	540.337036	-632.655273
217	371.790619	817.401855	63.440655	129.271667	0.000000	0.000000	3.750000	-356.211395	-981.894165
218	-329.083466	-479.788300	-65.691971	-107.519104	0.000000	0.000000	3.750000	453.020081	537.630127
219	-257.366272	-708.061157	-44.570206	-130.604355	0.000000	0.000000	3.750000	275.686707	798.045044
220	647.094604	-866.900085	88.470161	-108.503342	0.000000	0.000000	3.750000	-599.471497	951.712036
221	-735.452698	-169.043747	-108.004028	-20.859768	0.000000	0.000000	3.750000	1010.712769	190.297348
222	-694.248535	-152.776550	-120.185249	-20.949162	0.000000	0.000000	3.750000	184.803864	33.931389
223	-421.258972	-510.850952	-65.837692	-69.866974	0.000000	0.000000	3.750000	696.016785	673.389221
224	-37.921852	-929.804688	0.925983	-137.996887	0.000000	0.000000	3.750000	-18.793419	1143.459839
225	657.772949	-521.897156	97.380524	-73.491730	0.000000	0.000000	3.750000	-870.833618	659.787659
226	-18.453377	293.468781	25.266491	115.259750	0.000000	0.000000	3.750000	-121.505684	-309.668854
227	600.589844	-341.869049	95.484192	-54.614487	0.000000	0.000000	3.750000	-819.039001	368.080688
228	-758.419922	279.913879	-107.154648	49.414585	0.000000	0.000000	3.750000	1632.763306	-448.654236
229	-79.853607	-53.340614	-63.167141	-111.229164	0.000000	0.000000	3.750000	54.998001	-18.302608
230	-507.931885	-535.892578	-76.708893	-87.015701	0.000000	0.000000	3.750000	630.243835	641.159790
231	563.512695	-181.044601	133.336548	-26.782589	0.000000	0.000000	3.750000	-761.664368	96.530418
232	880.086304	-119.919220	137.029221	-16.339718	0.000000	0.000000	3.750000	-1131.225708	97.810448
233	-410.708496	-329.760468	-83.863724	-88.604836	0.000000	0.000000	3.750000	616.822388	553.021729
234	285.486389	516.517273	77.763916	86.073929	0.000000	0.000000	3.750000	-390.633514	-512.052673
235	-206.338440	178.495102	-96.255783	90.324738	0.000000	0.000000	3.750000	122.799278	-118.439980
236	418.088226	-185.936310	125.525864	-25.044954	0.000000	0.000000	3.750000	-653.654175	144.051834
237	894.201294	648.509033	118.434357	88.754181	0.000000	0.000000	3.750000	-841.454651	-613.680542
238	705.452332	-633.660522	102.493317	-98.279587	0.000000	0.000000	3.750000	-431.491028	324.590363
239	905.487671	-192.849487	131.080963	-27.816572	0.000000	0.000000	3.750000	-1135.605713	170.527130
240	-533.257507	683.670532	-78.780960	95.757515	0.000000	0.000000	3.750000	510.297272	-808.837402
241	178.625641	538.191284	45.854263	115.209122	0.000000	0.000000	3.750000	-128.914597	-527.857544
242	75.476784	-59.355907	114.180511	-66.232941	0.000000	0.000000	3.750000	-166.064636	72.119278
243	832.830750	185.453690	117.344849	25.103539	0.000000	0.000000	3.750000	-1015.961731	-233.540543
244	-476.842773	25.637934	-113.169975	-13.731000	0.000000	0.000000	3.750000	774.895691	43.332664
245	-816.498901	-103.798889	-128.972656	-28.107941	0.000000	0.000000	3.750000	1071.342529	228.952347
246	272.056976	805.944824	57.553604	129.812698	0.000000	0.000000	3.750000	-222.576538	-808.696045
247	591.534180	321.459503	116.094101	37.498779	0.000000	0.000000	3.750000	-933.812500	-308.958649
248	-346.129456	-584.389160	-64.542877	-101.164124	0.000000	0.000000	3.750000	632.126770	816.531311
249	499.017181	711.409241	75.018028	83.164261	0.000000	0.000000	3.750000	-625.242981	-723.380981
250	544.478149	-334.379852	108.747002	-45.804588	0.000000	0.000000	3.750000	-806.218994	263.461731
251	-170.222229	130.078644	14.556068	127.167587	0.000000	0.000000	3.750000	-69.010986	-295.959076
252	425.673431	-47.560024	107.420837	-11.159206	0.000000	0.000000	3.750000	-481.810272	-28.645124
253	-262.942383	416.599182	-50.851772	115.282524	0.000000	0.000000	3.750000	272.775543	-708.500183
254	76.035568	-241.334793	87.046532	-104.468124	0.000000	0.000000	3.750000	-82.738823	33.334049
255	-755.028687	403.224304	-103.124405	65.187004	0.000000	0.000000	3.750000	769.586182	-436.054535
256	-434.447418	386.459778	-92.482483	82.599854	0.000000	0.000000	3.750000	376.359314	-457.270660
257	-92.674881	608.507019	-15.405055	112.954224	0.000000	0.000000	3.750000	60.824821	-899.989380
258	-639.106812	-63.058666	-123.441727	-25.259007	0.000000	0.000000	3.750000	589.839966	59.920994
259	-138.801895	-273.449829	-32.342976	-113.480873	0.000000	0.000000	3.750000	136.386398	352.717529
260	752.759521	131.642822	127.746635	8.049592	0.000000	0.000000	3.750000	-814.383850	-75.616409
261	457.541779	91.875893	137.919205	24.038158	0.000000	0.000000	3.750000	-581.853516	-196.544128
262	-340.998108	239.086838	-123.031464	82.232269	0.000000	0.000000	3.750000	191.694122	-283.117371
263	-607.376709	272.804779	-114.109955	48.527225	0.000000	0.000000	3.750000	777.081421	-263.790863
264	344.703766	-763.542725	65.164047	-114.793877	0.000000	0.000000	3.750000	-523.371399	1026.943604
265	180.400436	368.602631	90.329521	84.950302	0.000000	0.000000	3.750000	-340.831238	-299.160309
266	-297.032806	-692.094055	-27.928930	-129.011017	0.000000	0.000000	3.750000	218.321136	697.113525
267	-548.764038	-565.621216	-94.856354	-76.722046	0.000000	0.000000	3.750000	807.733276	656.924561
268	133.598724	159.089767	104.980347	101.455109	0.000000	0.000000	3.750000	-102.187836	-121.803436
269	708.987244	-497.765045	100.551659	-79.204536	0.000000	0.000000	3.750000	-858.333130	625.541382
270	703.242065	-670.757141	87.195297	-88.164482	0.000000	0.000000	3.750000	-723.659180	678.734802
271	607.340942	-324.088379	98.861725	-56.764790	0.000000	0.000000	3.750000	-1049.757202	364.465576
272	304.552063	-287.094208	106.339645	-67.586060	0.000000	0.000000	3.750000	-467.853363	272.391022
273	-554.570801	595.046326	-85.376205	78.529266	0.000000	0.000000	3.750000	381.354706	-323.445435
274	586.006470	154.696457	129.152359	27.269276	0.000000	0.000000	3.750000	-748.572815	-211.488266
275	-567.950439	405.747528	-111.029968	63.685516	0.000000	0.000000	3.750000	572.560059	-186.490250
276	-766.480774	842.187073	-102.219498	104.245651	0.000000	0.000000	3.750000	951.114990	-872.970215
277	-534.419800	-138.496628	-125.963791	-22.740263	0.000000	0.000000	3.750000	651.561096	108.449608
278	-55.415169	-258.819122	12.710269	-135.404022	0.000000	0.000000	3.750000	-27.733416	217.619125
279	-781.075073	-348.310883	-111.648453	-66.592964	0.000000	0.000000	3.750000	933.314819	538.789856
280	-112.769974	447.284424	-37.017723	118.345528	0.000000	0.000000	3.750000	158.326736	-500.738831
281	635.681885	668.026123	94.710983	94.793350	0.000000	0.000000	3.750000	-780.407715	-970.825684
282	415.298187	-732.965820	64.289780	-101.325241	0.000000	0.000000	3.750000	-504.048248	970.162476
283	-643.049377	-244.184875	-102.025146	-28.754826	0.000000	0.000000	3.750000	897.196777	343.533264
284	58.010212	-921.958557	24.357803	-135.833344	0.000000	0.000000	3.750000	-194.819260	1160.084473
285	1.566849	49.757488	77.555176	96.717072	0.000000	0.000000	3.750000	-49.687775	-240.219070
286	-728.079773	0.198955	-107.553703	-9.808002	0.000000	0.000000	3.750000	969.779541	50.925343
287	436.605865	536.268982	96.596207	77.750565	0.000000	0.000000	3.750000	-653.750671	-604.874878
288	459.141510	672.624207	66.785065	87.405594	0.000000	0.000000	3.750000	-537.844971	-851.014587
289	16.159967	304.382782	72.856567	76.992828	0.000000	0.000000	3.750000	-325.754395	-374.179260
290	-122.284775	637.815918	-6.674372	125.823097	0.000000	0.000000	3.750000	51.660999	-894.834656
291	-511.525391	190.659302	-134.134445	46.603989	0.000000	0.000000	3.750000	596.727295	-205.766571
292	286.166412	-6.669391	115.487785	10.851379	0.000000	0.000000	3.750000	-448.008728	-177.272736
293	-731.928650	-501.246765	-106.801529	-58.969582	0.000000	0.000000	3.750000	1060.817261	481.200928
294	569.343689	-568.183594	84.440315	-82.424507	0.000000	0.000000	3.750000	-294.875244	299.916229
295	-71.125778	-313.019806	-4.962132	-107.882706	0.000000	0.000000	3.750000	98.172890	332.942444
296	671.367920	-280.803345	122.702744	-58.651752	0.000000	0.000000	3.750000	-679.349976	292.837067
297	-559.095398	139.956604	-111.744141	43.740639	0.000000	0.000000	3.750000	796.010803	-278.322662
298	-389.499725	-310.093323	-60.053162	-103.892273	0.000000	0.000000	3.750000	383.248566	601.541321
299	-749.611938	725.849670	-97.391449	89.100388	0.000000	0.000000	3.750000	971.473328	-754.484680
300	-499.875244	242.440918	-125.124832	26.969814	0.000000	0.000000	3.750000	460.072052	-31.491426
301	-129.433899	-350.158691	4.344095	-133.929443	0.000000	0.000000	3.750000	-24.272385	462.041656
302	-831.725586	-285.359314	-118.265823	-43.464706	0.000000	0.000000	3.750000	1132.900879	345.461426
303	-657.001587	433.307312	-87.239304	67.002235	0.000000	0.000000	3.750000	708.834167	-573.187683
304	-439.365997	252.166290	-96.924500	67.302612	0.000000	0.000000	3.750000	702.526917	-475.179321
305	-147.402939	440.035522	-24.656013	107.201035	0.000000	0.000000	3.750000	98.301384	-589.820740
306	48.714546	599.626587	-11.496263	137.520264	0.000000	0.000000	3.750000	18.757551	-840.770081
307	-351.808807	-526.109070	-67.037231	-97.107864	0.000000	0.000000	3.750000	518.929504	601.017639
308	-448.355713	-335.408020	-97.222206	-76.966415	0.000000	0.000000	3.750000	507.858276	442.162933
309	-195.502823	-665.851135	-24.679771	-129.672134	0.000000	0.000000	3.750000	195.399017	750.712158
310	-24.825436	824.303833	-21.010723	132.342407	0.000000	0.000000	3.750000	84.826477	-986.073669
311	57.187260	-662.208252	-5.275109	-133.894684	0.000000	0.000000	3.750000	147.159866	659.619263
312	-456.067169	509.233582	-115.145096	92.980087	0.000000	0.000000	3.750000	970.325562	-1075.518677
313	645.199158	239.223618	108.146347	41.956558	0.000000	0.000000	3.750000	-922.548767	-301.509918
314	630.188110	722.284180	100.967087	85.027267	0.000000	0.000000	3.750000	-970.542725	-738.390564
315	205.967819	-533.090088	42.982452	-122.688667	0.000000	0.000000	3.750000	-185.694901	553.169678
316	-138.598114	-788.931274	-25.764286	-135.573563	0.000000	0.000000	3.750000	117.192810	703.347656
317	85.587982	45.232224	68.406784	-117.543610	0.000000	0.000000	3.750000	-91.842476	177.511307
318	-32.603287	191.399261	-64.027908	89.443573	0.000000	0.000000	3.750000	168.442825	-309.228577
319	-455.247955	403.821350	-109.070663	74.347672	0.000000	0.000000	3.750000	623.243774	-402.416718
320	-276.801575	513.931519	-96.199158	96.133041	0.000000	0.000000	3.750000	525.444458	-658.329773
321	-68.808586	548.692444	-46.138710	110.775177	0.000000	0.000000	3.750000	244.446518	-786.130920
322	-25.418308	157.590027	-23.888208	101.218536	0.000000	0.000000	3.750000	51.167229	-452.622284
323	678.787231	386.351105	101.332527	47.704475	0.000000	0.000000	3.750000	-1019.974060	-423.013947
324	777.086304	-43.790756	110.051315	-20.801136	0.000000	0.000000	3.750000	-1070.351807	111.426697
325	784.311523	-66.363174	135.693176	-25.124874	0.000000	0.000000	3.750000	-979.274963	61.653591
326	-370.794861	-308.688629	-105.832092	-82.192200	0.000000	0.000000	3.750000	401.934937	335.672577
327	227.160004	351.602997	95.625473	62.061127	0.000000	0.000000	3.750000	-455.891022	-409.470520
328	-758.544922	101.546310	-121.392517	12.159546	0.000000	0.000000	3.750000	982.161987	-120.646843
329	-474.550476	890.248047	-61.494423	125.770836	0.000000	0.000000	3.750000	333.263977	-1116.172729
330	-199.215424	660.348877	-24.991482	111.226883	0.000000	0.000000	3.750000	161.809799	-901.766907
331	-478.463196	618.817017	-81.142609	98.993935	0.000000	0.000000	3.750000	497.802551	-803.803284
332	805.737305	473.361938	116.977890	65.361572	0.000000	0.000000	3.750000	-1051.069336	-480.539612
333	-643.865967	-76.482544	-110.676697	-60.221100	0.000000	0.000000	3.750000	586.435730	390.047485
334	-225.791473	-121.949135	-115.492966	32.578064	0.000000	0.000000	3.750000	345.216919	-117.513268
335	-803.337280	321.792816	-117.631897	39.226406	0.000000	0.000000	3.750000	1088.118530	-267.815582
336	-594.424927	-86.902977	-125.172333	-35.097595	0.000000	0.000000	3.750000	584.971069	122.101601
337	-221.119598	419.618591	-39.290627	102.743324	0.000000	0.000000	3.750000	176.892960	-573.379639
338	-830.628296	-187.801132	-146.312302	-41.190781	0.000000	0.000000	3.750000	876.802551	305.154633
339	-73.855286	-558.134338	-20.932182	-110.026520	0.000000	0.000000	3.750000	173.127609	1101.135376
340	477.388855	-78.991447	90.363022	-59.148319	0.000000	0.000000	3.750000	-636.031677	396.346954
341	79.710411	-633.618164	13.030018	-127.335068	0.000000	0.000000	3.750000	-98.887115	939.986023
342	266.449097	-475.074860	69.507980	-112.216919	0.000000	0.000000	3.750000	-493.574127	755.226135
343	363.074585	463.307068	90.673523	84.583046	0.000000	0.000000	3.750000	-504.943481	-520.714539
344	400.281982	-916.880737	63.137207	-122.709579	0.000000	0.000000	3.750000	-437.574493	1149.895386
345	286.798889	-401.569397	70.116302	-102.272552	0.000000	0.000000	3.750000	-468.221344	776.158752
346	519.153870	657.929932	69.209473	85.498795	0.000000	0.000000	3.750000	-707.959229	-987.999512
347	-778.996277	591.126587	-112.242226	73.196075	0.000000	0.000000	3.750000	721.771790	-391.235870
348	171.138489	-283.143524	95.313248	-99.795471	0.000000	0.000000	3.750000	-343.250946	482.530090
349	-439.885315	-606.072388	-63.214188	-90.022026	0.000000	0.000000	3.750000	627.819763	845.804382
350	567.454956	-367.019196	100.072021	-79.809708	0.000000	0.000000	3.750000	-788.261292	597.859497
351	304.825684	-545.055969	43.763554	-85.444412	0.000000	0.000000	3.750000	-448.281433	804.776001
352	136.840103	-749.029663	53.916096	-122.674591	0.000000	0.000000	3.750000	-402.221436	925.033691
353	420.475952	622.054016	98.610245	93.658768	0.000000	0.000000	3.750000	-562.005249	-633.396484
354	-131.204727	-417.578674	11.641251	-133.493134	0.000000	0.000000	3.750000	-5.431384	943.325867
355	635.996216	-168.191010	110.680527	-51.319946	0.000000	0.000000	3.750000	-899.789368	279.438538
356	-77.374588	33.551010	25.206680	-111.176735	0.000000	0.000000	3.750000	-20.060514	261.168091
357	-171.647690	-545.076782	-19.731112	-128.493866	0.000000	0.000000	3.750000	93.868874	606.467224
358	132.010803	-575.709717	51.930710	-119.177185	0.000000	0.000000	3.750000	-236.551254	555.082886
359	734.423096	-117.274864	122.027367	-31.388403	0.000000	0.000000	3.750000	-923.446289	117.527145
360	-596.588318	173.526550	-115.594116	54.971466	0.000000	0.000000	3.750000	961.491821	-322.978821
361	-0.439713	-890.642334	21.306799	-140.392365	0.000000	0.000000	3.750000	-138.792297	1098.113159
362	1.931291	198.507294	77.386719	91.602921	0.000000	0.000000	3.750000	-23.768475	-95.695839
363	679.490967	-185.518921	109.182411	-66.807190	0.000000	0.000000	3.750000	-745.135010	432.069214
364	571.098877	-619.004089	74.895073	-85.945831	0.000000	0.000000	3.750000	-542.237610	813.791565
365	-320.833679	471.012512	-77.539185	106.824867	0.000000	0.000000	3.750000	363.845856	-632.565247
366	-474.834839	-754.694824	-58.766037	-124.862091	0.000000	0.000000	3.750000	454.309143	1088.297241
367	416.395264	763.799805	72.460098	105.515381	0.000000	0.000000	3.750000	-533.878906	-1004.392456
368	-536.984863	139.692566	-111.038696	33.561497	0.000000	0.000000	3.750000	762.751587	-163.819260
369	478.513855	582.028381	98.223389	94.062347	0.000000	0.000000	3.750000	-353.147156	-551.249634
370	393.710083	169.262054	104.192093	35.256508	0.000000	0.000000	3.750000	-248.848312	-136.758926
371	-641.071167	-192.656326	-93.914261	-34.352699	0.000000	0.000000	3.750000	1004.395752	319.347534
372	-713.037903	-80.823730	-111.941757	-3.609616	0.000000	0.000000	3.750000	1045.515991	-27.035179
373	46.098701	353.407349	18.836563	118.512268	0.000000	0.000000	3.750000	-91.125648	-671.405701
374	329.467621	-52.063484	138.461166	-39.553085	0.000000	0.000000	3.750000	-547.508789	116.084473
375	-701.415222	700.613342	-98.552086	81.679176	0.000000	0.000000	3.750000	641.183960	-548.390381
376	-782.316833	309.824738	-121.593750	33.029655	0.000000	0.000000	3.750000	930.785339	-238.745270
377	653.481934	250.679779	109.371170	44.293755	0.000000	0.000000	3.750000	-992.979858	-342.135254
378	-448.479706	495.326691	-78.083122	77.479202	0.000000	0.000000	3.750000	542.348755	-518.578796
379	667.188477	-599.379395	87.463097	-79.209839	0.000000	0.000000	3.750000	-770.802551	620.289795
380	698.809692	-372.266235	108.070938	-64.780869	0.000000	0.000000	3.750000	-659.872864	310.314270
381	533.873657	-655.194824	84.279892	-96.337265	0.000000	0.000000	3.750000	-884.721558	853.218201
382	-464.251282	367.861084	-116.086914	88.540741	0.000000	0.000000	3.750000	435.703857	-441.449219
383	-753.843750	65.347137	-133.847870	6.382885	0.000000	0.000000	3.750000	822.348022	-39.328339
384	-440.517487	615.652283	-87.267776	96.354095	0.000000	0.000000	3.750000	454.027740	-763.979675
385	-432.709045	-662.497253	-54.947166	-95.293266	0.000000	0.000000	3.750000	595.940979	954.144531
386	-342.804199	-362.214386	-43.490219	-113.984962	0.000000	0.000000	3.750000	212.046112	490.471771
387	-334.982330	7.623077	-111.182404	-54.903961	0.000000	0.000000	3.750000	506.343567	239.919861
388	382.741882	688.159912	67.647751	106.300301	0.000000	0.000000	3.750000	-748.805542	-1426.524170
389	-782.490723	-20.724230	-120.052856	-21.709476	0.000000	0.000000	3.750000	864.101257	185.420471
390	-545.080322	-576.068665	-56.004814	-123.933098	0.000000	0.000000	3.750000	326.068909	941.004272
391	-617.132874	4.669409	-129.418137	-53.359329	0.000000	0.000000	3.750000	166.153900	107.953285
392	439.896118	-400.668488	84.851425	-95.834122	0.000000	0.000000	3.750000	-380.631897	479.122314
393	-545.046143	607.900452	-71.706467	78.064957	0.000000	0.000000	3.750000	1683.366211	-2591.308838
394	-993.679688	-658.574097	-107.998947	-104.097137	0.000000	0.000000	3.750000	1201.470459	1284.146973
395	-695.837524	595.656250	-93.275742	75.495911	0.000000	0.000000	3.750000	741.143494	-556.120483
396	-324.317505	563.408752	-47.017960	99.444473	0.000000	0.000000	3.750000	228.244629	-767.474854
397	-858.658203	293.005157	-118.461487	42.928154	0.000000	0.000000	3.750000	1134.056763	-281.667175
398	-71.212326	-592.632996	-10.376118	-115.534988	0.000000	0.000000	3.750000	138.885284	1358.678833
399	-556.209656	362.567780	-99.416122	59.769478	0.000000	0.000000	3.750000	1031.713257	-490.392578
400	664.579834	-121.594032	121.937088	-22.523827	0.000000	0.000000	3.750000	-915.371887	97.963257
401	353.684937	-128.325317	88.248474	-72.167862	0.000000	0.000000	3.750000	-433.745422	331.798248
402	177.757507	-831.906311	48.796143	-116.166779	0.000000	0.000000	3.750000	-171.908615	817.516663
403	383.008240	13.248055	124.831985	-36.289680	0.000000	0.000000	3.750000	-689.705811	150.933975
404	577.786743	502.399139	86.697708	64.401138	0.000000	0.000000	3.750000	-1148.958740	-862.102234
405	635.953369	-247.454697	111.962906	-69.915863	0.000000	0.000000	3.750000	-506.310547	362.756378
406	792.940186	-549.096008	104.090477	-77.878944	0.000000	0.000000	3.750000	-967.958069	568.619019
407	289.590820	557.503235	102.256073	98.526794	0.000000	0.000000	3.750000	-499.672302	-598.162170
408	-220.510712	497.428528	-36.182961	99.632980	0.000000	0.000000	3.750000	206.927048	-840.331360
409	186.715057	64.857437	117.494064	-68.481659	0.000000	0.000000	3.750000	-390.979492	114.889259
410	589.470825	411.854187	118.507187	53.441795	0.000000	0.000000	3.750000	-893.653687	-350.706360
411	-561.032227	-454.128204	-60.570900	-96.577248	0.000000	0.000000	3.750000	435.244446	681.387756
412	-140.597260	-143.537689	0.446543	-127.999146	0.000000	0.000000	3.750000	3.511057	431.610687
413	630.279907	833.161377	84.776146	108.889870	0.000000	0.000000	3.750000	-405.229401	-636.776917
414	-118.751770	-638.089355	-16.003586	-110.850433	0.000000	0.000000	3.750000	184.249725	729.781128
415	334.475342	-133.725571	81.750572	-79.453323	0.000000	0.000000	3.750000	-334.728485	308.826202
416	-166.236755	-195.739548	-22.266811	-144.291962	0.000000	0.000000	3.750000	70.743370	470.987518
417	250.082657	-569.722534	61.612957	-116.738350	0.000000	0.000000	3.750000	-403.571594	744.553467
418	-182.360596	0.756435	-78.269798	-77.256546	0.000000	0.000000	3.750000	139.854462	31.426069
419	-3.591529	-86.854660	78.567200	-103.565491	0.000000	0.000000	3.750000	-66.376434	105.182770
420	-415.822723	-97.962151	-110.033340	-29.808762	0.000000	0.000000	3.750000	389.144348	73.598106
421	200.551437	-381.736298	67.324944	-106.505165	0.000000	0.000000	3.750000	-516.228882	792.265320
422	168.290909	4.849161	71.792496	-101.093552	0.000000	0.000000	3.750000	-110.437927	209.482086
423	469.353546	673.170898	70.315254	79.320633	0.000000	0.000000	3.750000	-709.917725	-857.675354
424	-608.218262	186.542465	-121.970596	22.341583	0.000000	0.000000	3.750000	732.747192	-179.092148
425	-267.436096	-811.579102	-25.680420	-123.355240	0.000000	0.000000	3.750000	237.084229	1074.131348
426	-679.277649	489.538940	-116.069519	85.228134	0.000000	0.000000	3.750000	650.612610	-519.076599
427	-543.604065	476.742889	-107.469604	83.343163	0.000000	0.000000	3.750000	512.279846	-539.286865
428	-582.421509	-553.482666	-78.753723	-70.949539	0.000000	0.000000	3.750000	1181.589966	867.354675
429	436.577362	-40.367310	114.513649	-18.501171	0.000000	0.000000	3.750000	-266.630280	77.179268
430	-577.788147	-221.815262	-90.976425	-41.512520	0.000000	0.000000	3.750000	574.892822	241.913605
431	513.851440	375.173431	120.623215	42.825298	0.000000	0.000000	3.750000	-771.367371	-330.690613
432	245.473389	248.567383	95.953339	2.832814	0.000000	0.000000	3.750000	-282.225555	-113.962585
433	510.356415	-715.107178	80.470795	-107.146835	0.000000	0.000000	3.750000	-510.454102	751.200500
434	681.553955	-180.327484	110.668053	-34.764595	0.000000	0.000000	3.750000	-953.825134	262.571960
435	-107.633835	-405.957397	8.258057	-119.714615	0.000000	0.000000	3.750000	58.879181	580.882812
436	469.126190	-367.596252	83.665985	-86.023178	0.000000	0.000000	3.750000	-534.767883	485.597015
437	-153.473816	-59.530876	-61.699501	-102.888046	0.000000	0.000000	3.750000	204.217407	96.121353
438	119.858894	-8.378267	61.762428	-121.143280	0.000000	0.000000	3.750000	-90.439583	134.657715
439	-195.826294	435.552032	-51.844452	97.015793	0.000000	0.000000	3.750000	245.527023	-406.044403
440	604.948303	485.586212	95.767273	61.843575	0.000000	0.000000	3.750000	-846.434265	-563.512817
441	419.573578	-586.793579	74.666031	-98.999924	0.000000	0.000000	3.750000	-789.670410	1063.726074
442	-126.155815	841.827637	-5.270247	125.889725	0.000000	0.000000	3.750000	52.858116	-1145.419800
443	626.743835	130.587402	127.888245	5.334034	0.000000	0.000000	3.750000	-828.728821	-163.534195
444	-839.790771	124.307968	-129.382446	12.655979	0.000000	0.000000	3.750000	838.773621	-114.214806
445	815.023987	-513.905151	111.105408	-67.494209	0.000000	0.000000	3.750000	-966.946899	382.417023
446	605.764648	419.025909	92.497482	76.447403	0.000000	0.000000	3.750000	-703.645874	-654.405518
447	604.334595	191.999908	126.646950	29.335073	0.000000	0.000000	3.750000	-834.089722	-171.384613
448	-385.624146	199.890060	-126.129486	65.220497	0.000000	0.000000	3.750000	351.092896	-319.001740
449	372.833984	-327.081482	78.026733	-93.786072	0.000000	0.000000	3.750000	-390.212830	494.670868
450	849.880676	-460.074341	117.098618	-69.164642	0.000000	0.000000	3.750000	-1094.416260	394.140686
451	45.661339	511.826904	-18.534847	114.509521	0.000000	0.000000	3.750000	69.961357	-692.783875
452	-145.155060	642.785156	-23.617401	117.652908	0.000000	0.000000	3.750000	151.157318	-1004.347961
453	-496.308777	902.511597	-81.995209	113.475021	0.000000	0.000000	3.750000	685.617737	-1701.675049
454	-567.114929	32.137943	-131.697144	8.929220	0.000000	0.000000	3.750000	595.048584	9.047859
455	470.489441	-581.235840	76.374672	-105.199112	0.000000	0.000000	3.750000	-555.513550	659.896912
456	-231.567169	-65.083313	-111.998093	-0.133735	0.000000	0.000000	3.750000	467.015381	108.990608
457	-137.451874	521.144897	-56.936962	87.029419	0.000000	0.000000	3.750000	300.638245	-603.575867
458	73.546158	-655.536194	-4.785641	-133.914383	0.000000	0.000000	3.750000	79.788368	746.593018
459	-327.847351	213.832428	-108.353546	28.346241	0.000000	0.000000	3.750000	411.681854	-98.664085
460	606.345459	-514.815552	100.145691	-103.473587	0.000000	0.000000	3.750000	-601.644470	538.059631
461	643.710938	229.777832	140.033142	53.764343	0.000000	0.000000	3.750000	-715.182617	-346.145691
462	-904.032166	179.665710	-139.576797	26.120865	0.000000	0.000000	3.750000	1015.126648	-236.712875
463	-572.991943	-239.000229	-127.226486	-42.063965	0.000000	0.000000	3.750000	713.051880	292.441071
464	-369.168152	588.487732	-67.722679	78.927856	0.000000	0.000000	3.750000	427.740753	-621.286987
465	319.683411	-650.538208	43.072365	-112.003082	0.000000	0.000000	3.750000	-140.269485	572.649780
466	-645.901794	-643.614624	-86.884750	-88.470551	0.000000	0.000000	3.750000	686.325134	733.294983
467	712.230469	159.247040	131.567749	10.649586	0.000000	0.000000	3.750000	-743.702576	-229.736633
468	749.195862	-674.606445	90.275040	-85.008293	0.000000	0.000000	3.750000	-963.180359	809.033752
469	41.767960	-477.678955	7.019929	-115.786621	0.000000	0.000000	3.750000	36.261562	521.152100
470	153.912674	-327.221588	20.686779	-110.072922	0.000000	0.000000	3.750000	-129.057648	541.070312
471	-51.252647	621.206604	-20.962811	118.154770	0.000000	0.000000	3.750000	123.312035	-907.936401
472	396.832703	533.715515	82.016754	87.597076	0.000000	0.000000	3.750000	-534.806458	-605.883545
473	356.551544	-531.253296	50.363594	-124.175110	0.000000	0.000000	3.750000	-283.046143	575.596252
474	911.091919	667.141785	112.703079	98.984917	0.000000	0.000000	3.750000	-1318.056763	-1092.559692
475	570.652344	342.149902	109.246719	62.778458	0.000000	0.000000	3.750000	-606.773987	-395.160065
476	-759.372070	147.054810	-142.315918	21.957100	0.000000	0.000000	3.750000	887.762939	-205.600266
477	-432.528107	-563.133972	-88.874405	-100.286194	0.000000	0.000000	3.750000	613.301270	731.105347
478	-532.190125	-195.557495	-104.656601	-16.820049	0.000000	0.000000	3.750000	332.088379	-9.290436
479	239.799744	-382.572449	73.560089	-112.004013	0.000000	0.000000	3.750000	-377.832916	632.709900
480	-437.758667	-565.868958	-94.839470	-118.782715	0.000000	0.000000	3.750000	782.590271	799.370911
481	-132.112640	-88.719803	-87.820023	-90.344475	0.000000	0.000000	3.750000	166.433273	100.725502
482	-172.767593	-394.435364	-78.330193	-113.612335	0.000000	0.000000	3.750000	470.636353	448.985321
483	708.205872	-314.697571	115.608948	-32.164673	0.000000	0.000000	3.750000	-854.626587	222.876984
484	-267.168213	-66.336006	-129.927673	-23.290222	0.000000	0.000000	3.750000	420.803162	135.930496
485	301.203979	799.960876	44.130272	134.968109	0.000000	0.000000	3.750000	-203.607407	-1050.163940
486	402.121948	-650.072021	56.176811	-110.544846	0.000000	0.000000	3.750000	-435.092896	903.293579
487	358.617004	75.811424	120.689423	-17.829956	0.000000	0.000000	3.750000	-658.209717	14.739856
488	574.811768	-267.229828	93.688980	-45.148308	0.000000	0.000000	3.750000	-672.104492	292.231506
489	425.908325	474.525085	78.270470	108.764084	0.000000	0.000000	3.750000	-422.254852	-742.733582
490	-513.063477	-60.000954	-131.942596	-3.891898	0.000000	0.000000	3.750000	643.270996	23.206541
491	-19.863567	-146.681793	-59.299805	-115.680115	0.000000	0.000000	3.750000	398.778687	368.411530
492	-733.299561	331.705139	-107.249649	49.207993	0.000000	0.000000	3.750000	685.029602	-204.099197
493	328.163055	-639.165771	48.702530	-126.980461	0.000000	0.000000	3.750000	-264.845215	837.756409
494	-561.220093	-455.986084	-90.058945	-63.161583	0.000000	0.000000	3.750000	847.050903	624.171692
495	54.359596	-94.801338	-93.825104	-108.710022	0.000000	0.000000	3.750000	143.940948	5.489518
496	42.631699	833.871765	9.646042	141.671997	0.000000	0.000000	3.750000	-58.431732	-1081.941406
497	654.678284	682.401733	91.287415	92.555817	0.000000	0.000000	3.750000	-754.020325	-906.108765
498	-378.068878	624.629456	-69.092293	90.676010	0.000000	0.000000	3.750000	414.652649	-818.989014
499	-364.905304	138.320663	-113.844940	37.937599	0.000000	0.000000	3.750000	512.163635	-221.044647
500	-318.676025	807.091248	-52.026123	125.654343	0.000000	0.000000	3.750000	193.028091	-983.998047
501	-31.726803	-793.562378	-8.320853	-123.720428	0.000000	0.000000	3.750000	9.665190	1016.413147
502	704.736816	-430.309845	100.104553	-62.474403	0.000000	0.000000	3.750000	-1201.490723	575.498901
503	122.085548	764.246277	6.977750	151.839294	0.000000	0.000000	3.750000	-134.180328	-1007.441406
504	-37.511059	-600.856567	17.051216	-120.802269	0.000000	0.000000	3.750000	-32.978638	700.743530
505	110.309311	484.707642	37.000160	116.253967	0.000000	0.000000	3.750000	-186.344482	-580.876038
506	465.498169	-824.937866	51.121826	-117.347832	0.000000	0.000000	3.750000	-338.912415	1043.573853
507	-673.365845	479.508179	-109.822998	80.217758	0.000000	0.000000	3.750000	817.567078	-542.417542
508	525.163025	532.792236	80.122757	94.637939	0.000000	0.000000	3.750000	-544.142273	-668.856079
509	697.722595	604.423828	92.613785	85.432213	0.000000	0.000000	3.750000	-701.566162	-743.520813
510	-894.781250	-176.659103	-134.887543	-29.137978	0.000000	0.000000	3.750000	345.229187	84.180763
511	-384.562927	128.934158	-110.168900	52.409164	0.000000	0.000000	3.750000	250.661041	-125.674156
512	-307.405792	-480.986786	-76.468689	-97.614006	0.000000	0.000000	3.750000	621.307434	673.307617
513	-73.421051	89.129150	-84.225716	114.275856	0.000000	0.000000	3.750000	86.198380	-345.269592
514	-729.318604	503.755493	-114.737198	73.015015	0.000000	0.000000	3.750000	252.675110	-151.016937
515	-749.998657	-124.892227	-130.710358	-18.406017	0.000000	0.000000	3.750000	604.878967	65.357056
516	372.896271	203.238663	110.838074	59.923840	0.000000	0.000000	3.750000	-490.711975	-302.870819
517	-16.554556	228.893280	-4.233462	113.919670	0.000000	0.000000	3.750000	-37.398842	-332.452972
518	449.716614	-786.081360	58.804688	-102.303383	0.000000	0.000000	3.750000	-476.717743	1044.584473
519	-17.807163	-364.153168	-45.961960	-127.995674	0.000000	0.000000	3.750000	251.208847	414.104919
520	-486.934509	-806.970581	-65.737038	-112.154510	0.000000	0.000000	3.750000	513.985657	810.401367
521	-654.135132	694.269714	-87.961716	92.987808	0.000000	0.000000	3.750000	1225.736328	-1403.829102
522	-705.004761	-386.591125	-106.819801	-58.936668	0.000000	0.000000	3.750000	966.638000	526.404602
523	391.049194	646.144104	72.112808	119.998932	0.000000	0.000000	3.750000	-434.530334	-735.578003
524	-788.288208	212.230377	-115.247444	25.338238	0.000000	0.000000	3.750000	1027.128906	-222.899475
525	307.061249	-817.553711	50.364647	-115.496201	0.000000	0.000000	3.750000	-352.828827	1049.011475
526	-677.664795	-719.670593	-93.002060	-85.009468	0.000000	0.000000	3.750000	775.888794	652.428894
527	327.211121	-449.479645	96.171555	-122.828766	0.000000	0.000000	3.750000	-756.199646	797.061157
528	-289.962555	-554.033447	-51.301758	-101.804321	0.000000	0.000000	3.750000	496.870667	922.067383
529	595.034851	-94.781784	121.112434	-26.603565	0.000000	0.000000	3.750000	-806.652649	124.451614
530	463.905975	793.928345	76.279068	100.285568	0.000000	0.000000	3.750000	-251.914337	-564.578674
531	654.571960	77.878616	115.937012	3.819757	0.000000	0.000000	3.750000	-782.526672	-68.803993
532	191.606873	-244.913223	44.762875	-138.870316	0.000000	0.000000	3.750000	-3.319982	95.254730
533	-587.698425	-317.575043	-108.827164	-50.562908	0.000000	0.000000	3.750000	984.102173	587.250916
534	-348.799774	284.673584	-108.884949	67.281525	0.000000	0.000000	3.750000	179.628403	-200.262283
535	368.045898	185.931274	112.305244	65.476341	0.000000	0.000000	3.750000	-393.872284	-320.524536
536	246.986069	498.909485	48.885735	120.458229	0.000000	0.000000	3.750000	-276.412140	-675.125488
537	44.335907	358.185913	15.448336	141.151215	0.000000	0.000000	3.750000	19.337708	-375.142792
538	-782.273315	-445.182648	-103.838348	-64.043556	0.000000	0.000000	3.750000	1049.292725	536.303528
539	55.380486	-800.791870	-13.414881	-127.295067	0.000000	0.000000	3.750000	70.638367	983.333923
540	628.184692	-709.032104	91.256012	-111.392731	0.000000	0.000000	3.750000	-623.264160	794.088684
541	-586.671997	527.779175	-92.314568	73.498352	0.000000	0.000000	3.750000	858.400696	-592.034058
542	-471.381165	580.055603	-90.442879	75.789742	0.000000	0.000000	3.750000	705.583557	-586.447937
543	-686.700806	-77.533005	-117.956085	-3.207427	0.000000	0.000000	3.750000	814.355530	-70.166214
544	551.722595	742.451416	77.424347	96.857872	0.000000	0.000000	3.750000	-520.184326	-780.513062
545	670.307678	297.714294	102.085930	59.181602	0.000000	0.000000	3.750000	-814.230042	-451.986542
546	715.020996	375.882477	103.218033	65.038742	0.000000	0.000000	3.750000	-909.535156	-567.368896
547	-452.459412	-84.231575	-121.906471	-4.772728	0.000000	0.000000	3.750000	585.475525	60.475491
548	-656.839722	-186.646347	-122.391403	-37.474163	0.000000	0.000000	3.750000	795.092163	304.874664
549	659.350708	113.197067	129.935577	4.081479	0.000000	0.000000	3.750000	-1016.922668	-144.025757
550	672.935242	-25.671120	105.941307	-3.508631	0.000000	0.000000	3.750000	-600.401428	-69.107193
551	-731.133057	221.420776	-120.039185	21.784845	0.000000	0.000000	3.750000	872.503357	-202.423096
552	-482.766266	151.016602	-116.416901	53.207241	0.000000	0.000000	3.750000	586.549133	-339.274231
553	-455.635132	-429.589478	-87.480530	-82.140686	0.000000	0.000000	3.750000	694.496216	532.776672
554	556.216675	292.752594	114.430946	65.799332	0.000000	0.000000	3.750000	-665.518555	-408.320465
555	-389.159607	205.257568	-110.755280	60.075253	0.000000	0.000000	3.750000	449.533020	-331.925079
556	635.465149	-106.205421	123.551987	-33.447639	0.000000	0.000000	3.750000	-835.992615	94.857330
557	-120.904137	-885.919128	-21.404606	-124.168602	0.000000	0.000000	3.750000	174.526047	1110.715698
558	-504.543518	17.645540	-121.374802	12.327033	0.000000	0.000000	3.750000	483.445099	-99.248962
559	-57.887669	-809.921814	-2.673484	-121.970703	0.000000	0.000000	3.750000	-0.120544	942.038513
560	-41.832718	-199.326111	4.281351	-123.923759	0.000000	0.000000	3.750000	76.937599	451.208008
561	497.676727	-150.973312	115.978912	-21.746038	0.000000	0.000000	3.750000	-701.429382	116.590599
562	-607.715942	-832.120911	-83.155884	-117.563164	0.000000	0.000000	3.750000	669.388977	915.691345
563	712.499939	-296.915863	108.898804	-45.442451	0.000000	0.000000	3.750000	-958.711182	298.117249
564	-89.068604	414.804871	-26.463181	106.768692	0.000000	0.000000	3.750000	77.642052	-537.798096
565	635.060059	-177.343552	130.512299	-38.242889	0.000000	0.000000	3.750000	-727.409790	174.269470
566	-441.353943	838.818542	-70.758591	118.477798	0.000000	0.000000	3.750000	366.476959	-1167.789062
567	955.526672	45.761551	145.873993	-6.054515	0.000000	0.000000	3.750000	-538.612671	-27.677937
568	80.794128	-525.566589	16.975784	-106.657310	0.000000	0.000000	3.750000	-43.282238	630.749878
569	381.391388	-374.656342	116.065926	-70.884735	0.000000	0.000000	3.750000	-535.018738	266.866028
570	573.043640	-736.346924	74.468933	-94.097382	0.000000	0.000000	3.750000	-556.894836	1007.953186
571	901.727417	288.798676	121.361824	51.915939	0.000000	0.000000	3.750000	-1113.462158	-360.030365
572	-184.749374	-166.238800	-67.967644	-98.869095	0.000000	0.000000	3.750000	332.475525	177.579391
573	366.094818	120.127861	108.527451	55.729477	0.000000	0.000000	3.750000	-599.674438	-342.244934
574	780.567383	-600.806458	107.067200	-77.204903	0.000000	0.000000	3.750000	-1017.628723	631.690002
575	276.291199	-138.788910	99.920410	-45.998573	0.000000	0.000000	3.750000	-398.127472	150.338455
576	268.509735	10.616810	108.454269	-46.469437	0.000000	0.000000	3.750000	-350.278168	28.456524
577	859.634155	558.716919	112.344086	83.539169	0.000000	0.000000	3.750000	-710.745422	-586.668579
578	63.879272	644.279297	0.733107	121.997803	0.000000	0.000000	3.750000	-18.552109	-825.032227
579	-652.984070	656.611206	-81.953766	87.656036	0.000000	0.000000	3.750000	498.821594	-574.240173
580	222.025848	770.009033	21.115543	138.398438	0.000000	0.000000	3.750000	-133.309326	-1076.676025
581	-173.592651	710.439209	-64.329971	124.344246	0.000000	0.000000	3.750000	313.692230	-852.249817
582	645.349976	-404.870697	111.429825	-58.816170	0.000000	0.000000	3.750000	-771.094849	307.966858
583	-456.093140	-270.901245	-101.952728	-51.001534	0.000000	0.000000	3.750000	326.274475	243.552933
584	-61.856667	-796.371338	4.897475	-113.894753	0.000000	0.000000	3.750000	-50.034203	1071.527710
585	462.559570	-130.587418	116.705627	-41.901550	0.000000	0.000000	3.750000	-716.785828	194.652740
586	-727.935547	354.728333	-100.716858	48.990677	0.000000	0.000000	3.750000	1031.011353	-378.590088
587	-813.179810	-136.693100	-140.959183	-17.145918	0.000000	0.000000	3.750000	555.622070	-36.931957
588	-672.220825	700.640015	-108.807281	91.241302	0.000000	0.000000	3.750000	810.615662	-646.125183
589	-742.004395	-716.765564	-93.233925	-96.246613	0.000000	0.000000	3.750000	814.089478	1012.962891
590	-832.062988	403.803223	-113.264915	50.467522	0.000000	0.000000	3.750000	1120.650879	-309.561615
591	-137.636383	277.642365	-41.982925	139.832520	0.000000	0.000000	3.750000	136.459457	-332.536194
592	-753.337402	-428.929077	-137.544769	-69.263336	0.000000	0.000000	3.750000	740.547302	427.833496
593	-194.396057	377.024811	-72.889297	110.049332	0.000000	0.000000	3.750000	209.064560	-305.334595
594	-553.687500	-76.777740	-115.730576	-7.901040	0.000000	0.000000	3.750000	975.851746	31.640017
595	414.661591	343.913330	60.331993	108.332710	0.000000	0.000000	3.750000	-287.897949	-440.609833
596	-75.988022	910.094910	-32.034302	138.339355	0.000000	0.000000	3.750000	187.719193	-1125.623291
597	-39.721153	-582.681091	6.103645	-135.862335	0.000000	0.000000	3.750000	49.498783	657.494324
598	-519.444092	586.343689	-84.831757	111.368935	0.000000	0.000000	3.750000	393.171173	-974.354553
599	338.119965	603.443481	54.491341	118.027908	0.000000	0.000000	3.750000	-259.327454	-791.300476
600	748.489014	-197.864731	139.619507	-49.094521	0.000000	0.000000	3.750000	-610.300476	245.170959
601	-612.808228	644.203613	-99.411583	109.641571	0.000000	0.000000	3.750000	620.415283	-822.859009
602	-582.186340	-283.829803	-98.104195	-49.755077	0.000000	0.000000	3.750000	762.175293	392.922058
603	-359.350403	-563.197876	-92.880196	-107.411568	0.000000	0.000000	3.750000	537.305603	555.816345
604	-677.302124	-356.578918	-126.646469	-54.814514	0.000000	0.000000	3.750000	859.141541	310.670105
605	-325.232697	-771.921875	-66.615265	-113.957855	0.000000	0.000000	3.750000	505.704010	767.795959
606	-706.166748	336.847900	-100.364304	58.163528	0.000000	0.000000	3.750000	922.764648	-461.574585
607	414.189941	-499.694733	75.067863	-80.403854	0.000000	0.000000	3.750000	-524.741638	457.786835
608	-646.539062	-749.758728	-102.357803	-92.557289	0.000000	0.000000	3.750000	855.429810	657.789062
609	753.609253	-374.264343	102.659996	-65.915993	0.000000	0.000000	3.750000	-872.391541	505.226685
610	278.260132	-67.365479	122.962616	27.495033	0.000000	0.000000	3.750000	-432.324188	-131.985016
611	725.389038	-791.971313	89.000168	-100.174690	0.000000	0.000000	3.750000	-750.049866	899.024780
612	22.809937	-80.127525	-57.048435	-112.322227	0.000000	0.000000	3.750000	111.446159	107.164490
613	-502.096191	349.645142	-84.547440	82.314316	0.000000	0.000000	3.750000	483.733734	-621.614990
614	-344.664581	679.247925	-69.440254	107.525581	0.000000	0.000000	3.750000	318.424530	-978.460938
615	129.773468	-810.458862	11.324593	-123.481781	0.000000	0.000000	3.750000	-106.793579	999.998291
616	-265.668457	342.760437	-84.046654	88.430862	0.000000	0.000000	3.750000	408.390564	-566.976196
617	743.939941	-230.559357	123.803879	-32.505241	0.000000	0.000000	3.750000	-855.464905	182.625931
618	-706.150757	-610.137573	-105.346527	-76.171562	0.000000	0.000000	3.750000	914.543213	633.505615
619	390.127838	-727.328796	53.768944	-120.552399	0.000000	0.000000	3.750000	-389.069489	797.286072
620	171.289276	663.569214	2.609859	103.967125	0.000000	0.000000	3.750000	89.224106	-1376.536621
621	-374.924683	94.152794	-118.123642	43.849380	0.000000	0.000000	3.750000	372.261078	-178.793167
622	331.422577	-676.072632	46.722969	-106.174156	0.000000	0.000000	3.750000	-303.116669	801.026550
623	523.089722	521.424255	86.644279	83.022476	0.000000	0.000000	3.750000	-572.881165	-656.738708
624	-543.984070	375.380707	-106.183792	74.992996	0.000000	0.000000	3.750000	245.019073	-203.320450
625	-894.374390	559.678955	-119.801559	76.231659	0.000000	0.000000	3.750000	1126.277954	-397.013153
626	-503.654388	719.314575	-59.334194	104.304108	0.000000	0.000000	3.750000	366.745178	-1049.790771
627	570.152405	424.800385	97.274933	66.795105	0.000000	0.000000	3.750000	-666.363159	-480.844635
628	-55.742340	-686.991882	-20.037392	-112.225121	0.000000	0.000000	3.750000	244.420883	944.968811
629	112.613060	257.302124	-27.217190	123.021439	0.000000	0.000000	3.750000	7.825084	-427.619568
630	628.334839	-751.083984	80.806381	-94.054741	0.000000	0.000000	3.750000	-679.463684	1012.260132
631	431.427673	-609.081055	80.400955	-102.155182	0.000000	0.000000	3.750000	-564.716980	671.609924
632	561.696777	193.771698	129.015793	68.342918	0.000000	0.000000	3.750000	-621.792786	-424.163147
633	321.813660	545.179138	44.775623	130.534058	0.000000	0.000000	3.750000	-225.337830	-737.009644
634	573.725952	-364.850311	91.077888	-78.133347	0.000000	0.000000	3.750000	-716.681152	590.691772
635	841.038574	-248.982224	109.360229	-44.320477	0.000000	0.000000	3.750000	-995.734131	296.669403
636	-555.515320	-449.876862	-102.445496	-69.863495	0.000000	0.000000	3.750000	609.956299	460.822540
637	615.606201	515.956665	78.723434	76.828400	0.000000	0.000000	3.750000	-756.685181	-883.075317
638	-173.707520	137.880478	-72.963966	84.971786	0.000000	0.000000	3.750000	345.141602	-490.135132
639	325.799316	8.053030	117.470642	32.933887	0.000000	0.000000	3.750000	-413.923981	-108.008896
640	-105.263107	403.418823	-80.292953	131.404831	0.000000	0.000000	3.750000	152.251907	-370.427124
641	-152.958664	162.157104	-103.412193	85.212364	0.000000	0.000000	3.750000	352.848206	-444.858063
642	283.171021	-719.385864	54.276859	-129.050339	0.000000	0.000000	3.750000	-282.794952	827.929321
643	-225.385956	-790.283691	-45.764622	-119.539093	0.000000	0.000000	3.750000	242.851776	690.420349
644	-665.977844	606.197266	-110.752434	112.684372	0.000000	0.000000	3.750000	618.981140	-845.131592
645	421.059570	-587.746887	58.610680	-88.322067	0.000000	0.000000	3.750000	-478.575378	728.206360
646	609.264221	-76.762230	133.469482	-11.902288	0.000000	0.000000	3.750000	-843.308350	-55.495171
647	-189.190521	-49.357941	-121.410126	25.204239	0.000000	0.000000	3.750000	398.893646	-22.299700
648	-622.762207	727.376648	-85.739410	95.039581	0.000000	0.000000	3.750000	344.949707	-589.731079
649	-171.773834	717.461975	-49.672855	111.429535	0.000000	0.000000	3.750000	266.021057	-893.990723
650	-434.757446	-384.764648	-94.254105	-64.126129	0.000000	0.000000	3.750000	667.248596	473.503784
651	-545.267883	-317.837158	-117.495453	-55.630905	0.000000	0.000000	3.750000	658.461731	270.701111
652	115.041191	-817.584229	21.432331	-134.300598	0.000000	0.000000	3.750000	-127.590576	976.956238
653	-421.295654	770.364807	-66.584808	102.227242	0.000000	0.000000	3.750000	783.250671	-1665.730225
654	447.559631	678.964844	68.182365	98.747955	0.000000	0.000000	3.750000	-511.983795	-808.972473
655	-41.451973	-701.370605	-15.465725	-118.999207	0.000000	0.000000	3.750000	94.549561	691.620361
656	224.689682	664.881042	26.267498	125.275284	0.000000	0.000000	3.750000	-78.660103	-819.309326
657	643.914429	-460.024902	92.646942	-96.811844	0.000000	0.000000	3.750000	-652.514648	618.970886
658	823.675354	-628.563904	102.823761	-85.925705	0.000000	0.000000	3.750000	-972.735657	630.082703
659	-361.008698	-725.635925	-76.499329	-110.016922	0.000000	0.000000	3.750000	676.930969	741.087708
660	574.020813	-660.883484	70.228394	-84.663757	0.000000	0.000000	3.750000	-660.272278	995.355286
661	-242.922729	351.749847	-86.982803	93.902802	0.000000	0.000000	3.750000	413.611115	-635.980591
662	49.065609	243.339539	-11.266354	115.450867	0.000000	0.000000	3.750000	64.076134	-385.296143
663	-481.148468	201.344177	-127.955421	39.790237	0.000000	0.000000	3.750000	661.274109	-123.094498
664	348.042816	158.721222	120.532974	67.199730	0.000000	0.000000	3.750000	-516.681213	-297.075317
665	52.311184	482.619751	-7.563910	119.761322	0.000000	0.000000	3.750000	24.281384	-809.026672
666	609.237122	284.574463	97.613297	54.914742	0.000000	0.000000	3.750000	-861.111084	-559.002136
667	-589.298828	-120.015991	-110.179688	-29.264099	0.000000	0.000000	3.750000	815.625793	302.889069
668	578.917236	-297.924774	116.861252	-52.224953	0.000000	0.000000	3.750000	-636.393188	270.176208
669	-273.169800	12.988806	-124.295525	30.559078	0.000000	0.000000	3.750000	362.782288	-1.820491
670	-386.260010	583.411255	-87.848473	101.185539	0.000000	0.000000	3.750000	486.899384	-767.490295
671	467.816956	516.608459	68.302994	110.610535	0.000000	0.000000	3.750000	-456.963837	-811.581787
672	280.744202	-34.263081	114.405525	-28.895487	0.000000	0.000000	3.750000	-284.320679	23.681793
673	-780.028076	87.190704	-123.502090	11.101076	0.000000	0.000000	3.750000	1136.824341	-109.974693
674	161.264572	-375.787842	57.125668	-118.998535	0.000000	0.000000	3.750000	-324.911072	627.050354
675	437.222321	-79.215210	111.992844	-1.087330	0.000000	0.000000	3.750000	-353.129639	-65.553665
676	-262.918640	-762.112305	-43.474838	-116.128525	0.000000	0.000000	3.750000	167.208344	734.523804
677	-546.131226	550.359436	-85.649353	86.880188	0.000000	0.000000	3.750000	610.540955	-705.027832
678	310.988037	-198.630783	113.992371	-43.470909	0.000000	0.000000	3.750000	-464.219147	153.728714
679	-167.162994	-494.773193	-58.427612	-116.129822	0.000000	0.000000	3.750000	316.377136	501.186249
680	721.015381	516.542542	88.723801	68.352646	0.000000	0.000000	3.750000	-873.554138	-619.325623
681	-715.704895	509.033844	-99.533005	73.953583	0.000000	0.000000	3.750000	840.334167	-508.969818
682	147.025742	-608.841125	26.484907	-119.090393	0.000000	0.000000	3.750000	-124.813782	492.676727
683	-468.367035	-371.766205	-114.229637	-66.147614	0.000000	0.000000	3.750000	568.411743	294.394165
684	338.495911	113.310898	119.446320	69.106400	0.000000	0.000000	3.750000	-626.118591	-521.571411
685	752.774475	490.501312	91.052773	81.199623	0.000000	0.000000	3.750000	-785.146790	-803.008545
686	-186.253448	220.852798	-122.252869	64.002190	0.000000	0.000000	3.750000	331.615112	-352.786469
687	300.696747	725.024597	48.193192	112.077576	0.000000	0.000000	3.750000	-322.967407	-970.281189
688	-747.550781	288.061920	-113.453613	54.810959	0.000000	0.000000	3.750000	940.137939	-352.327118
689	-149.215164	337.124634	-42.367798	114.401001	0.000000	0.000000	3.750000	171.592590	-250.018036
690	-748.956787	-593.802063	-104.337631	-74.146118	0.000000	0.000000	3.750000	1025.580322	637.912170
691	-728.419006	-301.294525	-133.919067	-63.005352	0.000000	0.000000	3.750000	808.278687	408.571625
692	-448.672394	-224.115143	-92.661652	-42.635883	0.000000	0.000000	3.750000	737.715942	330.591461
693	-563.292908	607.421204	-85.501801	89.807739	0.000000	0.000000	3.750000	669.691956	-805.774963
694	558.320679	35.326454	120.861671	16.624432	0.000000	0.000000	3.750000	-705.030945	-173.812057
695	-552.912964	396.927856	-88.660698	68.434494	0.000000	0.000000	3.750000	701.065613	-544.692566
696	-67.923103	-471.347443	-31.753139	-101.132271	0.000000	0.000000	3.750000	195.311966	576.898682
697	217.798462	764.950256	22.043964	113.886169	0.000000	0.000000	3.750000	-170.730865	-1070.837158
698	-73.928764	493.095947	-23.121777	103.447487	0.000000	0.000000	3.750000	154.962036	-781.614929
699	-300.678833	-853.666992	-43.828346	-118.131577	0.000000	0.000000	3.750000	255.567703	810.918823
700	-158.632935	-661.746704	-55.770760	-126.228432	0.000000	0.000000	3.750000	316.061554	665.075867
701	563.753235	283.013031	102.096375	55.066189	0.000000	0.000000	3.750000	-434.261261	-293.131744
702	547.512939	136.707367	129.245941	13.979977	0.000000	0.000000	3.750000	-777.236755	-155.070007
703	162.281906	646.964661	30.555378	122.238914	0.000000	0.000000	3.750000	-187.556503	-956.963013
704	-389.806702	-842.712646	-66.316826	-118.735329	0.000000	0.000000	3.750000	541.403320	1014.265747
705	69.697823	-469.681000	16.515726	-124.912895	0.000000	0.000000	3.750000	-72.065369	585.176453
706	-519.782959	349.682648	-112.290497	69.389076	0.000000	0.000000	3.750000	498.648285	-256.323792
707	197.212555	-66.400665	83.068581	-105.145523	0.000000	0.000000	3.750000	-182.135193	241.901154
708	-622.510925	372.094727	-93.399704	50.124557	0.000000	0.000000	3.750000	885.484863	-371.037842
709	-423.010071	642.075684	-69.144989	90.635605	0.000000	0.000000	3.750000	403.772614	-869.044678
710	-228.467438	-231.260452	-101.645073	-47.034016	0.000000	0.000000	3.750000	386.549011	166.641052
711	142.169800	293.665680	54.468830	109.163902	0.000000	0.000000	3.750000	-125.429131	-289.591217
712	234.869797	-486.042328	44.217316	-117.986092	0.000000	0.000000	3.750000	-175.417358	748.433777
713	218.075790	-1016.102051	50.773647	-136.886414	0.000000	0.000000	3.750000	-270.639008	1189.877441
714	-637.227051	699.653198	-84.574051	85.130630	0.000000	0.000000	3.750000	758.011841	-854.514221
715	-732.221130	-179.020416	-116.113571	-30.292526	0.000000	0.000000	3.750000	903.143677	248.715820
716	-446.334534	693.095276	-72.689148	100.459900	0.000000	0.000000	3.750000	493.337463	-968.028870
717	-584.888916	812.103455	-85.421272	100.633850	0.000000	0.000000	3.750000	679.001282	-1001.577271
718	-42.742970	306.799164	-31.972565	103.157196	0.000000	0.000000	3.750000	71.630135	-161.124481
719	631.704590	308.399078	115.814171	59.050041	0.000000	0.000000	3.750000	-679.526184	-234.631866
720	300.466187	-185.420441	111.121269	-55.027790	0.000000	0.000000	3.750000	-520.665588	235.416870
721	738.346375	680.529419	98.566795	87.798447	0.000000	0.000000	3.750000	-627.717529	-647.894104
722	-816.109863	194.589828	-141.190002	15.143068	0.000000	0.000000	3.750000	870.250183	-171.885620
723	-319.523499	-634.884460	-67.860825	-108.530441	0.000000	0.000000	3.750000	527.586670	679.182556
724	-458.676666	32.626324	-131.460327	11.922526	0.000000	0.000000	3.750000	392.280670	-13.693537
725	934.153381	155.962708	138.452057	20.758503	0.000000	0.000000	3.750000	-544.791626	-89.993484
726	747.226074	194.851242	118.610001	18.210762	0.000000	0.000000	3.750000	-906.452209	-221.929581
727	-359.572327	153.238525	-120.738724	17.493324	0.000000	0.000000	3.750000	582.624390	-20.423218
728	431.567047	771.130249	66.271400	114.157913	0.000000	0.000000	3.750000	-446.028198	-1061.556030
729	88.082703	518.284546	35.217316	120.976784	0.000000	0.000000	3.750000	-87.156113	-787.168579
730	778.005493	171.630615	121.878052	39.111870	0.000000	0.000000	3.750000	-982.400635	-289.247284
731	-534.267090	-725.316589	-88.050873	-95.640152	0.000000	0.000000	3.750000	701.026306	721.382874
732	208.624603	-527.745300	23.507803	-119.713730	0.000000	0.000000	3.750000	-127.907570	599.400574
733	-532.105164	-732.397278	-71.648605	-93.757523	0.000000	0.000000	3.750000	637.166260	920.892639
734	567.039062	702.229248	73.778984	89.513382	0.000000	0.000000	3.750000	-703.345642	-1008.531128
735	363.697693	215.964355	113.524658	63.341331	0.000000	0.000000	3.750000	-472.130554	-298.573853
736	-221.300354	216.312500	-82.117508	95.563667	0.000000	0.000000	3.750000	234.406067	-379.655426
737	95.521835	-53.375683	2.732086	-125.891541	0.000000	0.000000	3.750000	15.116281	15.998388
738	-542.218506	443.102386	-91.243622	77.939697	0.000000	0.000000	3.750000	582.084290	-543.737244
739	333.932220	-17.208054	128.422699	-38.198032	0.000000	0.000000	3.750000	-348.908112	-21.579170
740	-352.738464	146.965591	-118.866325	41.793461	0.000000	0.000000	3.750000	356.340912	-159.871429
741	-846.054382	-501.696716	-117.132248	-72.965866	0.000000	0.000000	3.750000	1051.079956	567.754211
742	-610.397400	-406.637512	-112.474663	-61.101742	0.000000	0.000000	3.750000	879.644287	564.874939
743	411.931976	713.034302	70.150208	111.816162	0.000000	0.000000	3.750000	-394.577637	-871.083130
744	-410.713623	-298.232330	-96.210724	-64.802315	0.000000	0.000000	3.750000	416.310883	387.355469
745	284.028992	-616.642639	48.398132	-103.216270	0.000000	0.000000	3.750000	-342.179443	630.193115
746	806.677246	444.132690	108.045914	72.291443	0.000000	0.000000	3.750000	-1053.358765	-585.170837
747	-302.511353	84.968414	-113.795792	6.756979	0.000000	0.000000	3.750000	334.505249	60.564163
748	-833.577271	-169.069214	-123.480064	-25.060432	0.000000	0.000000	3.750000	327.093445	46.023113
749	93.522751	721.292175	4.411804	119.918762	0.000000	0.000000	3.750000	-91.822784	-1056.368774
750	-86.752609	-631.451050	-46.842846	-123.408859	0.000000	0.000000	3.750000	268.503052	673.052368
751	125.631866	656.864563	21.996605	134.208939	0.000000	0.000000	3.750000	-57.229038	-774.461792
752	492.611572	-744.835449	73.056870	-97.707001	0.000000	0.000000	3.750000	-523.218750	882.049316
753	-335.469696	-967.179443	-67.742935	-127.070381	0.000000	0.000000	3.750000	597.474182	1253.580200
754	500.486267	638.874939	82.359291	90.005096	0.000000	0.000000	3.750000	-620.612854	-821.843750
755	-60.903282	-677.120544	-4.623865	-119.910858	0.000000	0.000000	3.750000	0.878969	844.198730
756	-158.345428	6.518944	-124.330780	37.876900	0.000000	0.000000	3.750000	91.242134	-36.399017
757	-185.133301	187.074020	-102.600418	33.721718	0.000000	0.000000	3.750000	354.130127	-128.778290
758	474.928192	-666.378906	72.246841	-95.814117	0.000000	0.000000	3.750000	-456.230011	784.611328
759	32.924038	-785.270874	-13.676491	-113.176636	0.000000	0.000000	3.750000	193.871506	1591.981201
760	-81.997704	-738.230103	-31.135839	-117.959915	0.000000	0.000000	3.750000	275.189392	867.968750
761	-443.376343	-286.155334	-122.557953	-63.430977	0.000000	0.000000	3.750000	591.622864	259.478210
762	863.206055	86.809792	129.947845	3.681298	0.000000	0.000000	3.750000	-986.977905	-57.110378
763	526.557739	745.195251	81.171700	98.970474	0.000000	0.000000	3.750000	-644.842346	-807.241028
764	738.498047	-233.987671	121.680832	-32.706947	0.000000	0.000000	3.750000	-1063.176758	203.266434
765	846.142639	-426.911896	128.949997	-64.091515	0.000000	0.000000	3.750000	-995.174011	328.047211
766	198.905396	-77.294823	113.516434	-74.899780	0.000000	0.000000	3.750000	-287.644623	150.190628
767	-804.139465	-7.728752	-130.414703	-20.395550	0.000000	0.000000	3.750000	995.548889	91.838295
768	39.675091	-258.033905	-11.038198	-127.520607	0.000000	0.000000	3.750000	105.144569	362.438873
769	0.056297	-279.007111	-30.925873	-122.145561	0.000000	0.000000	3.750000	147.813004	425.822571
770	-510.266235	840.143616	-81.147751	106.634537	0.000000	0.000000	3.750000	551.659546	-1049.623779
771	-51.944809	252.077194	-85.541634	95.218231	0.000000	0.000000	3.750000	281.495270	-345.551117
772	-92.652580	504.315491	-20.363897	120.288406	0.000000	0.000000	3.750000	89.763451	-676.291870
773	-666.774170	-405.546173	-112.497147	-69.053444	0.000000	0.000000	3.750000	881.489868	596.420288
774	748.900330	177.749557	132.492157	38.597492	0.000000	0.000000	3.750000	-886.704407	-206.975479
775	-194.723236	-547.820618	-56.474709	-105.879898	0.000000	0.000000	3.750000	240.127655	535.554504
776	459.905121	251.061737	125.768227	46.242027	0.000000	0.000000	3.750000	-523.020203	-214.986877
777	131.511642	321.009796	73.657745	119.051292	0.000000	0.000000	3.750000	-145.244492	-361.102142
778	-722.078857	25.342905	-116.935654	-15.810148	0.000000	0.000000	3.750000	831.556458	-6.495842
779	152.615494	930.966797	17.606915	134.855423	0.000000	0.000000	3.750000	-97.452858	-1163.604980
780	513.100464	-125.834930	113.157486	-13.833013	0.000000	0.000000	3.750000	-853.246277	42.159698
781	-174.989609	-123.843819	-95.429100	-36.006798	0.000000	0.000000	3.750000	135.524567	46.884525
782	659.378540	-258.925262	116.490349	-36.248573	0.000000	0.000000	3.750000	-1130.367310	254.594650
783	611.680725	-215.818054	117.834724	-38.613037	0.000000	0.000000	3.750000	-825.388733	225.197739
784	392.164307	-356.764496	86.067612	-86.465927	0.000000	0.000000	3.750000	-474.473450	524.752869
785	364.137848	718.221558	68.146721	129.120193	0.000000	0.000000	3.750000	-436.934448	-858.746338
786	-337.950989	-778.393677	-72.607880	-110.236450	0.000000	0.000000	3.750000	586.257385	779.176819
787	70.308365	525.017883	-31.147778	120.022690	0.000000	0.000000	3.750000	48.952415	-559.515015
788	558.175903	162.198700	114.215561	29.644640	0.000000	0.000000	3.750000	-955.652710	-233.639328
789	786.030701	231.807449	109.401733	38.564564	0.000000	0.000000	3.750000	-894.920654	-212.622742
790	-600.839844	-270.569305	-110.761162	-60.064804	0.000000	0.000000	3.750000	589.942078	439.462494
791	635.592468	537.818542	86.341499	86.192276	0.000000	0.000000	3.750000	-679.678101	-830.417480
792	737.723755	-57.822479	129.225052	-14.169749	0.000000	0.000000	3.750000	-1049.431152	-27.028469
793	-6.990977	794.986694	-1.282821	115.992889	0.000000	0.000000	3.750000	-30.666815	-1070.023682
794	675.237244	-734.131958	87.105728	-96.501762	0.000000	0.000000	3.750000	-715.579407	826.091309
795	794.535095	394.760925	110.459503	51.794739	0.000000	0.000000	3.750000	-908.862732	-381.309204
796	-20.717129	-454.098145	11.542953	-133.501587	0.000000	0.000000	3.750000	6.978695	509.140472
797	-499.394592	-95.256592	-106.908379	-25.893982	0.000000	0.000000	3.750000	525.610840	196.894653
798	357.516907	-914.850037	42.420563	-129.214661	0.000000	0.000000	3.750000	-245.231552	1125.710693
799	473.430145	-284.221771	106.205078	-51.424538	0.000000	0.000000	3.750000	-683.602905	329.335175
800	-135.653839	136.029907	-125.746704	-7.977778	0.000000	0.000000	3.750000	441.099152	82.522720
801	-584.909790	221.630936	-111.762985	22.472748	0.000000	0.000000	3.750000	622.030212	-96.560928
802	185.589218	406.463135	62.109200	100.330902	0.000000	0.000000	3.750000	-289.613983	-372.441803
803	-531.604919	-82.644432	-117.838745	-22.671719	0.000000	0.000000	3.750000	593.365845	86.634491
804	-396.747986	-466.885101	-86.697792	-88.651711	0.000000	0.000000	3.750000	506.150818	348.749023
805	-636.611755	-159.210388	-118.387688	-19.604069	0.000000	0.000000	3.750000	173.002060	34.999969
806	190.132858	-876.434998	19.403236	-128.543686	0.000000	0.000000	3.750000	-72.055389	1060.430542
807	-328.892365	-37.837666	-115.015915	-15.055609	0.000000	0.000000	3.750000	415.284821	174.326691
808	-57.323151	564.208496	-12.178570	107.311150	0.000000	0.000000	3.750000	77.716278	-751.713867
809	-92.349960	-346.606750	-32.178806	-123.888748	0.000000	0.000000	3.750000	141.083694	363.067596
810	628.399292	-18.417278	120.967484	-15.835276	0.000000	0.000000	3.750000	-891.278076	-9.128847
811	-781.690735	-203.188416	-125.745590	-32.985325	0.000000	0.000000	3.750000	943.120850	277.971497
812	404.367767	-282.984131	77.273590	-83.813126	0.000000	0.000000	3.750000	-502.996063	414.791168
813	612.270996	-27.701675	116.182312	-37.223633	0.000000	0.000000	3.750000	-591.831238	134.484680
814	-537.579224	332.948914	-132.045609	57.444096	0.000000	0.000000	3.750000	573.040161	-317.948761
815	547.409241	265.288483	130.179962	31.767452	0.000000	0.000000	3.750000	-761.719971	-182.313919
816	-600.020630	893.838135	-91.012299	106.379913	0.000000	0.000000	3.750000	624.205811	-961.611084
817	-515.682373	280.372070	-94.247688	48.511467	0.000000	0.000000	3.750000	810.094788	-350.541748
818	292.559448	-148.937820	97.756874	-91.649185	0.000000	0.000000	3.750000	-505.209503	475.016663
819	-607.871277	705.216919	-85.162415	92.861679	0.000000	0.000000	3.750000	542.115723	-778.413818
820	350.822449	-397.914612	62.510880	-113.984085	0.000000	0.000000	3.750000	-318.023987	647.467407
821	-309.623779	-572.911255	-70.255989	-116.447807	0.000000	0.000000	3.750000	430.325378	764.818237
822	-276.385010	130.538895	-90.863083	58.376411	0.000000	0.000000	3.750000	444.570068	-362.077759
823	331.068054	565.656494	74.000549	104.440857	0.000000	0.000000	3.750000	-393.038239	-636.001282
824	-22.414177	-730.484009	-18.873663	-140.740112	0.000000	0.000000	3.750000	112.693100	758.630615
825	-707.509766	-354.134186	-118.724945	-52.956444	0.000000	0.000000	3.750000	1042.722900	438.392334
826	43.402298	-475.855652	34.101017	-112.965057	0.000000	0.000000	3.750000	-144.773834	608.319275
827	512.685730	-179.546967	94.789726	-73.583023	0.000000	0.000000	3.750000	-391.398132	205.114166
828	-129.139221	140.468567	-111.417427	54.404564	0.000000	0.000000	3.750000	138.737289	-108.427704
829	588.779297	548.418640	112.777229	92.721024	0.000000	0.000000	3.750000	-563.182800	-399.230164
830	-693.708008	108.251015	-123.887329	-5.272861	0.000000	0.000000	3.750000	771.720581	-62.531269
831	-557.163086	-536.850830	-97.386627	-103.342819	0.000000	0.000000	3.750000	482.918610	437.556335
832	-126.163193	-246.971222	-46.756371	-123.439880	0.000000	0.000000	3.750000	340.413879	588.957275
833	776.305298	-594.891724	93.155434	-90.675568	0.000000	0.000000	3.750000	-832.791260	742.213562
834	447.412842	-692.011230	62.595360	-104.717819	0.000000	0.000000	3.750000	-549.489136	926.963440
835	817.236816	-199.723801	117.846664	-31.560219	0.000000	0.000000	3.750000	-667.514221	92.790894
836	-178.574677	-257.820618	-66.415894	-99.943741	0.000000	0.000000	3.750000	416.749481	461.108215
837	297.436523	449.657379	67.644890	127.122543	0.000000	0.000000	3.750000	-253.801620	-510.689789
838	790.522095	-326.157349	106.519058	-63.479362	0.000000	0.000000	3.750000	-952.274658	416.291534
839	-174.605057	-97.934906	-60.557606	-69.256866	0.000000	0.000000	3.750000	350.982819	264.837067
840	-168.050751	91.693787	-147.929718	-4.542328	0.000000	0.000000	3.750000	348.515503	36.325798
841	250.733337	819.822510	43.324341	107.605629	0.000000	0.000000	3.750000	-303.060425	-1053.506836
842	415.673676	-1.522676	102.614731	-44.879929	0.000000	0.000000	3.750000	-445.381012	179.270462
843	-392.411926	-664.909851	-62.908363	-120.575790	0.000000	0.000000	3.750000	440.937103	948.915161
844	769.011414	-743.300415	96.901428	-101.045074	0.000000	0.000000	3.750000	-933.741638	895.471436
845	539.136108	-613.591797	71.001564	-91.732094	0.000000	0.000000	3.750000	-794.199036	1071.068359
846	157.019470	-873.224609	7.343482	-137.804474	0.000000	0.000000	3.750000	-74.527237	1117.165649
847	-211.898102	835.554077	-43.623940	111.789230	0.000000	0.000000	3.750000	203.459229	-1096.878174
848	-129.764496	-321.076874	-23.765331	-117.623108	0.000000	0.000000	3.750000	143.596344	619.054932
849	-780.536804	-421.017029	-102.815948	-69.317245	0.000000	0.000000	3.750000	935.110962	598.408569
850	-290.497070	-733.192261	-39.391556	-109.106369	0.000000	0.000000	3.750000	305.483124	1699.409546
851	297.573730	543.985962	57.685745	138.463715	0.000000	0.000000	3.750000	-198.743515	-607.652283
852	-434.604065	-662.453003	-70.576050	-120.909119	0.000000	0.000000	3.750000	572.935242	924.169373
853	-333.558594	-611.428955	-73.378326	-114.505585	0.000000	0.000000	3.750000	550.575012	698.194092
854	-227.565063	449.417358	-57.989067	116.349686	0.000000	0.000000	3.750000	357.827820	-680.239807
855	275.829407	695.133240	38.949696	140.707932	0.000000	0.000000	3.750000	-97.719345	-563.071960
856	-576.308838	-312.953552	-104.046478	-77.937660	0.000000	0.000000	3.750000	692.857666	602.503601
857	430.504639	812.669556	71.172783	103.973175	0.000000	0.000000	3.750000	-520.312683	-861.919678
858	278.515320	-684.387207	50.610317	-111.007172	0.000000	0.000000	3.750000	-493.140472	1038.854614
859	-811.340515	309.470215	-125.127060	35.258972	0.000000	0.000000	3.750000	1184.670532	-244.390335
860	-522.449768	543.188660	-85.235672	81.601639	0.000000	0.000000	3.750000	700.895691	-853.718506
861	490.657166	352.938782	115.384247	79.286819	0.000000	0.000000	3.750000	-603.366211	-475.825378
862	611.414734	-599.044434	74.429779	-80.995094	0.000000	0.000000	3.750000	-694.291809	819.583130
863	264.436188	-137.900467	94.658096	-89.097656	0.000000	0.000000	3.750000	-350.358215	147.185501
864	-292.122284	238.942001	-83.301880	62.263756	0.000000	0.000000	3.750000	390.710510	-332.679993
865	232.704803	315.282990	83.097542	86.565979	0.000000	0.000000	3.750000	-43.420849	-60.935673
866	437.066254	-631.093262	68.407570	-122.148865	0.000000	0.000000	3.750000	-467.279327	705.390320
867	-283.447723	858.967896	-51.262730	108.498856	0.000000	0.000000	3.750000	281.320801	-1140.596069
868	-319.081177	214.623093	-120.252419	54.436337	0.000000	0.000000	3.750000	353.527100	-210.595642
869	-475.183563	452.445740	-97.647003	66.246689	0.000000	0.000000	3.750000	227.857376	-164.261154
870	-341.840088	593.094421	-73.361595	97.477356	0.000000	0.000000	3.750000	311.261047	-668.249023
871	11.460697	94.745651	-31.324648	-101.844315	0.000000	0.000000	3.750000	0.017727	-79.287064
872	-528.468872	-338.506866	-83.653549	-42.872795	0.000000	0.000000	3.750000	1074.559326	464.200104
873	-131.346481	561.238403	-58.670914	127.112396	0.000000	0.000000	3.750000	312.059418	-973.071472
874	-294.067078	7.788104	-108.830292	-59.426941	0.000000	0.000000	3.750000	298.439087	232.684601
875	-207.330780	53.979820	-119.616211	-23.997128	0.000000	0.000000	3.750000	358.727783	101.106651
876	-428.832825	-793.016479	-61.671715	-116.707245	0.000000	0.000000	3.750000	550.069397	910.793823
877	-711.027771	-460.712585	-107.937790	-79.406769	0.000000	0.000000	3.750000	891.834167	639.480652
878	-631.831848	508.532715	-111.207733	67.325012	0.000000	0.000000	3.750000	668.923340	-269.566345
879	237.007477	-120.730896	81.807129	-93.184113	0.000000	0.000000	3.750000	-229.984390	210.478012
880	-175.479248	-509.313263	-36.780319	-126.772240	0.000000	0.000000	3.750000	246.119553	775.152527
881	752.625977	-557.088806	95.987213	-81.623703	0.000000	0.000000	3.750000	-923.149841	649.870361
882	-255.123444	-478.690735	-62.635429	-111.627953	0.000000	0.000000	3.750000	376.251495	620.879272
883	-713.107788	369.857422	-123.000595	47.903839	0.000000	0.000000	3.750000	978.057739	-251.648132
884	541.156250	-178.615936	87.842102	-59.327610	0.000000	0.000000	3.750000	-656.582275	428.885529
885	-124.921249	-641.356445	-36.684143	-110.046692	0.000000	0.000000	3.750000	289.386993	846.956299
886	-581.067017	595.321655	-88.849586	74.577095	0.000000	0.000000	3.750000	759.280640	-699.605530
887	149.596237	-526.292542	28.970736	-110.256912	0.000000	0.000000	3.750000	-94.564522	939.044922
888	-416.471558	744.769775	-66.130142	90.392334	0.000000	0.000000	3.750000	398.696716	-678.762573
889	671.579834	138.565094	131.985474	-1.956480	0.000000	0.000000	3.750000	-847.877930	-14.803165
890	-39.913795	-375.752319	-37.556282	-111.863785	0.000000	0.000000	3.750000	308.201233	755.084534
891	806.576843	382.156769	112.986862	46.020790	0.000000	0.000000	3.750000	-1074.947021	-302.735229
892	-297.321991	-660.700562	-47.470406	-108.030243	0.000000	0.000000	3.750000	312.382629	913.485352
893	775.165344	-8.234570	126.214996	-21.297577	0.000000	0.000000	3.750000	-1518.907837	-5.500662
894	622.782043	163.398895	117.774582	7.271809	0.000000	0.000000	3.750000	-677.457947	-179.803864
895	681.765503	-384.101135	94.335823	-80.478256	0.000000	0.000000	3.750000	-661.988220	528.927551
896	397.703796	747.339050	82.730408	107.942947	0.000000	0.000000	3.750000	-466.838867	-613.644104
897	-251.812790	-716.064331	-39.293751	-107.013199	0.000000	0.000000	3.750000	128.760300	664.702942
898	-947.292969	-27.034943	-140.262329	-22.146208	0.000000	0.000000	3.750000	1315.294067	130.524109
899	486.551361	775.359802	80.258682	119.559761	0.000000	0.000000	3.750000	-515.865662	-822.052979
900	321.422089	-638.901794	51.740238	-101.582108	0.000000	0.000000	3.750000	-440.883392	720.292542
901	712.626587	459.574921	100.286316	58.297955	0.000000	0.000000	3.750000	-773.326660	-460.994659
902	736.120972	123.569382	109.253937	12.789664	0.000000	0.000000	3.750000	-986.694702	-114.212830
903	620.587769	-488.448822	81.680145	-85.160721	0.000000	0.000000	3.750000	-695.787109	789.051086
904	11.581654	626.171570	26.457020	141.547272	0.000000	0.000000	3.750000	-28.855177	-650.755493
905	109.192123	929.754761	29.494740	128.662521	0.000000	0.000000	3.750000	-267.531860	-972.289062
906	744.121460	166.494995	118.421982	19.388342	0.000000	0.000000	3.750000	-422.032043	-118.363556
907	174.799255	-383.728516	69.829651	-102.468620	0.000000	0.000000	3.750000	-355.611420	503.300171
908	185.490967	69.987663	112.625488	41.418453	0.000000	0.000000	3.750000	-438.501526	-179.960953
909	422.749268	36.509598	139.839035	-6.701504	0.000000	0.000000	3.750000	-535.867615	42.080345
910	-767.744263	38.007366	-115.885742	5.146188	0.000000	0.000000	3.750000	776.846985	4.465003
911	338.963043	533.278625	77.826553	99.090714	0.000000	0.000000	3.750000	-504.253937	-769.517212
912	-436.459747	-868.849854	-59.754551	-126.607086	0.000000	0.000000	3.750000	417.940887	1069.159180
913	653.281982	-321.071869	109.251953	-58.651299	0.000000	0.000000	3.750000	-735.175964	315.633087
914	-121.445023	63.498566	-12.421051	113.305977	0.000000	0.000000	3.750000	-8.167426	-97.946152
915	-666.640137	-607.646362	-107.177353	-93.150482	0.000000	0.000000	3.750000	833.445801	696.570435
916	355.674042	-806.380554	56.577457	-125.868759	0.000000	0.000000	3.750000	-283.837494	813.696960
917	788.376526	355.768982	125.453407	41.054062	0.000000	0.000000	3.750000	-1033.765747	-301.164612
918	375.069366	614.506714	53.936497	116.081047	0.000000	0.000000	3.750000	-389.693665	-1086.814453
919	391.843903	-601.686829	83.447189	-97.059586	0.000000	0.000000	3.750000	-631.118652	702.267944
920	119.896896	-308.840118	55.104729	-124.325867	0.000000	0.000000	3.750000	-61.176628	267.121765
921	-693.766479	128.178452	-125.603134	9.992512	0.000000	0.000000	3.750000	1102.265625	-127.415680
922	808.831726	573.401855	110.285294	76.112778	0.000000	0.000000	3.750000	-907.485657	-622.562378
923	567.156677	295.976562	123.912689	39.313042	0.000000	0.000000	3.750000	-318.241669	-129.264648
924	-345.180298	180.334564	-132.327087	21.078423	0.000000	0.000000	3.750000	390.315094	30.922922
925	-771.740479	-265.200470	-128.624420	-18.861504	0.000000	0.000000	3.750000	1237.509888	159.402939
926	-585.706421	467.357178	-83.730835	58.250717	0.000000	0.000000	3.750000	759.728699	-481.573944
927	-440.245667	-309.823303	-104.348434	-63.208191	0.000000	0.000000	3.750000	383.854187	295.430969
928	754.349548	-842.391846	100.547531	-108.601059	0.000000	0.000000	3.750000	-725.657104	827.366882
929	353.243866	-191.432434	96.215591	-81.351929	0.000000	0.000000	3.750000	-407.180847	254.918488
930	297.432251	589.283630	64.727394	115.040283	0.000000	0.000000	3.750000	-356.284546	-812.760986
931	134.195129	-414.809875	55.599529	-124.115585	0.000000	0.000000	3.750000	-143.577179	283.974884
932	684.877808	36.164875	129.749512	8.065383	0.000000	0.000000	3.750000	-647.121338	-77.487541
933	896.880066	51.591148	123.434601	11.827948	0.000000	0.000000	3.750000	-1097.040283	-115.393646
934	-374.094330	487.745850	-63.092140	111.370316	0.000000	0.000000	3.750000	306.199158	-645.907166
935	371.920319	713.759705	59.688648	101.789940	0.000000	0.000000	3.750000	-392.059357	-959.176392
936	-601.758240	708.735168	-86.911957	91.226517	0.000000	0.000000	3.750000	696.036255	-903.902283
937	-253.602203	-834.507080	-15.855222	-129.029510	0.000000	0.000000	3.750000	123.696686	976.015198
938	321.317322	-430.723358	73.703384	-89.575577	0.000000	0.000000	3.750000	-578.591553	821.435730
939	137.072662	-712.489319	38.125599	-109.555084	0.000000	0.000000	3.750000	-173.829224	1065.748413
940	556.956299	437.790710	100.839317	88.246185	0.000000	0.000000	3.750000	-640.972534	-651.564148
941	147.929611	586.969116	0.823145	119.997162	0.000000	0.000000	3.750000	-19.477230	-770.062683
942	184.285721	542.022095	33.341805	123.581184	0.000000	0.000000	3.750000	-140.808914	-481.044495
943	-476.672302	-168.487488	-106.777283	-16.204334	0.000000	0.000000	3.750000	753.477234	37.016434
944	551.081848	483.949188	80.417221	77.955452	0.000000	0.000000	3.750000	-623.474854	-697.291138
945	629.821533	29.370260	119.822723	-6.516240	0.000000	0.000000	3.750000	-835.472351	-33.963806
946	289.643555	-199.899078	98.680557	-104.842041	0.000000	0.000000	3.750000	-226.818405	79.109795
947	547.787231	-57.612289	117.972351	-2.535350	0.000000	0.000000	3.750000	-674.065613	-59.506710
948	732.539001	673.734619	110.208527	86.337006	0.000000	0.000000	3.750000	-834.779968	-674.856201
949	-953.562561	-358.650330	-127.151794	-63.216858	0.000000	0.000000	3.750000	990.833984	383.545380
950	81.437256	669.331543	33.175346	119.479065	0.000000	0.000000	3.750000	-91.910149	-668.630554
951	-594.002136	298.362244	-94.587509	59.976662	0.000000	0.000000	3.750000	659.292847	-391.200012
952	269.175049	290.333801	112.015961	80.599884	0.000000	0.000000	3.750000	-503.587769	-421.733551
953	451.576111	-202.872452	107.709206	-48.194668	0.000000	0.000000	3.750000	-597.014343	265.355560
954	712.351868	-112.309578	120.612762	-28.782898	0.000000	0.000000	3.750000	-944.137573	106.116074
955	-73.853760	226.704941	-31.922802	109.436371	0.000000	0.000000	3.750000	34.630283	-151.692291
956	-527.733093	684.632751	-68.440193	88.655945	0.000000	0.000000	3.750000	541.642517	-1001.586304
957	-144.572357	418.194336	-5.624426	129.878052	0.000000	0.000000	3.750000	-14.039889	-605.618469
958	287.895935	390.591187	89.589355	73.685478	0.000000	0.000000	3.750000	-410.148987	-453.028625
959	-778.873413	35.928272	-147.999481	-0.375556	0.000000	0.000000	3.750000	896.759521	-34.016468
960	-136.788528	861.701904	-11.549625	123.460945	0.000000	0.000000	3.750000	93.643463	-1102.457764
961	745.188782	-630.935181	92.441345	-85.618805	0.000000	0.000000	3.750000	-972.368958	744.015869
962	-254.263489	686.454773	-51.230545	125.981659	0.000000	0.000000	3.750000	301.530640	-941.874695
963	-0.361537	-382.787598	27.823080	-126.987404	0.000000	0.000000	3.750000	-187.682602	612.334595
964	315.466217	185.872040	114.422020	73.504532	0.000000	0.000000	3.750000	-437.693665	-405.289642
965	16.752129	-602.306641	23.433353	-113.608429	0.000000	0.000000	3.750000	-162.615616	852.394287
966	-353.844177	444.722412	-53.336388	103.010201	0.000000	0.000000	3.750000	158.608841	-406.864899
967	583.412903	-736.106140	84.594177	-90.663246	0.000000	0.000000	3.750000	-814.506897	838.040710
968	-441.142029	223.608368	-65.830833	90.610664	0.000000	0.000000	3.750000	267.689667	-373.199402
969	-146.584122	-554.950806	-32.213257	-132.129578	0.000000	0.000000	3.750000	163.342072	526.813232
970	-605.827515	542.231079	-76.551628	70.397766	0.000000	0.000000	3.750000	595.298645	-583.228882
971	785.221191	-502.398682	111.492889	-70.662994	0.000000	0.000000	3.750000	-1037.660522	476.061707
972	664.149597	-164.377472	131.284622	-26.836428	0.000000	0.000000	3.750000	-874.780579	51.176521
973	824.291870	149.521729	135.697052	9.071592	0.000000	0.000000	3.750000	-1001.176636	-109.614868
974	-800.410217	-745.277466	-103.669067	-99.943604	0.000000	0.000000	3.750000	787.900696	739.226379
975	-804.929138	86.738632	-117.727119	8.019525	0.000000	0.000000	3.750000	1011.095459	-12.303204
976	-545.594849	-625.527588	-67.924988	-78.753990	0.000000	0.000000	3.750000	625.059692	824.549255
977	116.917114	-109.621086	120.748238	-70.847870	0.000000	0.000000	3.750000	-327.405975	112.405380
978	590.452942	-669.380493	87.593239	-101.407219	0.000000	0.000000	3.750000	-537.653442	629.205688
979	333.647034	-67.325806	119.607826	-24.040886	0.000000	0.000000	3.750000	-606.263062	123.526604
980	468.237671	-525.073547	106.904694	-99.434425	0.000000	0.000000	3.750000	-536.764771	385.348694
981	143.260864	-784.504211	49.353989	-122.425423	0.000000	0.000000	3.750000	-194.868927	985.430603
982	-941.877197	84.496758	-133.933838	23.616219	0.000000	0.000000	3.750000	1131.845703	-199.194733
983	-673.154358	-185.279526	-123.131699	-26.731594	0.000000	0.000000	3.750000	598.609680	160.387985
984	-508.510925	196.661346	-124.403961	44.132229	0.000000	0.000000	3.750000	687.828308	-248.940567
985	376.882446	-422.381256	100.422882	-94.652313	0.000000	0.000000	3.750000	-806.229431	578.031006
986	-58.274265	282.738922	-16.660769	128.925507	0.000000	0.000000	3.750000	87.783653	-326.897522
987	-44.025211	-336.180756	27.027699	-121.018417	0.000000	0.000000	3.750000	-59.530159	381.223755
988	-716.910339	-110.896912	-113.773430	-7.182128	0.000000	0.000000	3.750000	944.799805	-18.660093
989	510.259613	-572.724304	87.069092	-88.289139	0.000000	0.000000	3.750000	-734.902100	700.634216
990	153.423126	822.354858	20.982176	126.268509	0.000000	0.000000	3.750000	-122.536644	-990.486389
991	133.408920	317.730194	79.964943	66.493576	0.000000	0.000000	3.750000	-329.792206	-370.765259
992	647.029602	-361.660400	105.430519	-65.271690	0.000000	0.000000	3.750000	-861.439941	469.147095
993	-722.240601	357.172485	-108.594131	55.599430	0.000000	0.000000	3.750000	1034.898438	-442.473755
994	-189.618561	622.479675	-40.024376	117.362549	0.000000	0.000000	3.750000	216.569016	-940.666443
995	-483.800598	-533.485168	-72.659492	-85.232605	0.000000	0.000000	3.750000	607.339233	727.400269
996	-514.709167	550.261658	-78.194168	68.568741	0.000000	0.000000	3.750000	682.632751	-635.491394
997	-446.523560	-535.575562	-79.677933	-87.036865	0.000000	0.000000	3.750000	601.190247	591.636963
998	-311.780426	-299.018738	-66.145630	-116.527420	0.000000	0.000000	3.750000	424.192352	353.045380
999	95.967270	371.323730	59.864098	106.302719	0.000000	0.000000	3.750000	-524.059937	-1010.729919
