node	a_force.x	a_force.y	g_force.x	g_force.y	r_force.x	r_force.y	global_speed	move_node.x	move_node.y
0	668.461792	-143.588226	212.050293	-20.082026	0.000000	0.000000	7.125000	-259.279694	-0.477983
1	288.645538	759.056641	45.832726	189.524796	0.000000	0.000000	7.125000	-165.351700	-923.981506
2	-49.613655	-980.474609	-7.811455	-212.856552	0.000000	0.000000	7.125000	18.445557	482.266510
3	-534.506714	-1106.891113	-92.825195	-191.707031	0.000000	0.000000	7.125000	165.314194	396.920319
4	317.433716	85.687012	164.093567	17.060352	0.000000	0.000000	7.125000	-166.872421	-41.714672
5	655.356567	-1091.304565	83.945015	-176.003174	0.000000	0.000000	7.125000	-237.041046	491.015167
6	-1266.989014	-494.794861	-178.223053	-71.416809	0.000000	0.000000	7.125000	462.800262	166.676254
7	680.031311	1259.253174	105.934128	167.246918	0.000000	0.000000	7.125000	-224.455200	-541.361145
8	-274.648895	1290.364258	-33.826729	207.256226	0.000000	0.000000	7.125000	83.464729	-731.270447
9	5.886049	970.959839	30.586639	165.190796	0.000000	0.000000	7.125000	-63.592735	-405.914703
10	-17.968861	-405.449829	-17.521637	-182.145294	0.000000	0.000000	7.125000	49.323517	288.726990
11	-863.542236	1017.479004	-118.458542	154.877502	0.000000	0.000000	7.125000	245.157532	-455.931213
12	1230.206177	-75.278458	200.777451	-9.454161	0.000000	0.000000	7.125000	-490.753082	50.266335
13	-114.750809	-530.662781	-72.911880	-164.469696	0.000000	0.000000	7.125000	87.497887	114.804070
14	-1274.289429	765.011475	-168.976822	108.816933	0.000000	0.000000	7.125000	161.135056	-68.018364
15	1377.416382	553.601013	189.871521	82.415504	0.000000	0.000000	7.125000	-568.273010	-189.142212
16	-720.161072	121.846741	-187.898224	39.323284	0.000000	0.000000	7.125000	315.141388	-24.354786
17	-112.469971	955.391418	-39.675777	209.268036	0.000000	0.000000	7.125000	73.328712	-394.930420
18	585.112793	535.929810	100.066025	127.399429	0.000000	0.000000	7.125000	-235.416306	-320.517029
19	936.495850	-550.519531	154.429688	-80.157600	0.000000	0.000000	7.125000	-419.165771	165.745377
20	-698.744202	334.972198	-190.691620	53.282993	0.000000	0.000000	7.125000	345.536316	-82.345787
21	-298.126373	-616.788696	-86.755722	-154.225266	0.000000	0.000000	7.125000	186.769165	230.512695
22	1154.947754	-741.885803	152.296143	-116.918228	0.000000	0.000000	7.125000	-379.295654	278.520844
23	-639.348328	-568.396118	-147.383728	-118.315453	0.000000	0.000000	7.125000	115.204567	134.483673
24	-1062.895508	1023.575195	-157.374268	143.532547	0.000000	0.000000	7.125000	578.159668	-581.343018
25	-905.936951	372.635681	-168.237915	54.997437	0.000000	0.000000	7.125000	354.755371	-103.244850
26	-1275.932373	-289.970795	-218.493134	-83.764153	0.000000	0.000000	7.125000	565.202759	198.030640
27	-10.989119	-1193.154053	3.097140	-212.974991	0.000000	0.000000	7.125000	-24.195425	498.077148
28	884.640808	1166.905029	118.528320	158.579590	0.000000	0.000000	7.125000	-369.591339	-727.690002
29	7.440125	1014.890625	-4.895400	170.928116	0.000000	0.000000	7.125000	20.419735	-410.319366
30	838.966797	-88.000061	188.638000	-11.477957	0.000000	0.000000	7.125000	-291.623383	-22.442183
31	325.777771	-1103.086670	36.817783	-173.126450	0.000000	0.000000	7.125000	-74.769981	452.552429
32	-1065.123413	-1082.085205	-143.522064	-140.715149	0.000000	0.000000	7.125000	241.002686	247.064194
33	988.223328	641.732239	146.270386	104.900162	0.000000	0.000000	7.125000	-361.072906	-286.213684
34	890.620544	639.033936	162.448563	113.199074	0.000000	0.000000	7.125000	-272.898895	-248.889786
35	-1160.318848	-976.495850	-142.790146	-132.800217	0.000000	0.000000	7.125000	489.921631	486.924683
36	-807.651001	-243.371216	-194.011566	-62.939026	0.000000	0.000000	7.125000	346.553802	153.462723
37	-324.595276	-1019.558044	-63.342201	-174.881622	0.000000	0.000000	7.125000	157.218826	396.063080
38	292.750122	297.474854	105.898148	122.593948	0.000000	0.000000	7.125000	-165.617218	-199.322479
39	32.810791	937.355286	-10.852354	227.717590	0.000000	0.000000	7.125000	-35.776016	-352.996521
40	-32.518230	457.354553	-4.911097	197.937744	0.000000	0.000000	7.125000	-7.352799	-377.168518
41	-357.412628	493.904022	-133.112228	142.477722	0.000000	0.000000	7.125000	258.632446	-330.195557
42	-1184.672729	834.138916	-155.078247	118.209717	0.000000	0.000000	7.125000	435.264648	-265.289978
43	560.621216	923.118286	89.731171	123.924316	0.000000	0.000000	7.125000	-230.972961	-318.635223
44	940.395264	-716.768311	148.342865	-112.204285	0.000000	0.000000	7.125000	-357.746521	250.549759
45	909.962524	231.439423	172.573578	51.112579	0.000000	0.000000	7.125000	-195.598755	-76.642998
46	871.294312	-328.644135	171.996597	-104.003990	0.000000	0.000000	7.125000	-296.567993	168.115036
47	390.374176	787.618408	81.900459	190.107864	0.000000	0.000000	7.125000	-166.050659	-423.388855
48	-332.602051	-321.060425	-168.369965	-98.348618	0.000000	0.000000	7.125000	300.686188	202.523438
49	-41.778053	-921.346252	-0.419453	-176.996078	0.000000	0.000000	7.125000	25.978722	341.000885
50	-1019.675110	204.950714	-191.345535	15.821865	0.000000	0.000000	7.125000	292.661957	-45.674095
51	-979.347778	-254.689682	-202.079971	-67.277664	0.000000	0.000000	7.125000	392.569946	166.137970
52	1222.020874	306.833466	178.986572	50.585297	0.000000	0.000000	7.125000	-494.059052	-103.284966
53	187.378479	342.251404	129.306122	137.842239	0.000000	0.000000	7.125000	-48.110245	-186.893478
54	-434.083191	-1178.166382	-87.678642	-174.174469	0.000000	0.000000	7.125000	208.603958	427.915802
55	-304.200470	639.748413	-68.440399	126.686401	0.000000	0.000000	7.125000	136.912521	-339.496643
56	636.158203	528.264526	150.099640	129.113724	0.000000	0.000000	7.125000	-211.276718	-187.667801
57	-253.848892	1037.689697	-55.691948	199.367401	0.000000	0.000000	7.125000	78.253143	-338.972137
58	242.443970	-909.143188	40.253170	-181.588074	0.000000	0.000000	7.125000	-124.311806	392.807800
59	673.915283	-532.899475	179.385040	-145.368774	0.000000	0.000000	7.125000	-233.631653	130.455322
60	-121.267746	-521.859131	-75.818756	-189.359451	0.000000	0.000000	7.125000	163.341797	228.465942
61	1053.160156	-608.606018	135.757004	-88.387352	0.000000	0.000000	7.125000	-405.811005	209.866226
62	963.306274	346.031372	208.190521	67.738953	0.000000	0.000000	7.125000	-258.385162	-132.725388
63	1158.941895	-867.655273	150.622513	-114.151031	0.000000	0.000000	7.125000	-447.734467	257.879974
64	-1449.992920	-19.029852	-206.668396	-11.710401	0.000000	0.000000	7.125000	488.930206	22.814720
65	-551.844727	-953.667969	-79.676582	-161.402481	0.000000	0.000000	7.125000	179.109314	387.139130
66	-1311.717773	167.923508	-192.338959	32.104702	0.000000	0.000000	7.125000	491.808319	-76.437515
67	104.811050	1226.347290	31.380138	183.330399	0.000000	0.000000	7.125000	-58.474087	-367.036713
68	-765.012695	-698.514832	-122.976257	-143.518967	0.000000	0.000000	7.125000	318.127472	358.671814
69	12.381241	10.094011	171.993027	20.545105	0.000000	0.000000	7.125000	-59.047340	-52.125042
70	-754.543762	1000.177979	-106.151985	163.543640	0.000000	0.000000	7.125000	235.082825	-500.782562
71	-397.680298	1328.833740	-80.842911	180.705627	0.000000	0.000000	7.125000	111.035492	-475.016632
72	378.341553	712.703369	93.324402	201.419159	0.000000	0.000000	7.125000	-126.874321	-347.393677
73	754.704651	-899.609558	112.081596	-163.222839	0.000000	0.000000	7.125000	-274.258881	350.916260
74	1076.572388	-354.104218	164.918686	-55.477398	0.000000	0.000000	7.125000	-358.631470	86.105736
75	238.317871	-330.472900	63.501015	-152.228806	0.000000	0.000000	7.125000	-78.296570	225.430328
76	928.078796	-157.658249	215.808563	8.406729	0.000000	0.000000	7.125000	-318.843018	-53.114910
77	242.484161	11.923489	188.091644	-10.127557	0.000000	0.000000	7.125000	-132.974213	-84.332924
78	-1078.580566	268.410828	-191.379776	15.415596	0.000000	0.000000	7.125000	491.498566	-25.328676
79	330.133606	-1093.755005	55.893745	-186.792709	0.000000	0.000000	7.125000	-65.839493	455.719330
80	-1165.007080	933.131958	-136.000427	126.883957	0.000000	0.000000	7.125000	334.681091	-311.524567
81	-503.160919	-1069.800171	-72.845726	-148.042618	0.000000	0.000000	7.125000	180.004745	415.526184
82	-27.352924	968.133118	21.525749	172.663239	0.000000	0.000000	7.125000	-58.364151	-434.647705
83	1085.999878	654.919861	165.943314	90.453674	0.000000	0.000000	7.125000	-290.854431	-129.598221
84	1248.303711	-67.482521	173.919159	5.278526	0.000000	0.000000	7.125000	-489.803131	-21.720022
85	-814.032715	-763.304749	-145.099350	-160.003067	0.000000	0.000000	7.125000	355.989868	353.946777
86	-197.999588	52.307251	-186.428528	82.783226	0.000000	0.000000	7.125000	120.754562	-60.453365
87	-701.647644	-1201.935181	-97.563667	-161.871307	0.000000	0.000000	7.125000	252.671982	424.599579
88	-500.685547	1012.627502	-84.638412	151.978439	0.000000	0.000000	7.125000	101.643936	-382.135284
89	-780.158325	-650.655151	-115.146561	-122.331467	0.000000	0.000000	7.125000	297.586334	289.940186
90	-504.945557	462.316467	-104.913681	119.441330	0.000000	0.000000	7.125000	175.556015	-289.197754
91	79.089737	-1353.205933	7.855702	-197.841553	0.000000	0.000000	7.125000	-28.666544	493.963745
92	-688.381897	-1009.226257	-95.050522	-149.312286	0.000000	0.000000	7.125000	279.536987	409.192291
93	124.138191	-640.469360	42.026039	-211.871887	0.000000	0.000000	7.125000	-86.174164	292.433533
94	321.806183	-972.621704	51.084499	-166.279709	0.000000	0.000000	7.125000	-43.308113	427.780548
95	-323.247040	219.273376	-107.588120	132.892670	0.000000	0.000000	7.125000	166.962555	-279.677307
96	-1222.276123	343.914673	-180.771255	73.103241	0.000000	0.000000	7.125000	458.903687	-146.415039
97	383.542389	403.364014	106.459732	145.142151	0.000000	0.000000	7.125000	-205.079941	-288.041412
98	166.786514	432.737061	-26.869875	190.109299	0.000000	0.000000	7.125000	30.224556	-179.866638
99	-276.285797	1.357342	-177.178070	-31.573353	0.000000	0.000000	7.125000	160.873596	46.414303
100	-981.456238	496.728241	-156.312164	69.318573	0.000000	0.000000	7.125000	416.642761	-143.862411
101	679.836548	2.598572	191.723038	9.802204	0.000000	0.000000	7.125000	-274.468018	-48.606285
102	-744.394287	1360.347778	-116.387222	181.939590	0.000000	0.000000	7.125000	174.078995	-408.152802
103	-75.143280	89.485687	92.840607	-167.800339	0.000000	0.000000	7.125000	-69.194977	50.041172
104	1193.043335	477.501648	188.051834	100.026054	0.000000	0.000000	7.125000	-631.782349	-268.688599
105	548.941284	-877.783630	53.771263	-162.298935	0.000000	0.000000	7.125000	-36.696095	358.505859
106	-256.705902	-1007.478271	-46.266140	-198.681320	0.000000	0.000000	7.125000	117.076797	412.089050
107	-766.708191	216.315536	-147.705185	73.539322	0.000000	0.000000	7.125000	265.758636	-119.689583
108	-708.854980	692.980835	-137.290009	116.365295	0.000000	0.000000	7.125000	253.933334	-250.669266
109	1037.121338	690.952026	142.462097	99.898514	0.000000	0.000000	7.125000	-372.613373	-241.637909
110	1156.524780	-321.287872	201.559723	-68.864517	0.000000	0.000000	7.125000	-415.211884	163.809814
111	-127.990700	-1150.075195	-20.623735	-172.773407	0.000000	0.000000	7.125000	51.621330	394.679260
112	-1225.546509	-959.852356	-147.993713	-131.516083	0.000000	0.000000	7.125000	475.412079	365.269714
113	504.842865	110.903366	155.395142	12.456659	0.000000	0.000000	7.125000	-225.332855	-90.781296
114	496.829651	-965.486450	61.637878	-165.886444	0.000000	0.000000	7.125000	-54.785378	381.819458
115	944.809021	560.974609	136.839142	68.435631	0.000000	0.000000	7.125000	-428.159210	-183.213486
116	707.349915	551.083008	131.443436	99.719666	0.000000	0.000000	7.125000	-250.483551	-243.943008
117	-610.029175	-1179.040161	-83.994110	-172.641022	0.000000	0.000000	7.125000	163.260391	465.524109
118	400.078552	864.789185	93.213730	178.078079	0.000000	0.000000	7.125000	-206.614288	-426.904755
119	-23.815182	100.221611	-193.014343	61.552670	0.000000	0.000000	7.125000	52.281883	-58.951210
120	-225.850006	-933.213074	-14.368435	-158.349396	0.000000	0.000000	7.125000	18.876884	294.777039
121	457.006989	1284.231934	80.818451	209.967880	0.000000	0.000000	7.125000	-117.076004	-471.244965
122	-680.315186	955.886719	-102.128433	144.506332	0.000000	0.000000	7.125000	163.958237	-418.841064
123	37.842693	-171.795670	122.398453	-151.796539	0.000000	0.000000	7.125000	-91.096382	131.293411
124	140.693054	304.521240	200.749878	-5.402453	0.000000	0.000000	7.125000	-164.610886	-51.904190
125	-489.246552	-263.512695	-164.030487	-17.637524	0.000000	0.000000	7.125000	315.620483	65.145058
126	1159.540649	594.138245	166.252411	107.531570	0.000000	0.000000	7.125000	-383.441376	-268.526611
127	-46.632881	1138.094971	2.526516	191.982498	0.000000	0.000000	7.125000	-11.071779	-436.015015
128	782.852905	-896.528809	122.609970	-127.654816	0.000000	0.000000	7.125000	-349.444153	337.837982
129	-364.109192	-394.502258	-165.946472	-77.110779	0.000000	0.000000	7.125000	144.922241	50.206402
130	-370.211914	-333.319305	-165.490265	-103.115524	0.000000	0.000000	7.125000	302.628174	227.108429
131	-724.324829	-882.523682	-107.529808	-140.592560	0.000000	0.000000	7.125000	284.977478	359.990021
132	-1390.418579	7.647136	-220.940033	-21.329622	0.000000	0.000000	7.125000	457.595520	6.995707
133	-896.751709	731.161804	-145.644562	95.198662	0.000000	0.000000	7.125000	311.986511	-205.460449
134	-904.088867	322.769684	-199.738495	73.979149	0.000000	0.000000	7.125000	405.217255	-137.692169
135	-638.792114	702.374268	-153.494904	120.242493	0.000000	0.000000	7.125000	212.208450	-237.293671
136	449.307159	996.014832	81.426498	160.517120	0.000000	0.000000	7.125000	-160.728088	-437.708405
137	-1.739303	1055.778442	25.138153	156.994537	0.000000	0.000000	7.125000	-42.152290	-661.534790
138	555.296753	-845.260742	82.980988	-132.098999	0.000000	0.000000	7.125000	-215.921326	347.503906
139	-444.089294	-621.841919	-101.712631	-183.651062	0.000000	0.000000	7.125000	204.469254	274.034668
140	265.146118	895.299683	99.448151	184.943527	0.000000	0.000000	7.125000	-150.456604	-243.329376
141	1033.875000	-161.605255	199.384613	-25.430607	0.000000	0.000000	7.125000	-346.033234	13.842100
142	-222.553741	-667.500305	-75.097061	-183.185532	0.000000	0.000000	7.125000	149.793518	292.531250
143	-246.407806	-811.515808	-82.015556	-143.172760	0.000000	0.000000	7.125000	330.798096	449.888397
144	247.164673	628.755371	7.054872	206.872543	0.000000	0.000000	7.125000	-22.447077	-390.116577
145	504.996460	992.141296	91.477402	175.593018	0.000000	0.000000	7.125000	-164.384735	-409.842438
146	-935.342529	860.144897	-135.570221	127.342178	0.000000	0.000000	7.125000	194.800110	-238.730682
147	1036.476807	-588.801392	153.274292	-105.365158	0.000000	0.000000	7.125000	-428.501068	249.001999
148	-646.919922	-1153.359131	-69.752907	-178.881317	0.000000	0.000000	7.125000	182.122299	581.602234
149	1413.924316	222.090714	202.955261	20.618818	0.000000	0.000000	7.125000	-636.369812	-50.513252
150	389.092590	-981.811523	88.135277	-187.271072	0.000000	0.000000	7.125000	-234.776367	430.842499
151	-654.118652	-501.912842	-162.598755	-102.074577	0.000000	0.000000	7.125000	458.349792	309.729889
152	-1023.530762	725.354492	-143.903976	113.044846	0.000000	0.000000	7.125000	413.622803	-264.691010
153	-598.456421	1157.339844	-102.510345	179.779083	0.000000	0.000000	7.125000	135.257462	-450.766632
154	1077.115845	593.563354	176.337997	83.243423	0.000000	0.000000	7.125000	-436.700012	-189.687042
155	-1117.864014	321.077576	-218.419525	15.873192	0.000000	0.000000	7.125000	459.791565	-15.627094
156	-116.909882	1313.468384	-39.602818	193.993790	0.000000	0.000000	7.125000	70.412025	-508.704468
157	1242.294189	745.669922	168.106354	110.177895	0.000000	0.000000	7.125000	-468.002197	-248.518646
158	-766.006836	-447.971680	-170.843246	-146.415344	0.000000	0.000000	7.125000	243.138733	222.836243
159	-1060.720581	739.166504	-148.527496	96.237732	0.000000	0.000000	7.125000	420.793365	-232.940948
160	-1099.519409	480.388489	-160.337830	74.968819	0.000000	0.000000	7.125000	660.208252	-238.710617
161	282.290253	-906.529236	59.226807	-176.308304	0.000000	0.000000	7.125000	-56.408131	330.244629
162	261.320801	117.132980	177.810486	86.644356	0.000000	0.000000	7.125000	-169.520172	-102.671982
163	-284.648254	1167.068359	-52.421112	169.049896	0.000000	0.000000	7.125000	83.282677	-432.628723
164	215.677704	-566.820862	69.530670	-182.182068	0.000000	0.000000	7.125000	-106.774773	241.478287
165	-247.356079	-831.563721	-41.577126	-196.649658	0.000000	0.000000	7.125000	95.405228	381.732727
166	-90.127052	761.679688	41.833591	205.790771	0.000000	0.000000	7.125000	-45.402443	-282.764252
167	-111.518768	525.159790	55.153397	180.734955	0.000000	0.000000	7.125000	-218.226181	-405.223145
168	37.013062	988.849854	-3.793838	191.962280	0.000000	0.000000	7.125000	13.364082	-437.711578
169	-9.386044	12.163911	-41.127563	-186.758575	0.000000	0.000000	7.125000	86.602921	139.211746
170	-29.879986	491.013306	35.720280	176.418976	0.000000	0.000000	7.125000	-62.633156	-200.490417
171	812.059814	1035.624756	120.249985	117.318802	0.000000	0.000000	7.125000	-318.272614	-327.301880
172	527.371399	1182.281982	63.271530	184.443085	0.000000	0.000000	7.125000	-117.996819	-465.733490
173	547.652344	1241.051880	93.897324	170.879303	0.000000	0.000000	7.125000	-151.437683	-483.652100
174	-516.558289	847.585388	-113.677383	143.388412	0.000000	0.000000	7.125000	174.042648	-343.577454
175	668.551025	-424.335602	161.509613	-119.641434	0.000000	0.000000	7.125000	-311.340393	196.950531
176	-181.291748	-531.576538	9.167397	-182.745026	0.000000	0.000000	7.125000	12.897582	187.802887
177	-88.405731	-894.764099	-10.099850	-170.701187	0.000000	0.000000	7.125000	13.234196	392.437408
178	907.290161	875.968384	137.750961	120.472565	0.000000	0.000000	7.125000	-334.841278	-283.964142
179	1345.992676	-36.634571	188.454086	-14.351199	0.000000	0.000000	7.125000	-481.053101	-9.599655
180	-687.858337	-281.396393	-173.301651	-48.646248	0.000000	0.000000	7.125000	523.989563	216.668701
181	410.338745	659.138733	96.152832	130.372742	0.000000	0.000000	7.125000	-190.875137	-308.004700
182	-1202.026733	-704.940857	-158.124298	-114.112427	0.000000	0.000000	7.125000	402.621704	275.817108
183	-551.561096	217.290344	-144.685852	85.376305	0.000000	0.000000	7.125000	167.248734	-120.082520
184	-978.793762	717.310547	-128.217575	94.020889	0.000000	0.000000	7.125000	345.520844	-208.523788
185	-1285.905762	184.262955	-190.387894	24.812527	0.000000	0.000000	7.125000	501.548523	-35.148186
186	92.271942	1245.484375	4.184714	188.951157	0.000000	0.000000	7.125000	12.001794	-346.350464
187	-105.450157	-1015.473877	-0.736197	-182.997849	0.000000	0.000000	7.125000	-27.715450	422.464935
188	902.615356	-732.921509	160.047607	-106.059921	0.000000	0.000000	7.125000	-373.640778	247.155457
189	-1162.106689	-1167.047363	-168.034317	-158.509598	0.000000	0.000000	7.125000	424.229126	389.925110
190	-1153.907715	828.235291	-149.770203	120.133575	0.000000	0.000000	7.125000	384.567627	-262.308716
191	-260.959534	225.859375	-115.746559	133.712692	0.000000	0.000000	7.125000	60.150715	-142.348053
192	-513.914185	1154.058350	-97.848251	158.151733	0.000000	0.000000	7.125000	167.554398	-472.229431
193	217.480896	-947.645996	64.759583	-177.521729	0.000000	0.000000	7.125000	-130.670120	698.058472
194	740.466248	425.741882	194.837784	86.023682	0.000000	0.000000	7.125000	-413.326019	-253.271179
195	218.350388	1454.015381	42.649826	199.490814	0.000000	0.000000	7.125000	-178.320343	-844.862244
196	-1102.944214	-333.729919	-145.043640	-72.146957	0.000000	0.000000	7.125000	417.887299	161.067719
197	301.439606	-895.020569	69.724335	-162.683960	0.000000	0.000000	7.125000	-73.176048	362.752563
198	-177.481018	-1360.140869	-14.468723	-197.468933	0.000000	0.000000	7.125000	15.080286	490.786346
199	502.070160	101.382233	182.990448	-0.848905	0.000000	0.000000	7.125000	-214.736496	-10.966080
200	1145.296021	647.410706	182.450607	97.779221	0.000000	0.000000	7.125000	-388.079224	-197.548645
201	-1219.672852	-223.941162	-173.569519	-47.663589	0.000000	0.000000	7.125000	574.358093	161.512619
202	233.127472	261.941589	183.780853	81.387802	0.000000	0.000000	7.125000	-277.636810	-151.403061
203	84.842911	220.386658	169.523270	93.595627	0.000000	0.000000	7.125000	-46.410149	-91.717049
204	769.241028	336.941681	160.807663	80.875618	0.000000	0.000000	7.125000	-355.937866	-170.166061
205	339.086914	1298.458740	74.839668	186.530624	0.000000	0.000000	7.125000	-101.636238	-423.405518
206	45.805458	-1059.991821	10.085863	-176.711884	0.000000	0.000000	7.125000	-32.703438	476.722504
207	-278.803284	775.333984	-56.529572	183.481247	0.000000	0.000000	7.125000	110.515518	-338.176758
208	-1191.899902	-1170.671875	-160.391174	-140.136230	0.000000	0.000000	7.125000	319.184479	229.158615
209	830.288879	589.473816	128.621796	93.474144	0.000000	0.000000	7.125000	-358.501160	-258.496552
210	416.462921	-50.684376	176.605164	-11.351203	0.000000	0.000000	7.125000	-304.614563	-50.809032
211	545.547607	673.445801	128.030609	117.817368	0.000000	0.000000	7.125000	-148.306168	-178.296234
212	558.171509	-495.852142	169.269318	-69.541168	0.000000	0.000000	7.125000	-302.144135	85.065948
213	636.274963	-778.278564	124.713577	-112.561256	0.000000	0.000000	7.125000	-307.426483	264.553345
214	-502.077271	-81.970963	-194.641937	35.289330	0.000000	0.000000	7.125000	106.730690	25.054808
215	601.742737	-918.262268	155.072418	-154.639999	0.000000	0.000000	7.125000	-252.062057	254.694397
216	-797.445374	694.588623	-139.666931	136.071075	0.000000	0.000000	7.125000	247.916458	-309.659729
217	556.577759	1247.708496	93.636429	194.633850	0.000000	0.000000	7.125000	-175.170639	-474.607239
218	-503.916412	-726.871216	-100.098862	-160.293777	0.000000	0.000000	7.125000	235.752289	318.373169
219	-389.835083	-1077.289429	-66.900284	-195.891174	0.000000	0.000000	7.125000	149.156174	400.245209
220	968.534546	-1313.228760	131.607391	-163.632080	0.000000	0.000000	7.125000	-295.702271	454.065430
221	-1110.481934	-257.916687	-162.015167	-31.242300	0.000000	0.000000	7.125000	401.649445	67.956352
222	-1011.041992	-236.358902	-180.207947	-31.824650	0.000000	0.000000	7.125000	180.906128	43.439240
223	-634.749451	-768.943115	-99.033798	-104.537109	0.000000	0.000000	7.125000	294.115295	279.111267
224	-54.146477	-1413.652344	1.529576	-206.994247	0.000000	0.000000	7.125000	-1.123725	558.288757
225	990.911804	-790.175781	146.057571	-110.255081	0.000000	0.000000	7.125000	-342.246277	244.047089
226	-24.091637	435.115021	39.799911	172.441742	0.000000	0.000000	7.125000	-33.903221	-178.223953
227	907.689270	-512.867310	143.685028	-81.103737	0.000000	0.000000	7.125000	-376.846802	177.518478
228	-1174.181152	419.594727	-161.730713	71.830032	0.000000	0.000000	7.125000	796.345459	-246.928238
229	-121.768616	-76.413216	-105.759781	-158.998047	0.000000	0.000000	7.125000	70.541107	3.407309
230	-767.579224	-809.406372	-115.507385	-130.128082	0.000000	0.000000	7.125000	299.390961	284.804962
231	870.951050	-275.958618	200.218964	-39.060318	0.000000	0.000000	7.125000	-316.048187	36.541386
232	1340.367920	-182.805511	205.596710	-24.053238	0.000000	0.000000	7.125000	-790.691162	47.761497
233	-630.672485	-505.818176	-126.656265	-132.076645	0.000000	0.000000	7.125000	251.464966	259.867035
234	432.668335	789.795166	115.873558	129.796417	0.000000	0.000000	7.125000	-210.043839	-305.534790
235	-313.068604	265.471558	-144.425690	135.443024	0.000000	0.000000	7.125000	100.828529	-112.797630
236	643.518311	-288.872070	188.226562	-37.875504	0.000000	0.000000	7.125000	-261.235199	56.675247
237	1348.230591	971.661865	177.738586	133.014847	0.000000	0.000000	7.125000	-352.735321	-264.902893
238	1049.855103	-936.586487	154.404602	-146.717377	0.000000	0.000000	7.125000	-462.850128	349.944275
239	1374.572632	-291.215698	196.782608	-40.942684	0.000000	0.000000	7.125000	-523.508179	91.598961
240	-796.576355	1031.832764	-117.179520	144.435547	0.000000	0.000000	7.125000	252.900620	-394.290649
241	267.001526	818.531250	67.034996	173.478973	0.000000	0.000000	7.125000	-112.639221	-504.359741
242	119.928215	-95.449341	172.090912	-97.893417	0.000000	0.000000	7.125000	-181.006683	77.563965
243	1259.696411	279.081818	175.982178	37.818184	0.000000	0.000000	7.125000	-477.882416	-85.500511
244	-731.759155	41.584591	-169.839996	-19.855455	0.000000	0.000000	7.125000	348.731689	-39.624897
245	-1244.115723	-158.708084	-193.469757	-42.112324	0.000000	0.000000	7.125000	594.402527	103.129890
246	402.829590	1225.015625	84.420547	195.533066	0.000000	0.000000	7.125000	-94.837639	-360.872803
247	909.381592	484.346741	174.113403	56.333862	0.000000	0.000000	7.125000	-400.637543	-127.535393
248	-530.896851	-891.786255	-97.785522	-151.113373	0.000000	0.000000	7.125000	250.663666	300.934509
249	745.003662	1069.619507	112.400185	124.860474	0.000000	0.000000	7.125000	-318.605225	-387.578125
250	828.408936	-503.956482	163.478699	-67.837303	0.000000	0.000000	7.125000	-387.237152	123.473495
251	-252.741608	207.274841	24.237175	190.431122	0.000000	0.000000	7.125000	-102.865532	-335.587921
252	622.479980	-64.762123	161.254318	-15.396654	0.000000	0.000000	7.125000	-233.972672	-16.071945
253	-400.581879	647.917847	-75.536026	173.245331	0.000000	0.000000	7.125000	109.901230	-355.144653
254	105.867706	-350.085876	132.874100	-154.705902	0.000000	0.000000	7.125000	-201.187500	118.740112
255	-1142.918457	602.697632	-154.950073	97.359970	0.000000	0.000000	7.125000	323.759521	-182.522995
256	-654.298584	586.217834	-137.476120	125.256302	0.000000	0.000000	7.125000	239.165878	-280.026184
257	-138.068283	926.481812	-22.284210	169.537598	0.000000	0.000000	7.125000	29.860603	-416.996429
258	-957.106445	-90.862076	-185.359909	-36.883923	0.000000	0.000000	7.125000	522.561829	121.074989
259	-211.839722	-414.446747	-49.436970	-169.950287	0.000000	0.000000	7.125000	123.756439	315.943970
260	1136.381104	195.161743	191.598358	12.403627	0.000000	0.000000	7.125000	-2328.760742	-236.543167
261	700.339355	145.777069	206.432434	38.388672	0.000000	0.000000	7.125000	-314.842834	-102.673470
262	-506.914032	368.665131	-181.254044	127.906448	0.000000	0.000000	7.125000	171.936447	-218.081787
263	-924.446777	406.654327	-171.500854	71.985367	0.000000	0.000000	7.125000	448.073853	-151.003799
264	520.223999	-1159.551636	97.240021	-172.475174	0.000000	0.000000	7.125000	-200.026703	417.520721
265	283.582550	560.680054	135.870895	127.021469	0.000000	0.000000	7.125000	-120.199768	-145.678818
266	-449.614594	-1036.043823	-42.913116	-193.287567	0.000000	0.000000	7.125000	112.008125	426.083099
267	-831.003967	-859.619995	-142.264954	-115.107254	0.000000	0.000000	7.125000	348.908173	275.869415
268	198.874039	231.410629	156.369202	153.302826	0.000000	0.000000	7.125000	-94.212776	15.600009
269	1072.161743	-757.862183	151.081253	-118.482521	0.000000	0.000000	7.125000	-415.331665	309.026489
270	1057.775024	-1004.697815	131.021942	-132.019073	0.000000	0.000000	7.125000	-315.454193	268.761292
271	931.342468	-480.967896	149.301880	-83.312698	0.000000	0.000000	7.125000	-483.373383	158.750504
272	461.474152	-434.885864	159.748474	-101.000092	0.000000	0.000000	7.125000	-263.488861	156.012512
273	-821.936401	878.412415	-128.271301	117.567856	0.000000	0.000000	7.125000	230.241760	-204.655334
274	896.520081	237.920029	193.520325	41.855713	0.000000	0.000000	7.125000	-448.737488	-136.610046
275	-855.646851	597.403687	-167.569565	93.673416	0.000000	0.000000	7.125000	332.508850	-135.374146
276	-1163.801636	1266.953491	-153.845749	155.856995	0.000000	0.000000	7.125000	327.212646	-349.239105
277	-808.837708	-210.209488	-188.977493	-33.932804	0.000000	0.000000	7.125000	334.662079	54.257137
278	-80.698601	-391.595581	19.577461	-203.056381	0.000000	0.000000	7.125000	-5.850588	221.941788
279	-1182.924805	-529.337891	-167.565384	-99.733528	0.000000	0.000000	7.125000	419.441559	234.594269
280	-172.351044	678.931946	-55.621887	177.488449	0.000000	0.000000	7.125000	70.446243	-236.943405
281	959.675293	1022.343201	141.001129	143.231171	0.000000	0.000000	7.125000	-253.981918	-331.500061
282	621.417908	-1108.837402	95.696663	-152.448700	0.000000	0.000000	7.125000	-224.195068	436.573486
283	-968.115845	-376.361450	-152.781113	-44.013649	0.000000	0.000000	7.125000	419.196777	154.206543
284	88.893875	-1402.533325	36.391235	-203.775940	0.000000	0.000000	7.125000	-83.679115	534.725281
285	-4.423173	84.758408	109.645157	149.766418	0.000000	0.000000	7.125000	-23.403515	-134.806885
286	-1098.878784	-0.549001	-161.363266	-14.339094	0.000000	0.000000	7.125000	456.148132	28.349041
287	659.779846	813.153931	144.379944	117.256439	0.000000	0.000000	7.125000	-343.610992	-307.297607
288	688.695801	1014.976013	99.527649	131.597488	0.000000	0.000000	7.125000	-210.379837	-324.130920
289	31.487331	466.569946	108.878586	115.869736	0.000000	0.000000	7.125000	-134.719254	-173.054550
290	-185.277710	977.066040	-10.081767	188.730881	0.000000	0.000000	7.125000	27.212889	-445.770508
291	-783.930420	289.098907	-201.196686	69.920410	0.000000	0.000000	7.125000	480.552765	-191.952774
292	429.273468	-0.075777	172.853378	19.406467	0.000000	0.000000	7.125000	-231.139420	-77.665733
293	-1107.838989	-753.386169	-160.620819	-87.683411	0.000000	0.000000	7.125000	443.515991	191.679840
294	831.161316	-839.783508	126.541908	-123.757980	0.000000	0.000000	7.125000	-255.825485	236.793259
295	-113.122498	-471.857666	-9.916603	-161.654938	0.000000	0.000000	7.125000	13.348994	209.666534
296	1012.447876	-422.732117	184.260605	-87.541718	0.000000	0.000000	7.125000	-384.133270	160.413544
297	-854.051208	209.669632	-167.781754	65.183258	0.000000	0.000000	7.125000	370.101288	-127.210892
298	-590.782898	-475.098267	-90.569702	-155.552124	0.000000	0.000000	7.125000	175.103027	267.965240
299	-1133.515869	1083.792603	-146.674225	133.000366	0.000000	0.000000	7.125000	432.156342	-364.839966
300	-754.664368	358.687744	-188.032440	38.744038	0.000000	0.000000	7.125000	326.522125	-33.500195
301	-194.656235	-536.352905	6.846979	-200.882690	0.000000	0.000000	7.125000	-26.398001	302.807678
302	-1259.511108	-428.021606	-177.630219	-64.556618	0.000000	0.000000	7.125000	469.268097	133.491791
303	-985.710632	650.811523	-130.725601	100.676292	0.000000	0.000000	7.125000	369.170319	-275.401306
304	-674.985229	383.522095	-145.479492	100.819962	0.000000	0.000000	7.125000	341.051544	-284.761688
305	-221.532562	668.549805	-36.283371	160.957947	0.000000	0.000000	7.125000	45.013283	-292.816284
306	74.804520	928.147705	-16.175030	206.361450	0.000000	0.000000	7.125000	54.444462	-656.515076
307	-536.934509	-793.115723	-101.553276	-144.958069	0.000000	0.000000	7.125000	271.151672	309.334351
308	-670.950623	-507.204987	-145.482849	-115.888252	0.000000	0.000000	7.125000	530.008240	379.966095
309	-298.353363	-1006.384521	-37.867714	-194.341125	0.000000	0.000000	7.125000	104.867249	425.964447
310	-32.938416	1247.741333	-30.587601	198.654419	0.000000	0.000000	7.125000	35.059612	-378.250397
311	75.761276	-1011.452637	-10.594622	-200.683167	0.000000	0.000000	7.125000	61.112778	324.488556
312	-725.582153	811.085815	-170.124405	142.510635	0.000000	0.000000	7.125000	631.338806	-733.688354
313	983.861572	358.861816	162.451874	62.325905	0.000000	0.000000	7.125000	-453.545227	-150.687836
314	953.275757	1080.301636	151.830597	127.085602	0.000000	0.000000	7.125000	-424.342438	-359.492828
315	309.942566	-799.780334	64.331467	-184.082642	0.000000	0.000000	7.125000	-111.754776	298.381287
316	-200.711227	-1179.707764	-38.383884	-203.409729	0.000000	0.000000	7.125000	56.142906	374.307220
317	127.775238	63.374886	102.092621	-176.613602	0.000000	0.000000	7.125000	-57.032413	128.343216
318	-49.533237	294.071899	-94.774292	135.046860	0.000000	0.000000	7.125000	78.160423	-188.091660
319	-698.403992	611.616882	-163.815659	111.212097	0.000000	0.000000	7.125000	270.525909	-189.281036
320	-424.705566	792.718506	-143.025253	145.441422	0.000000	0.000000	7.125000	246.108002	-305.223633
321	-104.613922	839.669495	-68.004395	166.649078	0.000000	0.000000	7.125000	73.701149	-377.816010
322	-38.103935	235.801651	-34.548187	152.114166	0.000000	0.000000	7.125000	46.742649	-243.372971
323	1024.811035	578.761047	152.198135	71.128593	0.000000	0.000000	7.125000	-318.855804	-124.647179
324	1173.870239	-60.795303	165.228943	-30.363070	0.000000	0.000000	7.125000	-471.968048	38.575176
325	1193.065674	-96.023369	203.836899	-35.961494	0.000000	0.000000	7.125000	-511.896362	29.113247
326	-563.298157	-471.091125	-158.442566	-123.678802	0.000000	0.000000	7.125000	242.853088	208.373489
327	346.352173	539.813110	142.258865	94.838043	0.000000	0.000000	7.125000	-248.689819	-200.621643
328	-1148.405029	154.975525	-182.062927	18.492126	0.000000	0.000000	7.125000	467.669006	-50.488468
329	-706.318054	1345.903198	-90.336304	189.552856	0.000000	0.000000	7.125000	154.557358	-495.321777
330	-299.318970	1000.911621	-36.978844	166.952133	0.000000	0.000000	7.125000	75.936188	-428.012360
331	-717.793701	937.001831	-120.502914	149.459427	0.000000	0.000000	7.125000	224.628479	-380.691254
332	1225.903564	710.943542	175.963989	97.136398	0.000000	0.000000	7.125000	-821.664734	-432.232056
333	-975.857056	-126.143585	-165.392593	-91.448837	0.000000	0.000000	7.125000	232.096344	136.992157
334	-348.324188	-184.687866	-173.040695	49.556240	0.000000	0.000000	7.125000	217.788040	-79.799248
335	-1221.109131	480.921692	-176.750275	57.908398	0.000000	0.000000	7.125000	456.717712	-114.453156
336	-899.932007	-129.017502	-187.988708	-51.803932	0.000000	0.000000	7.125000	285.655670	73.399208
337	-334.727539	638.295166	-58.144508	154.410828	0.000000	0.000000	7.125000	96.660065	-288.503876
338	-1256.982056	-292.746521	-219.218887	-62.653084	0.000000	0.000000	7.125000	467.703613	149.727829
339	-110.704437	-854.144775	-30.984718	-165.116867	0.000000	0.000000	7.125000	162.853043	765.170044
340	717.980347	-116.901482	135.661285	-88.543343	0.000000	0.000000	7.125000	-289.325745	180.372040
341	123.691124	-968.636108	19.591372	-190.997833	0.000000	0.000000	7.125000	-50.185757	463.540710
342	411.704041	-733.510620	104.560333	-168.139481	0.000000	0.000000	7.125000	-253.295166	393.024231
343	549.670776	697.430664	135.603439	127.306610	0.000000	0.000000	7.125000	-256.607330	-268.015625
344	596.134766	-1392.681763	93.416534	-184.710892	0.000000	0.000000	7.125000	-180.824463	488.279633
345	434.253906	-614.843750	104.571732	-153.816925	0.000000	0.000000	7.125000	-176.171722	348.043732
346	781.695984	994.080688	103.353249	128.617264	0.000000	0.000000	7.125000	-289.711853	-437.407318
347	-1160.936279	880.958557	-168.755554	109.185585	0.000000	0.000000	7.125000	321.995697	-156.133301
348	248.403778	-435.040985	141.596558	-150.970230	0.000000	0.000000	7.125000	-153.360367	186.139175
349	-663.370483	-910.301514	-95.023529	-134.890350	0.000000	0.000000	7.125000	270.972443	368.067993
350	860.989502	-558.558594	150.296967	-119.476517	0.000000	0.000000	7.125000	-367.602112	268.481995
351	463.648010	-817.716187	65.902718	-128.033813	0.000000	0.000000	7.125000	-186.734192	332.688599
352	214.252533	-1142.493530	80.831375	-184.030670	0.000000	0.000000	7.125000	-149.368378	379.080627
353	631.357666	942.732910	147.160583	141.270355	0.000000	0.000000	7.125000	-301.344360	-336.477173
354	-202.123993	-666.405701	16.072905	-200.346405	0.000000	0.000000	7.125000	-44.932991	938.860413
355	964.155396	-248.625549	166.658447	-75.557770	0.000000	0.000000	7.125000	-423.388794	145.416870
356	-119.335663	40.005894	35.721237	-167.198547	0.000000	0.000000	7.125000	2.305563	149.689728
357	-256.958313	-821.531250	-29.573727	-192.744324	0.000000	0.000000	7.125000	48.511745	333.795471
358	193.437363	-856.507019	77.816711	-178.800293	0.000000	0.000000	7.125000	-131.612213	276.277069
359	1111.243042	-169.927200	183.389130	-45.661903	0.000000	0.000000	7.125000	-357.581848	25.222532
360	-923.469482	260.500214	-174.169678	80.757202	0.000000	0.000000	7.125000	586.976379	-232.659317
361	2.990433	-1351.995483	31.601582	-210.642044	0.000000	0.000000	7.125000	-69.504456	542.864075
362	-10.717297	289.401764	112.900940	139.963440	0.000000	0.000000	7.125000	-22.875315	-194.785355
363	1022.544556	-274.499847	163.909180	-99.988228	0.000000	0.000000	7.125000	-369.025879	217.229706
364	851.991821	-932.038696	111.500092	-129.638763	0.000000	0.000000	7.125000	-286.958191	396.515594
365	-486.235779	721.130859	-115.054276	161.126038	0.000000	0.000000	7.125000	189.799393	-332.154785
366	-716.092529	-1146.823364	-87.595375	-187.550766	0.000000	0.000000	7.125000	180.817352	449.971222
367	623.561707	1158.914062	107.607368	159.000610	0.000000	0.000000	7.125000	-232.896545	-475.598206
368	-814.764160	206.342789	-166.826096	49.428631	0.000000	0.000000	7.125000	379.499451	-85.426826
369	711.304749	890.088989	145.197586	143.229660	0.000000	0.000000	7.125000	-470.326660	-663.468018
370	565.728210	251.425476	155.890320	54.026001	0.000000	0.000000	7.125000	-328.313965	-142.321854
371	-969.579163	-289.416351	-141.003784	-51.162720	0.000000	0.000000	7.125000	429.479950	124.611221
372	-1080.754517	-118.302910	-167.929092	-4.800439	0.000000	0.000000	7.125000	449.159668	-1.257043
373	74.496124	554.380432	27.804430	177.838287	0.000000	0.000000	7.125000	-21.455667	-366.419830
374	511.772461	-80.549934	208.008942	-58.183922	0.000000	0.000000	7.125000	-459.273163	91.403183
375	-1049.882202	1053.417969	-147.747009	122.616440	0.000000	0.000000	7.125000	326.080261	-238.881912
376	-1183.271240	468.295441	-182.434509	49.382050	0.000000	0.000000	7.125000	457.672516	-126.526497
377	991.972290	373.839630	164.280060	65.881096	0.000000	0.000000	7.125000	-424.543243	-149.918594
378	-674.255188	744.015442	-117.229576	116.112808	0.000000	0.000000	7.125000	214.192078	-247.924911
379	1004.188293	-895.691711	131.532303	-118.438728	0.000000	0.000000	7.125000	-347.863739	274.581482
380	1051.052124	-548.268555	162.647812	-96.250923	0.000000	0.000000	7.125000	-427.611267	230.717896
381	819.630554	-988.474731	127.277321	-143.742126	0.000000	0.000000	7.125000	-363.802032	419.665680
382	-706.777039	567.725098	-172.578644	134.775848	0.000000	0.000000	7.125000	273.527557	-267.947540
383	-1136.061646	98.436165	-200.772873	9.551975	0.000000	0.000000	7.125000	490.226074	-71.005127
384	-653.110352	937.093384	-129.086777	146.115234	0.000000	0.000000	7.125000	221.071289	-359.961304
385	-656.801697	-995.364685	-82.714737	-142.769180	0.000000	0.000000	7.125000	332.950745	600.429077
386	-519.905396	-546.242798	-65.712776	-170.793045	0.000000	0.000000	7.125000	153.141556	337.208282
387	-520.334351	-1.507673	-166.911407	-82.075211	0.000000	0.000000	7.125000	218.455917	144.014984
388	585.003418	1067.113647	100.274918	160.193420	0.000000	0.000000	7.125000	-401.867310	-809.714111
389	-1180.168701	-33.610680	-180.011322	-32.933712	0.000000	0.000000	7.125000	480.123871	56.096027
390	-818.271851	-878.655518	-82.857788	-186.406433	0.000000	0.000000	7.125000	151.339539	448.766541
391	-914.723633	13.113981	-193.362228	-81.840073	0.000000	0.000000	7.125000	366.153595	205.495026
392	652.374695	-599.468750	126.836365	-144.138000	0.000000	0.000000	7.125000	-238.627792	284.290131
393	-831.142883	954.189575	-105.258011	119.092926	0.000000	0.000000	7.125000	192.757935	-259.832153
394	-1501.045532	-1009.303833	-161.399872	-156.759674	0.000000	0.000000	7.125000	458.193481	476.678467
395	-1041.536987	886.350220	-140.107529	113.003021	0.000000	0.000000	7.125000	419.859528	-349.573700
396	-483.264313	853.184998	-69.111420	149.811905	0.000000	0.000000	7.125000	123.992744	-411.705688
397	-1305.785400	433.904236	-178.117310	63.181145	0.000000	0.000000	7.125000	470.657867	-120.904228
398	-107.143341	-931.456116	-15.752711	-173.285248	0.000000	0.000000	7.125000	160.689270	1784.908936
399	-861.383667	548.727783	-149.838501	88.432739	0.000000	0.000000	7.125000	699.250427	-305.771332
400	1006.422058	-181.477173	183.059509	-32.918468	0.000000	0.000000	7.125000	-423.416595	29.287880
401	531.064880	-191.424271	132.539856	-108.046448	0.000000	0.000000	7.125000	-198.803452	158.671005
402	252.123688	-1253.933472	71.375961	-174.981339	0.000000	0.000000	7.125000	-114.041985	366.964203
403	592.382080	19.468121	187.510117	-53.507477	0.000000	0.000000	7.125000	-305.158844	76.439964
404	884.367737	764.947876	130.017120	96.641296	0.000000	0.000000	7.125000	-497.260162	-334.748779
405	945.303833	-368.036499	167.594208	-105.428650	0.000000	0.000000	7.125000	-345.409882	198.696091
406	1202.274292	-818.519775	156.866364	-115.822418	0.000000	0.000000	7.125000	-451.109711	259.242676
407	445.726685	852.269592	152.150482	149.039642	0.000000	0.000000	7.125000	-306.187286	-307.285706
408	-330.740570	761.397827	-53.084572	149.865784	0.000000	0.000000	7.125000	86.477127	-374.300568
409	292.685822	99.933250	178.037933	-99.440331	0.000000	0.000000	7.125000	-233.870117	84.410538
410	903.390198	616.465637	178.036880	79.541916	0.000000	0.000000	7.125000	-541.147766	-184.910889
411	-848.900757	-686.733154	-90.936821	-144.815308	0.000000	0.000000	7.125000	220.058807	336.047302
412	-208.444839	-224.632141	0.583624	-191.998993	0.000000	0.000000	7.125000	-10.992315	292.690979
413	938.425964	1242.784912	126.574829	163.788605	0.000000	0.000000	7.125000	-227.680267	-355.572754
414	-187.222931	-943.191528	-24.919231	-166.136154	0.000000	0.000000	7.125000	68.296341	389.434113
415	506.268768	-201.710495	122.834946	-118.963760	0.000000	0.000000	7.125000	-256.571411	289.284790
416	-254.147400	-320.049561	-33.279121	-216.456558	0.000000	0.000000	7.125000	67.554420	284.100769
417	380.681061	-863.511780	92.535583	-175.046082	0.000000	0.000000	7.125000	-214.219421	432.611084
418	-273.811279	10.012178	-120.657425	-112.303497	0.000000	0.000000	7.125000	117.110229	52.210403
419	-16.217579	-122.487671	117.074127	-155.931671	0.000000	0.000000	7.125000	-150.233826	168.689316
420	-620.801392	-143.973419	-165.239395	-43.996483	0.000000	0.000000	7.125000	237.524078	79.673210
421	317.600647	-595.306946	101.159058	-159.648865	0.000000	0.000000	7.125000	-209.138519	316.553223
422	248.511597	10.169651	106.342545	-152.574554	0.000000	0.000000	7.125000	-129.692612	206.814560
423	702.982361	1011.606995	105.263191	119.165855	0.000000	0.000000	7.125000	-285.057526	-347.192017
424	-920.510010	284.213837	-182.821548	34.222679	0.000000	0.000000	7.125000	412.001282	-85.869202
425	-405.178467	-1230.763062	-38.667812	-185.002029	0.000000	0.000000	7.125000	105.052391	463.935608
426	-1031.125732	746.166748	-173.743073	128.329895	0.000000	0.000000	7.125000	893.816589	-666.789612
427	-808.321411	723.782654	-160.020508	126.498734	0.000000	0.000000	7.125000	330.237457	-305.569977
428	-887.435852	-831.824341	-118.815186	-105.649384	0.000000	0.000000	7.125000	513.916992	351.373596
429	647.782593	-64.751900	171.580170	-28.865170	0.000000	0.000000	7.125000	-264.603363	65.540756
430	-864.360168	-329.634827	-136.547104	-62.087097	0.000000	0.000000	7.125000	235.257797	84.282242
431	777.907715	570.421326	180.645737	65.035599	0.000000	0.000000	7.125000	-361.214691	-141.346359
432	359.760529	382.071503	143.787491	6.819576	0.000000	0.000000	7.125000	-178.157684	-33.787010
433	768.581360	-1079.899658	120.268082	-161.046524	0.000000	0.000000	7.125000	-208.369385	297.484955
434	1031.176392	-272.154388	166.117172	-51.776207	0.000000	0.000000	7.125000	-505.578796	154.456787
435	-168.790909	-602.814514	10.572926	-179.669937	0.000000	0.000000	7.125000	6.896668	244.656906
436	703.286255	-540.399780	125.909790	-128.631409	0.000000	0.000000	7.125000	-263.483521	241.559021
437	-234.734070	-80.292999	-97.633316	-150.937622	0.000000	0.000000	7.125000	98.081688	77.511711
438	182.655518	3.678517	94.269150	-180.870270	0.000000	0.000000	7.125000	-80.917023	170.749664
439	-296.101562	644.781433	-78.245026	145.265244	0.000000	0.000000	7.125000	223.915253	-358.402527
440	911.315613	730.242676	143.574036	92.884094	0.000000	0.000000	7.125000	-362.280426	-241.744415
441	646.531128	-902.340027	111.912041	-148.565384	0.000000	0.000000	7.125000	-407.078003	612.280151
442	-190.945267	1277.479370	-7.960150	188.832275	0.000000	0.000000	7.125000	17.563343	-511.430695
443	951.432190	210.947083	191.720963	9.958296	0.000000	0.000000	7.125000	-445.387421	-102.287018
444	-1267.524048	189.883743	-194.031342	19.402946	0.000000	0.000000	7.125000	521.096558	-86.039047
445	1227.067383	-760.432312	167.571915	-99.689453	0.000000	0.000000	7.125000	-425.158630	166.911911
446	911.235596	633.550659	138.357361	115.136810	0.000000	0.000000	7.125000	-345.114319	-324.753326
447	920.643921	286.958496	190.047668	43.665081	0.000000	0.000000	7.125000	-428.892334	-111.172417
448	-577.574951	311.674530	-187.375656	101.135757	0.000000	0.000000	7.125000	251.518326	-187.444763
449	558.853333	-492.212646	116.826202	-140.856247	0.000000	0.000000	7.125000	-152.672668	216.906723
450	1292.453369	-685.086304	176.830505	-101.662369	0.000000	0.000000	7.125000	-477.218628	162.786819
451	67.934631	781.470398	-27.039730	171.882568	0.000000	0.000000	7.125000	37.557716	-356.205261
452	-218.128357	975.511292	-34.823776	176.597092	0.000000	0.000000	7.125000	66.672699	-468.656219
453	-744.214722	1400.560303	-119.646996	172.486404	0.000000	0.000000	7.125000	206.369507	-413.561646
454	-860.174194	42.878799	-197.615509	12.210754	0.000000	0.000000	7.125000	328.095581	3.533260
455	716.558472	-876.968994	115.297211	-157.257111	0.000000	0.000000	7.125000	-276.351440	341.691010
456	-350.210938	-106.718681	-167.937714	-2.733493	0.000000	0.000000	7.125000	322.798340	44.266479
457	-202.979919	781.351685	-84.459167	131.148895	0.000000	0.000000	7.125000	161.889481	-316.857452
458	106.774895	-995.880249	-8.126347	-200.831039	0.000000	0.000000	7.125000	41.478031	403.746613
459	-492.649048	319.330383	-162.572266	42.358021	0.000000	0.000000	7.125000	243.721954	-60.990028
460	923.348450	-781.279419	151.004562	-154.438034	0.000000	0.000000	7.125000	-289.740021	243.837509
461	984.030884	351.986267	209.505859	82.022820	0.000000	0.000000	7.125000	-440.192780	-273.128418
462	-1370.118896	274.674683	-209.243256	39.817009	0.000000	0.000000	7.125000	516.240356	-113.042038
463	-873.723450	-373.354248	-190.547058	-63.961563	0.000000	0.000000	7.125000	482.649628	202.568817
464	-545.186279	880.844788	-100.987045	118.896370	0.000000	0.000000	7.125000	266.178680	-407.862000
465	472.863464	-972.003296	63.605171	-168.380417	0.000000	0.000000	7.125000	-71.040634	315.934906
466	-969.506592	-971.318848	-130.158707	-132.870605	0.000000	0.000000	7.125000	336.011017	368.711517
467	1065.622803	251.893768	197.087097	18.600361	0.000000	0.000000	7.125000	-479.520966	-136.429718
468	1132.194092	-1011.705811	135.802551	-127.094467	0.000000	0.000000	7.125000	-367.700073	312.285248
469	58.795921	-721.257080	9.072093	-173.750305	0.000000	0.000000	7.125000	25.232304	320.331970
470	235.629120	-488.785645	31.523003	-165.014496	0.000000	0.000000	7.125000	-68.504448	262.700043
471	-78.037697	944.384155	-30.913603	177.323868	0.000000	0.000000	7.125000	59.998631	-422.514496
472	601.451355	805.337952	122.773636	131.629745	0.000000	0.000000	7.125000	-255.969406	-294.247040
473	543.106689	-803.594482	76.416573	-185.902267	0.000000	0.000000	7.125000	-171.599884	341.527252
474	1392.088745	1019.571777	169.374130	148.111191	0.000000	0.000000	7.125000	-432.230499	-376.075043
475	860.925964	516.856018	163.537842	94.738953	0.000000	0.000000	7.125000	-339.069733	-235.784668
476	-1158.619873	227.737518	-213.284729	34.099121	0.000000	0.000000	7.125000	438.447174	-101.898308
477	-657.466675	-862.351135	-132.986084	-150.715942	0.000000	0.000000	7.125000	489.532623	526.319946
478	-778.147339	-289.270416	-157.122604	-24.324602	0.000000	0.000000	7.125000	257.457855	-8.553205
479	368.189056	-591.663452	109.748360	-168.390259	0.000000	0.000000	7.125000	-136.751633	231.894653
480	-692.455566	-881.478943	-143.963806	-176.772369	0.000000	0.000000	7.125000	517.722900	497.307281
481	-200.349243	-134.235550	-133.814606	-133.396759	0.000000	0.000000	7.125000	125.313789	88.791534
482	-275.965546	-601.036011	-120.230713	-168.433365	0.000000	0.000000	7.125000	256.505981	253.026047
483	1064.835205	-476.715759	173.446442	-48.127899	0.000000	0.000000	7.125000	-623.117737	125.974960
484	-410.998596	-109.569420	-194.483795	-37.020042	0.000000	0.000000	7.125000	233.060806	59.605202
485	447.943878	1220.071533	64.389908	203.016235	0.000000	0.000000	7.125000	-87.777649	-450.093475
486	606.733826	-980.846558	84.052628	-165.924789	0.000000	0.000000	7.125000	-199.559891	410.317474
487	550.319214	116.111755	181.265411	-25.009769	0.000000	0.000000	7.125000	-293.366913	1.909699
488	863.483887	-401.992615	140.686005	-67.403191	0.000000	0.000000	7.125000	-356.998138	156.262634
489	643.910217	724.002869	116.166267	164.017212	0.000000	0.000000	7.125000	-253.467911	-429.077362
490	-777.881653	-90.929718	-197.911102	-5.930927	0.000000	0.000000	7.125000	384.397797	5.142960
491	-52.265602	-235.499451	-95.033752	-169.976379	0.000000	0.000000	7.125000	244.243683	212.546249
492	-1100.754761	489.227081	-161.336746	72.778870	0.000000	0.000000	7.125000	304.846313	-81.101212
493	492.901459	-974.631409	72.249161	-190.773529	0.000000	0.000000	7.125000	-125.314850	456.372406
494	-849.809082	-693.347412	-134.938110	-94.955620	0.000000	0.000000	7.125000	347.661560	249.765625
495	73.007393	-141.470276	-153.167709	-149.483231	0.000000	0.000000	7.125000	126.953606	21.007368
496	61.355988	1271.101807	14.248837	212.522644	0.000000	0.000000	7.125000	-34.235149	-495.790619
497	985.306091	1032.150269	136.218262	139.526230	0.000000	0.000000	7.125000	-340.156189	-400.708527
498	-560.340942	943.324341	-102.144913	137.114395	0.000000	0.000000	7.125000	191.665237	-369.482147
499	-552.666687	211.515930	-170.426575	57.900513	0.000000	0.000000	7.125000	344.724548	-149.911972
500	-471.593689	1224.285767	-75.584732	189.442993	0.000000	0.000000	7.125000	97.915070	-482.115082
501	-42.393456	-1202.541992	-11.790878	-185.623245	0.000000	0.000000	7.125000	10.167551	469.051849
502	1078.541382	-648.919922	150.830780	-92.604950	0.000000	0.000000	7.125000	-509.692963	229.016296
503	190.982941	1178.055176	12.169037	227.661789	0.000000	0.000000	7.125000	-48.388031	-535.153687
504	-58.305023	-913.769531	24.410173	-181.356750	0.000000	0.000000	7.125000	18.011377	334.077820
505	166.385208	726.092529	55.547199	174.365997	0.000000	0.000000	7.125000	-109.856781	-326.965149
506	696.768250	-1250.177612	75.625793	-176.471054	0.000000	0.000000	7.125000	-150.886581	441.354126
507	-1034.332764	728.622070	-165.095535	119.827682	0.000000	0.000000	7.125000	452.849701	-274.289246
508	796.987976	804.504639	119.999634	142.112503	0.000000	0.000000	7.125000	-247.969009	-314.545227
509	1051.630615	912.412903	138.437683	128.666122	0.000000	0.000000	7.125000	-328.969482	-348.623077
510	-1315.457520	-263.981964	-202.248291	-44.088867	0.000000	0.000000	7.125000	325.375854	79.892395
511	-574.807861	191.461365	-165.229111	78.665070	0.000000	0.000000	7.125000	187.114944	-94.978096
512	-478.394012	-739.550476	-115.640640	-145.671875	0.000000	0.000000	7.125000	124.087799	201.338409
513	-111.337013	152.444778	-116.220589	177.658249	0.000000	0.000000	7.125000	35.453827	-173.620346
514	-1063.212402	741.519165	-172.272812	109.259369	0.000000	0.000000	7.125000	374.796356	-205.143036
515	-1114.936157	-184.926651	-196.094940	-27.397984	0.000000	0.000000	7.125000	432.454010	64.430885
516	575.314880	311.571655	165.798767	90.718658	0.000000	0.000000	7.125000	-282.361786	-131.438736
517	-20.030361	346.281433	-4.433849	170.919312	0.000000	0.000000	7.125000	-45.322132	-217.571594
518	672.502686	-1190.203125	87.359375	-153.933121	0.000000	0.000000	7.125000	-195.256638	440.769409
519	-33.601063	-556.081055	-71.738800	-190.920670	0.000000	0.000000	7.125000	182.801376	333.164307
520	-734.947754	-1213.716553	-98.921570	-168.045349	0.000000	0.000000	7.125000	199.312607	276.936401
521	-998.610291	1061.157593	-131.481186	139.913879	0.000000	0.000000	7.125000	418.636749	-504.387787
522	-1068.710938	-583.981812	-160.257721	-88.354156	0.000000	0.000000	7.125000	408.037994	214.431366
523	594.886902	979.256714	108.084167	180.049423	0.000000	0.000000	7.125000	-202.837250	-383.648285
524	-1193.085205	318.138855	-172.877701	37.977592	0.000000	0.000000	7.125000	428.833313	-92.428925
525	459.418671	-1245.027100	74.540314	-173.672974	0.000000	0.000000	7.125000	-188.545013	626.404114
526	-1018.071106	-1079.817871	-139.750793	-127.241638	0.000000	0.000000	7.125000	273.607697	227.049026
527	532.893433	-720.310791	146.131577	-182.728653	0.000000	0.000000	7.125000	-175.916885	315.519806
528	-439.812469	-845.056396	-77.253822	-152.553619	0.000000	0.000000	7.125000	327.546631	609.452026
529	899.575500	-144.203217	181.827866	-39.158863	0.000000	0.000000	7.125000	-399.571350	75.209999
530	676.264404	1181.010498	113.142853	151.374329	0.000000	0.000000	7.125000	-184.879807	-329.638519
531	983.469543	115.026093	173.882767	6.327737	0.000000	0.000000	7.125000	-351.943390	-8.324783
532	280.621735	-356.214600	63.680489	-209.376511	0.000000	0.000000	7.125000	-21.197973	178.874832
533	-902.920776	-495.318207	-162.623657	-77.132378	0.000000	0.000000	7.125000	490.928345	193.794464
534	-516.578552	428.685486	-161.630432	103.529480	0.000000	0.000000	7.125000	139.059586	-153.436005
535	557.952881	285.283630	167.251282	100.202896	0.000000	0.000000	7.125000	-227.410416	-191.924927
536	376.287384	757.602600	73.371620	180.669861	0.000000	0.000000	7.125000	-165.003647	-395.359833
537	60.781204	542.548401	20.590710	211.964752	0.000000	0.000000	7.125000	-15.308259	-187.916611
538	-1183.370117	-667.051453	-156.206528	-95.325714	0.000000	0.000000	7.125000	454.084167	228.447662
539	89.314270	-1211.353760	-19.724703	-190.983261	0.000000	0.000000	7.125000	37.261230	435.256805
540	948.439941	-1072.861572	136.674088	-167.260422	0.000000	0.000000	7.125000	-281.327026	383.205994
541	-891.987549	793.273499	-138.935303	109.657814	0.000000	0.000000	7.125000	370.915771	-228.828049
542	-714.009338	876.603027	-135.696228	113.646500	0.000000	0.000000	7.125000	433.005310	-289.497803
543	-1042.095337	-113.385216	-176.955032	-3.560440	0.000000	0.000000	7.125000	451.459808	-26.140789
544	820.457764	1112.906616	115.534363	145.762146	0.000000	0.000000	7.125000	-285.522736	-463.585205
545	1012.313049	444.174652	153.221710	88.611732	0.000000	0.000000	7.125000	-395.451843	-218.872650
546	1082.973755	566.610046	154.853867	97.515511	0.000000	0.000000	7.125000	-422.988647	-253.990341
547	-683.890503	-131.462433	-182.823959	-7.944440	0.000000	0.000000	7.125000	332.802246	29.154375
548	-995.388611	-287.500916	-183.329239	-57.033821	0.000000	0.000000	7.125000	432.442413	154.720276
549	1016.695190	174.781921	194.824341	7.882694	0.000000	0.000000	7.125000	-400.609589	-59.760853
550	1002.783875	-30.184469	158.936325	-4.235083	0.000000	0.000000	7.125000	-444.338043	-56.139641
551	-1103.862793	335.884766	-179.954956	33.234722	0.000000	0.000000	7.125000	505.075653	-123.828842
552	-727.529480	231.945984	-174.097672	80.936813	0.000000	0.000000	7.125000	312.091522	-165.946136
553	-696.153809	-647.361145	-132.034943	-122.326569	0.000000	0.000000	7.125000	302.957977	252.285172
554	838.835815	441.424103	171.469513	99.004776	0.000000	0.000000	7.125000	-331.729797	-231.264343
555	-589.188171	315.632904	-165.256516	91.676125	0.000000	0.000000	7.125000	267.956879	-181.384399
556	972.550964	-153.513977	185.835327	-48.171238	0.000000	0.000000	7.125000	-471.460327	63.552891
557	-182.992844	-1341.803711	-31.932867	-186.282654	0.000000	0.000000	7.125000	83.137558	495.090637
558	-746.598328	27.994093	-181.955048	19.470757	0.000000	0.000000	7.125000	435.569977	-71.263031
559	-84.583519	-1224.762329	-3.766516	-182.960907	0.000000	0.000000	7.125000	-1.286557	441.505676
560	-67.394547	-322.366150	2.362576	-185.894058	0.000000	0.000000	7.125000	73.895096	147.722519
561	753.981934	-229.607269	174.012390	-32.381607	0.000000	0.000000	7.125000	-435.389038	67.069794
562	-920.234009	-1255.159546	-124.898232	-176.228119	0.000000	0.000000	7.125000	306.021240	424.047607
563	1080.924316	-445.616608	163.733368	-67.217896	0.000000	0.000000	7.125000	-472.062225	146.192291
564	-131.073425	616.569458	-38.675228	160.395798	0.000000	0.000000	7.125000	58.794106	-277.367706
565	958.451904	-269.798096	195.949066	-56.736931	0.000000	0.000000	7.125000	-363.072571	102.394615
566	-652.440247	1278.629517	-103.283005	179.331421	0.000000	0.000000	7.125000	155.167908	-464.164917
567	1417.708984	74.819138	218.840546	-8.264157	0.000000	0.000000	7.125000	-453.636078	-27.062687
568	119.524780	-793.213562	24.579508	-160.119293	0.000000	0.000000	7.125000	-51.295910	278.079681
569	576.625793	-565.482300	174.682007	-105.354340	0.000000	0.000000	7.125000	-316.024414	158.728104
570	854.341553	-1116.548828	110.425072	-142.130249	0.000000	0.000000	7.125000	-249.675369	452.156555
571	1365.775146	428.690002	182.493286	76.794525	0.000000	0.000000	7.125000	-487.945923	-140.952560
572	-288.043610	-247.860825	-107.368202	-144.119461	0.000000	0.000000	7.125000	143.507339	93.602989
573	560.559448	187.040512	162.491852	84.169662	0.000000	0.000000	7.125000	-282.574280	-160.819733
574	1183.719360	-906.990356	161.116852	-115.081482	0.000000	0.000000	7.125000	-440.815948	252.948700
575	418.434784	-211.740646	150.209579	-68.269638	0.000000	0.000000	7.125000	-292.290649	115.380463
576	415.194092	19.909697	164.485733	-64.948486	0.000000	0.000000	7.125000	-170.969193	34.209606
577	1294.715088	843.991089	168.141251	125.808258	0.000000	0.000000	7.125000	-385.800201	-321.259674
578	97.595764	979.895020	1.307050	182.995102	0.000000	0.000000	7.125000	-21.599623	-349.552612
579	-977.644287	980.678345	-122.754349	131.648224	0.000000	0.000000	7.125000	308.524963	-344.190369
580	332.639465	1170.136353	31.258305	207.659714	0.000000	0.000000	7.125000	-56.704594	-492.324554
581	-259.641022	1086.704102	-94.784851	187.372025	0.000000	0.000000	7.125000	149.786331	-390.027863
582	975.830322	-604.831482	167.705154	-87.137321	0.000000	0.000000	7.125000	-411.925323	137.484756
583	-681.594177	-412.571716	-152.141785	-78.021126	0.000000	0.000000	7.125000	198.194336	119.693703
584	-95.912216	-1204.058838	7.384431	-170.840485	0.000000	0.000000	7.125000	-21.880342	482.802612
585	707.272583	-197.301376	175.424072	-61.804947	0.000000	0.000000	7.125000	-315.583374	89.987831
586	-1104.367676	530.561523	-151.511307	72.568718	0.000000	0.000000	7.125000	393.658081	-149.609955
587	-1206.067261	-196.482773	-211.644989	-23.818100	0.000000	0.000000	7.125000	397.584106	18.171227
588	-1019.303345	1054.060791	-163.405731	136.628632	0.000000	0.000000	7.125000	564.995056	-438.797699
589	-1115.468872	-1087.830322	-139.059982	-145.123734	0.000000	0.000000	7.125000	373.377930	438.660492
590	-1265.456177	598.722839	-170.582123	74.105125	0.000000	0.000000	7.125000	384.675201	-114.173042
591	-215.774216	426.099426	-64.714302	209.203156	0.000000	0.000000	7.125000	53.307487	-180.751663
592	-1141.781372	-655.804321	-205.916595	-104.679337	0.000000	0.000000	7.125000	445.978546	248.735931
593	-291.239136	561.729065	-109.646950	164.866074	0.000000	0.000000	7.125000	113.647255	-233.850372
594	-851.020752	-116.243546	-173.625458	-11.391450	0.000000	0.000000	7.125000	828.503235	-18.868799
595	625.959412	515.281799	91.259415	162.068115	0.000000	0.000000	7.125000	-172.277451	-213.029419
596	-114.665871	1378.660645	-47.164146	207.708572	0.000000	0.000000	7.125000	88.916176	-505.376312
597	-67.655571	-888.349426	7.397584	-203.850037	0.000000	0.000000	7.125000	20.594820	308.784424
598	-773.356567	909.894714	-123.807159	169.514587	0.000000	0.000000	7.125000	175.945389	-431.038666
599	506.306244	920.179749	80.253891	177.704468	0.000000	0.000000	7.125000	-139.883209	-434.301849
600	1121.577271	-305.827637	209.203796	-74.274429	0.000000	0.000000	7.125000	-387.890411	140.180222
601	-923.903442	975.981506	-148.133255	165.338959	0.000000	0.000000	7.125000	276.552887	-382.721771
602	-877.814087	-429.160889	-147.125275	-74.693680	0.000000	0.000000	7.125000	261.343689	174.066040
603	-548.460327	-853.524536	-139.906479	-160.604889	0.000000	0.000000	7.125000	484.017548	442.505737
604	-1027.734253	-533.470337	-190.297333	-81.452248	0.000000	0.000000	7.125000	429.208740	178.723145
605	-497.666504	-1168.511475	-100.494034	-170.599091	0.000000	0.000000	7.125000	149.157913	212.959549
606	-1068.085205	501.989868	-150.858765	86.699654	0.000000	0.000000	7.125000	385.252167	-203.321457
607	624.514160	-750.140747	113.291580	-119.950630	0.000000	0.000000	7.125000	-290.346313	263.158691
608	-979.784668	-1128.542114	-154.170349	-138.125488	0.000000	0.000000	7.125000	408.240021	301.940063
609	1136.364380	-563.114258	154.258759	-98.451660	0.000000	0.000000	7.125000	-390.330566	216.080246
610	433.343536	-95.379364	184.103226	42.687996	0.000000	0.000000	7.125000	-172.648499	-69.707123
611	1087.386841	-1194.214478	133.258087	-150.476151	0.000000	0.000000	7.125000	-313.610016	373.929138
612	28.257748	-125.168396	-90.277924	-165.846069	0.000000	0.000000	7.125000	69.923431	96.741547
613	-754.775391	529.923950	-125.733360	124.560265	0.000000	0.000000	7.125000	238.990524	-329.900146
614	-504.658569	1034.956299	-101.432922	162.955444	0.000000	0.000000	7.125000	150.230774	-457.007111
615	195.353104	-1228.367676	17.166069	-185.205978	0.000000	0.000000	7.125000	-55.604244	448.986237
616	-393.625183	518.728821	-124.931068	133.701874	0.000000	0.000000	7.125000	243.881683	-367.966644
617	1121.219482	-350.796844	185.843384	-48.224648	0.000000	0.000000	7.125000	-393.648102	87.580994
618	-1065.301514	-921.018005	-158.154968	-114.069687	0.000000	0.000000	7.125000	426.509583	289.835297
619	591.840332	-1106.245483	81.108688	-180.623505	0.000000	0.000000	7.125000	-155.595413	418.735565
620	245.664078	1021.351013	2.754812	155.966919	0.000000	0.000000	7.125000	4.888638	-569.710327
621	-565.009399	142.759262	-176.811188	66.757294	0.000000	0.000000	7.125000	247.664719	-120.992599
622	495.713837	-1018.939209	69.625992	-159.460663	0.000000	0.000000	7.125000	-110.239349	295.023499
623	783.723328	786.667725	129.279495	125.239037	0.000000	0.000000	7.125000	-305.061310	-348.532104
624	-789.822021	544.190308	-158.774994	113.192017	0.000000	0.000000	7.125000	186.652908	-193.016037
625	-1364.072510	821.111267	-181.242889	111.812027	0.000000	0.000000	7.125000	421.796936	-165.024155
626	-752.548584	1088.260742	-87.290543	157.393112	0.000000	0.000000	7.125000	152.820969	-436.769287
627	859.954956	641.486023	145.764603	100.406876	0.000000	0.000000	7.125000	-428.306335	-292.047302
628	-89.802353	-1039.179688	-30.856487	-168.188919	0.000000	0.000000	7.125000	101.994034	415.611847
629	175.484695	388.074951	-38.164165	185.063080	0.000000	0.000000	7.125000	29.083105	-301.274017
630	937.519287	-1141.922363	120.289886	-141.856964	0.000000	0.000000	7.125000	-291.179504	424.314697
631	654.926453	-924.426147	120.924835	-152.976593	0.000000	0.000000	7.125000	-267.820221	289.647583
632	856.951416	298.226410	192.630783	104.149811	0.000000	0.000000	7.125000	-353.720123	-244.321869
633	484.481567	827.708862	66.709656	195.954987	0.000000	0.000000	7.125000	-114.806541	-436.885590
634	868.430298	-553.900635	136.760468	-117.031952	0.000000	0.000000	7.125000	-142.807678	206.025116
635	1270.457397	-372.291718	164.414566	-65.534157	0.000000	0.000000	7.125000	-485.450226	140.071381
636	-831.748108	-679.867432	-153.371353	-105.226700	0.000000	0.000000	7.125000	436.934540	327.898560
637	925.745117	782.848755	117.435951	115.896805	0.000000	0.000000	7.125000	-286.635986	-287.876373
638	-264.598328	212.480423	-108.574570	128.190826	0.000000	0.000000	7.125000	183.297806	-265.869659
639	494.140259	7.452789	176.274567	49.154232	0.000000	0.000000	7.125000	-219.841461	-77.743683
640	-150.907806	601.387146	-118.349648	198.342773	0.000000	0.000000	7.125000	126.114700	-328.774261
641	-236.724014	258.412842	-152.886475	130.393066	0.000000	0.000000	7.125000	246.893478	-276.583313
642	422.716309	-1097.975464	80.523758	-193.943329	0.000000	0.000000	7.125000	-196.311539	507.594574
643	-330.635193	-1180.865234	-68.455574	-179.381561	0.000000	0.000000	7.125000	132.271591	427.224121
644	-1005.731079	926.959167	-164.403778	170.671722	0.000000	0.000000	7.125000	348.646210	-497.979431
645	632.109558	-886.306885	87.886490	-132.502686	0.000000	0.000000	7.125000	-223.723984	346.129944
646	935.619873	-109.643974	200.375641	-15.446968	0.000000	0.000000	7.125000	-588.083862	-32.690250
647	-293.317688	-82.020195	-182.488403	35.855293	0.000000	0.000000	7.125000	225.689301	-20.102602
648	-918.097839	1081.212280	-127.466866	143.566055	0.000000	0.000000	7.125000	223.313782	-341.289825
649	-250.686005	1081.642334	-73.166458	167.723846	0.000000	0.000000	7.125000	120.456917	-454.291779
650	-656.115601	-582.006592	-141.258102	-96.369331	0.000000	0.000000	7.125000	272.786407	159.425827
651	-825.430359	-477.298981	-176.519714	-82.854729	0.000000	0.000000	7.125000	435.546173	175.285553
652	170.424255	-1242.564941	31.762928	-201.511292	0.000000	0.000000	7.125000	-61.703907	467.531891
653	-640.940613	1191.668457	-97.906509	154.571777	0.000000	0.000000	7.125000	388.423615	-932.216614
654	672.383545	1023.356140	101.918480	148.365234	0.000000	0.000000	7.125000	-209.590576	-342.741943
655	-63.052589	-1058.547852	-23.272078	-178.489212	0.000000	0.000000	7.125000	54.978260	390.206299
656	332.228577	1010.590393	37.865593	188.215607	0.000000	0.000000	7.125000	-58.736893	-414.697815
657	973.947876	-695.806274	139.415985	-144.787430	0.000000	0.000000	7.125000	-250.860275	250.679886
658	1247.686157	-938.744202	155.102478	-127.829597	0.000000	0.000000	7.125000	-445.516449	280.178223
659	-559.791382	-1100.440186	-116.277664	-163.930603	0.000000	0.000000	7.125000	294.955017	339.140594
660	858.009033	-1001.891113	104.588669	-127.609909	0.000000	0.000000	7.125000	-253.520142	378.953003
661	-367.839050	542.784546	-128.619247	142.507385	0.000000	0.000000	7.125000	205.346222	-289.033722
662	68.553238	363.470612	-17.802349	173.081421	0.000000	0.000000	7.125000	5.532619	-240.579987
663	-735.868469	297.387115	-192.395569	58.133263	0.000000	0.000000	7.125000	362.101868	-75.633347
664	549.634460	256.252991	180.652756	101.061386	0.000000	0.000000	7.125000	-174.502426	-85.818817
665	77.155350	738.932068	-10.879250	179.669662	0.000000	0.000000	7.125000	16.364714	-398.698822
666	926.006531	434.837463	146.039307	83.038071	0.000000	0.000000	7.125000	-682.033569	-437.361420
667	-894.195801	-188.136826	-164.975784	-44.960865	0.000000	0.000000	7.125000	385.192993	98.376366
668	873.395203	-453.544586	175.384705	-78.128746	0.000000	0.000000	7.125000	-343.256195	153.439575
669	-410.502625	9.163737	-187.034485	43.201138	0.000000	0.000000	7.125000	275.393829	-35.671627
670	-583.406860	892.240723	-130.172684	153.124557	0.000000	0.000000	7.125000	218.130676	-351.550476
671	705.723083	784.481262	101.994904	166.196991	0.000000	0.000000	7.125000	-204.504440	-380.633514
672	430.040527	-51.299034	172.195648	-40.782536	0.000000	0.000000	7.125000	-131.228271	10.511854
673	-1186.104004	131.297318	-185.245239	16.738735	0.000000	0.000000	7.125000	482.113678	-41.645554
674	250.677505	-584.995361	86.156258	-178.270996	0.000000	0.000000	7.125000	-126.641045	246.685379
675	650.561340	-119.496010	167.979706	0.125281	0.000000	0.000000	7.125000	-283.360718	-55.872993
676	-383.492188	-1137.865601	-64.092194	-174.600098	0.000000	0.000000	7.125000	113.934494	447.108551
677	-827.157471	828.617554	-127.946365	130.834290	0.000000	0.000000	7.125000	273.709076	-289.142212
678	473.328278	-302.811798	171.190887	-64.668320	0.000000	0.000000	7.125000	-275.309021	93.883759
679	-260.371765	-750.123779	-88.797348	-173.598755	0.000000	0.000000	7.125000	208.613266	319.626282
680	1087.644165	773.586121	133.297546	102.252213	0.000000	0.000000	7.125000	-413.559418	-313.986542
681	-1080.390625	752.749939	-149.871124	110.148529	0.000000	0.000000	7.125000	399.658600	-253.969498
682	221.019806	-913.737976	40.043743	-178.564407	0.000000	0.000000	7.125000	-73.835915	243.687408
683	-705.852356	-558.378357	-171.657806	-98.674606	0.000000	0.000000	7.125000	355.225342	189.623871
684	542.377563	201.838104	176.297485	108.208130	0.000000	0.000000	7.125000	-187.905685	-192.144806
685	1134.452271	742.502625	136.062332	122.371696	0.000000	0.000000	7.125000	-330.404877	-335.026154
686	-275.518585	343.131531	-180.984650	100.217896	0.000000	0.000000	7.125000	196.447021	-217.893356
687	447.607239	1098.596191	71.342598	168.514313	0.000000	0.000000	7.125000	-137.687790	-442.347504
688	-1131.572266	424.851288	-170.631836	81.261871	0.000000	0.000000	7.125000	511.809875	-200.899170
689	-231.349747	492.756653	-66.016190	170.630478	0.000000	0.000000	7.125000	160.950577	-310.931458
690	-1132.901978	-893.950928	-156.906693	-110.649452	0.000000	0.000000	7.125000	431.692291	260.430634
691	-1107.672607	-463.805389	-200.692413	-94.900787	0.000000	0.000000	7.125000	549.064941	298.947357
692	-682.203064	-340.901764	-139.035355	-63.860382	0.000000	0.000000	7.125000	390.611481	165.226562
693	-849.770569	913.259949	-127.712830	135.219513	0.000000	0.000000	7.125000	389.973053	-473.066833
694	846.842468	53.334637	181.091675	26.286106	0.000000	0.000000	7.125000	-362.617126	-78.367004
695	-835.849731	592.828003	-132.975311	102.672119	0.000000	0.000000	7.125000	325.579529	-242.332214
696	-105.325211	-711.379028	-47.833672	-151.633911	0.000000	0.000000	7.125000	73.409492	255.065521
697	326.986908	1151.960815	32.706230	170.897720	0.000000	0.000000	7.125000	-60.808666	-394.047211
698	-113.893753	743.996643	-34.429745	155.227112	0.000000	0.000000	7.125000	72.424049	-381.457855
699	-447.944519	-1284.164795	-65.305519	-177.357666	0.000000	0.000000	7.125000	89.393173	358.741394
700	-243.820038	-1006.925049	-83.999107	-189.190002	0.000000	0.000000	7.125000	201.962219	426.736359
701	828.271851	416.070190	152.796448	83.235382	0.000000	0.000000	7.125000	-271.805664	-189.236298
702	834.114624	210.370422	193.722229	22.214565	0.000000	0.000000	7.125000	-378.317657	-70.274261
703	242.708069	985.531250	45.160400	183.522614	0.000000	0.000000	7.125000	-86.274139	-432.877441
704	-587.085510	-1273.415161	-99.273338	-178.215302	0.000000	0.000000	7.125000	261.076050	554.115845
705	105.695999	-714.381104	24.666248	-187.383438	0.000000	0.000000	7.125000	-25.742516	298.707825
706	-783.000427	522.037170	-168.787369	103.508041	0.000000	0.000000	7.125000	327.931366	-175.946182
707	293.704407	-99.075378	124.472443	-157.821136	0.000000	0.000000	7.125000	-203.385162	280.397400
708	-942.640991	557.503174	-140.491928	74.441689	0.000000	0.000000	7.125000	369.979980	-167.294479
709	-629.918457	979.034302	-101.775459	137.371582	0.000000	0.000000	7.125000	179.585571	-384.768860
710	-342.204346	-347.331787	-152.606995	-70.247864	0.000000	0.000000	7.125000	230.448029	96.108383
711	205.741211	429.640808	81.098595	164.044281	0.000000	0.000000	7.125000	-98.584908	-241.752777
712	346.858124	-741.102966	64.810135	-177.525452	0.000000	0.000000	7.125000	-139.738281	339.122864
713	319.878906	-1546.685181	74.258781	-206.005493	0.000000	0.000000	7.125000	-119.949051	471.800110
714	-956.795349	1053.396240	-126.501297	128.050385	0.000000	0.000000	7.125000	327.630585	-349.217163
715	-1111.307617	-271.015442	-174.131531	-45.586872	0.000000	0.000000	7.125000	410.768188	106.820129
716	-667.843689	1052.169556	-107.596100	151.699585	0.000000	0.000000	7.125000	206.786453	-417.259521
717	-874.158813	1229.014160	-127.233505	151.699860	0.000000	0.000000	7.125000	263.531586	-383.062653
718	-63.643208	447.405212	-48.729637	154.491394	0.000000	0.000000	7.125000	61.901279	-187.016312
719	951.673828	456.248749	174.375977	87.254929	0.000000	0.000000	7.125000	-373.451263	-172.526352
720	458.612488	-283.499939	166.879379	-82.139275	0.000000	0.000000	7.125000	-274.936371	117.878868
721	1099.937866	1022.432678	147.393417	132.205215	0.000000	0.000000	7.125000	-290.097046	-258.192047
722	-1228.562256	298.575714	-211.649445	23.887548	0.000000	0.000000	7.125000	569.638428	-120.810081
723	-487.047302	-950.637573	-102.755486	-162.180817	0.000000	0.000000	7.125000	265.559418	348.366821
724	-683.755920	45.871563	-197.231415	17.414627	0.000000	0.000000	7.125000	304.290802	-13.051113
725	1380.924805	228.735001	207.684784	31.094257	0.000000	0.000000	7.125000	-479.530640	-73.591919
726	1125.458252	300.992920	177.754959	28.304058	0.000000	0.000000	7.125000	-444.964386	-30.533495
727	-550.541931	226.248184	-181.294205	24.844093	0.000000	0.000000	7.125000	316.202820	-20.389271
728	645.790894	1173.906250	97.977959	172.043091	0.000000	0.000000	7.125000	-186.622757	-460.737335
729	125.331093	792.297852	50.357544	182.130478	0.000000	0.000000	7.125000	1.402708	-245.545181
730	1183.898193	260.278595	182.909088	58.378738	0.000000	0.000000	7.125000	-465.077911	-130.981262
731	-807.277222	-1094.288696	-132.299881	-143.253448	0.000000	0.000000	7.125000	347.969879	360.642456
732	316.269043	-799.180237	35.461887	-179.530945	0.000000	0.000000	7.125000	-55.256733	296.136902
733	-797.651672	-1103.432251	-107.120636	-140.903412	0.000000	0.000000	7.125000	286.091339	412.232330
734	849.015991	1062.954956	110.047989	134.774399	0.000000	0.000000	7.125000	-262.917877	-389.949310
735	550.906982	329.959656	169.909973	95.678543	0.000000	0.000000	7.125000	-297.908813	-170.906723
736	-335.025574	330.733917	-121.559158	144.689590	0.000000	0.000000	7.125000	182.540924	-253.036774
737	143.166672	-78.499878	-1.256660	-188.765137	0.000000	0.000000	7.125000	1.153213	45.338737
738	-818.095215	666.616516	-136.574020	117.248161	0.000000	0.000000	7.125000	274.986694	-274.842407
739	512.874756	-20.436079	194.103638	-51.427376	0.000000	0.000000	7.125000	-185.382965	-0.114414
740	-528.225830	222.361542	-177.996307	63.533867	0.000000	0.000000	7.125000	169.223724	-78.580910
741	-1285.228638	-752.240967	-176.119080	-108.764679	0.000000	0.000000	7.125000	461.430237	242.527039
742	-929.872803	-623.907898	-168.236420	-92.512344	0.000000	0.000000	7.125000	422.073059	239.048264
743	614.211670	1078.879272	103.848549	168.564926	0.000000	0.000000	7.125000	-175.929382	-361.391479
744	-611.331848	-451.839203	-143.457733	-98.443352	0.000000	0.000000	7.125000	232.250931	161.831375
745	431.062805	-929.749268	73.130112	-154.571198	0.000000	0.000000	7.125000	-184.233749	291.008636
746	1227.258789	665.868530	162.617859	107.602966	0.000000	0.000000	7.125000	-451.101868	-237.274506
747	-445.764160	120.406876	-170.782883	7.970075	0.000000	0.000000	7.125000	181.355804	19.783167
748	-1220.311890	-243.396133	-185.341797	-36.982109	0.000000	0.000000	7.125000	266.903412	37.705536
749	144.875443	1094.583984	7.245917	179.851791	0.000000	0.000000	7.125000	-21.942139	-488.762238
750	-134.788635	-962.335876	-70.452644	-185.041458	0.000000	0.000000	7.125000	154.621063	394.049866
751	184.233017	1004.699707	31.603752	201.526855	0.000000	0.000000	7.125000	-28.903307	-444.080872
752	734.459717	-1126.621948	108.736877	-147.183624	0.000000	0.000000	7.125000	-240.945572	433.100250
753	-509.257812	-1471.300903	-101.004570	-190.926971	0.000000	0.000000	7.125000	238.568634	520.383606
754	751.319031	969.946716	122.744461	135.722031	0.000000	0.000000	7.125000	-268.812012	-344.355927
755	-91.212509	-1025.369507	-6.509719	-179.881210	0.000000	0.000000	7.125000	13.771044	448.233490
756	-235.411545	9.449356	-185.978271	58.482395	0.000000	0.000000	7.125000	143.834961	-43.955334
757	-281.633118	283.198792	-153.814453	50.842522	0.000000	0.000000	7.125000	315.799835	-100.741539
758	705.585205	-1004.386414	107.484474	-144.376556	0.000000	0.000000	7.125000	-226.103882	363.826874
759	43.264500	-1208.408569	-20.529636	-169.763153	0.000000	0.000000	7.125000	102.344109	821.637512
760	-129.239807	-1118.948486	-47.266571	-176.788483	0.000000	0.000000	7.125000	111.113960	421.661774
761	-673.723389	-428.093323	-184.220581	-94.394180	0.000000	0.000000	7.125000	397.105011	160.184097
762	1306.371460	131.378311	194.909637	5.909842	0.000000	0.000000	7.125000	-462.443878	-42.390869
763	791.074219	1119.211670	121.661369	148.534439	0.000000	0.000000	7.125000	-375.002899	-449.328888
764	1123.243530	-351.264435	182.767609	-48.114929	0.000000	0.000000	7.125000	-458.067444	93.198921
765	1286.980103	-638.159912	194.325409	-94.258659	0.000000	0.000000	7.125000	-483.270844	166.942062
766	306.105621	-121.262894	171.116562	-111.041504	0.000000	0.000000	7.125000	-170.195023	104.116920
767	-1221.080322	-6.013639	-195.744720	-29.775829	0.000000	0.000000	7.125000	321.121613	34.169510
768	53.935787	-390.736206	-18.913593	-191.034210	0.000000	0.000000	7.125000	72.112671	284.882507
769	-3.080448	-424.172424	-47.399719	-182.953552	0.000000	0.000000	7.125000	92.892548	296.632111
770	-762.656433	1274.119019	-120.054642	161.180420	0.000000	0.000000	7.125000	209.777206	-399.956268
771	-91.098816	394.426300	-127.615601	143.444580	0.000000	0.000000	7.125000	132.384872	-167.703354
772	-143.109009	770.453369	-30.060003	180.512863	0.000000	0.000000	7.125000	36.266945	-326.657501
773	-1015.243225	-620.520325	-168.415436	-104.112595	0.000000	0.000000	7.125000	400.546906	259.926208
774	1142.100708	264.858978	198.978577	57.051632	0.000000	0.000000	7.125000	-399.430786	-138.489380
775	-287.755798	-822.601257	-84.086853	-159.148743	0.000000	0.000000	7.125000	152.256821	311.855347
776	698.890930	382.626312	188.451157	69.903183	0.000000	0.000000	7.125000	-295.384674	-126.658897
777	195.753632	497.358093	107.872353	180.119781	0.000000	0.000000	7.125000	-113.281296	-230.918518
778	-1093.933228	45.403481	-175.582214	-22.258524	0.000000	0.000000	7.125000	352.364624	28.245705
779	227.593094	1411.460571	25.795212	202.360626	0.000000	0.000000	7.125000	-39.804012	-515.539612
780	782.547119	-190.369598	169.836853	-19.870411	0.000000	0.000000	7.125000	-340.761597	15.000765
781	-239.808426	-180.323181	-143.321411	-53.537529	0.000000	0.000000	7.125000	234.294464	65.756416
782	1015.011841	-394.365204	175.056244	-53.308353	0.000000	0.000000	7.125000	-586.213135	150.789627
783	927.463867	-326.037933	176.938599	-57.340858	0.000000	0.000000	7.125000	-417.609009	114.170387
784	595.830017	-548.999329	128.657318	-130.136475	0.000000	0.000000	7.125000	-221.786545	184.361526
785	551.566956	1090.028198	102.037544	193.776306	0.000000	0.000000	7.125000	-190.747437	-399.354004
786	-514.938416	-1174.661987	-109.539688	-164.936005	0.000000	0.000000	7.125000	296.892792	387.526855
787	109.837616	802.543335	-44.452961	180.578217	0.000000	0.000000	7.125000	32.886696	-265.951965
788	853.797241	246.232986	171.368118	44.293354	0.000000	0.000000	7.125000	-403.822449	-109.263199
789	1182.749023	342.710999	164.422409	56.914661	0.000000	0.000000	7.125000	-494.877411	-126.972763
790	-903.444397	-416.693878	-165.327087	-91.553848	0.000000	0.000000	7.125000	340.811829	221.349747
791	953.934692	812.365356	128.752563	130.036346	0.000000	0.000000	7.125000	-312.835388	-419.155243
792	1128.166382	-81.433983	194.015259	-19.387999	0.000000	0.000000	7.125000	-450.524139	20.856060
793	-8.240179	1201.755127	-1.486105	173.992538	0.000000	0.000000	7.125000	-9.431140	-484.546692
794	1016.897644	-1107.721680	130.503479	-144.892212	0.000000	0.000000	7.125000	-340.553070	400.908264
795	1195.036133	591.254883	165.858490	77.328094	0.000000	0.000000	7.125000	-530.525818	-220.130936
796	-33.698215	-690.886353	15.963692	-200.355591	0.000000	0.000000	7.125000	1.586820	294.038544
797	-743.985840	-148.527252	-160.116364	-39.819153	0.000000	0.000000	7.125000	308.903900	86.757477
798	531.118958	-1387.284546	62.355907	-194.226837	0.000000	0.000000	7.125000	-108.038406	515.801758
799	716.135498	-432.606049	159.317383	-77.116631	0.000000	0.000000	7.125000	-313.812775	157.261627
800	-214.695755	199.721985	-188.501709	-13.528395	0.000000	0.000000	7.125000	285.197205	49.088913
801	-884.943237	332.224854	-167.735947	33.244392	0.000000	0.000000	7.125000	350.071899	-58.298218
802	286.048309	613.592224	94.315552	149.765213	0.000000	0.000000	7.125000	-125.321297	-185.088730
803	-811.596191	-121.641380	-176.863770	-33.444248	0.000000	0.000000	7.125000	352.255859	65.388741
804	-601.772217	-695.094177	-131.427628	-131.584702	0.000000	0.000000	7.125000	291.681671	223.566650
805	-926.883057	-236.049774	-177.581726	-29.405348	0.000000	0.000000	7.125000	222.617752	48.168137
806	280.252869	-1326.988525	28.123053	-192.956146	0.000000	0.000000	7.125000	-43.190403	511.800201
807	-499.931702	-68.646011	-172.009262	-25.814701	0.000000	0.000000	7.125000	281.958130	86.927231
808	-88.580597	856.720337	-18.167103	160.978058	0.000000	0.000000	7.125000	50.559582	-369.075684
809	-142.226227	-533.144775	-49.853550	-185.399750	0.000000	0.000000	7.125000	89.236214	178.744980
810	956.479431	-19.634026	181.650452	-22.046341	0.000000	0.000000	7.125000	-442.167206	7.534631
811	-1181.566040	-309.023041	-188.513840	-49.871647	0.000000	0.000000	7.125000	512.200562	139.594193
812	610.568542	-417.157562	116.888062	-124.797195	0.000000	0.000000	7.125000	-343.965759	326.879272
813	916.666016	-37.023048	174.546219	-54.962158	0.000000	0.000000	7.125000	-348.759308	79.703133
814	-814.581177	509.367798	-197.484711	87.472824	0.000000	0.000000	7.125000	309.029663	-157.467789
815	840.385864	401.589386	195.291290	47.563469	0.000000	0.000000	7.125000	-337.747070	-84.567711
816	-892.574951	1348.550903	-135.350433	160.547531	0.000000	0.000000	7.125000	254.856705	-373.902222
817	-781.022522	417.215576	-141.658844	72.200752	0.000000	0.000000	7.125000	431.222900	-178.111694
818	457.986267	-253.300293	146.579178	-137.533630	0.000000	0.000000	7.125000	-174.662079	176.492996
819	-909.335693	1068.044434	-126.712914	140.217316	0.000000	0.000000	7.125000	248.064621	-362.579468
820	531.978760	-615.406067	93.174477	-171.296768	0.000000	0.000000	7.125000	-155.818359	307.713318
821	-470.784973	-875.927368	-105.016167	-174.892059	0.000000	0.000000	7.125000	167.805786	348.496277
822	-415.706665	198.549332	-135.636917	88.564224	0.000000	0.000000	7.125000	255.123520	-213.255814
823	499.364258	855.716431	110.319672	157.137360	0.000000	0.000000	7.125000	-236.888000	-399.523285
824	-33.008728	-1100.473145	-28.503876	-211.083984	0.000000	0.000000	7.125000	65.840790	455.802643
825	-1080.061157	-538.369629	-178.211304	-79.155167	0.000000	0.000000	7.125000	434.581055	179.602982
826	63.531364	-715.437805	50.561272	-169.622452	0.000000	0.000000	7.125000	-89.264923	308.464661
827	770.303101	-257.418488	143.202515	-109.025955	0.000000	0.000000	7.125000	-181.452545	122.729149
828	-196.481186	214.207397	-165.657806	84.437569	0.000000	0.000000	7.125000	72.781784	-67.236221
829	895.599548	823.282959	169.847504	138.240082	0.000000	0.000000	7.125000	-472.548645	-392.732361
830	-1048.139771	170.120056	-185.875916	-6.462990	0.000000	0.000000	7.125000	430.132965	-10.901984
831	-839.195374	-801.571045	-146.771851	-154.353607	0.000000	0.000000	7.125000	245.463531	220.183304
832	-211.747314	-401.005859	-73.484421	-183.785645	0.000000	0.000000	7.125000	204.090775	284.280365
833	1171.062256	-892.446838	140.058899	-135.676285	0.000000	0.000000	7.125000	-370.142151	328.083862
834	675.894775	-1048.929932	93.859558	-157.096725	0.000000	0.000000	7.125000	-225.747253	399.446777
835	1212.892944	-295.686493	177.033447	-46.322506	0.000000	0.000000	7.125000	-526.920105	79.731102
836	-278.735413	-387.487488	-101.111679	-148.894760	0.000000	0.000000	7.125000	226.740952	263.167480
837	459.232483	692.061829	100.962311	190.950043	0.000000	0.000000	7.125000	-142.726486	-287.665710
838	1197.331421	-484.033813	160.497437	-93.980766	0.000000	0.000000	7.125000	-404.523926	178.520004
839	-271.147186	-144.591309	-92.344109	-102.507706	0.000000	0.000000	7.125000	186.424240	152.203674
840	-265.298157	134.172318	-221.838669	-8.211949	0.000000	0.000000	7.125000	223.103271	-0.227557
841	372.393280	1238.429810	63.977978	161.803665	0.000000	0.000000	7.125000	-134.528854	-467.033569
842	628.356567	-2.068987	154.053879	-67.016190	0.000000	0.000000	7.125000	-264.367035	115.986473
843	-593.321960	-1017.623047	-93.768173	-181.170105	0.000000	0.000000	7.125000	214.087204	387.378662
844	1166.610596	-1121.965454	145.721176	-151.211121	0.000000	0.000000	7.125000	-468.036743	491.580170
845	815.322510	-933.708069	106.310760	-137.745804	0.000000	0.000000	7.125000	-303.857758	447.418365
846	240.707596	-1330.439941	11.224510	-206.695236	0.000000	0.000000	7.125000	-20.407204	472.780548
847	-309.442078	1268.323608	-63.448425	168.419525	0.000000	0.000000	7.125000	86.152618	-458.749237
848	-196.659088	-490.653320	-36.011505	-176.360077	0.000000	0.000000	7.125000	82.147491	315.531342
849	-1180.236084	-630.720825	-154.371994	-103.755219	0.000000	0.000000	7.125000	420.561340	253.773453
850	-426.279694	-1134.344238	-56.701424	-164.463104	0.000000	0.000000	7.125000	101.819481	402.095673
851	451.997467	836.524536	85.091782	208.277100	0.000000	0.000000	7.125000	-107.934937	-330.288116
852	-667.774170	-1010.799866	-106.219833	-181.154617	0.000000	0.000000	7.125000	390.803864	735.156494
853	-516.520752	-928.850647	-111.282135	-170.961777	0.000000	0.000000	7.125000	231.857391	330.638611
854	-354.142334	690.770874	-87.334152	174.348526	0.000000	0.000000	7.125000	129.098846	-264.686584
855	410.418091	1039.238281	57.189831	211.392426	0.000000	0.000000	7.125000	-146.323639	-246.873489
856	-875.218811	-482.979279	-155.467072	-117.698486	0.000000	0.000000	7.125000	414.684326	345.346283
857	647.074402	1227.346313	106.216728	156.326996	0.000000	0.000000	7.125000	-212.908173	-359.930145
858	424.969879	-1040.707764	76.101723	-166.425476	0.000000	0.000000	7.125000	-241.190140	547.378967
859	-1236.881470	465.367798	-187.945374	51.958046	0.000000	0.000000	7.125000	528.783081	-104.846321
860	-783.428955	827.965088	-126.945557	123.330353	0.000000	0.000000	7.125000	409.703125	-442.218201
861	753.075073	542.265442	172.429932	119.855148	0.000000	0.000000	7.125000	-316.792725	-227.397018
862	913.810913	-896.863037	111.400681	-121.715515	0.000000	0.000000	7.125000	-290.714325	342.427612
863	408.475586	-200.255325	145.040161	-130.166458	0.000000	0.000000	7.125000	-169.449448	128.611496
864	-434.971985	356.299347	-124.625687	93.828659	0.000000	0.000000	7.125000	190.620422	-177.260300
865	342.855164	466.011902	124.695892	129.804596	0.000000	0.000000	7.125000	-159.027695	-187.284393
866	664.531799	-951.839294	103.484596	-182.726105	0.000000	0.000000	7.125000	-224.179764	362.114075
867	-415.016388	1299.766479	-74.850037	163.668030	0.000000	0.000000	7.125000	115.998962	-472.436218
868	-477.318665	322.991394	-179.854279	82.784508	0.000000	0.000000	7.125000	225.877518	-142.427185
869	-689.204346	653.730469	-146.579559	99.210373	0.000000	0.000000	7.125000	191.198029	-56.468834
870	-508.228058	897.613892	-108.136124	147.594543	0.000000	0.000000	7.125000	187.557434	-384.379456
871	16.947557	147.958527	-72.503754	-66.911789	0.000000	0.000000	7.125000	-9.868851	-51.967293
872	-802.633362	-509.814270	-125.754021	-63.766586	0.000000	0.000000	7.125000	373.349731	176.115829
873	-203.351288	882.498474	-85.799393	191.641815	0.000000	0.000000	7.125000	211.617798	-493.539368
874	-439.434387	7.429922	-162.242874	-90.908607	0.000000	0.000000	7.125000	146.046066	123.206749
875	-322.538849	75.983871	-179.190628	-37.107754	0.000000	0.000000	7.125000	216.721191	62.211700
876	-656.752502	-1201.234985	-93.153923	-174.714752	0.000000	0.000000	7.125000	254.292709	423.441681
877	-1078.459106	-698.159363	-162.003311	-118.978470	0.000000	0.000000	7.125000	380.653656	264.514343
878	-945.458374	749.643738	-167.609283	99.633919	0.000000	0.000000	7.125000	429.213257	-214.808380
879	356.482483	-176.311340	123.656555	-138.929337	0.000000	0.000000	7.125000	-201.455490	195.943420
880	-268.490143	-779.512756	-55.512081	-190.058258	0.000000	0.000000	7.125000	116.443520	381.536713
881	1139.419800	-831.521484	144.582581	-121.717224	0.000000	0.000000	7.125000	-391.715820	297.504913
882	-389.673492	-725.277405	-94.324638	-167.231857	0.000000	0.000000	7.125000	108.127312	184.074600
883	-1084.137451	552.025696	-185.038300	70.427650	0.000000	0.000000	7.125000	481.079956	-128.098145
884	815.698059	-270.269012	131.838226	-88.879959	0.000000	0.000000	7.125000	-288.676941	206.126709
885	-188.992172	-968.668518	-55.107052	-165.043030	0.000000	0.000000	7.125000	125.802361	380.909149
886	-869.225586	897.573364	-132.992462	112.198990	0.000000	0.000000	7.125000	318.152130	-339.115814
887	219.639771	-801.062866	41.724422	-165.811783	0.000000	0.000000	7.125000	-49.648735	399.185059
888	-612.597900	1108.487061	-98.622284	136.002197	0.000000	0.000000	7.125000	194.313461	-425.159790
889	1019.451965	205.788422	197.983154	-2.509669	0.000000	0.000000	7.125000	-434.247620	8.888805
890	-69.936096	-579.826721	-57.156364	-167.513016	0.000000	0.000000	7.125000	190.115936	412.157440
891	1221.931152	568.046326	169.958191	67.821404	0.000000	0.000000	7.125000	-528.816528	-144.644501
892	-442.431610	-1003.321045	-70.355835	-162.410919	0.000000	0.000000	7.125000	193.142349	503.387543
893	1210.214600	-0.968686	189.751053	-28.989679	0.000000	0.000000	7.125000	-494.801025	54.662224
894	938.212463	254.771393	176.486588	13.094238	0.000000	0.000000	7.125000	-336.998291	-57.254189
895	1026.977661	-578.646973	141.732208	-120.448029	0.000000	0.000000	7.125000	-425.364075	230.660690
896	599.982666	1129.307739	124.064835	161.937988	0.000000	0.000000	7.125000	-246.130875	-325.467987
897	-365.255768	-1067.334473	-57.702324	-160.958771	0.000000	0.000000	7.125000	102.590660	416.020111
898	-1444.044556	-38.952820	-210.528656	-32.326775	0.000000	0.000000	7.125000	485.010468	60.989037
899	736.304810	1174.332031	120.015068	179.588348	0.000000	0.000000	7.125000	-238.401276	-389.056335
900	487.362762	-957.501953	78.276093	-152.028595	0.000000	0.000000	7.125000	-205.266998	327.369843
901	1068.413818	690.858521	150.368378	87.551804	0.000000	0.000000	7.125000	-363.913574	-194.535217
902	1113.657837	182.983170	163.883331	19.163731	0.000000	0.000000	7.125000	-463.522522	-102.354858
903	931.511780	-738.528015	122.213577	-128.033096	0.000000	0.000000	7.125000	-373.966217	384.693634
904	7.878178	953.024780	37.381554	212.713654	0.000000	0.000000	7.125000	-30.460096	-389.949310
905	168.343536	1402.958618	44.769302	192.870667	0.000000	0.000000	7.125000	-86.553581	-387.118683
906	1082.297852	253.008698	177.496918	29.883656	0.000000	0.000000	7.125000	-285.389465	-143.771332
907	265.439331	-583.463562	104.916191	-153.585495	0.000000	0.000000	7.125000	-171.339706	245.297470
908	281.799133	104.147224	168.764404	62.594460	0.000000	0.000000	7.125000	-282.659119	-111.187309
909	643.706177	49.905945	209.729813	-10.610312	0.000000	0.000000	7.125000	-299.382324	7.244667
910	-1153.636475	50.300991	-173.848145	7.234416	0.000000	0.000000	7.125000	473.355865	28.824999
911	512.681641	815.848083	115.837982	149.331451	0.000000	0.000000	7.125000	-250.364151	-362.235168
912	-656.638611	-1321.265869	-88.742691	-190.322769	0.000000	0.000000	7.125000	188.518509	485.469666
913	986.327515	-479.907776	164.319839	-87.138626	0.000000	0.000000	7.125000	-480.981079	224.530853
914	-180.026459	85.865997	-16.685232	170.146255	0.000000	0.000000	7.125000	-5.230369	-91.787247
915	-1015.242676	-921.670044	-160.946487	-139.517273	0.000000	0.000000	7.125000	381.216461	315.858734
916	528.963257	-1217.234863	83.910782	-189.224014	0.000000	0.000000	7.125000	-199.907257	408.511047
917	1198.808960	534.913818	188.308334	61.185089	0.000000	0.000000	7.125000	-470.421844	-117.877998
918	569.093201	951.070007	79.600479	174.710052	0.000000	0.000000	7.125000	-181.477646	-529.729492
919	597.066101	-912.923218	125.384140	-145.405136	0.000000	0.000000	7.125000	-284.674316	310.049530
920	173.066406	-466.222321	80.277878	-187.494797	0.000000	0.000000	7.125000	-66.346001	256.027222
921	-1076.398071	195.513809	-188.358902	15.534547	0.000000	0.000000	7.125000	913.047913	-139.597900
922	1221.384766	862.509644	165.448364	114.139557	0.000000	0.000000	7.125000	-427.034607	-294.532715
923	825.429016	439.759338	185.777344	59.257061	0.000000	0.000000	7.125000	-379.567657	-119.017624
924	-527.405518	264.053345	-198.976837	27.920273	0.000000	0.000000	7.125000	208.459396	14.462180
925	-1190.115723	-403.878693	-192.976578	-28.015734	0.000000	0.000000	7.125000	871.891357	72.014519
926	-875.408813	699.894287	-125.772491	87.121109	0.000000	0.000000	7.125000	346.436951	-180.898651
927	-652.729614	-466.674255	-155.985413	-95.683136	0.000000	0.000000	7.125000	185.581528	112.523331
928	1136.015625	-1272.754761	150.568405	-163.134644	0.000000	0.000000	7.125000	-351.738922	371.351593
929	539.715637	-290.570312	145.572922	-120.503601	0.000000	0.000000	7.125000	-208.930099	129.496979
930	446.837769	901.013245	95.824921	173.254913	0.000000	0.000000	7.125000	-186.321991	-451.142059
931	203.076889	-624.954895	83.884872	-185.953598	0.000000	0.000000	7.125000	-127.024605	260.068726
932	1024.384766	52.551754	194.587463	12.652311	0.000000	0.000000	7.125000	-313.130066	-48.765900
933	1356.916504	78.990761	185.141388	17.850664	0.000000	0.000000	7.125000	-507.311798	-59.647060
934	-563.732849	738.898987	-93.805527	167.519119	0.000000	0.000000	7.125000	137.634445	-314.487854
935	553.222473	1083.912842	88.186165	153.451263	0.000000	0.000000	7.125000	-156.776642	-405.235718
936	-904.557373	1073.920898	-129.507523	137.644363	0.000000	0.000000	7.125000	266.505737	-344.979492
937	-382.974731	-1260.118408	-23.822906	-193.539322	0.000000	0.000000	7.125000	76.180099	429.666565
938	494.316498	-666.773987	109.714195	-135.042282	0.000000	0.000000	7.125000	-660.586853	972.442871
939	196.921921	-1084.549438	55.305832	-164.952194	0.000000	0.000000	7.125000	-89.874748	463.985992
940	846.259399	668.902527	150.566406	133.148499	0.000000	0.000000	7.125000	-304.505219	-308.490112
941	224.938568	890.452209	1.464687	179.993729	0.000000	0.000000	7.125000	-14.379941	-399.020996
942	274.596863	814.742065	50.277870	185.299652	0.000000	0.000000	7.125000	-58.707054	-256.368469
943	-720.333862	-249.691513	-160.310944	-23.285700	0.000000	0.000000	7.125000	905.523315	19.424732
944	830.541992	731.998779	120.108932	117.459488	0.000000	0.000000	7.125000	-290.074829	-328.905945
945	965.558228	49.812378	179.788177	-8.552042	0.000000	0.000000	7.125000	-429.170868	2.802411
946	438.846863	-289.506683	151.970200	-153.259125	0.000000	0.000000	7.125000	-212.979782	127.546776
947	818.619995	-84.985504	176.972305	-2.608925	0.000000	0.000000	7.125000	-293.932190	-37.960358
948	1105.823364	1013.351685	165.198212	129.651367	0.000000	0.000000	7.125000	-386.741852	-307.474304
949	-1443.029541	-535.903137	-191.243774	-93.765495	0.000000	0.000000	7.125000	501.274200	171.304642
950	114.119324	1011.541382	48.173126	179.637741	0.000000	0.000000	7.125000	17.799589	-479.321198
951	-898.483154	445.345093	-142.041519	89.710762	0.000000	0.000000	7.125000	247.738358	-142.921295
952	413.586121	446.571655	167.318054	121.863396	0.000000	0.000000	7.125000	-282.642700	-221.629471
953	685.463257	-311.302368	161.571136	-72.275620	0.000000	0.000000	7.125000	-262.272247	125.622932
954	1082.365601	-164.028854	181.258698	-41.669716	0.000000	0.000000	7.125000	-494.092163	60.960228
955	-108.065536	325.222198	-47.281178	164.328262	0.000000	0.000000	7.125000	33.787273	-220.210144
956	-788.719116	1037.826782	-101.402031	133.927536	0.000000	0.000000	7.125000	252.027054	-357.921509
957	-216.666443	637.777893	-7.426331	194.853058	0.000000	0.000000	7.125000	-6.084274	-364.259491
958	431.853821	593.179565	133.184738	111.940445	0.000000	0.000000	7.125000	-183.809418	-209.213913
959	-1186.797119	55.368694	-221.998047	0.084695	0.000000	0.000000	7.125000	449.586487	-58.282516
960	-209.060486	1304.611084	-17.221672	185.200958	0.000000	0.000000	7.125000	38.371365	-498.400696
961	1127.189453	-944.078796	139.316452	-127.710663	0.000000	0.000000	7.125000	-384.232635	296.745300
962	-386.813232	1053.803833	-75.699142	189.426819	0.000000	0.000000	7.125000	111.646935	-403.308044
963	6.689876	-590.535583	42.973297	-190.197144	0.000000	0.000000	7.125000	-91.369057	242.764328
964	486.270355	296.791046	169.719833	113.079163	0.000000	0.000000	7.125000	-228.972427	-238.334457
965	26.820263	-922.622498	34.940453	-170.455475	0.000000	0.000000	7.125000	18.380989	307.394806
966	-526.382385	660.149841	-79.154602	154.946884	0.000000	0.000000	7.125000	101.390083	-285.522766
967	879.377075	-1110.530518	127.044891	-135.851044	0.000000	0.000000	7.125000	-316.175629	324.475128
968	-667.380676	336.803131	-98.728058	135.929230	0.000000	0.000000	7.125000	223.483871	-261.599030
969	-220.618835	-840.346497	-49.164967	-197.982742	0.000000	0.000000	7.125000	100.393135	326.312317
970	-909.246094	811.867432	-114.677780	105.758713	0.000000	0.000000	7.125000	292.867584	-293.958984
971	1193.247314	-751.377991	168.118073	-104.568588	0.000000	0.000000	7.125000	-444.525452	199.619278
972	1011.456299	-243.253632	197.298737	-38.287998	0.000000	0.000000	7.125000	-475.861847	23.429375
973	1255.709106	228.096222	203.505234	14.175520	0.000000	0.000000	7.125000	-537.038147	-60.396355
974	-1208.894043	-1122.777710	-155.616745	-149.797775	0.000000	0.000000	7.125000	413.885864	391.719666
975	-1217.445068	125.235603	-176.629028	11.420214	0.000000	0.000000	7.125000	408.387421	-2.920056
976	-814.011963	-945.904785	-101.527939	-118.438263	0.000000	0.000000	7.125000	270.718872	352.466858
977	188.803879	-169.984863	182.895538	-103.061417	0.000000	0.000000	7.125000	-345.591217	93.390030
978	885.285522	-1005.708191	131.349731	-152.145462	0.000000	0.000000	7.125000	-237.682159	260.718597
979	509.654266	-106.650650	179.400681	-36.116219	0.000000	0.000000	7.125000	-303.684418	61.248638
980	707.533569	-790.623962	161.556732	-147.830246	0.000000	0.000000	7.125000	-344.207855	352.149567
981	202.706390	-1195.558960	71.789955	-184.494965	0.000000	0.000000	7.125000	-103.018898	502.273499
982	-1431.069702	126.303856	-200.901001	35.422962	0.000000	0.000000	7.125000	510.407867	-78.037056
983	-1003.080627	-283.179596	-184.597565	-40.549988	0.000000	0.000000	7.125000	454.440582	109.221603
984	-778.126526	299.384644	-186.575592	66.283707	0.000000	0.000000	7.125000	393.185028	-139.709900
985	601.956116	-653.333008	152.375153	-140.061157	0.000000	0.000000	7.125000	-234.660492	54.440010
986	-93.925201	428.670227	-26.977650	193.101532	0.000000	0.000000	7.125000	3.519722	-176.083923
987	-66.749718	-510.433167	39.778259	-181.693146	0.000000	0.000000	7.125000	-58.141777	247.662689
988	-1079.933472	-161.794235	-170.708344	-9.905135	0.000000	0.000000	7.125000	467.860413	-3.963438
989	770.194885	-862.196594	130.836884	-132.202484	0.000000	0.000000	7.125000	-482.862671	468.705109
990	229.606720	1248.274536	30.912582	189.493408	0.000000	0.000000	7.125000	-61.904480	-464.296936
991	196.373489	480.428589	118.925522	100.932991	0.000000	0.000000	7.125000	-179.504837	-202.745087
992	979.090149	-545.438538	158.475632	-97.368668	0.000000	0.000000	7.125000	-390.364136	199.355881
993	-1100.005371	535.826355	-163.277222	82.632011	0.000000	0.000000	7.125000	454.013580	-225.573563
994	-283.927979	951.581116	-58.656719	176.496597	0.000000	0.000000	7.125000	82.881409	-409.953430
995	-727.467285	-803.449890	-108.918686	-127.908951	0.000000	0.000000	7.125000	282.258240	340.983185
996	-774.004272	828.846741	-117.129997	103.036133	0.000000	0.000000	7.125000	379.199219	-326.893433
997	-674.017151	-802.462708	-119.896179	-130.205048	0.000000	0.000000	7.125000	329.961334	310.656067
998	-489.211853	-452.074829	-104.218246	-171.658859	0.000000	0.000000	7.125000	286.175659	241.799957
999	182.957047	614.515015	89.067482	159.857941	0.000000	0.000000	7.125000	-142.471634	-329.811310
