node	a_force.x	a_force.y	g_force.x	g_force.y	r_force.x	r_force.y	global_speed	move_node.x	move_node.y
0	-553.829590	458.459717	-66.025131	66.908020	0.000000	0.000000	3.750000	613.324280	-663.718262
1	338.715759	-310.420197	69.648087	-57.000366	0.000000	0.000000	3.750000	-498.329620	212.933517
2	85.328842	-355.616852	4.326238	-77.879799	0.000000	0.000000	3.750000	57.915661	606.701599
3	114.081390	245.267441	-12.189168	79.065948	0.000000	0.000000	3.750000	95.375107	-634.937256
4	372.923828	-424.922363	54.563004	-63.866066	0.000000	0.000000	3.750000	-337.683197	458.661987
5	195.036530	35.782082	69.757080	43.103699	0.000000	0.000000	3.750000	-278.165009	-208.432083
6	-311.473083	332.867371	-60.519531	58.252731	0.000000	0.000000	3.750000	499.963318	-580.049316
7	38.348015	411.259888	-3.707490	67.898849	0.000000	0.000000	3.750000	59.607361	-801.751221
8	174.166046	330.740540	58.112801	71.322426	0.000000	0.000000	3.750000	-326.156952	-339.087921
9	-436.352478	338.028381	-68.271576	52.297127	0.000000	0.000000	3.750000	678.803467	-461.064667
10	312.352753	-354.866669	67.809441	-70.751389	0.000000	0.000000	3.750000	-495.194641	300.614441
11	-145.668045	259.858276	-53.747063	67.136032	0.000000	0.000000	3.750000	634.757629	-906.479126
12	414.494080	-228.343903	69.782303	-39.120605	0.000000	0.000000	3.750000	-641.523926	285.232025
13	-127.135513	453.852295	-24.440292	84.537903	0.000000	0.000000	3.750000	140.949753	-897.068420
14	131.266571	-155.610779	36.587322	-75.613251	0.000000	0.000000	3.750000	-47.265797	95.832298
15	430.194580	119.201836	77.222305	27.581045	0.000000	0.000000	3.750000	-702.967102	-274.892120
16	-153.251129	190.017654	-68.526642	41.280708	0.000000	0.000000	3.750000	525.681396	-298.038025
17	437.789093	325.303894	66.072357	45.104706	0.000000	0.000000	3.750000	-734.320251	-379.204987
18	411.710358	-34.652271	75.873734	-25.360840	0.000000	0.000000	3.750000	-246.614731	69.887901
19	177.983795	54.400871	47.262680	71.848717	0.000000	0.000000	3.750000	-125.976402	-187.776321
20	7.417467	-302.747101	15.431680	-70.326523	0.000000	0.000000	3.750000	11.853015	435.042297
21	-262.303864	105.937256	-61.697884	40.857910	0.000000	0.000000	3.750000	586.105652	-421.206299
22	-562.088989	67.376511	-91.672180	34.643890	0.000000	0.000000	3.750000	888.282471	-243.019440
23	193.540253	288.014893	47.654945	69.173737	0.000000	0.000000	3.750000	-216.416092	-307.829254
24	0.602825	389.994415	-31.396027	71.402298	0.000000	0.000000	3.750000	109.420746	-308.875824
25	99.945732	-502.200867	11.300280	-81.217590	0.000000	0.000000	3.750000	-22.828682	414.571320
26	-422.266724	279.474426	-56.410568	44.741943	0.000000	0.000000	3.750000	719.025574	-426.949219
27	366.339752	384.457458	47.808746	61.630539	0.000000	0.000000	3.750000	-480.827301	-630.950928
28	-358.971863	-523.638855	-70.563126	-59.032166	0.000000	0.000000	3.750000	730.335571	360.996613
29	415.773926	178.427658	64.822548	43.382446	0.000000	0.000000	3.750000	-523.328003	-356.844147
30	206.041443	204.453552	12.584568	81.028114	0.000000	0.000000	3.750000	21.751989	-405.499420
31	-22.709173	285.604675	-32.057907	79.801346	0.000000	0.000000	3.750000	153.740707	-654.218506
32	-76.946228	-142.785629	-42.691437	-62.876175	0.000000	0.000000	3.750000	217.169769	457.245972
33	118.094482	-358.086456	24.542170	-67.688011	0.000000	0.000000	3.750000	-136.819061	662.844604
34	275.767975	-446.539062	52.413918	-82.805481	0.000000	0.000000	3.750000	-248.833176	572.692139
35	496.245605	-494.932129	88.931259	-74.478638	0.000000	0.000000	3.750000	-773.863159	337.676880
36	-118.660866	538.315308	-17.489460	80.113113	0.000000	0.000000	3.750000	98.835129	-821.911255
37	564.048462	-66.683380	85.683090	-7.376082	0.000000	0.000000	3.750000	-1928.073730	104.692101
38	97.205795	183.096130	68.971542	69.618118	0.000000	0.000000	3.750000	-169.386536	-115.151016
39	-436.842834	-624.208374	-56.186962	-89.883392	0.000000	0.000000	3.750000	467.302612	740.996094
40	-103.671242	396.921021	-32.566376	79.594315	0.000000	0.000000	3.750000	48.788410	-625.541504
41	-369.153748	52.887276	-58.850777	-11.686870	0.000000	0.000000	3.750000	588.413391	63.418739
42	173.812653	526.333374	22.496498	78.853691	0.000000	0.000000	3.750000	-211.757339	-954.054993
43	-53.887356	331.375641	-37.542831	70.643463	0.000000	0.000000	3.750000	171.534515	-509.090942
44	-342.462036	-280.069794	-61.431252	-54.315750	0.000000	0.000000	3.750000	582.520020	475.377228
45	-10.063793	225.086502	5.603878	75.792755	0.000000	0.000000	3.750000	-93.958603	-353.234467
46	385.178101	264.459167	49.431698	43.732208	0.000000	0.000000	3.750000	-595.482300	-451.009583
47	84.980125	-50.828926	4.720286	-67.834793	0.000000	0.000000	3.750000	89.219643	287.208160
48	-345.415710	-326.629120	-51.256420	-61.422768	0.000000	0.000000	3.750000	283.556488	263.762421
49	-37.860329	396.239136	-2.716323	71.948730	0.000000	0.000000	3.750000	1.338744	-629.084961
50	-209.521332	-293.052948	-44.722015	-56.426407	0.000000	0.000000	3.750000	305.870117	425.711090
51	-323.950104	218.805878	-69.798233	43.037083	0.000000	0.000000	3.750000	587.995605	-265.724335
52	-304.602417	-411.875366	-48.614555	-66.034996	0.000000	0.000000	3.750000	405.562134	637.878418
53	-340.276550	413.905060	-56.549057	62.114391	0.000000	0.000000	3.750000	445.780182	-586.429688
54	331.646423	-163.746109	66.628578	-32.196510	0.000000	0.000000	3.750000	-368.204620	116.639664
55	355.481140	-350.455353	57.356606	-49.861992	0.000000	0.000000	3.750000	-392.430969	269.349884
56	-299.529175	-557.072998	-53.259048	-70.053284	0.000000	0.000000	3.750000	445.483765	790.594116
57	53.365402	207.888977	25.075089	71.744263	0.000000	0.000000	3.750000	-207.754623	-576.043884
58	445.950256	371.550720	55.067505	52.379089	0.000000	0.000000	3.750000	-711.733276	-614.109863
59	-59.437244	-531.329590	8.906687	-97.594177	0.000000	0.000000	3.750000	62.997124	827.935303
60	-321.751007	-487.812195	-51.367996	-63.916580	0.000000	0.000000	3.750000	438.562378	571.588379
61	348.095490	-426.033875	47.797134	-64.151611	0.000000	0.000000	3.750000	-265.706268	325.454712
62	615.271423	-96.021622	82.160789	-31.521259	0.000000	0.000000	3.750000	-752.556458	190.361938
63	-171.774078	-508.212250	-26.904568	-81.683151	0.000000	0.000000	3.750000	165.206467	693.290283
64	2.767757	534.451782	-10.445666	103.474075	0.000000	0.000000	3.750000	106.056892	-742.623596
65	-494.184174	275.417572	-74.448128	43.052017	0.000000	0.000000	3.750000	1275.315674	-680.680115
66	-507.922363	-265.786438	-60.180328	-49.621616	0.000000	0.000000	3.750000	690.580200	370.839844
67	-99.655899	-132.953033	-8.159653	-71.535950	0.000000	0.000000	3.750000	-8.636756	254.934097
68	-230.171326	326.980042	-68.736755	58.096687	0.000000	0.000000	3.750000	426.610901	-269.880707
69	-347.492371	-380.474396	-47.808510	-69.067688	0.000000	0.000000	3.750000	442.128510	692.560181
70	-524.765381	-471.984222	-75.745514	-62.181946	0.000000	0.000000	3.750000	846.623352	487.386536
71	-302.453522	-263.778412	-40.427021	-59.578773	0.000000	0.000000	3.750000	207.636139	535.274353
72	-420.953186	480.816406	-67.077271	60.005329	0.000000	0.000000	3.750000	550.701172	-486.952484
73	343.424438	-266.865479	42.378151	-45.255852	0.000000	0.000000	3.750000	-551.234070	616.641296
74	358.003265	-42.665298	81.931839	-18.524122	0.000000	0.000000	3.750000	-192.541565	3.292048
75	-224.470871	467.556580	-46.768639	64.905235	0.000000	0.000000	3.750000	426.075684	-723.249512
76	13.431725	-552.726135	-2.594416	-79.957916	0.000000	0.000000	3.750000	36.371559	847.583618
77	565.981201	-7.799251	78.959335	-12.861734	0.000000	0.000000	3.750000	-820.250183	128.863480
78	-335.038818	-17.476402	-66.400650	-54.650688	0.000000	0.000000	3.750000	128.965576	177.083817
79	78.130981	257.992615	10.910736	71.168472	0.000000	0.000000	3.750000	-43.780289	-526.173584
80	-251.079803	161.637039	-61.761181	16.778177	0.000000	0.000000	3.750000	495.349823	-2.278649
81	111.682617	-268.880493	59.192257	-99.760468	0.000000	0.000000	3.750000	-181.966980	191.864563
82	282.919800	-549.962769	45.347389	-75.416260	0.000000	0.000000	3.750000	-368.788330	722.786011
83	88.944641	-337.641602	23.677183	-46.296734	0.000000	0.000000	3.750000	-216.015884	611.806519
84	194.295364	423.165039	34.038425	67.951340	0.000000	0.000000	3.750000	-325.404663	-731.186768
85	-296.366455	216.773438	-59.763824	43.638119	0.000000	0.000000	3.750000	537.334290	-389.441437
86	-360.850800	-75.497856	-59.423725	-8.295794	0.000000	0.000000	3.750000	740.887939	67.346939
87	362.156433	-334.537689	48.420338	-44.849411	0.000000	0.000000	3.750000	-429.834106	423.125519
88	-141.903351	361.396667	-53.986965	69.493484	0.000000	0.000000	3.750000	213.755890	-395.149750
89	-261.198090	-411.633728	-36.762001	-57.206253	0.000000	0.000000	3.750000	434.611298	674.801453
90	-264.070312	-92.401535	-80.651848	-23.478966	0.000000	0.000000	3.750000	694.328430	122.684021
91	493.528198	221.553070	72.329575	29.196400	0.000000	0.000000	3.750000	-851.798645	-267.978485
92	-70.993660	688.210449	-15.346050	104.883224	0.000000	0.000000	3.750000	82.174980	-1032.115112
93	-423.298401	263.075500	-68.462730	48.670666	0.000000	0.000000	3.750000	596.965820	-303.218933
94	-122.129639	187.903687	-56.604202	67.378830	0.000000	0.000000	3.750000	138.565384	-234.054031
95	198.147064	131.604767	64.796890	76.165382	0.000000	0.000000	3.750000	-184.218094	-142.994827
96	-196.059006	-371.432983	-43.088936	-55.166466	0.000000	0.000000	3.750000	327.632935	348.634064
97	339.897552	441.297913	48.490631	53.222717	0.000000	0.000000	3.750000	-560.233215	-704.765198
98	-318.371826	227.274445	-69.668976	43.245647	0.000000	0.000000	3.750000	549.608948	-201.929230
99	-464.135193	572.617676	-66.826218	71.681580	0.000000	0.000000	3.750000	434.875916	-591.673706
100	45.360825	-345.415588	30.279860	-74.044296	0.000000	0.000000	3.750000	-0.810113	122.749886
101	211.167404	160.144577	49.614113	37.181179	0.000000	0.000000	3.750000	-375.399384	-275.123566
102	250.225250	89.301399	85.770142	27.266449	0.000000	0.000000	3.750000	-376.084045	-162.862885
103	308.262421	489.831055	41.897484	70.488235	0.000000	0.000000	3.750000	-370.748474	-875.380676
104	-159.878342	-534.388489	-24.393593	-76.190170	0.000000	0.000000	3.750000	116.118767	414.403839
105	-583.392578	87.038239	-99.265503	12.097930	0.000000	0.000000	3.750000	1153.765869	-130.993652
106	-95.641037	-431.527161	-12.408295	-74.980209	0.000000	0.000000	3.750000	74.224236	784.128967
107	-245.786423	353.353058	-44.507545	64.054581	0.000000	0.000000	3.750000	131.150909	-349.917450
108	-471.572632	-149.314621	-75.355225	-20.139015	0.000000	0.000000	3.750000	884.990173	127.018494
109	264.615479	-51.571648	59.976738	-55.914131	0.000000	0.000000	3.750000	-189.553665	47.359993
110	-413.492096	-253.640747	-64.122604	-40.795715	0.000000	0.000000	3.750000	759.886475	405.671844
111	534.237244	-153.143723	66.999710	-31.417019	0.000000	0.000000	3.750000	-761.771790	234.518906
112	-76.454147	466.745789	-24.330004	80.399323	0.000000	0.000000	3.750000	214.336609	-708.723572
113	-265.349854	126.887581	-67.894783	29.432659	0.000000	0.000000	3.750000	507.467316	-146.065842
114	201.004196	25.398109	47.109676	-64.657463	0.000000	0.000000	3.750000	-230.956818	183.869812
115	81.203751	-329.237183	10.166063	-69.257523	0.000000	0.000000	3.750000	40.182762	429.885193
116	124.708649	-294.515839	34.695175	-80.871468	0.000000	0.000000	3.750000	-108.677589	444.361237
117	480.252869	-226.126190	84.262108	-45.998718	0.000000	0.000000	3.750000	-664.190918	282.501923
118	322.735962	156.979858	71.724625	30.651569	0.000000	0.000000	3.750000	-248.427673	-55.049286
119	-242.138260	-385.452881	-42.065907	-75.009598	0.000000	0.000000	3.750000	269.604248	729.202454
120	87.600037	-157.356369	42.519371	-53.066475	0.000000	0.000000	3.750000	-328.599701	246.303101
121	225.544067	-510.353149	32.768902	-79.512131	0.000000	0.000000	3.750000	-194.885864	805.584778
122	-204.157623	550.199829	-24.623268	84.484673	0.000000	0.000000	3.750000	67.880913	-568.892029
123	627.949829	-205.299805	98.684357	-25.794069	0.000000	0.000000	3.750000	-758.146851	47.338860
124	-166.065872	-93.862915	-75.181061	11.125885	0.000000	0.000000	3.750000	409.526367	-14.324835
125	266.784790	-129.311798	59.554131	-32.822151	0.000000	0.000000	3.750000	-395.489441	157.298096
126	446.471863	296.776550	63.553185	69.260315	0.000000	0.000000	3.750000	-362.596130	-383.952362
127	94.273529	-322.009430	17.574982	-57.368279	0.000000	0.000000	3.750000	-149.098663	614.175598
128	196.054703	403.390320	31.805954	66.816025	0.000000	0.000000	3.750000	-289.319519	-623.262451
129	161.514755	-162.898239	43.126999	-44.542366	0.000000	0.000000	3.750000	-268.614044	147.151535
130	-221.060089	-332.587524	-62.507416	-64.752014	0.000000	0.000000	3.750000	417.998657	412.784576
131	-16.480143	491.289001	-1.229812	91.991776	0.000000	0.000000	3.750000	33.402031	-860.962952
132	-49.007767	-80.250984	-12.865226	-72.873001	0.000000	0.000000	3.750000	67.242264	278.712006
133	-298.275024	-341.333282	-58.781029	-44.953026	0.000000	0.000000	3.750000	544.886047	290.713684
134	567.510986	-29.577976	85.893669	-4.274777	0.000000	0.000000	3.750000	-503.055023	43.970551
135	-3.614178	-35.460503	-68.978516	57.780285	0.000000	0.000000	3.750000	39.229145	-43.770142
136	335.781921	-536.618774	54.331974	-74.242905	0.000000	0.000000	3.750000	-245.561340	469.485229
137	186.402695	-356.706299	38.590958	-85.712860	0.000000	0.000000	3.750000	-181.593170	666.369873
138	-421.912842	69.211288	-71.660065	6.988183	0.000000	0.000000	3.750000	989.301514	-118.339165
139	57.009586	-280.949493	26.235085	-60.560989	0.000000	0.000000	3.750000	-14.855126	176.782150
140	-431.705170	-199.929871	-73.760315	-25.365421	0.000000	0.000000	3.750000	782.718384	165.138107
141	190.028793	336.959198	36.752277	66.522667	0.000000	0.000000	3.750000	-254.560638	-388.275055
142	-453.960632	-313.414001	-88.424675	-46.701935	0.000000	0.000000	3.750000	769.017578	337.684113
143	429.285767	215.806900	58.397713	42.115395	0.000000	0.000000	3.750000	-680.281250	-456.276794
144	-400.493835	92.188583	-81.078865	28.671700	0.000000	0.000000	3.750000	562.726501	-10.184068
145	-376.105682	-128.423920	-67.357498	-9.325540	0.000000	0.000000	3.750000	702.559448	55.124336
146	262.597900	60.848873	58.432976	13.622897	0.000000	0.000000	3.750000	-436.143707	-58.973221
147	-121.781288	-163.212158	-41.012115	-38.131393	0.000000	0.000000	3.750000	276.314209	205.843231
148	527.582886	3.114453	87.999832	0.070751	0.000000	0.000000	3.750000	-474.042084	52.526173
149	75.113136	471.618713	16.942928	74.087326	0.000000	0.000000	3.750000	-90.439156	-654.480774
150	426.313416	445.607971	55.356415	54.951496	0.000000	0.000000	3.750000	-523.620178	-504.893829
151	-103.950790	590.316772	-12.686733	111.279114	0.000000	0.000000	3.750000	139.333542	-909.795898
152	-464.688049	-357.160339	-60.596985	-52.230179	0.000000	0.000000	3.750000	615.473816	376.725006
153	569.231873	-486.731598	70.603256	-65.047531	0.000000	0.000000	3.750000	-647.307434	569.440125
154	261.004028	79.376953	90.719109	31.400114	0.000000	0.000000	3.750000	-380.443268	-204.485184
155	-222.136398	297.790710	-35.465244	71.709000	0.000000	0.000000	3.750000	131.225128	-438.306519
156	505.588043	-718.404907	79.582855	-87.123856	0.000000	0.000000	3.750000	-602.341125	726.334229
157	41.501060	-526.777100	7.225493	-83.688644	0.000000	0.000000	3.750000	-21.936333	960.472412
158	-167.131729	83.374634	-70.803772	-21.513308	0.000000	0.000000	3.750000	383.739594	106.671364
159	360.212952	44.607815	87.431969	9.982246	0.000000	0.000000	3.750000	-570.676392	-27.529984
160	-352.347809	315.131165	-50.001625	46.085098	0.000000	0.000000	3.750000	542.397400	-569.934998
161	457.148285	320.870483	55.591919	48.841904	0.000000	0.000000	3.750000	-1008.266663	-655.098755
162	-68.946236	-228.568649	-5.585926	-69.776505	0.000000	0.000000	3.750000	102.708694	394.143677
163	-221.320755	-150.497894	-67.182129	-25.894279	0.000000	0.000000	3.750000	468.428131	69.296120
164	256.538818	413.484009	58.011147	66.171783	0.000000	0.000000	3.750000	-454.524048	-570.316223
165	-342.037750	255.310669	-46.503647	57.562195	0.000000	0.000000	3.750000	262.519592	-299.503448
166	306.529633	302.572388	68.945396	54.685753	0.000000	0.000000	3.750000	-720.555786	-575.799744
167	102.642075	435.059540	14.952629	80.624390	0.000000	0.000000	3.750000	-26.515110	-160.023560
168	383.603577	136.101471	73.506813	8.529266	0.000000	0.000000	3.750000	-623.898987	-70.846062
169	412.201233	71.254211	97.937210	3.493769	0.000000	0.000000	3.750000	-713.144348	-192.516418
170	-525.326111	-200.966278	-75.707504	-36.391705	0.000000	0.000000	3.750000	714.740723	222.981415
171	-259.261292	-505.957611	-34.388336	-67.774841	0.000000	0.000000	3.750000	260.843445	818.407043
172	54.322422	311.317474	-30.499458	63.005917	0.000000	0.000000	3.750000	169.478729	-705.283081
173	-475.104767	201.983826	-69.884422	29.869167	0.000000	0.000000	3.750000	831.660156	-299.743378
174	-260.525665	350.175201	-49.225674	63.062134	0.000000	0.000000	3.750000	433.177887	-554.515625
175	-290.183838	-128.669174	-60.898109	-45.468880	0.000000	0.000000	3.750000	463.229279	313.075684
176	322.715332	-261.281189	52.245483	-63.201340	0.000000	0.000000	3.750000	-428.513550	502.016022
177	-254.573273	-258.060120	-41.351307	-43.474930	0.000000	0.000000	3.750000	436.958252	455.462799
178	51.269867	46.376617	47.664345	-66.611725	0.000000	0.000000	3.750000	-73.469414	-22.752216
179	196.199249	-223.785309	52.414085	-85.163040	0.000000	0.000000	3.750000	-223.912720	303.034210
180	-130.089340	407.376282	-33.974827	72.427277	0.000000	0.000000	3.750000	289.080627	-701.747620
181	-459.790375	-455.467468	-68.514481	-61.398300	0.000000	0.000000	3.750000	668.854980	444.586731
182	139.054550	140.232468	50.278450	51.537132	0.000000	0.000000	3.750000	-245.836441	-241.019318
183	590.450928	-6.001463	87.999992	-0.024663	0.000000	0.000000	3.750000	-670.836792	-6.673796
184	-493.666260	532.064148	-60.901512	79.315826	0.000000	0.000000	3.750000	548.920349	-839.179688
185	-497.834930	-167.780975	-71.337311	-31.543144	0.000000	0.000000	3.750000	947.195679	232.964111
186	-374.126404	-175.745636	-54.044376	-44.488186	0.000000	0.000000	3.750000	513.396240	335.692688
187	-225.534317	62.314117	-93.388184	29.707518	0.000000	0.000000	3.750000	531.577209	-62.223560
188	-489.634338	-305.084869	-86.351234	-37.140335	0.000000	0.000000	3.750000	982.463745	169.953339
189	-225.463257	-373.204041	-58.686867	-54.367744	0.000000	0.000000	3.750000	352.342743	327.424347
190	-315.206329	-7.353446	-75.915527	3.581900	0.000000	0.000000	3.750000	667.198364	-62.485535
191	-1.760337	401.315979	19.253426	71.451416	0.000000	0.000000	3.750000	-93.306396	-387.579071
192	233.778137	337.056915	42.262424	58.291378	0.000000	0.000000	3.750000	-301.286591	-487.944611
193	-459.328918	-240.792969	-67.224960	-39.557365	0.000000	0.000000	3.750000	719.692017	275.728851
194	-231.274658	285.338226	-63.168285	64.107468	0.000000	0.000000	3.750000	307.357605	-299.644806
195	158.649963	188.539307	37.463081	72.941833	0.000000	0.000000	3.750000	-96.908951	-216.530548
196	30.761141	140.810410	44.059776	66.773766	0.000000	0.000000	3.750000	-283.413605	-435.323914
197	358.766815	-298.065979	62.752106	-67.276611	0.000000	0.000000	3.750000	-598.025024	480.182953
198	-265.047852	264.009155	-51.535812	55.857430	0.000000	0.000000	3.750000	326.912537	-298.207520
199	295.143982	-19.195850	77.720398	-6.596037	0.000000	0.000000	3.750000	-437.789124	-38.573811
200	249.961853	305.175873	32.622284	61.933704	0.000000	0.000000	3.750000	-301.815094	-496.472260
201	292.446106	239.611984	38.995747	50.747688	0.000000	0.000000	3.750000	-321.185577	-523.664917
202	-454.611450	-511.759766	-64.754730	-59.588707	0.000000	0.000000	3.750000	717.309814	491.942719
203	22.164059	-592.426758	-19.508335	-96.038620	0.000000	0.000000	3.750000	108.342575	830.135132
204	-196.059723	265.336548	-45.672508	58.223892	0.000000	0.000000	3.750000	245.680954	-333.587769
205	-129.469055	77.124023	-63.826492	-4.707159	0.000000	0.000000	3.750000	279.477112	62.892151
206	-252.525558	431.959106	-38.516956	58.450356	0.000000	0.000000	3.750000	276.417969	-476.547638
207	-148.632050	530.076050	-28.146458	85.485535	0.000000	0.000000	3.750000	245.319412	-689.443909
208	372.701111	-33.990242	89.915817	-19.429279	0.000000	0.000000	3.750000	-69.048843	-2.742014
209	-309.021484	-405.406677	-45.185780	-61.108475	0.000000	0.000000	3.750000	441.645782	605.943787
210	-432.008209	254.146942	-67.514137	46.538437	0.000000	0.000000	3.750000	483.197754	-244.700485
211	136.288818	282.868286	62.568451	70.151100	0.000000	0.000000	3.750000	-448.886627	-427.778015
212	-105.995224	-134.927643	-94.022995	-48.945534	0.000000	0.000000	3.750000	419.875031	185.997696
213	431.862579	197.470490	61.244598	24.598747	0.000000	0.000000	3.750000	-899.472961	-309.804840
214	-433.769409	310.606018	-78.015434	48.760544	0.000000	0.000000	3.750000	369.165344	-210.903656
215	-366.567291	296.612244	-51.522385	47.386063	0.000000	0.000000	3.750000	483.209564	-528.863220
216	-157.641174	429.797791	-7.770506	75.601715	0.000000	0.000000	3.750000	81.400787	-833.091064
217	146.922485	-14.589901	85.996658	-18.669800	0.000000	0.000000	3.750000	-470.618805	71.227844
218	520.508606	-467.862305	67.690094	-62.306107	0.000000	0.000000	3.750000	-447.064178	384.348297
219	-38.982655	-229.567368	15.951939	-90.606339	0.000000	0.000000	3.750000	-175.809875	592.418884
220	311.887939	310.690430	38.724213	60.699547	0.000000	0.000000	3.750000	-346.928833	-588.520752
221	257.534607	478.338745	46.970856	64.759079	0.000000	0.000000	3.750000	-431.560547	-646.292419
222	433.322754	-335.534363	64.723885	-62.536507	0.000000	0.000000	3.750000	-581.899109	646.228821
223	321.095856	55.343857	63.420418	18.271500	0.000000	0.000000	3.750000	-644.373657	-137.838120
224	138.366516	-579.400269	25.207630	-92.631386	0.000000	0.000000	3.750000	-133.390076	501.896393
225	192.577209	372.013855	44.560547	56.553993	0.000000	0.000000	3.750000	-544.413330	-794.096191
226	480.847046	-186.008911	91.874466	-27.839310	0.000000	0.000000	3.750000	-590.247925	65.702965
227	-42.089832	-254.707504	-7.073050	-77.678482	0.000000	0.000000	3.750000	121.839798	503.384674
228	383.035339	29.572540	76.922913	-12.917580	0.000000	0.000000	3.750000	-604.287354	75.322517
229	370.937256	-358.442383	44.441628	-51.467854	0.000000	0.000000	3.750000	-511.532867	695.310059
230	-493.964600	-531.192627	-64.761749	-76.196533	0.000000	0.000000	3.750000	633.442688	664.177063
231	438.575073	106.203758	76.287392	24.087780	0.000000	0.000000	3.750000	-483.979645	-202.354401
232	-497.658997	-54.694031	-75.873383	-4.385092	0.000000	0.000000	3.750000	837.294983	77.908630
233	-347.518158	478.345734	-51.268646	58.783691	0.000000	0.000000	3.750000	508.982788	-722.157715
234	5.217016	223.998672	27.117310	87.912643	0.000000	0.000000	3.750000	-45.819672	-160.273346
235	-184.602295	-194.436935	-38.816422	-50.884926	0.000000	0.000000	3.750000	223.828384	397.590668
236	-79.014542	-467.633545	-5.100298	-87.852036	0.000000	0.000000	3.750000	83.355721	640.516724
237	-300.082245	-284.925598	-74.944931	-49.831966	0.000000	0.000000	3.750000	562.374390	263.339020
238	-101.467941	-394.718536	-27.738905	-64.269348	0.000000	0.000000	3.750000	205.812683	630.760010
239	398.579010	298.807709	45.594917	47.719002	0.000000	0.000000	3.750000	-509.494385	-572.049255
240	-521.802551	195.964310	-99.184402	37.394550	0.000000	0.000000	3.750000	669.070374	-102.096405
241	108.618111	-585.207886	31.554371	-80.001823	0.000000	0.000000	3.750000	-154.828140	840.489441
242	-592.325439	-430.088074	-79.073929	-54.436195	0.000000	0.000000	3.750000	817.293396	430.475006
243	-246.801697	272.335663	-35.520950	50.815887	0.000000	0.000000	3.750000	332.910919	-647.896973
244	126.679901	-516.802795	25.786428	-79.943993	0.000000	0.000000	3.750000	-119.214912	624.427063
245	434.016846	296.640900	68.157516	45.591080	0.000000	0.000000	3.750000	-693.971680	-373.371674
246	-321.525391	247.958862	-62.205750	50.303452	0.000000	0.000000	3.750000	242.056992	-234.191422
247	-154.549469	-372.959534	-41.414051	-70.773285	0.000000	0.000000	3.750000	206.313660	481.130371
248	-370.566589	-137.930908	-85.870728	-19.240686	0.000000	0.000000	3.750000	650.770142	82.435577
249	-138.134415	82.858185	-53.569016	45.058624	0.000000	0.000000	3.750000	179.843460	-251.573517
250	-543.962280	33.390663	-76.973557	12.612289	0.000000	0.000000	3.750000	814.392761	-182.192108
251	557.211548	50.813667	85.991341	1.210442	0.000000	0.000000	3.750000	-730.861084	-111.942261
252	220.349152	-360.350403	55.887096	-73.079620	0.000000	0.000000	3.750000	-504.277313	610.545654
253	369.697388	-479.433899	50.185318	-69.838577	0.000000	0.000000	3.750000	-395.475220	694.156555
254	-114.459518	229.659454	-45.821014	58.106941	0.000000	0.000000	3.750000	247.386169	-418.143616
255	-486.592377	-61.288853	-77.989273	-1.293090	0.000000	0.000000	3.750000	880.186768	45.100117
256	-195.806122	109.452576	-49.437149	70.369583	0.000000	0.000000	3.750000	140.239960	-324.264618
257	29.056948	-139.832275	5.294339	-75.815353	0.000000	0.000000	3.750000	-12.810904	151.568710
258	421.674133	324.690918	67.114555	47.113003	0.000000	0.000000	3.750000	-627.255981	-395.938599
259	-310.157166	68.336273	-79.491516	-9.004288	0.000000	0.000000	3.750000	620.095581	-9.130387
260	493.605225	-485.343628	69.956909	-62.785568	0.000000	0.000000	3.750000	-624.907959	492.744049
261	-235.699875	-436.767090	-53.997734	-66.934570	0.000000	0.000000	3.750000	425.913757	439.288696
262	378.020508	169.105225	83.382523	21.055908	0.000000	0.000000	3.750000	-915.797668	-181.072144
263	-60.084030	-481.199524	-11.826488	-71.022034	0.000000	0.000000	3.750000	55.958054	777.247925
264	-590.870483	219.320724	-81.339478	27.926208	0.000000	0.000000	3.750000	917.823181	-175.057983
265	151.549347	-420.872986	30.690197	-65.131424	0.000000	0.000000	3.750000	-219.076691	730.236267
266	-322.492493	319.077637	-69.201721	54.360596	0.000000	0.000000	3.750000	351.876068	-202.648453
267	87.695656	644.620361	8.549612	93.610382	0.000000	0.000000	3.750000	-68.869087	-949.889526
268	389.310120	-219.631165	68.122543	-23.309162	0.000000	0.000000	3.750000	-594.016785	171.124985
269	-414.363647	-267.077087	-59.592598	-36.724731	0.000000	0.000000	3.750000	623.444946	231.144577
270	-319.841217	-386.877014	-45.158596	-53.485519	0.000000	0.000000	3.750000	967.908691	1150.669800
271	379.905121	-48.308178	81.030464	-12.572150	0.000000	0.000000	3.750000	-355.164093	37.363529
272	292.956848	-207.658142	47.917191	-61.546261	0.000000	0.000000	3.750000	-352.335297	474.859070
273	405.124939	123.806145	69.879715	17.344219	0.000000	0.000000	3.750000	-624.014587	-195.368607
274	491.995087	-481.213135	72.405884	-63.034744	0.000000	0.000000	3.750000	-597.583557	422.757355
275	-497.728210	347.104980	-63.794167	54.647087	0.000000	0.000000	3.750000	661.631897	-579.511536
276	-500.935669	-387.856323	-91.649544	-71.107880	0.000000	0.000000	3.750000	572.077820	349.845825
277	-410.414551	-440.784546	-58.971889	-56.976452	0.000000	0.000000	3.750000	394.797577	349.493958
278	465.612885	-51.852428	81.460442	-9.391183	0.000000	0.000000	3.750000	-652.764954	38.665489
279	-364.733276	357.256744	-52.687042	46.087662	0.000000	0.000000	3.750000	492.173309	-499.493896
280	-504.711853	324.576355	-76.422531	58.099861	0.000000	0.000000	3.750000	184.077637	-139.730438
281	402.258789	-195.320892	74.562790	-22.899544	0.000000	0.000000	3.750000	-717.025330	182.941711
282	-116.795135	-145.771851	-25.312723	-67.400558	0.000000	0.000000	3.750000	-0.502061	72.733398
283	-108.963440	-247.654205	-68.007034	-49.304619	0.000000	0.000000	3.750000	445.978210	186.605270
284	488.359314	-175.884018	82.191635	-31.440979	0.000000	0.000000	3.750000	-585.544067	228.177490
285	25.268909	561.500244	18.450474	81.948563	0.000000	0.000000	3.750000	-71.013008	-702.250610
286	-77.191940	-126.174942	-25.516811	-56.505684	0.000000	0.000000	3.750000	158.169449	367.352325
287	-118.062195	-387.510132	-21.749500	-76.986679	0.000000	0.000000	3.750000	116.435883	675.668518
288	-22.982414	-425.292969	3.339506	-103.945984	0.000000	0.000000	3.750000	67.755585	499.001038
289	142.049133	8.635435	101.251038	-12.336439	0.000000	0.000000	3.750000	-406.309174	5.672123
290	-66.504730	425.556488	-43.384914	76.562042	0.000000	0.000000	3.750000	302.665833	-507.501801
291	-183.466949	-30.654406	-75.187790	32.722977	0.000000	0.000000	3.750000	348.949066	-166.030518
292	-337.688538	-127.972046	-67.953339	-16.802635	0.000000	0.000000	3.750000	796.767578	63.045525
293	79.247826	447.980042	19.687302	71.333061	0.000000	0.000000	3.750000	-127.161278	-676.391357
294	355.427032	211.520508	58.322628	30.894508	0.000000	0.000000	3.750000	-571.491455	-295.976715
295	381.332245	530.663635	51.422508	78.687500	0.000000	0.000000	3.750000	-479.109467	-824.461487
296	-82.217735	341.332977	-12.839554	95.137146	0.000000	0.000000	3.750000	-14.181540	-639.179810
297	-99.838661	661.512695	-30.940186	90.877396	0.000000	0.000000	3.750000	333.006409	-861.759705
298	-431.191010	199.356171	-66.572556	40.645767	0.000000	0.000000	3.750000	779.395813	-354.020660
299	-175.248245	-461.483521	-23.534809	-72.264191	0.000000	0.000000	3.750000	141.563004	513.871277
300	-352.251343	427.104004	-52.004379	52.645462	0.000000	0.000000	3.750000	619.314392	-617.499695
301	564.623230	54.654041	81.873764	-4.541163	0.000000	0.000000	3.750000	-271.758972	59.297203
302	-189.278748	-225.370636	-62.762833	-39.202148	0.000000	0.000000	3.750000	552.809875	243.963028
303	165.646255	317.769104	33.239380	72.767738	0.000000	0.000000	3.750000	-205.602875	-440.476501
304	49.982826	-54.344135	29.203476	-59.186707	0.000000	0.000000	3.750000	-23.135616	42.525932
305	-238.212433	516.282227	-47.624424	71.609367	0.000000	0.000000	3.750000	370.951111	-759.453125
306	-334.498779	172.432404	-70.883530	12.630316	0.000000	0.000000	3.750000	607.089233	-78.079155
307	-6.287607	-394.968811	-3.038364	-77.940689	0.000000	0.000000	3.750000	101.596283	587.849304
308	371.573242	-245.291077	44.172409	-37.587105	0.000000	0.000000	3.750000	-797.730774	437.130737
309	-342.284149	306.455322	-64.589081	50.519802	0.000000	0.000000	3.750000	608.912476	-458.214813
310	450.091553	467.591003	52.802765	75.338341	0.000000	0.000000	3.750000	-442.229553	-713.214905
311	389.955536	-403.957214	76.460480	-64.449493	0.000000	0.000000	3.750000	-426.668793	242.317657
312	348.715698	-480.182373	35.842419	-93.355812	0.000000	0.000000	3.750000	-210.899094	732.904602
313	-186.067978	243.349564	-44.416504	51.489464	0.000000	0.000000	3.750000	280.431152	-400.513947
314	321.922058	-44.978310	76.865662	13.252481	0.000000	0.000000	3.750000	-138.836258	-46.339211
315	403.273956	496.860229	60.752991	69.087448	0.000000	0.000000	3.750000	-561.466736	-640.918701
316	71.502502	363.333252	-2.751338	89.957886	0.000000	0.000000	3.750000	79.047897	-727.821167
317	-92.381195	411.067749	-47.854755	80.906860	0.000000	0.000000	3.750000	244.212860	-445.138672
318	-345.828766	399.856079	-43.992844	54.448364	0.000000	0.000000	3.750000	399.521271	-641.173462
319	-62.761543	249.042068	-12.844845	93.118210	0.000000	0.000000	3.750000	49.049477	-486.417023
320	-242.243546	221.627335	-52.223885	52.427715	0.000000	0.000000	3.750000	575.022888	-564.344482
321	101.730087	-22.661594	45.262741	-29.449572	0.000000	0.000000	3.750000	-195.242508	91.999634
322	-164.457550	-328.187256	-32.253311	-52.950165	0.000000	0.000000	3.750000	752.728333	1658.263672
323	310.888733	-328.427765	34.141472	-98.236237	0.000000	0.000000	3.750000	-73.658104	332.485321
324	-348.313507	314.893921	-68.553490	48.542969	0.000000	0.000000	3.750000	476.095520	-322.956207
325	-433.927979	-553.010620	-60.719048	-63.696125	0.000000	0.000000	3.750000	533.437073	517.742065
326	125.925552	238.171722	24.962994	65.397583	0.000000	0.000000	3.750000	-172.649246	-388.340637
327	-353.751373	-194.045990	-58.766182	-60.020874	0.000000	0.000000	3.750000	236.690109	308.815399
328	528.102234	-86.698784	93.904938	-4.223504	0.000000	0.000000	3.750000	-324.284973	-3.206469
329	-395.499878	267.503662	-62.399189	39.778580	0.000000	0.000000	3.750000	511.948853	-255.219986
330	-498.446320	455.794739	-62.977173	58.565140	0.000000	0.000000	3.750000	711.849976	-653.800232
331	169.787445	48.029716	64.975983	11.574575	0.000000	0.000000	3.750000	-196.044067	-120.385803
332	217.070969	-630.456726	39.878223	-91.704277	0.000000	0.000000	3.750000	-244.777771	1160.828491
333	-198.527756	389.238586	-48.124310	63.906548	0.000000	0.000000	3.750000	579.127808	-921.357178
334	501.927673	171.477936	67.208069	30.968895	0.000000	0.000000	3.750000	-770.131592	-289.212891
335	-106.957130	-83.813828	7.455983	-69.601494	0.000000	0.000000	3.750000	5.120741	226.189590
336	-223.413818	-408.348114	-20.630184	-89.657028	0.000000	0.000000	3.750000	84.805153	674.245117
337	330.723938	116.873688	72.180389	57.043762	0.000000	0.000000	3.750000	-401.903351	-304.749908
338	-266.897095	-228.724899	-57.164970	-40.399990	0.000000	0.000000	3.750000	472.061218	262.240509
339	607.152832	-25.130192	107.469437	-10.692093	0.000000	0.000000	3.750000	-800.528137	73.296959
340	-368.813049	359.473022	-53.743774	47.912468	0.000000	0.000000	3.750000	614.763062	-456.183563
341	-74.838821	107.518539	-15.635241	66.177422	0.000000	0.000000	3.750000	-3.814698	-293.354340
342	216.960938	280.042816	47.047062	46.287270	0.000000	0.000000	3.750000	-61.220772	-51.383553
343	381.800354	208.423004	60.429298	26.538654	0.000000	0.000000	3.750000	-628.548157	-275.895721
344	-316.800537	519.322998	-42.202332	72.628876	0.000000	0.000000	3.750000	354.250732	-851.903687
345	-56.395531	-276.332458	-17.513771	-71.897621	0.000000	0.000000	3.750000	105.723015	460.491669
346	485.194031	-467.272919	64.813210	-62.443951	0.000000	0.000000	3.750000	-637.332458	654.493164
347	384.300171	139.860443	75.943069	40.356091	0.000000	0.000000	3.750000	-437.314056	-332.840271
348	-491.520538	-552.135376	-63.024673	-75.045906	0.000000	0.000000	3.750000	462.102997	619.332092
349	53.286022	-701.099060	-7.563588	-101.719177	0.000000	0.000000	3.750000	106.728233	1209.843872
350	306.498322	538.195557	40.747131	80.247543	0.000000	0.000000	3.750000	-244.375671	-559.764343
351	-190.481018	-515.643555	-31.085506	-95.045639	0.000000	0.000000	3.750000	143.073471	667.362122
352	-445.364410	-584.457031	-78.678123	-82.496964	0.000000	0.000000	3.750000	690.353394	660.872559
353	459.986389	-23.683327	83.010254	-29.211220	0.000000	0.000000	3.750000	-579.648682	183.012802
354	-154.713715	321.143005	-22.985678	84.944763	0.000000	0.000000	3.750000	74.406898	-607.389160
355	395.601471	-39.328773	71.468033	-8.735706	0.000000	0.000000	3.750000	-561.660461	6.011283
356	243.794540	-285.256226	63.564964	-74.588486	0.000000	0.000000	3.750000	-246.859344	218.295074
357	-432.564087	-13.035158	-85.506454	-20.799810	0.000000	0.000000	3.750000	814.034546	101.050896
358	-455.851715	-438.306030	-54.577873	-58.491478	0.000000	0.000000	3.750000	457.939728	554.097290
359	-368.650146	-239.174286	-58.294525	-35.010685	0.000000	0.000000	3.750000	378.461060	217.838654
360	-467.641602	-60.809883	-77.955109	2.645326	0.000000	0.000000	3.750000	870.467834	18.448097
361	-58.576881	488.908752	-1.479564	81.986649	0.000000	0.000000	3.750000	-15.554777	-960.178711
362	27.513666	-442.366852	34.557716	-78.750748	0.000000	0.000000	3.750000	-47.745449	115.281876
363	27.119051	213.947311	29.084837	80.932510	0.000000	0.000000	3.750000	-142.902252	-385.189941
364	-179.009018	-513.211914	-33.724789	-72.543724	0.000000	0.000000	3.750000	111.540535	543.280029
365	240.148834	-465.999878	40.478851	-64.323074	0.000000	0.000000	3.750000	-415.815308	820.341431
366	-456.117310	-366.590210	-69.508453	-47.165340	0.000000	0.000000	3.750000	897.692261	487.148529
367	-268.418732	-254.372620	-39.952354	-44.763905	0.000000	0.000000	3.750000	423.485107	389.444519
368	-218.671738	-569.590210	-37.289848	-84.103485	0.000000	0.000000	3.750000	133.100342	950.884888
369	83.926399	353.645935	16.150974	82.432617	0.000000	0.000000	3.750000	-95.820663	-385.961945
370	245.021606	-0.463243	74.201729	-29.901426	0.000000	0.000000	3.750000	-530.749146	166.235764
371	-249.329041	-65.285469	-69.159782	-10.812170	0.000000	0.000000	3.750000	505.733276	-2.371282
372	154.694458	-129.674423	57.677773	-63.790836	0.000000	0.000000	3.750000	-293.334503	305.504181
373	345.645203	294.602112	64.032623	40.936668	0.000000	0.000000	3.750000	-555.343994	-269.062958
374	-234.886383	531.242615	-36.947289	77.658829	0.000000	0.000000	3.750000	281.605530	-693.582886
375	567.372681	-130.528381	75.308769	-32.442703	0.000000	0.000000	3.750000	-374.314270	69.956741
376	-101.859505	19.874180	-77.196060	-53.624428	0.000000	0.000000	3.750000	49.272797	112.609200
377	-347.495148	-567.205383	-47.193924	-76.633736	0.000000	0.000000	3.750000	360.814117	667.943604
378	168.874802	174.516815	34.067993	44.445145	0.000000	0.000000	3.750000	-310.730408	-460.187775
379	283.836334	-532.585022	40.883778	-77.926224	0.000000	0.000000	3.750000	-305.644897	919.025757
380	338.780334	24.702087	65.338028	9.324198	0.000000	0.000000	3.750000	-541.166016	-45.976681
381	-294.840637	359.139740	-52.358860	43.388298	0.000000	0.000000	3.750000	507.117706	-329.453644
382	323.320984	-181.961639	56.105160	-59.801376	0.000000	0.000000	3.750000	-731.317261	644.835938
383	-491.891418	-405.230835	-62.909294	-64.361633	0.000000	0.000000	3.750000	614.411499	565.525696
384	-136.746231	49.755123	-57.170639	23.989834	0.000000	0.000000	3.750000	407.587097	-129.761581
385	299.663208	-537.322937	50.881767	-81.406654	0.000000	0.000000	3.750000	-396.886353	681.207520
386	427.607788	394.482452	54.896828	52.557945	0.000000	0.000000	3.750000	-751.540894	-645.688965
387	63.869595	155.917877	17.387812	80.135246	0.000000	0.000000	3.750000	-82.676857	-302.266144
388	-324.463898	-25.462797	-78.816589	-34.407410	0.000000	0.000000	3.750000	197.248611	91.322784
389	-112.396545	52.360786	-88.314957	25.776262	0.000000	0.000000	3.750000	127.674416	-12.691406
390	-312.205566	-167.550049	-66.322701	-51.548885	0.000000	0.000000	3.750000	338.935974	218.955658
391	180.493805	212.342468	47.875771	39.394295	0.000000	0.000000	3.750000	-450.479553	-394.766144
392	299.049164	-409.176025	42.311543	-58.255745	0.000000	0.000000	3.750000	-431.824158	648.240784
393	415.410309	17.742859	76.959229	12.699002	0.000000	0.000000	3.750000	-183.204407	-17.113846
394	266.932312	115.181366	76.137100	16.944069	0.000000	0.000000	3.750000	-595.068909	-12.397541
395	224.278961	92.475800	27.665966	77.191925	0.000000	0.000000	3.750000	-91.394043	-236.994492
396	-280.450287	93.020554	-62.976067	19.748486	0.000000	0.000000	3.750000	753.451355	-109.448845
397	123.148483	462.240692	13.727468	80.841370	0.000000	0.000000	3.750000	-14.216294	-162.820312
398	440.743866	220.448975	82.825058	23.151867	0.000000	0.000000	3.750000	-648.732056	-202.639496
399	350.595825	-326.459595	59.442070	-50.503174	0.000000	0.000000	3.750000	-409.301025	182.298294
400	-377.223694	90.069450	-63.246925	29.996704	0.000000	0.000000	3.750000	391.555054	-115.871017
401	-281.222046	-327.390808	-46.850891	-64.845604	0.000000	0.000000	3.750000	162.734390	367.699860
402	72.933311	297.603638	22.880669	68.264542	0.000000	0.000000	3.750000	-25.614094	-89.715248
403	212.746552	358.142395	49.233604	52.536201	0.000000	0.000000	3.750000	-511.316315	-535.340820
404	-376.685852	-295.343567	-57.749214	-52.431145	0.000000	0.000000	3.750000	545.586121	419.330322
405	-307.833679	136.288635	-93.844551	-5.392972	0.000000	0.000000	3.750000	293.221771	73.737289
406	-58.301945	-447.632141	18.959763	-92.067787	0.000000	0.000000	3.750000	-19.869446	574.776245
407	-351.607483	-148.943665	-88.681534	-41.708191	0.000000	0.000000	3.750000	470.482758	189.752502
408	-247.533752	-344.524506	-37.737274	-63.653938	0.000000	0.000000	3.750000	85.197128	232.494461
409	505.829712	-438.998718	66.868629	-60.237740	0.000000	0.000000	3.750000	-768.897583	625.895203
410	66.684715	84.118301	73.851593	4.670473	0.000000	0.000000	3.750000	-287.295319	-93.484390
411	286.509277	391.085327	53.738628	53.741531	0.000000	0.000000	3.750000	-540.970032	-448.426300
412	-411.076233	-181.359009	-70.813660	-27.593750	0.000000	0.000000	3.750000	657.518311	166.141953
413	161.187500	663.327637	27.829433	91.877724	0.000000	0.000000	3.750000	-198.197769	-882.569763
414	469.502380	92.144943	71.724152	6.295103	0.000000	0.000000	3.750000	-664.402710	-179.194733
415	-316.211548	-416.728241	-57.771053	-60.979504	0.000000	0.000000	3.750000	528.817749	473.268707
416	-360.595398	-105.943237	-79.198730	-21.249943	0.000000	0.000000	3.750000	657.381775	156.581375
417	-270.430786	458.468475	-57.581844	84.192078	0.000000	0.000000	3.750000	332.403900	-611.427673
418	-287.303467	-373.089417	-48.116512	-61.390533	0.000000	0.000000	3.750000	471.447021	702.551086
419	92.479584	-182.864960	55.380531	-54.926933	0.000000	0.000000	3.750000	-173.464661	118.450142
420	-156.906296	418.415771	-21.392281	60.318897	0.000000	0.000000	3.750000	224.035492	-765.685364
421	351.859833	431.769623	62.160088	65.085503	0.000000	0.000000	3.750000	-569.095154	-579.515747
422	-188.025146	-408.077881	-48.162380	-58.791000	0.000000	0.000000	3.750000	233.415161	299.066986
423	-272.537445	21.906408	-89.812424	-19.942780	0.000000	0.000000	3.750000	718.856934	95.622818
424	-334.259003	-349.707428	-60.809753	-60.812485	0.000000	0.000000	3.750000	478.017029	377.459167
425	-67.698112	435.060577	9.702216	73.361053	0.000000	0.000000	3.750000	20.836788	-619.347961
426	213.558212	-139.914703	64.097290	-44.445286	0.000000	0.000000	3.750000	-435.632538	94.222710
427	303.469666	454.651703	40.394363	82.657700	0.000000	0.000000	3.750000	-302.968719	-638.232544
428	209.920471	-207.038467	61.109222	-54.677155	0.000000	0.000000	3.750000	-465.048492	227.964035
429	358.754822	212.328964	86.058456	37.814590	0.000000	0.000000	3.750000	-761.333984	-348.533173
430	516.111206	-541.442261	58.535885	-78.597336	0.000000	0.000000	3.750000	-463.993134	764.433960
431	275.784821	-393.717072	39.820122	-59.986279	0.000000	0.000000	3.750000	-352.748749	669.797607
432	-50.294403	-408.492645	-11.658373	-66.993095	0.000000	0.000000	3.750000	38.599701	652.898926
433	392.336609	212.802551	80.047958	31.437593	0.000000	0.000000	3.750000	-595.697144	-256.069458
434	-432.760712	-143.874649	-91.197189	-12.125683	0.000000	0.000000	3.750000	661.112610	-7.067359
435	-494.238892	214.058411	-75.675133	7.019391	0.000000	0.000000	3.750000	629.548767	-28.644951
436	-29.033043	380.092316	-8.128792	75.564011	0.000000	0.000000	3.750000	146.634888	-844.112305
437	-38.082497	83.028481	-29.269348	67.965179	0.000000	0.000000	3.750000	81.237106	-328.675629
438	-551.070557	237.907104	-81.231239	33.844986	0.000000	0.000000	3.750000	749.172852	-254.937683
439	-489.399323	-273.387695	-68.802773	-48.188835	0.000000	0.000000	3.750000	672.942200	342.833099
440	445.479126	71.339439	65.565460	24.518761	0.000000	0.000000	3.750000	-725.837952	-240.562180
441	-338.846741	197.231079	-63.790764	23.552570	0.000000	0.000000	3.750000	685.714722	-126.229660
442	496.113831	261.160095	70.011887	38.708313	0.000000	0.000000	3.750000	-809.405640	-373.461578
443	7.508226	160.233429	-0.205657	57.999634	0.000000	0.000000	3.750000	3.062786	-431.931274
444	-543.474548	-224.825775	-80.497742	-30.266846	0.000000	0.000000	3.750000	892.472778	163.284119
445	-178.949326	547.301819	-25.319996	77.992920	0.000000	0.000000	3.750000	148.621094	-620.179993
446	-132.588181	-397.437897	-25.330717	-65.255936	0.000000	0.000000	3.750000	120.132660	574.970947
447	-525.775208	207.783585	-66.848328	40.190769	0.000000	0.000000	3.750000	773.701843	-399.848114
448	-291.203888	455.887878	-47.570099	66.791344	0.000000	0.000000	3.750000	200.343506	-296.136932
449	-147.208481	28.122211	-71.572754	-25.560371	0.000000	0.000000	3.750000	60.096977	21.438131
450	-407.028259	-74.130753	-103.572495	-37.050308	0.000000	0.000000	3.750000	445.672028	132.282333
451	-487.393860	272.578857	-69.643356	39.367279	0.000000	0.000000	3.750000	623.658752	-220.659882
452	-134.323242	-89.487289	-65.911057	-16.724350	0.000000	0.000000	3.750000	403.291962	32.634270
453	-134.482162	-288.203796	-26.938019	-71.065735	0.000000	0.000000	3.750000	157.498962	490.369537
454	-188.762253	141.939026	-49.716301	5.318741	0.000000	0.000000	3.750000	393.598419	-41.056438
455	55.167927	-418.807495	7.394181	-79.657486	0.000000	0.000000	3.750000	14.202147	781.228455
456	-322.488190	213.201141	-67.037521	31.335175	0.000000	0.000000	3.750000	422.582184	-54.456726
457	110.875679	-357.090179	48.543694	-66.087029	0.000000	0.000000	3.750000	-246.488800	425.466583
458	-186.548080	-376.517212	-26.365944	-92.308327	0.000000	0.000000	3.750000	124.562454	612.414917
459	395.663086	14.068995	91.865234	4.977870	0.000000	0.000000	3.750000	-703.662964	-55.232944
460	131.025757	-137.042877	15.035092	-53.943748	0.000000	0.000000	3.750000	-28.090673	266.737579
461	1.689449	359.918396	-2.645540	69.949982	0.000000	0.000000	3.750000	64.513206	-698.761719
462	-94.242401	49.417995	-71.970444	-2.056474	0.000000	0.000000	3.750000	269.190369	50.444378
463	358.701233	176.776306	90.614998	54.999287	0.000000	0.000000	3.750000	-451.226410	-262.745178
464	-147.991455	-394.856232	-34.686516	-78.694641	0.000000	0.000000	3.750000	288.499847	660.679077
465	-426.778778	148.749893	-60.983093	25.240078	0.000000	0.000000	3.750000	616.462463	-200.664185
466	111.170380	-570.293823	23.019547	-97.314438	0.000000	0.000000	3.750000	-182.099915	800.525269
467	-122.755753	369.862366	-11.576674	69.036079	0.000000	0.000000	3.750000	140.616318	-786.511047
468	75.466423	465.611267	18.514626	81.934135	0.000000	0.000000	3.750000	-125.358070	-834.245422
469	-295.147034	325.549042	-67.614731	56.322632	0.000000	0.000000	3.750000	537.531677	-525.272461
470	32.902264	310.160278	-25.402962	65.227066	0.000000	0.000000	3.750000	9.041833	-350.322052
471	414.260315	92.371948	82.388779	24.659470	0.000000	0.000000	3.750000	-570.868835	-155.848312
472	-226.210037	97.050453	-92.124222	38.885925	0.000000	0.000000	3.750000	81.494652	-78.968597
473	152.076248	275.146667	37.777786	41.338104	0.000000	0.000000	3.750000	-494.291534	-498.233612
474	361.847473	228.239594	72.861313	49.347664	0.000000	0.000000	3.750000	-357.812836	-319.097870
475	-223.573059	-6.785976	-58.321281	-57.642220	0.000000	0.000000	3.750000	290.700623	317.690674
476	543.318970	432.988586	76.225502	58.358131	0.000000	0.000000	3.750000	-697.748840	-487.695129
477	-432.346680	-255.338852	-80.603874	-68.840469	0.000000	0.000000	3.750000	453.300598	343.641846
478	-178.979858	-566.630371	-29.452044	-80.799553	0.000000	0.000000	3.750000	233.663803	966.793640
479	468.358978	178.640854	76.905090	28.453165	0.000000	0.000000	3.750000	-531.862488	-118.090393
480	-399.695160	-461.706543	-50.163094	-64.866501	0.000000	0.000000	3.750000	433.410858	618.981628
481	-245.839890	294.310791	-45.766602	65.615494	0.000000	0.000000	3.750000	326.171753	-672.636597
482	-436.099884	279.221130	-64.094177	54.294861	0.000000	0.000000	3.750000	591.366455	-572.804504
483	163.128876	456.074585	43.503326	83.327370	0.000000	0.000000	3.750000	-374.097809	-614.150513
484	124.246193	429.665375	25.878361	73.581985	0.000000	0.000000	3.750000	-298.430908	-754.387695
485	-3.235968	-570.965332	2.578621	-93.964615	0.000000	0.000000	3.750000	16.963301	928.215515
486	139.807007	-176.472443	34.252117	-54.062714	0.000000	0.000000	3.750000	-181.205261	207.964798
487	93.951538	-513.953247	17.755718	-73.896721	0.000000	0.000000	3.750000	-74.835892	742.493958
488	405.929443	-34.524147	70.003609	-16.837040	0.000000	0.000000	3.750000	-665.948853	88.119934
489	295.440247	195.663818	67.708862	29.858040	0.000000	0.000000	3.750000	-552.310242	-306.045776
490	-563.025269	-306.128357	-73.815720	-61.377701	0.000000	0.000000	3.750000	735.489502	456.323517
491	372.185303	-287.918213	42.006104	-42.842590	0.000000	0.000000	3.750000	-596.820679	637.861084
492	639.084961	-227.556305	87.477066	-44.178555	0.000000	0.000000	3.750000	-710.941101	238.466324
493	-219.399124	-124.071915	-45.647167	-50.401615	0.000000	0.000000	3.750000	250.080185	219.860336
494	-299.607391	-253.699005	-52.892052	-51.753258	0.000000	0.000000	3.750000	261.809692	193.622330
495	435.586365	-48.996075	69.018661	-11.680062	0.000000	0.000000	3.750000	-708.016846	127.629005
496	-337.601440	-239.175858	-67.983170	-81.328018	0.000000	0.000000	3.750000	292.738953	431.422760
497	-446.748657	17.386406	-83.884819	4.397452	0.000000	0.000000	3.750000	554.162720	-31.067417
498	-387.819580	356.925415	-59.132439	41.077404	0.000000	0.000000	3.750000	638.633728	-382.725555
499	-283.477753	328.992859	-70.067078	59.620266	0.000000	0.000000	3.750000	452.611786	-294.153381
500	171.280472	299.489838	31.482784	58.007195	0.000000	0.000000	3.750000	-358.073395	-631.880737
501	362.635895	-441.486145	62.582077	-70.139023	0.000000	0.000000	3.750000	-414.203003	420.328827
502	-439.475647	-167.749237	-81.039879	-39.147453	0.000000	0.000000	3.750000	628.301331	214.225510
503	-220.015778	-380.772400	-26.578062	-58.220219	0.000000	0.000000	3.750000	220.178909	942.630188
504	97.483383	-485.539917	40.818604	-71.118477	0.000000	0.000000	3.750000	-353.791199	718.217407
505	80.420860	404.355530	37.837788	81.659668	0.000000	0.000000	3.750000	-233.817719	-504.180359
506	-195.420807	128.520767	-56.691887	29.698603	0.000000	0.000000	3.750000	830.810181	-246.856552
507	412.210205	-323.797424	64.013382	-51.246799	0.000000	0.000000	3.750000	-448.907227	212.242920
508	489.501770	-394.465057	63.956085	-57.494370	0.000000	0.000000	3.750000	-588.078918	410.840576
509	130.454086	-345.246368	5.925138	-67.741333	0.000000	0.000000	3.750000	-9.755582	592.278442
510	-176.740463	0.875755	-79.931847	-3.289586	0.000000	0.000000	3.750000	123.450706	-18.834541
511	9.081199	411.298309	24.002697	82.582504	0.000000	0.000000	3.750000	-152.963120	-529.118530
512	266.172699	340.513336	64.743935	53.518379	0.000000	0.000000	3.750000	-418.812347	-401.750183
513	-274.281158	412.368164	-50.322193	72.191658	0.000000	0.000000	3.750000	304.055511	-695.173096
514	-95.363335	105.593597	61.151817	63.274689	0.000000	0.000000	3.750000	-140.942520	-69.132530
515	22.449087	-297.681458	4.995785	-71.826309	0.000000	0.000000	3.750000	49.712833	490.682343
516	-53.888851	-388.350006	-38.668301	-74.570480	0.000000	0.000000	3.750000	242.349274	570.414307
517	-133.335968	90.450928	-72.257462	-38.610260	0.000000	0.000000	3.750000	-41.016476	-62.267181
518	11.066412	372.494232	14.421293	80.721832	0.000000	0.000000	3.750000	-46.731838	-600.364319
519	2.312927	-206.956024	0.153193	-81.999557	0.000000	0.000000	3.750000	73.587914	451.534729
520	512.836426	-466.734161	75.621078	-74.279556	0.000000	0.000000	3.750000	-510.041962	519.787048
521	-547.107300	-475.753479	-74.089104	-72.984955	0.000000	0.000000	3.750000	609.358032	548.665833
522	224.225922	514.842590	47.669762	73.970184	0.000000	0.000000	3.750000	-378.755951	-718.874878
523	-189.234024	188.922241	-53.677635	56.592480	0.000000	0.000000	3.750000	294.929962	-275.460876
524	-366.568054	354.850281	-52.076897	46.776024	0.000000	0.000000	3.750000	600.328186	-567.443542
525	298.137665	8.339348	67.996254	0.708260	0.000000	0.000000	3.750000	-456.747406	-60.224079
526	-135.884705	-58.149567	-57.944347	-49.177719	0.000000	0.000000	3.750000	172.508835	152.764359
527	-336.803406	-376.118896	-54.756844	-73.930275	0.000000	0.000000	3.750000	290.879486	434.337402
528	-414.810028	0.360107	-69.992073	1.052950	0.000000	0.000000	3.750000	620.878845	12.382010
529	422.763611	217.347717	66.067223	23.132614	0.000000	0.000000	3.750000	-780.026245	-180.307999
530	-536.185974	63.003101	-89.914902	3.912143	0.000000	0.000000	3.750000	790.074768	26.274586
531	423.769165	-119.778168	74.232368	-16.295372	0.000000	0.000000	3.750000	-639.036072	50.616886
532	194.814835	-88.585968	64.237579	-32.519127	0.000000	0.000000	3.750000	-429.453979	100.710709
533	510.890778	-214.516846	83.580299	-43.015244	0.000000	0.000000	3.750000	-840.021362	299.914001
534	-416.795288	-104.051437	-89.122993	-22.827311	0.000000	0.000000	3.750000	776.347412	148.398239
535	14.519590	439.029755	9.014042	63.362022	0.000000	0.000000	3.750000	-66.048126	-742.051270
536	162.048370	355.084045	30.326202	91.084038	0.000000	0.000000	3.750000	-113.559761	-277.556030
537	-306.163574	-86.574417	-59.330994	-23.996464	0.000000	0.000000	3.750000	519.999023	160.542877
538	94.958130	-81.471176	79.820015	-41.566612	0.000000	0.000000	3.750000	-245.251373	-7.829492
539	-665.229370	161.207199	-89.369141	35.058899	0.000000	0.000000	3.750000	1008.317688	-214.998657
540	-204.100754	377.226654	-38.765934	67.684464	0.000000	0.000000	3.750000	282.146210	-682.960205
541	-325.276489	159.086472	-70.365723	42.102936	0.000000	0.000000	3.750000	455.179901	-229.912720
542	-310.014343	-71.603142	-68.688858	-13.484451	0.000000	0.000000	3.750000	577.770996	48.813164
543	404.461426	-182.699707	70.447029	-33.484436	0.000000	0.000000	3.750000	-524.750427	188.730225
544	500.768036	311.235779	72.023438	53.968590	0.000000	0.000000	3.750000	-776.784302	-423.102051
545	-502.553741	-511.384094	-61.771538	-62.675941	0.000000	0.000000	3.750000	650.133850	560.272705
546	-226.086273	481.479462	-27.372177	77.296593	0.000000	0.000000	3.750000	285.726105	-830.184875
547	-184.605423	-385.393036	-12.902269	-64.726578	0.000000	0.000000	3.750000	98.261757	668.048828
548	-224.000839	-255.369446	-61.279861	-48.257221	0.000000	0.000000	3.750000	479.051056	281.886963
549	-114.490417	-106.325684	-74.887428	-56.814259	0.000000	0.000000	3.750000	405.223206	277.486389
550	320.561829	524.908264	40.491280	80.376945	0.000000	0.000000	3.750000	-350.729218	-811.125366
551	25.023758	-262.418915	-31.428362	-73.567940	0.000000	0.000000	3.750000	112.096138	369.820038
552	157.895782	-81.329086	81.660156	7.435256	0.000000	0.000000	3.750000	-194.557220	-122.690941
553	94.146790	-277.557129	37.437416	-75.195969	0.000000	0.000000	3.750000	-159.408936	404.636475
554	428.135590	260.330627	76.688858	22.777464	0.000000	0.000000	3.750000	-797.493896	-157.806473
555	513.892090	-230.280823	75.938354	-40.365250	0.000000	0.000000	3.750000	-809.017761	309.614746
556	9.569403	-457.269104	-12.456530	-111.305115	0.000000	0.000000	3.750000	124.478241	802.199463
557	508.703552	290.725769	85.890442	32.967049	0.000000	0.000000	3.750000	-458.305084	-189.812897
558	44.266106	430.406677	27.162882	100.390083	0.000000	0.000000	3.750000	-116.604576	-621.548889
559	-377.743408	97.197464	-63.907249	3.444159	0.000000	0.000000	3.750000	727.632446	12.508958
560	145.207993	-499.439819	21.144165	-81.295280	0.000000	0.000000	3.750000	-181.832489	902.052246
561	106.688522	401.569397	4.586047	67.845139	0.000000	0.000000	3.750000	22.145014	-691.510071
562	282.671204	358.391022	42.559704	45.085144	0.000000	0.000000	3.750000	-444.196320	-547.190674
563	-533.034424	-303.338013	-82.082664	-57.117599	0.000000	0.000000	3.750000	779.881409	416.785156
564	-205.349731	-67.298233	-63.504677	-7.946357	0.000000	0.000000	3.750000	364.395630	-1.798454
565	155.201050	-662.923096	25.179482	-98.843262	0.000000	0.000000	3.750000	-194.170288	904.913818
566	-201.444321	-518.014771	-10.688984	-75.244446	0.000000	0.000000	3.750000	-18.429564	766.359070
567	-208.266235	-510.238068	-38.184643	-83.701256	0.000000	0.000000	3.750000	190.780777	773.029419
568	60.059113	374.484039	7.349321	69.613091	0.000000	0.000000	3.750000	-9.002325	-677.775269
569	-252.003510	76.725113	-77.998268	-0.500155	0.000000	0.000000	3.750000	370.898499	42.141525
570	97.794479	-342.498901	25.428314	-100.842102	0.000000	0.000000	3.750000	51.882351	561.418091
571	214.920074	-579.466064	43.730240	-78.661369	0.000000	0.000000	3.750000	-143.016495	377.338135
572	-180.290329	249.862366	-37.507645	68.389740	0.000000	0.000000	3.750000	169.300644	-444.268494
573	206.793900	444.339020	28.207855	66.244354	0.000000	0.000000	3.750000	-276.338562	-820.738098
574	66.478409	246.562103	0.399319	83.999046	0.000000	0.000000	3.750000	-7.358463	-412.911713
575	-38.872513	-426.168854	-2.997867	-81.945175	0.000000	0.000000	3.750000	48.100407	675.436707
576	201.504608	-531.957764	38.071968	-79.338013	0.000000	0.000000	3.750000	-382.337372	1007.692749
577	-434.550934	200.297302	-68.647812	27.630901	0.000000	0.000000	3.750000	617.277161	-165.533447
578	549.849243	-400.560486	76.791969	-50.665310	0.000000	0.000000	3.750000	-705.447388	317.207031
579	276.660797	-186.472458	58.047546	-39.121155	0.000000	0.000000	3.750000	-629.764343	270.186768
580	51.193027	-65.462570	61.915459	-3.235959	0.000000	0.000000	3.750000	-251.597244	26.859886
581	-299.917664	-444.872223	-48.017639	-83.127930	0.000000	0.000000	3.750000	229.770126	731.541992
582	-34.363220	95.786858	36.068375	86.803284	0.000000	0.000000	3.750000	-99.542999	-162.068878
583	-158.732651	-384.554688	-37.396996	-46.919762	0.000000	0.000000	3.750000	342.342224	385.822784
584	99.288437	-81.971886	-10.218102	-71.236610	0.000000	0.000000	3.750000	-36.158276	20.433823
585	84.447815	-511.888489	13.081762	-80.949768	0.000000	0.000000	3.750000	-81.809723	790.796204
586	185.858582	-135.964081	60.920685	-45.438103	0.000000	0.000000	3.750000	-653.063416	261.406006
587	-478.184631	-380.480316	-57.584663	-55.533813	0.000000	0.000000	3.750000	649.166016	555.713989
588	-590.265564	261.488342	-74.640846	46.612671	0.000000	0.000000	3.750000	813.676331	-435.094788
589	-576.502197	6.825714	-89.364708	10.674671	0.000000	0.000000	3.750000	852.698547	-116.337746
590	-26.548082	76.088028	-21.458424	83.233627	0.000000	0.000000	3.750000	-48.259331	-105.318405
591	134.954926	-309.705597	48.956032	-77.892868	0.000000	0.000000	3.750000	-269.267853	499.666870
592	10.894329	353.676147	14.455698	64.397339	0.000000	0.000000	3.750000	-35.321499	-427.946350
593	370.987976	146.964630	61.701317	6.078051	0.000000	0.000000	3.750000	-521.032959	-102.509201
594	467.044342	239.863922	69.218475	35.955566	0.000000	0.000000	3.750000	-379.392731	-190.185516
595	269.213531	169.312393	83.806458	37.952988	0.000000	0.000000	3.750000	-298.335449	-182.937363
596	-299.242920	-430.475647	-41.410629	-70.775223	0.000000	0.000000	3.750000	204.022400	555.624084
597	263.751434	407.467743	60.975761	74.137817	0.000000	0.000000	3.750000	-57.947563	-87.998512
598	196.912506	619.655396	29.650703	97.595245	0.000000	0.000000	3.750000	-191.584534	-748.289795
599	266.311523	-269.427887	44.305023	-51.585457	0.000000	0.000000	3.750000	-438.849396	659.152466
600	-302.471619	-134.582550	-69.655128	-43.267540	0.000000	0.000000	3.750000	321.683899	112.401993
601	-361.496033	-629.593994	-61.739925	-81.192207	0.000000	0.000000	3.750000	699.187378	1104.240845
602	380.389160	-218.493820	59.399010	-59.394428	0.000000	0.000000	3.750000	-486.576843	300.157562
603	-271.632507	250.956528	-44.909733	39.788383	0.000000	0.000000	3.750000	492.158295	-476.387756
604	-622.109192	-285.722504	-80.953873	-47.774765	0.000000	0.000000	3.750000	1091.431519	359.106323
605	3.394650	137.264359	-85.135696	12.161417	0.000000	0.000000	3.750000	374.284149	-24.557392
606	301.829803	-536.345032	42.536316	-74.743896	0.000000	0.000000	3.750000	-180.040955	317.969849
607	204.390411	-158.167038	59.245087	-40.914009	0.000000	0.000000	3.750000	-554.736694	181.591873
608	280.254486	180.599792	72.950607	27.608130	0.000000	0.000000	3.750000	-582.490723	-223.367599
609	305.885925	178.152588	51.027100	38.629452	0.000000	0.000000	3.750000	-560.434753	-406.850189
610	-95.065529	144.331863	-54.074539	61.643631	0.000000	0.000000	3.750000	152.451981	-154.301956
611	-179.530182	-71.509476	-67.752167	73.550278	0.000000	0.000000	3.750000	78.255615	-118.088982
612	222.323883	-392.445648	37.497726	-66.105316	0.000000	0.000000	3.750000	-274.564301	624.844482
613	-246.024521	-165.918671	-44.862427	-56.314781	0.000000	0.000000	3.750000	243.954910	368.390961
614	-434.803253	-271.288513	-62.821186	-39.108627	0.000000	0.000000	3.750000	842.200073	334.962982
615	133.543365	-83.645622	-28.892982	-61.556385	0.000000	0.000000	3.750000	206.147491	383.465271
616	100.243660	175.436111	65.174553	67.736649	0.000000	0.000000	3.750000	-155.862717	-129.379440
617	-171.440933	-131.994995	-34.358162	-76.651917	0.000000	0.000000	3.750000	149.577362	353.751099
618	440.870178	138.097137	84.974045	22.878086	0.000000	0.000000	3.750000	-698.122253	-227.652283
619	-348.679688	459.849426	-57.594780	63.865761	0.000000	0.000000	3.750000	462.929169	-629.096069
620	310.654602	68.875031	75.965584	-2.286776	0.000000	0.000000	3.750000	-626.737732	42.412800
621	-69.965248	223.921158	-62.553993	70.157829	0.000000	0.000000	3.750000	3.609855	-56.163635
622	112.514473	-336.987579	3.826453	-81.910553	0.000000	0.000000	3.750000	56.572041	663.317871
623	460.482208	-97.121445	66.608818	-27.336132	0.000000	0.000000	3.750000	-675.252380	235.270248
624	298.972443	226.481537	56.123474	59.784241	0.000000	0.000000	3.750000	-605.506287	-651.824890
625	-404.283051	-277.091522	-51.484650	-47.427094	0.000000	0.000000	3.750000	552.058533	432.872375
626	11.515448	-57.114113	-81.058350	28.659782	0.000000	0.000000	3.750000	6.455010	-94.189224
627	199.278778	-353.785645	40.902275	-59.253708	0.000000	0.000000	3.750000	-389.677338	637.604370
628	171.582321	-486.148499	25.300194	-69.540604	0.000000	0.000000	3.750000	-198.984741	718.652344
629	-94.580200	134.947296	-5.773612	69.761078	0.000000	0.000000	3.750000	-40.736279	-299.432983
630	-83.795341	333.048035	-23.949224	48.398705	0.000000	0.000000	3.750000	271.784485	-581.141479
631	-436.720306	366.540771	-57.065216	47.112190	0.000000	0.000000	3.750000	702.645020	-489.567932
632	-24.893738	25.478716	42.610123	-65.332756	0.000000	0.000000	3.750000	-132.342270	176.540344
633	-259.514679	-64.723450	-68.372353	-28.302116	0.000000	0.000000	3.750000	180.953339	32.838692
634	-618.383484	-205.972046	-92.841446	-24.422268	0.000000	0.000000	3.750000	865.643616	117.646515
635	-159.749176	484.292206	-43.577587	76.452469	0.000000	0.000000	3.750000	302.911896	-713.410339
636	440.106323	298.522705	71.892120	39.440067	0.000000	0.000000	3.750000	-682.382141	-312.962067
637	-236.073181	-59.419823	-26.699162	-83.849159	0.000000	0.000000	3.750000	-48.926262	345.691040
638	360.801849	-77.596603	78.292854	-24.376671	0.000000	0.000000	3.750000	-803.829773	171.975800
639	282.490204	222.942291	53.877075	34.543591	0.000000	0.000000	3.750000	-470.111328	-319.230499
640	-243.387009	302.317474	-45.176895	45.332619	0.000000	0.000000	3.750000	428.961182	-493.330200
641	266.018402	87.366425	70.372078	33.641785	0.000000	0.000000	3.750000	-486.163757	-246.379303
642	-272.765320	9.067035	-79.894951	4.093988	0.000000	0.000000	3.750000	349.709351	29.108034
643	257.990662	524.064392	41.176922	68.589027	0.000000	0.000000	3.750000	-347.758789	-751.310425
644	198.155914	-309.452362	33.057281	-70.648537	0.000000	0.000000	3.750000	-201.978790	425.774048
645	173.833557	451.332977	31.106678	84.453369	0.000000	0.000000	3.750000	-172.015244	-466.200500
646	-412.069458	202.625870	-76.708237	43.125496	0.000000	0.000000	3.750000	586.537292	-216.299576
647	316.200409	302.165161	67.376099	53.445789	0.000000	0.000000	3.750000	-611.669189	-407.633179
648	-280.192719	-403.066864	-43.493496	-54.848091	0.000000	0.000000	3.750000	468.498291	710.441467
649	-268.773865	-268.414276	-50.384315	-42.631165	0.000000	0.000000	3.750000	503.334503	328.485016
650	-187.038696	-103.985641	-49.931717	-51.873108	0.000000	0.000000	3.750000	222.019150	251.195618
651	-513.421997	-158.497025	-73.764053	-35.816978	0.000000	0.000000	3.750000	826.137268	293.546448
652	-494.284973	-52.209118	-91.937119	3.400886	0.000000	0.000000	3.750000	632.154968	-36.445007
653	161.744690	487.514709	24.298553	67.775932	0.000000	0.000000	3.750000	-272.444427	-960.978699
654	519.183044	-128.308899	80.719238	-23.246578	0.000000	0.000000	3.750000	-572.013428	156.722687
655	148.705429	-412.223938	19.686600	-75.474556	0.000000	0.000000	3.750000	-52.239048	445.528320
656	-209.248016	3.469751	-52.156326	-20.389088	0.000000	0.000000	3.750000	502.158264	146.052612
657	312.540344	63.535728	74.523071	14.910060	0.000000	0.000000	3.750000	-418.072144	-100.793625
658	325.346741	-84.525726	63.997818	0.527932	0.000000	0.000000	3.750000	-537.340698	11.068803
659	82.902481	-10.261085	79.783127	-4.417452	0.000000	0.000000	3.750000	-118.753792	-110.082253
660	293.927643	-418.406647	55.889565	-65.363220	0.000000	0.000000	3.750000	-1066.361328	1453.523315
661	-229.797119	538.980042	-17.439709	78.075935	0.000000	0.000000	3.750000	121.012871	-830.877869
662	366.498535	-284.575684	58.451118	-54.621048	0.000000	0.000000	3.750000	-458.953522	338.777130
663	121.773567	396.677307	25.469229	56.527145	0.000000	0.000000	3.750000	-246.732208	-600.302551
664	-277.130219	428.200256	-57.084526	64.322258	0.000000	0.000000	3.750000	399.475311	-419.269653
665	-414.863800	165.132645	-76.049698	24.827814	0.000000	0.000000	3.750000	769.722351	-120.322037
666	-325.516571	-268.428864	-47.141190	-54.421570	0.000000	0.000000	3.750000	339.714264	360.597321
667	453.225006	-67.059921	74.609879	-28.868050	0.000000	0.000000	3.750000	-686.939514	248.498276
668	132.854446	91.459152	64.591866	21.257421	0.000000	0.000000	3.750000	-434.830658	-196.732620
669	-143.821457	172.317230	-58.227074	35.122742	0.000000	0.000000	3.750000	396.491394	-222.225296
670	446.760376	382.118500	56.635292	53.632488	0.000000	0.000000	3.750000	-536.231445	-490.578217
671	196.845093	-523.536133	40.738903	-73.459625	0.000000	0.000000	3.750000	-262.411926	707.477783
672	-159.301590	-124.867287	-76.259933	-39.754097	0.000000	0.000000	3.750000	396.074036	151.061127
673	251.956345	-316.856659	41.696934	-61.133980	0.000000	0.000000	3.750000	-262.450867	452.206879
674	391.536499	-400.412689	69.779602	-46.763027	0.000000	0.000000	3.750000	-677.485352	287.590668
675	194.336105	315.367096	75.227997	68.882141	0.000000	0.000000	3.750000	-414.023682	-389.381439
676	-55.126297	-374.775238	-16.930267	-67.921738	0.000000	0.000000	3.750000	135.971252	758.630310
677	124.092758	-334.078369	38.014839	-58.778137	0.000000	0.000000	3.750000	-207.322266	291.897400
678	-309.700409	-80.126587	-64.949013	-35.463017	0.000000	0.000000	3.750000	405.384766	231.019287
679	-268.829895	-58.793861	-73.899536	-3.852352	0.000000	0.000000	3.750000	529.680847	-48.042858
680	-374.462006	-157.781326	-85.618073	-43.421062	0.000000	0.000000	3.750000	433.938782	98.555153
681	-495.772400	-88.396149	-83.147934	-11.934038	0.000000	0.000000	3.750000	681.155762	96.523521
682	36.173962	485.405823	6.142120	69.729996	0.000000	0.000000	3.750000	-25.778477	-878.899902
683	341.055450	-216.868347	56.264915	-48.065063	0.000000	0.000000	3.750000	-483.637909	346.021454
684	115.611938	-392.182190	12.643307	-72.911896	0.000000	0.000000	3.750000	-137.683136	684.132507
685	333.742065	100.486473	71.885750	4.054136	0.000000	0.000000	3.750000	-714.244873	11.814611
686	-348.027710	-33.022713	-61.608208	6.958894	0.000000	0.000000	3.750000	684.919006	-11.785677
687	52.944168	-133.303070	58.307556	-48.745766	0.000000	0.000000	3.750000	-390.085571	167.976227
688	522.747925	-159.351700	85.075912	-22.496277	0.000000	0.000000	3.750000	-862.764221	159.489151
689	-30.515617	424.345978	11.965105	79.099564	0.000000	0.000000	3.750000	118.232788	-808.835083
690	103.768272	-299.333527	30.979031	-69.399185	0.000000	0.000000	3.750000	-71.334969	146.475159
691	97.592102	-616.349609	8.687099	-91.588943	0.000000	0.000000	3.750000	-57.997124	854.533020
692	-122.874130	-325.856384	-32.370689	-64.312668	0.000000	0.000000	3.750000	153.617081	493.616119
693	-345.035583	120.513046	-69.342636	35.714737	0.000000	0.000000	3.750000	420.924713	-115.967415
694	153.374634	1.510839	78.678391	-39.404564	0.000000	0.000000	3.750000	-287.139832	-37.162422
695	-352.984833	312.496857	-58.303062	45.571407	0.000000	0.000000	3.750000	560.491638	-443.722565
696	334.859222	-347.502930	70.143448	-65.543091	0.000000	0.000000	3.750000	-550.415588	516.783813
697	-363.462036	-79.097672	-65.355392	-38.789841	0.000000	0.000000	3.750000	445.664307	183.718750
698	-337.393280	-479.334351	-42.298027	-70.248611	0.000000	0.000000	3.750000	362.434845	818.651184
699	7.202322	278.796783	34.001991	94.035583	0.000000	0.000000	3.750000	-52.593010	-114.293144
700	-519.523682	-42.745743	-87.526794	-9.113283	0.000000	0.000000	3.750000	637.727234	13.331591
701	-189.624512	-221.351822	-28.658390	-48.111259	0.000000	0.000000	3.750000	195.934845	424.691803
702	-453.200165	379.995056	-52.326134	52.325645	0.000000	0.000000	3.750000	327.124420	-379.811035
703	62.427383	614.971863	4.627489	93.885925	0.000000	0.000000	3.750000	86.481529	-1031.465332
704	-170.799210	-591.890686	-28.241035	-87.558121	0.000000	0.000000	3.750000	155.805557	840.074585
705	290.477692	503.638428	45.972610	65.471512	0.000000	0.000000	3.750000	-445.956573	-675.936340
706	-196.974686	-13.223835	-70.098206	-53.199112	0.000000	0.000000	3.750000	234.300964	134.309723
707	526.065247	146.134567	75.858688	31.136116	0.000000	0.000000	3.750000	-750.793518	-280.717102
708	163.407806	-384.803741	30.155552	-93.243019	0.000000	0.000000	3.750000	5.614717	290.839905
709	-88.929749	-413.384644	-38.354126	-70.206497	0.000000	0.000000	3.750000	245.234848	584.758423
710	126.293182	-28.947258	74.208908	-24.020979	0.000000	0.000000	3.750000	-365.047852	66.616898
711	449.812012	-30.927412	75.907951	-3.739174	0.000000	0.000000	3.750000	-840.568481	11.912690
712	227.298767	-342.325073	47.404583	-81.170242	0.000000	0.000000	3.750000	-67.648216	243.143005
713	314.977112	515.486084	59.732533	69.971603	0.000000	0.000000	3.750000	-499.299988	-596.857056
714	-320.453857	12.511230	-62.852585	-20.137856	0.000000	0.000000	3.750000	495.928528	79.498337
715	328.898956	-131.796600	71.100906	-44.728745	0.000000	0.000000	3.750000	-156.126175	87.280182
716	325.841858	368.967590	39.272934	47.975349	0.000000	0.000000	3.750000	-416.272369	-636.327454
717	109.517838	536.377258	15.882055	88.587494	0.000000	0.000000	3.750000	-49.653511	-704.026733
718	482.725037	-374.001434	59.722664	-53.227837	0.000000	0.000000	3.750000	-855.526001	717.973999
719	386.977081	-218.318237	69.898064	-34.615818	0.000000	0.000000	3.750000	-605.069153	230.727585
720	-421.489258	222.006653	-66.576500	40.638927	0.000000	0.000000	3.750000	559.112366	-197.369232
721	-297.647034	-15.273693	-69.823311	4.969484	0.000000	0.000000	3.750000	413.663818	8.526695
722	-471.295502	-216.858810	-64.619560	-36.059532	0.000000	0.000000	3.750000	789.883972	247.115463
723	-226.731445	156.835693	-60.537514	35.145302	0.000000	0.000000	3.750000	518.189270	-200.457886
724	-77.694427	10.854160	-26.360935	64.835526	0.000000	0.000000	3.750000	-20.336330	-28.416574
725	333.810974	-277.994965	50.276218	-48.706261	0.000000	0.000000	3.750000	-354.830017	312.237122
726	468.375031	249.954315	57.329739	40.165863	0.000000	0.000000	3.750000	-757.510620	-399.991394
727	246.841736	112.711678	50.278690	54.294617	0.000000	0.000000	3.750000	-77.604591	-154.650589
728	-549.607178	-39.607243	-87.554398	-8.844381	0.000000	0.000000	3.750000	853.999695	38.986916
729	114.323128	-193.677383	8.461517	-75.527100	0.000000	0.000000	3.750000	23.076666	246.822388
730	343.226471	-422.947266	66.029320	-55.100761	0.000000	0.000000	3.750000	-715.626953	367.367615
731	193.236633	237.214935	42.034203	48.253208	0.000000	0.000000	3.750000	-37.114437	-49.003448
732	-460.515198	-355.870056	-82.731689	-48.697575	0.000000	0.000000	3.750000	682.631409	314.242004
733	146.975769	-248.349396	25.658670	-62.973259	0.000000	0.000000	3.750000	-232.140045	657.320251
734	-103.877213	26.083870	-69.680733	18.100662	0.000000	0.000000	3.750000	47.622028	20.583210
735	-137.557114	59.413277	-63.514576	54.963905	0.000000	0.000000	3.750000	8.938189	-125.955307
736	-386.676971	219.923538	-74.424454	57.419495	0.000000	0.000000	3.750000	412.180878	-357.338806
737	-479.492340	-202.377289	-85.330032	-39.430283	0.000000	0.000000	3.750000	728.742432	188.412186
738	522.310059	-207.654510	71.382370	-31.441324	0.000000	0.000000	3.750000	-342.143250	121.607285
739	517.657349	-53.350693	77.644104	-7.442282	0.000000	0.000000	3.750000	-554.954407	97.898941
740	328.921997	301.268311	54.012054	53.466770	0.000000	0.000000	3.750000	-571.140320	-516.499207
741	72.217575	283.688354	26.257107	73.447548	0.000000	0.000000	3.750000	-136.221115	-637.806702
742	233.387329	-308.720734	45.945423	-70.320656	0.000000	0.000000	3.750000	-198.034134	222.091690
743	-30.773602	417.969177	-15.771802	80.468903	0.000000	0.000000	3.750000	62.880375	-456.422638
744	185.348206	569.738464	34.254322	81.059418	0.000000	0.000000	3.750000	-270.172272	-900.160522
745	-454.961761	-22.609676	-76.771927	13.786460	0.000000	0.000000	3.750000	775.023987	-203.753723
746	-468.075623	365.471283	-74.471146	60.580917	0.000000	0.000000	3.750000	685.206055	-560.742493
747	-167.746857	-197.256500	-42.151829	-50.786026	0.000000	0.000000	3.750000	277.750610	380.394714
748	-396.483673	-447.991272	-50.766994	-59.217415	0.000000	0.000000	3.750000	423.090851	686.253357
749	-33.983124	-9.728548	-95.434708	-41.329597	0.000000	0.000000	3.750000	242.067261	137.810135
750	99.663429	413.051849	6.638032	69.684303	0.000000	0.000000	3.750000	75.940605	-575.812500
751	-603.612000	370.837341	-87.465286	48.474552	0.000000	0.000000	3.750000	1133.386108	-360.719788
752	77.653770	-386.837067	9.843996	-87.447479	0.000000	0.000000	3.750000	49.972961	968.765930
753	-433.475525	-36.744705	-67.956085	2.442997	0.000000	0.000000	3.750000	858.713623	27.739511
754	-140.368408	-465.557220	-16.419815	-78.296791	0.000000	0.000000	3.750000	134.153885	873.668518
755	491.663269	-265.638489	71.453354	-40.229492	0.000000	0.000000	3.750000	-806.877075	358.033691
756	377.223663	86.725014	74.170288	16.575806	0.000000	0.000000	3.750000	-599.535889	-73.068344
757	-410.650024	62.294498	-65.805748	5.059601	0.000000	0.000000	3.750000	676.483276	8.559968
758	301.342682	40.817112	57.999691	0.186063	0.000000	0.000000	3.750000	-438.514709	-25.068111
759	-225.342636	31.037971	-71.431259	9.031444	0.000000	0.000000	3.750000	499.889984	-20.198101
760	-85.069489	-213.047791	-12.090731	-87.165421	0.000000	0.000000	3.750000	72.467796	427.555359
761	-407.817627	179.196228	-71.983002	24.380810	0.000000	0.000000	3.750000	830.675903	-122.189888
762	-435.684052	50.223824	-85.374237	-10.353842	0.000000	0.000000	3.750000	665.933350	-31.401737
763	336.630127	-230.366669	46.733330	-34.350975	0.000000	0.000000	3.750000	-677.155457	338.336823
764	7.273255	-135.292984	-28.159010	-87.584213	0.000000	0.000000	3.750000	53.526909	256.708710
765	4.891272	544.983093	23.113403	82.835632	0.000000	0.000000	3.750000	-91.222237	-935.046204
766	-153.814865	238.121353	-63.453644	34.023029	0.000000	0.000000	3.750000	421.158539	-95.629951
767	290.094299	257.983795	53.568066	51.053448	0.000000	0.000000	3.750000	-477.495270	-369.385315
768	331.054016	387.742126	55.300179	63.228783	0.000000	0.000000	3.750000	-378.139008	-563.556274
769	-292.728485	-409.830719	-50.146545	-64.879288	0.000000	0.000000	3.750000	407.187378	567.757935
770	401.484863	-276.574341	61.879707	-47.485630	0.000000	0.000000	3.750000	-661.306702	362.036713
771	-131.478043	225.865936	-28.378887	76.932426	0.000000	0.000000	3.750000	85.983925	-442.206329
772	298.400726	55.811119	79.398956	-9.787457	0.000000	0.000000	3.750000	-513.935852	13.413366
773	-166.510437	162.260056	-62.472046	35.794437	0.000000	0.000000	3.750000	544.414978	-284.100098
774	485.444946	-4.528999	73.841919	4.833951	0.000000	0.000000	3.750000	-749.417114	-113.348663
775	-429.707886	-93.760689	-70.819168	-12.985756	0.000000	0.000000	3.750000	612.512695	17.840214
776	411.981598	-212.827133	67.489166	-42.955719	0.000000	0.000000	3.750000	-635.916809	275.334106
777	-225.327026	262.659576	-32.948555	34.905464	0.000000	0.000000	3.750000	419.201874	-531.269409
778	187.080704	-418.873779	26.839813	-58.100033	0.000000	0.000000	3.750000	-126.217484	490.860779
779	-365.258179	-338.560791	-63.664787	-54.797771	0.000000	0.000000	3.750000	557.864502	466.506592
780	-154.088272	205.985550	-33.373405	68.280426	0.000000	0.000000	3.750000	192.498337	-445.739777
781	-349.988831	139.301910	-84.498093	16.002037	0.000000	0.000000	3.750000	650.331482	-72.166611
782	72.337868	634.272034	-17.002748	100.572891	0.000000	0.000000	3.750000	152.768860	-858.079712
783	-356.558746	-439.803589	-57.255600	-84.414368	0.000000	0.000000	3.750000	327.998108	577.430969
784	191.390442	-57.467171	70.058731	16.606363	0.000000	0.000000	3.750000	-478.129333	-140.868759
785	-205.835144	169.336777	-67.196617	50.355209	0.000000	0.000000	3.750000	33.682789	-20.364218
786	374.021942	324.176270	60.809654	66.348969	0.000000	0.000000	3.750000	-530.952637	-620.744141
787	-107.726547	175.942520	-65.284088	30.364117	0.000000	0.000000	3.750000	395.104309	-140.765991
788	-337.553101	57.282650	-64.479706	21.594143	0.000000	0.000000	3.750000	485.100952	-36.735641
789	-397.270050	-159.887741	-55.879082	-54.419769	0.000000	0.000000	3.750000	524.399353	380.017548
790	-455.961517	-49.945217	-82.642090	-23.796665	0.000000	0.000000	3.750000	790.309937	173.806030
791	224.493286	530.231934	30.377098	84.718513	0.000000	0.000000	3.750000	-222.317093	-818.958496
792	284.813202	225.567780	43.927578	64.454376	0.000000	0.000000	3.750000	-220.597961	-360.952240
793	351.787048	-37.700909	65.654633	-17.704884	0.000000	0.000000	3.750000	-672.737793	106.038422
794	179.547867	-408.989655	32.695709	-59.623703	0.000000	0.000000	3.750000	-321.171417	783.819458
795	36.382366	-493.986877	16.600021	-94.553894	0.000000	0.000000	3.750000	-98.796806	670.797913
796	304.661285	232.825607	59.072735	44.569092	0.000000	0.000000	3.750000	-575.246765	-340.951599
797	199.424011	-309.557312	55.410759	-78.394165	0.000000	0.000000	3.750000	-459.708435	618.905029
798	174.625885	576.437500	25.155596	84.327896	0.000000	0.000000	3.750000	-209.511124	-917.207764
799	-27.892792	-104.115494	-33.654659	-74.775352	0.000000	0.000000	3.750000	102.175949	284.056946
800	-21.168907	241.382721	8.406664	67.478348	0.000000	0.000000	3.750000	-62.200951	-708.501831
801	558.405396	-237.410172	83.965622	-32.399891	0.000000	0.000000	3.750000	-957.340210	202.399811
802	173.653214	-218.381195	38.001923	-61.154228	0.000000	0.000000	3.750000	-303.665466	366.103302
803	448.324371	395.311798	59.729488	59.062584	0.000000	0.000000	3.750000	-635.404724	-614.137024
804	297.104492	-396.418518	48.600044	-50.378899	0.000000	0.000000	3.750000	-492.696869	582.981262
805	-375.204071	420.204041	-45.762981	58.152657	0.000000	0.000000	3.750000	306.209595	-614.152344
806	-23.512829	279.046692	3.930133	81.905701	0.000000	0.000000	3.750000	33.928280	-683.825378
807	412.272583	-238.124039	54.458149	-40.722237	0.000000	0.000000	3.750000	-619.608459	323.273621
808	43.185287	374.958435	6.418045	69.704994	0.000000	0.000000	3.750000	42.141991	-508.566742
809	154.730270	-203.446793	19.670233	-67.179108	0.000000	0.000000	3.750000	-13.781035	361.121490
810	409.738892	-252.231354	49.287758	-46.847797	0.000000	0.000000	3.750000	-406.715759	433.005035
811	-39.647640	200.193298	-29.208075	61.407425	0.000000	0.000000	3.750000	86.864449	-255.511917
812	315.050232	-411.844025	50.478168	-56.815090	0.000000	0.000000	3.750000	-515.663025	615.989502
813	512.527832	112.596954	81.984467	1.592556	0.000000	0.000000	3.750000	-685.990540	-84.060318
814	-537.576233	-219.366791	-94.044403	-27.561310	0.000000	0.000000	3.750000	1060.799927	171.390488
815	503.462006	218.271713	85.801735	27.167267	0.000000	0.000000	3.750000	-707.910522	-238.573502
816	-255.341553	398.176727	-48.775673	58.283173	0.000000	0.000000	3.750000	427.027557	-609.300476
817	390.731354	407.350922	64.658813	50.430527	0.000000	0.000000	3.750000	-656.276733	-478.041534
818	-365.060577	365.510834	-54.069515	50.522141	0.000000	0.000000	3.750000	471.386841	-484.955719
819	285.817841	598.324463	43.880699	87.626778	0.000000	0.000000	3.750000	-294.217224	-1005.505859
820	337.549866	359.711517	51.819809	40.874245	0.000000	0.000000	3.750000	-719.302185	-440.603577
821	471.019958	-47.787762	73.981018	-1.670997	0.000000	0.000000	3.750000	-625.091003	-76.917053
822	304.416870	418.698547	35.283852	80.616684	0.000000	0.000000	3.750000	-322.889862	-728.498230
823	306.879913	-349.621521	44.473854	-80.535614	0.000000	0.000000	3.750000	-156.489014	552.651794
824	218.450241	-405.727753	49.956985	-57.273842	0.000000	0.000000	3.750000	-396.542755	380.898071
825	-129.564758	247.845032	-8.576634	89.586563	0.000000	0.000000	3.750000	-95.207092	-248.142227
826	-175.759140	396.159698	-25.515051	71.588982	0.000000	0.000000	3.750000	262.603577	-767.863892
827	-453.377991	-322.178833	-51.949265	-80.729507	0.000000	0.000000	3.750000	277.039093	569.588928
828	411.425354	-160.554825	58.848595	-29.880404	0.000000	0.000000	3.750000	-943.645264	373.740204
829	212.867676	-554.276245	41.047638	-77.840080	0.000000	0.000000	3.750000	-273.360138	729.978760
830	183.691940	16.011337	52.583313	46.205956	0.000000	0.000000	3.750000	-234.458267	-176.657730
831	174.329330	458.169586	42.715782	76.937370	0.000000	0.000000	3.750000	-348.694031	-551.374390
832	-111.348488	187.188644	-22.291634	74.746063	0.000000	0.000000	3.750000	17.439051	-318.563568
833	277.256409	223.194992	82.494370	40.726799	0.000000	0.000000	3.750000	-301.479431	-166.138428
834	88.382080	-83.371552	-20.930737	-62.592213	0.000000	0.000000	3.750000	7.029414	138.636093
835	216.424500	-3.573740	68.930763	-44.412006	0.000000	0.000000	3.750000	-142.596466	52.778351
836	-159.996597	64.397804	-78.775269	13.944672	0.000000	0.000000	3.750000	424.672058	-61.021175
837	518.629150	537.136047	65.265480	70.401772	0.000000	0.000000	3.750000	-567.963501	-745.761292
838	-181.200485	97.391937	-46.184471	65.309128	0.000000	0.000000	3.750000	-19.980835	-162.761795
839	-385.776581	-354.584167	-56.695076	-59.242405	0.000000	0.000000	3.750000	542.570435	470.747437
840	243.558945	169.169846	59.347561	28.876690	0.000000	0.000000	3.750000	-504.581543	-297.268921
841	286.161407	-313.972107	52.995506	-57.231781	0.000000	0.000000	3.750000	-456.476593	489.909454
842	52.600758	-431.585236	9.285446	-67.362976	0.000000	0.000000	3.750000	-13.799517	341.487640
843	-84.029114	65.315720	-62.755623	31.003372	0.000000	0.000000	3.750000	12.979835	-60.455250
844	-138.099777	-318.567535	-26.755329	-66.844231	0.000000	0.000000	3.750000	151.359100	453.437347
845	24.587172	636.232422	20.425386	93.801834	0.000000	0.000000	3.750000	-82.554756	-973.588440
846	338.042633	-228.210419	61.070728	-48.521049	0.000000	0.000000	3.750000	-549.776001	223.079819
847	353.310425	-249.114212	67.998817	-58.958931	0.000000	0.000000	3.750000	-841.405579	630.798157
848	463.958160	-10.996569	81.993362	1.040589	0.000000	0.000000	3.750000	-439.969727	-38.965504
849	376.424561	-115.493515	79.736694	-26.420071	0.000000	0.000000	3.750000	-203.973450	25.174170
850	515.692139	-147.054688	83.190781	-21.800957	0.000000	0.000000	3.750000	-783.727966	119.124451
851	361.719421	-311.903290	65.154274	-49.788383	0.000000	0.000000	3.750000	-679.382080	317.483093
852	328.870514	354.788696	63.017521	42.482727	0.000000	0.000000	3.750000	-753.414307	-369.525574
853	-380.428467	-14.376196	-72.570915	-38.176727	0.000000	0.000000	3.750000	297.872559	147.931168
854	-130.186005	-185.813965	-62.772316	-67.257965	0.000000	0.000000	3.750000	197.304504	232.835022
855	20.407618	-267.409393	1.145208	-75.991066	0.000000	0.000000	3.750000	108.599121	556.921265
856	-493.551727	-232.418640	-72.733261	-33.314346	0.000000	0.000000	3.750000	765.070923	185.484894
857	11.086761	165.297302	-53.046822	62.518337	0.000000	0.000000	3.750000	23.609924	-107.389732
858	-50.715233	281.351288	-20.709480	64.769653	0.000000	0.000000	3.750000	115.966621	-590.551575
859	-403.996277	211.341095	-64.042694	44.525612	0.000000	0.000000	3.750000	694.261047	-411.437134
860	533.823364	353.995270	74.637741	38.538342	0.000000	0.000000	3.750000	-413.017059	-174.976501
861	274.158722	301.171051	57.411797	55.712219	0.000000	0.000000	3.750000	-84.886215	-66.862663
862	-445.730469	188.286545	-75.323334	10.118706	0.000000	0.000000	3.750000	715.646057	-173.943695
863	342.329407	325.809204	46.174423	47.158489	0.000000	0.000000	3.750000	-510.406921	-539.236389
864	-343.269409	269.260986	-54.944481	32.819183	0.000000	0.000000	3.750000	616.370911	-271.085724
865	-190.423080	557.109619	-21.931168	76.935173	0.000000	0.000000	3.750000	184.834259	-864.770691
866	-455.097290	-253.048843	-61.487549	-51.178665	0.000000	0.000000	3.750000	510.495117	291.133240
867	-209.564667	-356.760956	-30.460680	-49.357307	0.000000	0.000000	3.750000	354.064697	748.330383
868	432.151733	-139.697754	75.403702	-9.501652	0.000000	0.000000	3.750000	-858.515015	95.127991
869	-142.869614	-48.833397	-47.265842	-67.005569	0.000000	0.000000	3.750000	89.528603	215.859558
870	347.772644	381.322571	47.334793	61.995293	0.000000	0.000000	3.750000	-435.177521	-625.938354
871	100.601929	325.272369	18.604544	67.482338	0.000000	0.000000	3.750000	-133.088608	-382.806793
872	-284.037323	-438.925018	-41.273285	-68.531113	0.000000	0.000000	3.750000	138.473877	298.336426
873	-33.243546	143.333786	-26.265131	67.034470	0.000000	0.000000	3.750000	-38.820843	-203.987335
874	341.438782	-3.672611	71.134521	20.392735	0.000000	0.000000	3.750000	-611.640137	-271.259430
875	-198.516418	531.327209	-37.742065	81.703827	0.000000	0.000000	3.750000	220.437561	-657.948853
876	-176.367859	-491.227142	-26.402121	-69.129730	0.000000	0.000000	3.750000	161.335800	666.205688
877	108.302612	-141.363602	28.752235	-68.185562	0.000000	0.000000	3.750000	-124.789062	182.486115
878	43.894817	49.638145	89.997009	0.655470	0.000000	0.000000	3.750000	-349.085358	-78.727654
879	-135.553772	129.670975	-40.870419	56.829597	0.000000	0.000000	3.750000	204.434662	-321.234680
880	-365.476349	195.619034	-61.334419	51.362148	0.000000	0.000000	3.750000	328.772339	-347.932556
881	301.166748	-17.939083	84.522987	-36.329102	0.000000	0.000000	3.750000	-349.485962	72.414253
882	275.774048	494.531555	49.457626	55.044903	0.000000	0.000000	3.750000	-471.172852	-621.848083
883	-92.067505	554.434631	-6.438567	93.779205	0.000000	0.000000	3.750000	115.296417	-923.530701
884	-50.192657	502.404724	-25.690079	88.340347	0.000000	0.000000	3.750000	179.849579	-760.302979
885	-425.384186	-185.145767	-55.391258	-70.935211	0.000000	0.000000	3.750000	343.923950	506.104095
886	374.706421	333.310822	49.442856	60.327454	0.000000	0.000000	3.750000	-502.852020	-705.869629
887	-404.462708	-462.434967	-52.884293	-60.027069	0.000000	0.000000	3.750000	435.076355	553.053772
888	388.959351	-68.502640	81.784073	5.946084	0.000000	0.000000	3.750000	-883.382751	-146.715851
889	57.117813	194.082382	27.330421	55.651131	0.000000	0.000000	3.750000	-182.809662	-341.220581
890	-313.257477	338.746216	-37.664349	46.705421	0.000000	0.000000	3.750000	381.948151	-550.349548
891	5.917580	48.644890	59.529163	-40.475666	0.000000	0.000000	3.750000	-25.349133	-9.437932
892	-452.007568	-380.842346	-59.141582	-53.872719	0.000000	0.000000	3.750000	535.980896	409.475159
893	346.829559	193.510834	58.546551	34.587578	0.000000	0.000000	3.750000	-565.428406	-300.051544
894	7.584033	-206.233704	21.609741	-70.774170	0.000000	0.000000	3.750000	-71.673256	714.379456
895	-65.564697	516.262268	-19.693316	93.958359	0.000000	0.000000	3.750000	172.928131	-828.466858
896	466.244354	-491.595581	71.053925	-64.554886	0.000000	0.000000	3.750000	-575.291748	445.858490
897	-334.951294	394.334534	-48.876255	60.787422	0.000000	0.000000	3.750000	399.665588	-533.994019
898	-628.391907	366.458282	-90.274666	51.637806	0.000000	0.000000	3.750000	798.607849	-344.887421
899	233.919235	-7.454689	79.544540	-8.522292	0.000000	0.000000	3.750000	-350.824249	-13.561568
900	66.833542	397.819153	18.584045	71.628342	0.000000	0.000000	3.750000	-79.903992	-789.038513
901	91.287331	2.942309	59.268044	-24.151138	0.000000	0.000000	3.750000	-335.574829	78.402603
902	445.142975	458.574005	77.719986	59.695900	0.000000	0.000000	3.750000	-680.164978	-476.335144
903	-177.518066	243.313965	-19.797714	65.054008	0.000000	0.000000	3.750000	47.619339	-348.288971
904	-184.245148	-388.384277	-27.732948	-57.679146	0.000000	0.000000	3.750000	189.632797	477.313812
905	-185.074432	-136.725647	-45.632950	-72.894577	0.000000	0.000000	3.750000	114.500969	230.524643
906	-491.147766	534.554626	-65.324112	64.782402	0.000000	0.000000	3.750000	407.619873	-384.897369
907	406.723480	-374.759705	53.516434	-62.128799	0.000000	0.000000	3.750000	-507.818604	678.444275
908	-481.975281	394.582794	-81.160706	43.323196	0.000000	0.000000	3.750000	854.110229	-259.892273
909	339.821381	267.282318	72.422211	46.379005	0.000000	0.000000	3.750000	-374.244965	-206.231750
910	400.088684	-269.615387	56.811596	-40.895309	0.000000	0.000000	3.750000	-615.098022	277.671326
911	-146.033600	233.588455	5.642493	59.734039	0.000000	0.000000	3.750000	11.570971	-519.288391
912	-103.817139	311.849487	-28.800812	52.635612	0.000000	0.000000	3.750000	220.848618	-523.015625
913	191.348450	21.814930	70.993080	-44.899406	0.000000	0.000000	3.750000	-127.267097	87.911270
914	12.639299	-122.864021	9.013481	-71.433434	0.000000	0.000000	3.750000	-38.783852	196.488358
915	393.166901	-341.528503	57.637234	-49.537209	0.000000	0.000000	3.750000	-679.255066	410.449860
916	-328.006531	144.301743	-79.910912	31.782982	0.000000	0.000000	3.750000	598.601624	-96.142021
917	-84.595428	-524.051208	15.219168	-90.732437	0.000000	0.000000	3.750000	-91.101166	668.439453
918	-210.863510	-477.888367	-22.185356	-72.688828	0.000000	0.000000	3.750000	-4.706621	133.624817
919	317.717102	215.490967	71.412415	31.372902	0.000000	0.000000	3.750000	-542.521667	-293.647400
920	-509.658325	-285.941589	-76.609192	-43.301369	0.000000	0.000000	3.750000	779.265442	279.488556
921	-373.564392	-288.547333	-44.866997	-42.789536	0.000000	0.000000	3.750000	349.424988	241.486511
922	-273.515442	458.183350	-44.625942	68.793228	0.000000	0.000000	3.750000	356.391296	-806.971436
923	-366.596802	-140.396729	-64.310715	-32.374794	0.000000	0.000000	3.750000	692.363831	269.706299
924	33.940517	512.689880	27.045177	77.411423	0.000000	0.000000	3.750000	-102.775810	-530.991638
925	603.803711	100.668846	85.392197	10.206257	0.000000	0.000000	3.750000	-901.524475	-180.064575
926	-452.294861	115.248100	-77.945557	2.913733	0.000000	0.000000	3.750000	718.336487	-17.262623
927	-271.069122	-13.041794	-73.654854	-36.040672	0.000000	0.000000	3.750000	433.988525	155.972015
928	-277.224915	500.575043	-30.158581	74.097626	0.000000	0.000000	3.750000	291.418152	-801.818909
929	394.562683	278.700500	52.018417	46.841049	0.000000	0.000000	3.750000	-631.006409	-532.705200
930	-271.237091	395.764954	-56.765137	69.840622	0.000000	0.000000	3.750000	287.908508	-322.990570
931	480.299042	-17.842739	73.827225	5.053284	0.000000	0.000000	3.750000	-757.129639	-120.419662
932	-291.713867	62.251373	-69.431351	25.598335	0.000000	0.000000	3.750000	196.616669	-90.602760
933	202.206253	292.275879	36.849041	68.746567	0.000000	0.000000	3.750000	-258.336975	-304.535919
934	-5.247423	-207.554398	39.061707	-60.482292	0.000000	0.000000	3.750000	-736.573059	748.222473
935	-228.727875	137.690170	-63.967758	44.633175	0.000000	0.000000	3.750000	261.764954	-163.189896
936	251.805420	-36.433720	61.877522	-36.810181	0.000000	0.000000	3.750000	-186.544144	35.292515
937	168.329742	333.478790	22.083414	55.788197	0.000000	0.000000	3.750000	-209.670013	-529.544922
938	-220.216537	363.234344	-50.614113	76.825562	0.000000	0.000000	3.750000	310.462067	-690.791138
939	-437.748993	473.356140	-46.381264	72.420578	0.000000	0.000000	3.750000	326.361755	-883.256714
940	188.147141	-393.554718	43.266747	-74.323341	0.000000	0.000000	3.750000	-259.745697	652.431824
941	49.151638	368.519257	2.681422	71.950043	0.000000	0.000000	3.750000	10.456228	-512.382141
942	182.162872	450.352142	38.673649	70.031052	0.000000	0.000000	3.750000	-328.679474	-584.512878
943	-344.249268	-486.004333	-41.962677	-70.449005	0.000000	0.000000	3.750000	95.612183	321.049805
944	328.517883	-362.386963	47.489799	-56.751358	0.000000	0.000000	3.750000	-432.139465	609.062561
945	300.362640	-369.144897	49.040501	-52.716408	0.000000	0.000000	3.750000	-430.260590	624.950439
946	405.914642	399.500549	59.240749	53.763668	0.000000	0.000000	3.750000	-662.973511	-549.478516
947	236.726166	-278.491455	42.085213	-70.376373	0.000000	0.000000	3.750000	-80.717010	173.972595
948	-100.879318	-86.879333	-39.141449	-65.145363	0.000000	0.000000	3.750000	190.517181	479.106384
949	509.051849	510.702271	72.523682	65.911316	0.000000	0.000000	3.750000	-836.934448	-563.233582
950	381.006226	-156.931259	58.444443	-51.654533	0.000000	0.000000	3.750000	-426.765076	227.815796
951	-26.536121	-110.071617	10.182656	-81.364670	0.000000	0.000000	3.750000	-73.199997	203.104553
952	84.501358	-357.417816	36.369904	-55.074749	0.000000	0.000000	3.750000	-259.739807	449.501373
953	-155.883911	-608.172546	-42.760094	-88.179115	0.000000	0.000000	3.750000	233.006546	708.667847
954	460.256256	4.754744	71.929466	-3.185889	0.000000	0.000000	3.750000	-525.380737	9.123230
955	529.530334	135.196976	75.169266	20.822521	0.000000	0.000000	3.750000	-826.143311	-156.501633
956	186.821121	-60.523411	77.936966	-3.131385	0.000000	0.000000	3.750000	-274.402466	-17.505527
957	-123.575912	-27.382553	-40.917099	-51.785698	0.000000	0.000000	3.750000	113.736664	121.535149
958	-195.702026	108.956139	-53.161835	48.557102	0.000000	0.000000	3.750000	197.503433	-230.461151
959	-211.249680	-230.338562	-24.430763	-65.598274	0.000000	0.000000	3.750000	131.257233	459.894196
960	115.621391	-225.973038	41.095207	-54.177132	0.000000	0.000000	3.750000	-261.283569	240.295975
961	-112.269386	-87.395073	-64.510010	21.504761	0.000000	0.000000	3.750000	325.132172	-84.166084
962	-373.321136	-418.012146	-48.074436	-53.598946	0.000000	0.000000	3.750000	511.379517	505.384888
963	399.888580	-125.190102	81.643097	-19.746601	0.000000	0.000000	3.750000	-68.705002	18.858009
964	-259.383850	469.056702	-66.136719	77.652649	0.000000	0.000000	3.750000	404.080750	-476.364532
965	-199.346436	-608.017273	-27.135056	-94.164337	0.000000	0.000000	3.750000	7.897315	171.509842
966	-375.038208	407.266571	-58.689095	48.286423	0.000000	0.000000	3.750000	758.020142	-433.816498
967	-223.739059	300.921356	-39.517464	87.488449	0.000000	0.000000	3.750000	102.941521	-574.991455
968	-430.644806	81.335022	-57.153992	18.259720	0.000000	0.000000	3.750000	699.873657	-138.869492
969	393.160614	587.754028	49.701263	82.132668	0.000000	0.000000	3.750000	-411.636566	-871.542664
970	-410.267578	287.856384	-55.834473	42.219704	0.000000	0.000000	3.750000	126.234741	-87.148674
971	94.219330	314.702515	27.779415	64.251831	0.000000	0.000000	3.750000	-198.241882	-384.085022
972	-178.626038	-508.772400	-36.578354	-75.617554	0.000000	0.000000	3.750000	210.946243	625.414612
973	-255.392044	58.804089	-54.506599	25.079762	0.000000	0.000000	3.750000	405.886627	-59.340698
974	22.665970	106.926323	53.133942	27.870832	0.000000	0.000000	3.750000	-252.991272	-124.903244
975	367.325989	-54.547359	75.935310	-30.948753	0.000000	0.000000	3.750000	-694.925842	235.509003
976	427.601074	-350.423035	64.567108	-53.731476	0.000000	0.000000	3.750000	-877.371216	539.610291
977	361.691254	513.001648	65.423378	64.682159	0.000000	0.000000	3.750000	-576.672180	-532.588928
978	-389.580170	231.863556	-67.726196	46.228737	0.000000	0.000000	3.750000	374.460907	-153.928055
979	-144.848480	101.748665	-60.193481	14.857391	0.000000	0.000000	3.750000	313.782837	-60.160156
980	-38.737305	166.640747	-35.074326	71.901131	0.000000	0.000000	3.750000	105.335457	-312.350708
981	-43.869652	-37.177216	55.903572	-38.706825	0.000000	0.000000	3.750000	-37.876099	4.613806
982	95.079597	399.721222	7.284678	67.608643	0.000000	0.000000	3.750000	-6.284717	-866.592651
983	-174.239914	113.865349	-49.419666	16.176563	0.000000	0.000000	3.750000	425.283051	-49.944321
984	40.767658	-362.709534	8.660532	-57.349754	0.000000	0.000000	3.750000	-71.354095	782.175049
985	62.443970	186.940384	27.157059	64.516655	0.000000	0.000000	3.750000	-242.052216	-285.268829
986	224.266129	-299.240021	55.039486	-49.463646	0.000000	0.000000	3.750000	-373.084564	368.610596
987	24.071339	-452.636780	-0.596446	-83.997871	0.000000	0.000000	3.750000	35.325108	765.084595
988	-261.080811	137.597260	-50.338455	36.194466	0.000000	0.000000	3.750000	261.005859	-186.782501
989	199.903458	440.319244	37.285461	61.593777	0.000000	0.000000	3.750000	-364.752197	-670.036682
990	-247.846329	84.996918	-53.885849	26.387344	0.000000	0.000000	3.750000	413.867371	-106.888748
991	-215.369690	-334.126648	-34.227394	-56.431076	0.000000	0.000000	3.750000	107.648460	177.701233
992	355.845551	-222.239792	41.903206	-42.943134	0.000000	0.000000	3.750000	-261.850891	384.792847
993	345.679291	-231.327957	42.595406	-36.354210	0.000000	0.000000	3.750000	-656.754028	419.430603
994	342.597656	-242.793259	65.009781	-39.366463	0.000000	0.000000	3.750000	-425.954010	196.167648
995	151.226562	-373.473694	38.630554	-76.835327	0.000000	0.000000	3.750000	-137.532944	365.977509
996	294.469574	-175.263275	43.403557	-28.637882	0.000000	0.000000	3.750000	-1093.869019	520.659485
997	112.305908	-34.627007	77.183243	11.258119	0.000000	0.000000	3.750000	-350.159851	-56.828976
998	-382.647766	394.844788	-52.236313	57.925495	0.000000	0.000000	3.750000	528.789978	-730.164795
999	-337.352570	173.696228	-63.848091	28.695297	0.000000	0.000000	3.750000	619.550049	-250.852066
