node	a_force.x	a_force.y	g_force.x	g_force.y	r_force.x	r_force.y	global_speed	move_node.x	move_node.y
0	421.492554	-326.440399	81.388962	-75.475243	0.000000	0.000000	7.125000	-196.638565	105.729744
1	-446.103394	445.299561	-67.891037	76.122932	0.000000	0.000000	7.125000	169.421219	-207.021286
2	-303.993042	-270.977234	-10.964887	-98.378296	0.000000	0.000000	7.125000	-11.598518	165.733200
3	133.904449	813.241882	47.270332	132.840118	0.000000	0.000000	7.125000	-72.459221	-272.171173
4	-493.838715	627.489136	-46.628975	94.073814	0.000000	0.000000	7.125000	154.029984	-357.145416
5	-243.019745	517.251282	-39.380127	94.091461	0.000000	0.000000	7.125000	91.494583	-275.524780
6	458.650665	578.530273	70.951599	77.400436	0.000000	0.000000	7.125000	-226.878265	-224.513458
7	-165.066803	-188.546967	14.860525	-76.569763	0.000000	0.000000	7.125000	-5.205894	62.093281
8	-225.934692	96.924599	-96.975220	-65.448906	0.000000	0.000000	7.125000	120.006233	78.598679
9	530.880371	-510.373718	89.123138	-71.072945	0.000000	0.000000	7.125000	-245.965698	70.670982
10	-61.770126	-594.285217	-20.035160	-87.741310	0.000000	0.000000	7.125000	28.066895	215.678482
11	-362.424896	279.625824	-71.246498	85.114456	0.000000	0.000000	7.125000	102.092819	-149.577209
12	187.182175	-488.109436	46.327957	-123.599701	0.000000	0.000000	7.125000	-170.687393	325.947388
13	116.876091	-550.028992	40.490234	-116.143341	0.000000	0.000000	7.125000	-66.575272	249.189362
14	-356.953674	530.852356	-55.873051	85.334831	0.000000	0.000000	7.125000	105.374405	-188.205002
15	-484.984314	-652.732361	-69.333313	-115.826843	0.000000	0.000000	7.125000	135.814621	311.903320
16	-892.376160	3.509872	-134.564133	-10.839466	0.000000	0.000000	7.125000	442.770599	30.970219
17	722.659546	13.492614	128.998871	0.201029	0.000000	0.000000	7.125000	-426.262726	14.559612
18	307.030121	29.333118	97.474518	17.290649	0.000000	0.000000	7.125000	-266.254395	-8.612759
19	-184.922562	-566.714355	-21.650146	-105.801605	0.000000	0.000000	7.125000	19.678820	221.959152
20	29.317421	324.806000	18.449177	97.256569	0.000000	0.000000	7.125000	-10.008621	-150.686813
21	682.228882	-133.076263	103.702797	-16.451193	0.000000	0.000000	7.125000	-301.917267	31.259321
22	77.684616	-123.373871	95.942741	-3.217789	0.000000	0.000000	7.125000	-118.420586	-12.724472
23	308.460205	-535.760254	73.493973	-87.146629	0.000000	0.000000	7.125000	-192.250000	267.139008
24	641.858948	549.252075	106.337234	55.583351	0.000000	0.000000	7.125000	-319.513123	-83.366440
25	-427.155029	-124.196121	-112.834427	-62.507126	0.000000	0.000000	7.125000	191.469070	146.091522
26	538.740967	275.249573	114.603745	35.551727	0.000000	0.000000	7.125000	-192.681473	-35.882668
27	-1003.431335	-253.030487	-153.222412	-29.301556	0.000000	0.000000	7.125000	460.120392	70.314735
28	250.763199	213.604752	97.098618	59.725792	0.000000	0.000000	7.125000	-277.076080	-121.683556
29	-76.844795	-627.730835	27.156773	-107.626266	0.000000	0.000000	7.125000	-71.535011	303.369446
30	-122.659821	540.041809	-10.380911	92.418777	0.000000	0.000000	7.125000	23.211695	-235.116684
31	-584.292847	145.529984	-95.883461	-4.728585	0.000000	0.000000	7.125000	236.920013	13.064506
32	-135.517609	-720.187866	-48.888500	-106.291077	0.000000	0.000000	7.125000	106.390526	336.311829
33	699.545227	-603.866211	95.729691	-77.227844	0.000000	0.000000	7.125000	-232.872681	123.189087
34	113.910698	-154.248077	100.943604	-75.380402	0.000000	0.000000	7.125000	-141.222717	142.541885
35	-441.926025	-424.321960	-70.617844	-60.510635	0.000000	0.000000	7.125000	129.700760	150.921143
36	-506.027313	-516.660217	-75.357498	-73.116882	0.000000	0.000000	7.125000	232.486221	255.017899
37	-25.330011	554.273560	52.795700	101.024620	0.000000	0.000000	7.125000	-232.190643	-344.652863
38	58.837585	-75.683670	102.464813	-33.415768	0.000000	0.000000	7.125000	-105.591797	-28.516867
39	337.266357	68.366364	101.329132	27.516361	0.000000	0.000000	7.125000	-383.899841	-101.477371
40	-405.105713	-487.453247	-54.762581	-75.156288	0.000000	0.000000	7.125000	111.675903	242.733322
41	450.331116	-672.978882	72.551292	-75.903290	0.000000	0.000000	7.125000	-341.470276	347.267731
42	122.613800	-485.492493	34.207939	-76.718582	0.000000	0.000000	7.125000	-46.878315	156.703094
43	-136.384323	-108.134521	-98.834747	-5.514075	0.000000	0.000000	7.125000	112.734619	22.755341
44	168.196747	-747.815186	46.683624	-104.002670	0.000000	0.000000	7.125000	-60.936207	181.399307
45	117.185837	-477.047241	29.457645	-100.780655	0.000000	0.000000	7.125000	-36.150814	279.691559
46	551.020264	533.677734	93.931236	69.749191	0.000000	0.000000	7.125000	-315.866882	-176.306870
47	195.565292	-357.415802	54.718140	-106.797638	0.000000	0.000000	7.125000	-112.725899	267.715973
48	402.293152	127.807190	87.377487	31.843914	0.000000	0.000000	7.125000	-254.662674	-75.285492
49	-542.280396	-13.075991	-114.145950	25.684307	0.000000	0.000000	7.125000	138.956192	-24.442932
50	-752.473694	-17.331402	-107.192070	-13.182659	0.000000	0.000000	7.125000	315.034851	38.036240
51	217.974487	-439.335449	57.237289	-84.426155	0.000000	0.000000	7.125000	-150.165085	243.676605
52	-10.042732	-252.227768	38.767456	-81.200890	0.000000	0.000000	7.125000	-42.379921	152.351791
53	362.937958	-438.136963	74.423889	-60.632553	0.000000	0.000000	7.125000	-220.176666	122.287704
54	389.066467	346.406677	82.731293	59.661747	0.000000	0.000000	7.125000	-295.902191	-188.280609
55	402.149933	-635.943970	57.753555	-98.286148	0.000000	0.000000	7.125000	-129.326492	254.416397
56	432.039215	283.622681	78.896469	54.692238	0.000000	0.000000	7.125000	-305.451538	-168.793839
57	-610.878967	39.656796	-98.263046	12.054641	0.000000	0.000000	7.125000	310.347046	-26.944395
58	412.177094	-38.258949	107.592422	-9.340694	0.000000	0.000000	7.125000	-177.253616	24.516153
59	-708.282104	206.262146	-128.939148	-3.955787	0.000000	0.000000	7.125000	416.453705	3.070910
60	164.869904	367.988159	8.600973	134.725525	0.000000	0.000000	7.125000	-9.363098	-183.330490
61	236.712524	72.855957	84.446381	-57.207832	0.000000	0.000000	7.125000	-193.432465	121.734505
62	-84.177032	-271.155579	-28.547903	-88.509468	0.000000	0.000000	7.125000	39.442497	161.255386
63	34.039459	-254.882126	56.239891	-105.995216	0.000000	0.000000	7.125000	-186.300201	274.643768
64	714.141663	578.193237	92.233482	76.761024	0.000000	0.000000	7.125000	-263.000153	-174.845093
65	491.883728	618.605530	65.263741	86.048622	0.000000	0.000000	7.125000	-225.392181	-326.541290
66	-439.271851	191.674927	-85.288193	61.242035	0.000000	0.000000	7.125000	182.159912	-146.933365
67	-501.971313	446.223999	-67.423088	72.492134	0.000000	0.000000	7.125000	168.377457	-185.465164
68	561.905884	-536.332336	72.511932	-71.735077	0.000000	0.000000	7.125000	-202.413757	197.773773
69	-520.333496	423.222015	-77.042221	57.275490	0.000000	0.000000	7.125000	204.486023	-150.744324
70	270.214813	573.892822	59.529892	86.492378	0.000000	0.000000	7.125000	-109.896538	-176.793549
71	415.254913	168.683884	90.028336	23.317192	0.000000	0.000000	7.125000	-289.829651	-20.097202
72	-29.375935	469.929443	17.647562	75.973503	0.000000	0.000000	7.125000	-26.109583	-216.716644
73	-527.992615	-78.703079	-75.890244	-28.313324	0.000000	0.000000	7.125000	217.666885	77.981102
74	-325.409271	-579.282654	-44.167614	-108.330528	0.000000	0.000000	7.125000	42.255226	233.112045
75	399.043274	517.737305	67.485313	72.433510	0.000000	0.000000	7.125000	-227.768707	-215.591583
76	529.580322	39.240791	119.936203	3.848995	0.000000	0.000000	7.125000	-190.752136	11.121878
77	-471.306519	-414.562408	-85.617111	-79.739075	0.000000	0.000000	7.125000	121.120522	142.972244
78	577.240723	497.187012	82.948143	90.818932	0.000000	0.000000	7.125000	-186.520142	-169.178802
79	42.634739	301.982483	36.541245	85.520386	0.000000	0.000000	7.125000	-73.359535	-217.572678
80	532.006958	-43.415039	110.998505	-0.526717	0.000000	0.000000	7.125000	-232.340790	8.479613
81	381.883484	-645.403015	57.766567	-87.680916	0.000000	0.000000	7.125000	-145.792328	268.844055
82	-533.016907	571.139526	-75.718887	81.164139	0.000000	0.000000	7.125000	310.480988	-310.144287
83	530.117554	-308.071228	65.036575	-53.161240	0.000000	0.000000	7.125000	-215.226471	180.127304
84	402.458130	-549.408447	65.940285	-69.769997	0.000000	0.000000	7.125000	-224.620255	243.016922
85	636.314209	322.371216	111.651596	43.968121	0.000000	0.000000	7.125000	-319.162140	-96.557541
86	401.191193	437.250000	70.464539	45.719532	0.000000	0.000000	7.125000	-278.612640	-122.635307
87	-425.887177	4.646431	-89.980003	1.849746	0.000000	0.000000	7.125000	175.342865	-9.348800
88	72.110268	-80.550980	79.136497	-42.859474	0.000000	0.000000	7.125000	-284.311066	135.362579
89	492.658447	-721.530579	77.065796	-95.861832	0.000000	0.000000	7.125000	-171.310318	275.061584
90	-65.192497	253.473663	50.844810	105.374359	0.000000	0.000000	7.125000	-102.480247	-150.934616
91	622.789917	-90.690483	110.608215	-9.316930	0.000000	0.000000	7.125000	-334.382202	30.499332
92	-415.868652	-495.246307	-67.403397	-80.499786	0.000000	0.000000	7.125000	138.248642	239.697449
93	345.230988	-559.768982	50.203987	-85.323593	0.000000	0.000000	7.125000	-97.699753	201.005859
94	-631.351562	-94.781464	-89.859497	-23.950371	0.000000	0.000000	7.125000	317.260254	61.776237
95	504.784698	550.328491	107.099014	91.703384	0.000000	0.000000	7.125000	-167.954651	-118.700333
96	566.742676	167.454483	96.073837	34.259300	0.000000	0.000000	7.125000	-276.824677	-82.115356
97	323.873108	592.961243	55.448990	70.889557	0.000000	0.000000	7.125000	-159.836716	-189.039383
98	-67.276779	581.860474	13.225716	107.187126	0.000000	0.000000	7.125000	-56.175068	-340.530151
99	-724.763428	-81.480736	-122.635048	-9.450113	0.000000	0.000000	7.125000	315.571472	3.104028
100	569.234680	-596.485840	71.537811	-80.908394	0.000000	0.000000	7.125000	-243.809967	318.495575
101	-379.349518	444.799500	-75.731560	68.327660	0.000000	0.000000	7.125000	204.764206	-176.547867
102	281.621368	-208.803925	79.391922	-27.439423	0.000000	0.000000	7.125000	-236.332581	78.771614
103	-170.914520	-83.857262	-108.348587	-24.089346	0.000000	0.000000	7.125000	256.906464	9.657496
104	306.170166	-402.728699	71.562798	-68.408798	0.000000	0.000000	7.125000	-166.194977	181.679825
105	-77.717590	-88.132881	-3.977003	-110.836327	0.000000	0.000000	7.125000	55.050472	80.906029
106	540.865112	-36.441658	100.372513	-18.141907	0.000000	0.000000	7.125000	-269.572388	60.911545
107	615.201782	-620.469727	112.654785	-94.431190	0.000000	0.000000	7.125000	-297.815186	175.388840
108	-23.675341	409.768555	79.335220	85.947166	0.000000	0.000000	7.125000	-139.274826	-87.301865
109	-407.001587	300.669281	-72.432281	53.412182	0.000000	0.000000	7.125000	217.693665	-204.106384
110	-663.392029	-390.937714	-81.443184	-66.271309	0.000000	0.000000	7.125000	272.984833	194.334656
111	-10.541964	511.066498	-1.720637	92.983200	0.000000	0.000000	7.125000	31.070004	-251.575134
112	482.644745	-209.555450	103.326172	-48.155659	0.000000	0.000000	7.125000	-225.937546	79.251312
113	390.180908	-270.772888	87.351212	-46.584785	0.000000	0.000000	7.125000	-264.976318	103.516342
114	-216.165100	622.652344	-44.577538	91.737648	0.000000	0.000000	7.125000	57.033314	-283.679657
115	269.134186	-311.691772	49.972618	-63.746780	0.000000	0.000000	7.125000	-121.832321	157.507278
116	-436.998138	436.310944	-65.072021	53.115414	0.000000	0.000000	7.125000	174.692154	-109.446907
117	-808.114868	439.006378	-106.329819	67.589928	0.000000	0.000000	7.125000	328.329987	-152.417007
118	-437.491455	-122.054321	-77.061523	-62.131580	0.000000	0.000000	7.125000	97.227570	100.354965
119	-232.151077	-486.750397	-42.430824	-79.370148	0.000000	0.000000	7.125000	95.358826	218.493179
120	-67.705994	539.410339	15.747456	118.949234	0.000000	0.000000	7.125000	9.912003	-319.418335
121	-274.049225	-133.643997	51.696564	-98.143723	0.000000	0.000000	7.125000	15.727979	-12.088472
122	-589.864929	-8.511993	-104.383041	-37.749714	0.000000	0.000000	7.125000	228.163651	90.457222
123	149.177994	577.925781	48.762810	106.348969	0.000000	0.000000	7.125000	-101.004196	-267.802094
124	-502.851654	525.230957	-75.053978	64.559280	0.000000	0.000000	7.125000	205.205978	-183.649872
125	-45.874859	-858.381775	3.551102	-122.948097	0.000000	0.000000	7.125000	-19.091961	275.930664
126	-734.319580	-808.317383	-99.444420	-99.958603	0.000000	0.000000	7.125000	240.588303	259.084320
127	879.183472	365.040985	115.939011	63.088470	0.000000	0.000000	7.125000	-538.791809	-188.531891
128	227.510635	446.324585	-33.413773	105.850998	0.000000	0.000000	7.125000	76.364761	-237.646179
129	-590.356262	167.023193	-86.276909	25.587107	0.000000	0.000000	7.125000	242.870682	-20.799910
130	708.332336	477.651123	96.434059	81.087349	0.000000	0.000000	7.125000	-390.909973	-215.213913
131	419.551361	706.372437	84.438919	97.524643	0.000000	0.000000	7.125000	-274.671021	-293.152313
132	67.131630	581.142151	53.628220	93.744362	0.000000	0.000000	7.125000	-130.012543	-243.987823
133	68.936913	527.060852	32.229630	80.809837	0.000000	0.000000	7.125000	-102.872627	-279.273590
134	-648.745728	674.882263	-71.942810	99.758179	0.000000	0.000000	7.125000	160.498947	-295.127014
135	-435.886658	226.809586	-74.127609	32.642578	0.000000	0.000000	7.125000	272.741669	-77.447479
136	340.122253	172.705231	94.850784	28.304380	0.000000	0.000000	7.125000	-202.851273	-11.197133
137	-364.438080	708.699829	-63.324802	91.155075	0.000000	0.000000	7.125000	133.457382	-301.491791
138	609.617798	400.568237	89.564857	60.345554	0.000000	0.000000	7.125000	-264.399017	-78.988342
139	487.859650	-604.415894	53.250084	-90.491714	0.000000	0.000000	7.125000	-163.743332	377.631134
140	192.911377	-304.557037	75.109261	-64.493851	0.000000	0.000000	7.125000	-162.568665	120.769844
141	-505.262970	274.871216	-77.236359	40.029461	0.000000	0.000000	7.125000	451.762299	-189.612366
142	-364.651459	-609.939148	-33.744133	-89.869102	0.000000	0.000000	7.125000	59.039200	247.271133
143	68.063202	303.850830	-10.960711	104.413895	0.000000	0.000000	7.125000	26.849554	-159.559937
144	498.499664	71.785072	125.819260	6.715326	0.000000	0.000000	7.125000	-416.599121	-34.821857
145	-75.744835	240.065308	-74.154022	90.499168	0.000000	0.000000	7.125000	103.769180	-132.669907
146	-98.976295	-565.360107	-60.504738	-107.086914	0.000000	0.000000	7.125000	138.651886	323.711212
147	22.180731	746.538330	13.080175	119.284241	0.000000	0.000000	7.125000	-40.655857	-371.934052
148	801.234985	-439.160706	122.306793	-63.900871	0.000000	0.000000	7.125000	-414.712982	154.104248
149	523.387939	-384.844269	75.375877	-59.450363	0.000000	0.000000	7.125000	-128.389420	132.610992
150	-423.689972	-647.853760	-53.172089	-90.532852	0.000000	0.000000	7.125000	104.934570	296.460449
151	305.320862	359.781036	41.066994	59.139664	0.000000	0.000000	7.125000	-116.165543	-227.009796
152	309.131744	698.748352	26.095852	126.324326	0.000000	0.000000	7.125000	-26.803925	-293.944855
153	675.156494	181.263565	117.861488	22.551212	0.000000	0.000000	7.125000	-350.269989	-39.045071
154	384.375336	406.102264	83.827629	58.104168	0.000000	0.000000	7.125000	-314.955109	-111.282349
155	-52.217617	29.142273	70.975304	39.024006	0.000000	0.000000	7.125000	-84.999710	-48.679268
156	-677.306763	69.919182	-91.279831	29.722025	0.000000	0.000000	7.125000	221.438705	-65.980064
157	-436.473724	-338.115906	-104.554459	-75.558311	0.000000	0.000000	7.125000	358.089569	303.483887
158	46.141758	216.710495	48.676468	79.243851	0.000000	0.000000	7.125000	-124.154541	-202.697754
159	-591.878418	-78.903625	-98.952988	3.030185	0.000000	0.000000	7.125000	286.764038	-26.974810
160	-419.806763	-199.468201	-85.773338	-43.101730	0.000000	0.000000	7.125000	276.281799	199.075867
161	-671.097778	334.553589	-124.001541	35.518440	0.000000	0.000000	7.125000	191.789261	-27.268538
162	108.704178	422.190002	27.095398	129.183945	0.000000	0.000000	7.125000	-37.346203	-348.381378
163	22.684183	-8.946459	90.594383	46.712944	0.000000	0.000000	7.125000	-49.749092	-57.771149
164	-695.091919	183.345764	-107.696632	8.086012	0.000000	0.000000	7.125000	203.465652	-17.731802
165	23.411470	-471.037537	54.982735	-89.449135	0.000000	0.000000	7.125000	-99.104111	184.872711
166	-146.690155	84.223389	95.999794	0.196719	0.000000	0.000000	7.125000	-53.593605	10.829529
167	-567.746887	-315.700958	-69.861855	-74.313118	0.000000	0.000000	7.125000	152.401794	227.728668
168	38.150497	-659.447266	-0.057885	-98.999962	0.000000	0.000000	7.125000	1.045375	304.036377
169	475.715515	-386.870178	107.298630	-71.603333	0.000000	0.000000	7.125000	-215.486710	112.811584
170	622.825684	-363.328308	119.312210	-49.046761	0.000000	0.000000	7.125000	-331.215912	124.672592
171	282.592377	306.859802	54.300743	55.993618	0.000000	0.000000	7.125000	-219.663147	-187.211731
172	-748.135620	-518.992676	-98.895233	-67.965477	0.000000	0.000000	7.125000	294.803467	166.940262
173	-298.003845	206.306091	-62.847885	40.928265	0.000000	0.000000	7.125000	387.368500	-266.131317
174	828.276123	-332.007965	120.588402	-60.676575	0.000000	0.000000	7.125000	-349.627136	113.807007
175	-515.715881	-368.777344	-78.737183	-73.919678	0.000000	0.000000	7.125000	172.043335	206.679306
176	286.011383	-168.465363	97.492737	-64.676933	0.000000	0.000000	7.125000	-141.309296	116.159821
177	496.135254	-399.503571	95.977737	-86.189049	0.000000	0.000000	7.125000	-452.419891	319.204803
178	-751.965454	-233.217255	-116.294670	-40.047424	0.000000	0.000000	7.125000	270.161072	64.116798
179	428.982971	-347.207275	52.126511	-69.654938	0.000000	0.000000	7.125000	-172.492035	224.737335
180	761.436768	-113.752838	112.646400	-17.492754	0.000000	0.000000	7.125000	-240.157166	81.694466
181	62.259148	-67.587273	-101.058846	-13.730165	0.000000	0.000000	7.125000	185.242020	-4.962303
182	903.260620	169.753342	143.179276	15.350015	0.000000	0.000000	7.125000	-267.992157	-20.265356
183	379.702606	25.921638	120.906479	-44.897186	0.000000	0.000000	7.125000	-418.487976	73.302269
184	401.288330	-119.218964	100.068130	-47.992397	0.000000	0.000000	7.125000	-216.903778	53.343372
185	200.745392	216.264618	98.355568	11.277408	0.000000	0.000000	7.125000	-206.276260	-10.146985
186	483.521454	239.711975	103.887039	53.815189	0.000000	0.000000	7.125000	-254.884781	-108.487503
187	-46.366631	605.325806	-38.574734	135.617249	0.000000	0.000000	7.125000	55.758808	-275.323425
188	388.879822	286.194336	74.701202	38.412720	0.000000	0.000000	7.125000	-216.259750	-89.460899
189	-56.036732	185.414337	-22.478651	90.240417	0.000000	0.000000	7.125000	44.521454	-107.903465
190	567.014771	148.020142	92.074432	27.167038	0.000000	0.000000	7.125000	-258.095978	-56.557796
191	504.878357	127.523033	90.050941	23.229931	0.000000	0.000000	7.125000	-275.529205	-45.707485
192	-666.696533	209.422394	-98.447136	44.377045	0.000000	0.000000	7.125000	340.819031	-86.049484
193	527.664185	-452.902954	91.978531	-90.447182	0.000000	0.000000	7.125000	-206.552948	191.233307
194	-661.489502	76.696716	-121.542297	33.205982	0.000000	0.000000	7.125000	289.466064	-66.378967
195	-395.865997	-676.596497	-42.289074	-105.862732	0.000000	0.000000	7.125000	101.539909	370.079071
196	-622.975708	277.443665	-104.628540	37.063095	0.000000	0.000000	7.125000	275.477966	-70.540993
197	40.623890	790.696899	-2.287501	122.978729	0.000000	0.000000	7.125000	25.232283	-563.745544
198	-295.971039	-545.295715	-67.754211	-84.096519	0.000000	0.000000	7.125000	164.331009	279.505981
199	-81.007072	558.881470	-16.811903	94.516258	0.000000	0.000000	7.125000	38.161179	-299.398071
200	63.827751	-407.773987	17.861046	-100.418655	0.000000	0.000000	7.125000	-11.141021	260.997192
201	-82.912773	-189.622925	-52.016605	-108.135468	0.000000	0.000000	7.125000	54.716370	192.525681
202	597.465759	478.690857	85.544403	84.151695	0.000000	0.000000	7.125000	-257.987793	-197.697891
203	-501.681274	112.051117	-85.509964	28.070623	0.000000	0.000000	7.125000	231.664612	-72.889587
204	77.342239	-5.378614	-28.612503	104.134750	0.000000	0.000000	7.125000	29.578218	-51.712311
205	-250.103577	-317.961731	-71.922890	-37.257118	0.000000	0.000000	7.125000	118.454208	67.788948
206	-529.322632	-464.704041	-105.357330	-69.105446	0.000000	0.000000	7.125000	338.518494	204.479263
207	-523.441284	-443.477692	-80.219223	-52.728821	0.000000	0.000000	7.125000	266.838379	148.984680
208	-726.432617	457.339172	-88.094536	67.520409	0.000000	0.000000	7.125000	295.156281	-163.620438
209	-248.734543	-521.782898	-35.958691	-95.450455	0.000000	0.000000	7.125000	71.514412	210.531174
210	120.970184	247.501373	-6.111801	116.824997	0.000000	0.000000	7.125000	29.799740	-135.501587
211	-557.878662	133.329926	-104.290131	12.175802	0.000000	0.000000	7.125000	257.395721	-11.620194
212	-196.862503	200.744476	-84.979408	50.784214	0.000000	0.000000	7.125000	140.959976	-71.983223
213	169.759521	-25.951416	97.568344	73.520248	0.000000	0.000000	7.125000	10.997128	-49.570045
214	381.770538	743.647461	60.000198	110.793518	0.000000	0.000000	7.125000	-138.039734	-333.901733
215	-108.589111	-188.970215	-51.645309	-101.629959	0.000000	0.000000	7.125000	59.909798	165.799881
216	-407.499634	210.347443	-65.192001	62.047661	0.000000	0.000000	7.125000	133.567154	-165.812149
217	150.779984	781.908386	32.711792	121.677078	0.000000	0.000000	7.125000	-60.081673	-336.340851
218	250.873474	514.510498	68.073288	106.028198	0.000000	0.000000	7.125000	-130.801437	-221.145462
219	256.395782	-687.990784	41.357208	-115.831177	0.000000	0.000000	7.125000	-65.580597	297.222107
220	-270.032562	853.771973	-56.684959	129.090790	0.000000	0.000000	7.125000	91.531265	-362.925018
221	332.797882	-312.456268	103.911102	-71.242371	0.000000	0.000000	7.125000	-48.593487	38.030788
222	-164.335602	75.266068	-84.849907	38.064758	0.000000	0.000000	7.125000	154.749847	-47.283051
223	313.438568	-411.343750	66.908470	-99.613739	0.000000	0.000000	7.125000	-136.128326	225.405823
224	-26.892927	720.399048	-3.570256	104.937683	0.000000	0.000000	7.125000	9.035477	-244.171921
225	-102.294884	780.593140	-25.623201	117.232132	0.000000	0.000000	7.125000	43.480244	-470.609070
226	76.456726	-39.824554	119.167999	14.056305	0.000000	0.000000	7.125000	-207.235107	-42.876537
227	66.634369	612.294434	5.194748	107.871590	0.000000	0.000000	7.125000	9.473553	-307.072937
228	-497.335602	-567.829712	-67.521393	-80.408432	0.000000	0.000000	7.125000	153.895752	227.009888
229	85.405968	670.796143	-6.020497	128.847946	0.000000	0.000000	7.125000	21.262568	-366.170105
230	-514.420166	333.385468	-69.377716	57.327549	0.000000	0.000000	7.125000	438.400116	-268.955719
231	-461.899048	-595.537231	-83.446190	-86.230606	0.000000	0.000000	7.125000	172.286392	242.698334
232	344.315491	248.616913	49.922752	81.996490	0.000000	0.000000	7.125000	-72.080704	-164.959167
233	-436.782654	-262.362976	-100.877983	-46.309761	0.000000	0.000000	7.125000	232.310669	125.990746
234	81.339149	376.663483	18.757149	88.018532	0.000000	0.000000	7.125000	-2.032922	-393.832794
235	-13.672733	535.990967	-0.731364	107.994408	0.000000	0.000000	7.125000	23.562307	-239.294907
236	380.878479	-712.074646	65.018311	-89.964371	0.000000	0.000000	7.125000	-151.415710	251.304840
237	-201.953506	-697.500488	-45.264324	-98.049301	0.000000	0.000000	7.125000	94.045029	315.667969
238	418.147217	721.577820	45.180374	124.021889	0.000000	0.000000	7.125000	-69.432930	-322.214386
239	-143.255402	-557.684448	-35.957954	-101.828781	0.000000	0.000000	7.125000	49.376446	339.412537
240	660.825684	163.912872	87.961700	51.634865	0.000000	0.000000	7.125000	-333.741119	-139.833115
241	-637.156799	365.989014	-136.207443	36.440395	0.000000	0.000000	7.125000	691.955383	-142.004745
242	-409.551605	333.332397	-104.326355	75.871429	0.000000	0.000000	7.125000	184.225784	-83.293976
243	265.315369	-127.600159	52.450722	-73.122475	0.000000	0.000000	7.125000	-47.862679	117.117729
244	319.706604	-778.673584	49.831558	-102.529434	0.000000	0.000000	7.125000	-153.837433	415.319641
245	-396.170532	359.496338	-81.670265	103.700981	0.000000	0.000000	7.125000	201.047729	-264.312988
246	816.468811	-77.285088	122.999710	0.061981	0.000000	0.000000	7.125000	-510.627228	10.532807
247	796.584900	75.495735	111.074135	36.758915	0.000000	0.000000	7.125000	-293.670868	-101.405869
248	-277.646759	-397.964600	-42.343742	-96.078491	0.000000	0.000000	7.125000	87.739883	323.683807
249	-626.136780	486.616272	-80.333153	67.613495	0.000000	0.000000	7.125000	265.363434	-199.574997
250	613.431519	17.112862	92.981277	1.846825	0.000000	0.000000	7.125000	-257.086548	2.551593
251	277.388824	489.137695	80.212845	85.166870	0.000000	0.000000	7.125000	-259.852753	-204.970413
252	210.748001	-823.693848	25.259399	-141.766327	0.000000	0.000000	7.125000	-75.231575	498.099457
253	554.150757	-509.894043	94.437431	-63.850388	0.000000	0.000000	7.125000	-287.009705	143.034897
254	-638.132202	-320.074371	-95.991241	-49.479908	0.000000	0.000000	7.125000	316.254272	104.764671
255	-106.622772	585.281921	-21.710173	102.727844	0.000000	0.000000	7.125000	41.176750	-399.769989
256	-766.165955	67.271568	-119.754456	7.672819	0.000000	0.000000	7.125000	764.300598	-35.180199
257	168.494217	-464.036255	38.963497	-113.495865	0.000000	0.000000	7.125000	-65.255150	202.611893
258	-276.882874	-350.985077	-48.210411	-57.450188	0.000000	0.000000	7.125000	130.002213	180.112411
259	357.764252	528.729065	48.112331	93.328384	0.000000	0.000000	7.125000	-128.193420	-247.468948
260	-298.893158	-790.528564	-65.924049	-103.833099	0.000000	0.000000	7.125000	137.114960	322.959076
261	314.506409	-459.735992	40.433239	-93.640984	0.000000	0.000000	7.125000	-80.817520	260.129059
262	54.541050	148.508728	9.210594	98.524094	0.000000	0.000000	7.125000	25.568108	-97.623421
263	458.070679	531.544739	66.954704	84.739204	0.000000	0.000000	7.125000	-163.707352	-180.638199
264	330.212646	423.349640	55.712715	62.865459	0.000000	0.000000	7.125000	-117.976166	-142.923630
265	428.862457	73.179771	66.665894	55.894974	0.000000	0.000000	7.125000	-154.777573	-116.867554
266	-642.246216	62.709728	-151.757538	19.375452	0.000000	0.000000	7.125000	186.645447	-12.010584
267	46.136204	490.529846	2.298808	95.972244	0.000000	0.000000	7.125000	-42.789566	-216.428452
268	157.071121	-242.434891	69.913437	-86.200104	0.000000	0.000000	7.125000	-122.438110	221.255890
269	-551.581848	330.294128	-111.901321	34.161686	0.000000	0.000000	7.125000	269.934021	-65.702332
270	307.178650	47.667141	107.183350	13.157084	0.000000	0.000000	7.125000	-129.131073	-36.569302
271	522.192566	85.091232	65.565750	111.088470	0.000000	0.000000	7.125000	-36.879318	-143.810226
272	-641.119385	-417.589172	-86.354584	-64.860497	0.000000	0.000000	7.125000	255.101501	185.748688
273	614.683716	-386.791382	93.176048	-54.602104	0.000000	0.000000	7.125000	-302.591339	133.719086
274	-256.890930	199.072739	-86.039719	65.277527	0.000000	0.000000	7.125000	165.431992	-160.024002
275	-464.058868	-91.763351	-104.802971	-6.412179	0.000000	0.000000	7.125000	261.989746	9.805032
276	201.870453	500.276855	52.959724	97.549423	0.000000	0.000000	7.125000	-495.947723	-1021.520203
277	53.820103	-419.640503	29.575089	-94.471558	0.000000	0.000000	7.125000	-24.518564	163.558319
278	-80.831375	-106.864037	-67.622177	-102.722519	0.000000	0.000000	7.125000	146.067368	200.394516
279	-701.869019	-427.167603	-96.272339	-66.486603	0.000000	0.000000	7.125000	287.680023	177.215515
280	-482.829742	521.857300	-86.810402	78.440750	0.000000	0.000000	7.125000	282.905121	-255.619904
281	488.905823	-150.453995	110.528069	-10.222467	0.000000	0.000000	7.125000	-438.223328	49.953465
282	-333.663513	-52.080593	-95.736053	-49.978195	0.000000	0.000000	7.125000	138.017838	97.583679
283	-183.900940	511.789612	-37.816284	101.156342	0.000000	0.000000	7.125000	142.270493	-589.712952
284	408.651001	-20.040356	94.625107	-16.138613	0.000000	0.000000	7.125000	-218.377350	70.621376
285	144.584015	-131.088516	59.120247	-107.680954	0.000000	0.000000	7.125000	-8.638524	69.565361
286	690.861267	-599.886719	97.224243	-75.336227	0.000000	0.000000	7.125000	-239.043732	109.971733
287	-549.716675	-715.503418	-78.506363	-90.752174	0.000000	0.000000	7.125000	184.606689	270.533936
288	-296.086426	-759.381653	-45.138351	-104.682327	0.000000	0.000000	7.125000	109.046623	308.190582
289	-384.111176	82.735924	-99.918900	32.261433	0.000000	0.000000	7.125000	190.307281	-31.227926
290	339.177643	-253.414642	82.603577	-48.904598	0.000000	0.000000	7.125000	-193.057617	97.474442
291	-518.883301	-233.513062	-87.894485	-30.387442	0.000000	0.000000	7.125000	253.044937	72.703011
292	-341.114197	504.823517	-94.510353	52.266373	0.000000	0.000000	7.125000	190.672623	-93.528625
293	95.892899	323.066254	27.663670	119.845825	0.000000	0.000000	7.125000	-19.545540	-140.934402
294	-619.963867	127.934593	-94.972328	14.008605	0.000000	0.000000	7.125000	267.112610	-42.869633
295	347.569458	-468.227570	80.367043	-76.564339	0.000000	0.000000	7.125000	-145.222092	160.253845
296	-17.857355	373.473297	-67.901108	109.675201	0.000000	0.000000	7.125000	124.413040	-190.946854
297	379.388733	13.875832	67.446701	76.510445	0.000000	0.000000	7.125000	-125.245285	-130.614227
298	-435.930939	-744.306763	-68.947762	-90.781364	0.000000	0.000000	7.125000	169.525528	298.230896
299	222.675049	659.929016	29.944302	103.758850	0.000000	0.000000	7.125000	-43.648521	-216.246414
300	188.165344	-681.221313	-12.845808	-110.253876	0.000000	0.000000	7.125000	32.805969	315.179382
301	-295.215668	16.916061	-90.013603	-41.212841	0.000000	0.000000	7.125000	140.009323	65.774323
302	-275.043610	4.675990	-102.158035	-43.409630	0.000000	0.000000	7.125000	185.812485	95.267609
303	-84.962677	247.568375	-76.324158	114.958221	0.000000	0.000000	7.125000	101.123795	-94.269913
304	-160.185669	351.617523	-36.324600	104.888062	0.000000	0.000000	7.125000	75.946747	-203.421173
305	-515.663757	-660.971313	-78.155716	-94.972504	0.000000	0.000000	7.125000	174.617569	273.469208
306	-594.547180	-219.088287	-86.220207	-54.498371	0.000000	0.000000	7.125000	338.728851	175.380280
307	35.222984	-264.727295	-22.614330	-108.670288	0.000000	0.000000	7.125000	40.224274	145.819366
308	527.756104	678.464966	74.194054	90.466614	0.000000	0.000000	7.125000	-210.437042	-257.733826
309	582.336975	686.505432	86.194443	91.904938	0.000000	0.000000	7.125000	-236.352798	-263.667786
310	-35.964890	471.213898	24.886051	98.916229	0.000000	0.000000	7.125000	-41.928509	-160.417053
311	-517.357605	760.619751	-94.160942	112.883606	0.000000	0.000000	7.125000	205.602676	-255.976151
312	-14.074936	697.986206	-27.779842	125.962456	0.000000	0.000000	7.125000	79.348099	-628.632874
313	375.243469	69.974731	97.865341	38.044094	0.000000	0.000000	7.125000	-128.644241	-52.422142
314	524.622253	-362.744385	83.430893	-63.741779	0.000000	0.000000	7.125000	-240.904739	131.260727
315	81.832886	-370.509247	-18.310936	-112.512039	0.000000	0.000000	7.125000	40.603870	221.456635
316	-71.669144	560.104614	-34.309807	124.352234	0.000000	0.000000	7.125000	60.907784	-365.330475
317	553.974548	330.354492	83.864365	81.567711	0.000000	0.000000	7.125000	-200.297302	-188.755676
318	-264.039551	-477.634827	-57.663994	-72.957458	0.000000	0.000000	7.125000	137.006454	253.085754
319	-146.301208	122.680237	-90.377892	74.302299	0.000000	0.000000	7.125000	152.575470	-165.745743
320	557.270020	-105.359901	92.844238	-5.324175	0.000000	0.000000	7.125000	-228.693832	41.538460
321	360.815247	534.772583	52.087685	84.183739	0.000000	0.000000	7.125000	-117.167992	-262.954407
322	267.717712	-435.384705	59.850227	-75.059189	0.000000	0.000000	7.125000	-151.798584	174.906754
323	-434.246979	201.410767	-100.353493	39.913017	0.000000	0.000000	7.125000	163.245087	-24.361120
324	-469.685547	-537.094604	-68.527184	-91.095779	0.000000	0.000000	7.125000	140.650345	281.435028
325	63.343830	223.737061	18.825436	94.127876	0.000000	0.000000	7.125000	-27.634865	-131.086288
326	374.113770	304.725342	82.944458	48.319809	0.000000	0.000000	7.125000	-301.655121	-107.891632
327	451.128937	-450.239990	81.406128	-100.070190	0.000000	0.000000	7.125000	-151.359222	201.207596
328	32.565651	-407.420929	15.014935	-128.114853	0.000000	0.000000	7.125000	3.872504	193.817520
329	696.821228	-196.703751	114.246590	-53.136414	0.000000	0.000000	7.125000	-271.494537	65.713783
330	36.761456	-220.141663	29.123158	-119.502289	0.000000	0.000000	7.125000	-124.497314	501.624146
331	367.513458	681.385620	31.281212	106.497650	0.000000	0.000000	7.125000	-34.001736	-288.739441
332	-604.458984	-319.474915	-122.190536	-41.350315	0.000000	0.000000	7.125000	294.920868	38.778622
333	262.715820	-498.604156	90.758057	-95.842888	0.000000	0.000000	7.125000	-190.470459	219.479828
334	38.676598	709.662231	2.656497	104.965378	0.000000	0.000000	7.125000	15.468849	-266.046234
335	732.460510	-141.324692	103.538414	-30.716671	0.000000	0.000000	7.125000	-331.373657	65.102455
336	-40.512394	257.292908	-13.136723	113.240021	0.000000	0.000000	7.125000	46.208645	-254.361649
337	-237.908035	-480.708374	-66.336967	-96.374908	0.000000	0.000000	7.125000	225.917801	388.469330
338	591.338928	15.888873	92.991600	-1.024691	0.000000	0.000000	7.125000	-283.803772	20.991066
339	486.184723	-634.037170	83.827019	-90.006050	0.000000	0.000000	7.125000	-301.635620	346.700714
340	225.541351	-200.794937	75.188629	-85.678680	0.000000	0.000000	7.125000	-146.520584	211.575989
341	518.528503	-61.418388	77.750717	-6.230082	0.000000	0.000000	7.125000	-237.523590	22.550425
342	-630.598083	207.845093	-112.432503	32.347851	0.000000	0.000000	7.125000	308.506500	-50.789162
343	436.126343	67.350174	103.938553	38.901596	0.000000	0.000000	7.125000	-133.338165	-9.745680
344	570.956116	98.371040	89.407021	10.312449	0.000000	0.000000	7.125000	-247.036545	-18.284151
345	661.139893	49.091232	113.947083	-3.306351	0.000000	0.000000	7.125000	-347.856689	41.109570
346	520.225037	108.515244	101.888008	25.345093	0.000000	0.000000	7.125000	-285.473755	1.762201
347	9.484324	506.472076	-8.873326	86.546196	0.000000	0.000000	7.125000	30.316111	-243.521667
348	742.519836	-561.053345	95.908829	-77.006020	0.000000	0.000000	7.125000	-439.269073	276.427979
349	-338.978638	-46.254387	-94.940468	-14.198776	0.000000	0.000000	7.125000	215.257782	9.614322
350	-597.412231	-474.371887	-91.898918	-77.165955	0.000000	0.000000	7.125000	110.583626	182.439987
351	483.543640	165.053833	99.706551	32.916862	0.000000	0.000000	7.125000	-304.207397	-105.740799
352	442.724030	-412.029388	61.396408	-57.327831	0.000000	0.000000	7.125000	-213.873993	195.703125
353	415.966980	804.660034	80.065666	104.944984	0.000000	0.000000	7.125000	-243.401108	-295.606476
354	212.233368	116.530838	78.076469	78.875404	0.000000	0.000000	7.125000	-103.717056	-58.198105
355	-785.814697	-334.013977	-116.933044	-73.273392	0.000000	0.000000	7.125000	328.063354	155.822662
356	729.053101	-761.175293	92.117966	-98.686325	0.000000	0.000000	7.125000	-207.541275	258.234772
357	285.523438	-666.611877	35.817558	-92.283951	0.000000	0.000000	7.125000	-12.100101	199.092575
358	285.510193	-287.792694	92.589203	-55.598625	0.000000	0.000000	7.125000	-143.996628	97.969803
359	217.003082	182.904388	79.072418	42.981628	0.000000	0.000000	7.125000	-145.090057	-68.935051
360	968.487610	89.584137	142.399124	21.412260	0.000000	0.000000	7.125000	-344.835236	-45.560974
361	-657.522217	440.006226	-97.098549	65.273903	0.000000	0.000000	7.125000	258.077545	-159.172302
362	-473.660583	-72.694809	-98.873245	5.000824	0.000000	0.000000	7.125000	214.653229	5.125030
363	253.958893	-364.598999	34.482140	-66.601204	0.000000	0.000000	7.125000	-90.893677	233.341446
364	261.715179	575.765320	37.601738	104.433334	0.000000	0.000000	7.125000	-69.617668	-327.201660
365	174.754608	435.882324	21.330296	118.086533	0.000000	0.000000	7.125000	-33.083504	-325.244385
366	-534.781921	-213.653046	-90.976883	-30.630331	0.000000	0.000000	7.125000	311.312195	32.296169
367	-246.212097	-767.071472	-24.799866	-114.323006	0.000000	0.000000	7.125000	80.260513	598.583130
368	92.317680	-490.052917	-11.202945	-122.488205	0.000000	0.000000	7.125000	-1.099906	260.364777
369	570.104675	-467.781250	66.634445	-64.875435	0.000000	0.000000	7.125000	-223.415848	200.457703
370	536.079895	-725.316162	62.409317	-105.988663	0.000000	0.000000	7.125000	-134.010208	268.655457
371	-220.291809	257.190247	-50.363777	63.438866	0.000000	0.000000	7.125000	120.997467	-150.786194
372	-619.763916	571.881348	-79.768188	77.187805	0.000000	0.000000	7.125000	245.865158	-224.796753
373	512.601685	158.692749	92.607590	42.743629	0.000000	0.000000	7.125000	-303.564056	-108.424629
374	-69.684647	-140.510742	-70.620392	-55.783936	0.000000	0.000000	7.125000	60.637512	35.147499
375	-447.608887	-390.455414	-134.140244	-60.127953	0.000000	0.000000	7.125000	294.230835	128.357712
376	879.516174	-330.089722	114.923172	-51.600563	0.000000	0.000000	7.125000	-435.537476	115.216988
377	-481.322937	-566.022888	-77.912407	-83.215996	0.000000	0.000000	7.125000	189.852158	248.699554
378	584.301819	747.415161	90.466644	119.648407	0.000000	0.000000	7.125000	-258.542328	-338.381134
379	-370.110107	-81.538239	-114.658417	-23.263180	0.000000	0.000000	7.125000	194.407654	21.543030
380	417.926117	364.924927	71.522041	68.449234	0.000000	0.000000	7.125000	-211.278717	-190.589050
381	-441.949585	621.353638	-59.556709	100.702705	0.000000	0.000000	7.125000	96.471863	-311.510406
382	-484.148010	190.163971	-100.075966	40.604500	0.000000	0.000000	7.125000	212.058289	-80.634430
383	775.509521	167.478745	121.186119	34.480511	0.000000	0.000000	7.125000	-350.969604	-49.920044
384	368.421112	681.021118	65.447090	85.910774	0.000000	0.000000	7.125000	-248.017288	-327.718292
385	299.365875	220.139725	112.107864	63.816605	0.000000	0.000000	7.125000	-371.905029	-178.351700
386	575.871277	-570.558838	68.529724	-79.550293	0.000000	0.000000	7.125000	-138.913742	227.535004
387	-239.694077	766.230286	-33.229168	127.747803	0.000000	0.000000	7.125000	49.107082	-242.894882
388	595.788330	-439.769226	85.535706	-55.558735	0.000000	0.000000	7.125000	-302.121521	143.450500
389	157.958130	-312.356720	70.619820	-111.471283	0.000000	0.000000	7.125000	-40.551498	130.104355
390	212.796692	335.040833	33.859661	93.029472	0.000000	0.000000	7.125000	-53.622261	-140.734344
391	383.274445	218.936905	101.178253	37.757439	0.000000	0.000000	7.125000	-252.526123	-49.481491
392	-635.113953	710.794678	-91.479004	86.646362	0.000000	0.000000	7.125000	285.269135	-266.844391
393	417.652100	579.926880	72.272507	99.525101	0.000000	0.000000	7.125000	-220.901108	-329.471649
394	420.372498	484.562988	47.689529	79.838448	0.000000	0.000000	7.125000	-123.242195	-273.059875
395	-347.033112	-79.711685	-79.543396	42.104984	0.000000	0.000000	7.125000	177.492584	-100.199043
396	593.419250	-28.655313	125.515694	11.021917	0.000000	0.000000	7.125000	-276.288757	-6.355090
397	81.087418	746.974854	11.478033	116.433548	0.000000	0.000000	7.125000	-31.438295	-523.836670
398	-319.553192	163.322769	-104.414795	11.070175	0.000000	0.000000	7.125000	169.903687	-26.080585
399	192.348389	691.844727	21.966400	105.715027	0.000000	0.000000	7.125000	-52.190250	-369.244629
400	-158.591370	-256.535797	-23.326782	-117.706223	0.000000	0.000000	7.125000	19.594128	183.462448
401	199.379745	-126.581207	80.337990	-76.594200	0.000000	0.000000	7.125000	-132.166687	124.201324
402	-135.288086	738.224792	-36.787338	107.897263	0.000000	0.000000	7.125000	73.299141	-348.919220
403	-66.037788	-286.671295	-65.340210	-74.373978	0.000000	0.000000	7.125000	110.167641	147.648743
404	-489.090942	602.807678	-74.153297	94.345184	0.000000	0.000000	7.125000	224.312790	-373.849060
405	389.296814	378.620605	65.123543	93.566879	0.000000	0.000000	7.125000	-141.268448	-200.190033
406	290.920837	-148.891403	107.678413	-26.905317	0.000000	0.000000	7.125000	-182.013672	46.073563
407	-133.486053	391.017456	-46.325050	94.228363	0.000000	0.000000	7.125000	112.870422	-209.164993
408	-203.905014	-690.519287	-40.438248	-122.476151	0.000000	0.000000	7.125000	109.950668	709.749512
409	117.050690	-673.802856	35.971970	-130.107864	0.000000	0.000000	7.125000	-19.573774	237.184494
410	-517.769653	613.983704	-89.403519	88.782715	0.000000	0.000000	7.125000	275.252258	-242.501968
411	339.433441	551.815125	55.073814	82.262772	0.000000	0.000000	7.125000	-86.161354	-180.946945
412	-109.270157	-198.795334	-54.256161	-103.651886	0.000000	0.000000	7.125000	280.259888	390.638611
413	595.561157	83.766342	111.944023	21.550596	0.000000	0.000000	7.125000	-283.056152	-32.928303
414	586.950867	-13.224445	98.943863	-3.307632	0.000000	0.000000	7.125000	-279.191406	18.913162
415	265.969086	-278.302887	36.671490	-107.922646	0.000000	0.000000	7.125000	-38.101093	189.761246
416	519.783691	-431.915527	78.509567	-82.657410	0.000000	0.000000	7.125000	-122.254791	136.703827
417	360.076172	-661.130493	64.126892	-104.958206	0.000000	0.000000	7.125000	-133.110016	251.115631
418	-393.047424	-610.202637	-62.404366	-84.435410	0.000000	0.000000	7.125000	143.776031	271.079102
419	-51.585152	-193.708832	-30.945393	-100.335564	0.000000	0.000000	7.125000	44.823792	130.238525
420	756.344849	-501.403229	96.521889	-71.275787	0.000000	0.000000	7.125000	-331.300354	169.784027
421	-715.998901	199.431534	-113.083458	48.384666	0.000000	0.000000	7.125000	281.449524	-112.216278
422	48.461117	6.391603	80.785019	-5.894224	0.000000	0.000000	7.125000	-104.169289	-2.513688
423	-58.768173	684.273682	-16.577209	97.597946	0.000000	0.000000	7.125000	19.511074	-592.223022
424	184.613693	-602.480591	21.454144	-93.568970	0.000000	0.000000	7.125000	-31.849798	287.728271
425	-695.829956	268.796387	-110.178772	67.062073	0.000000	0.000000	7.125000	249.946121	-67.350632
426	621.890198	729.265686	90.200531	92.219742	0.000000	0.000000	7.125000	-269.413055	-240.362457
427	306.531982	-413.962860	79.209435	-105.590561	0.000000	0.000000	7.125000	-143.800278	207.203156
428	-381.480896	-58.447151	-77.723381	6.561346	0.000000	0.000000	7.125000	170.147125	-18.194841
429	568.770996	-664.051758	87.702614	-90.465546	0.000000	0.000000	7.125000	-245.299911	261.291168
430	-665.645935	6.690757	-95.419838	-10.534719	0.000000	0.000000	7.125000	306.483185	47.123325
431	55.258400	167.391556	-16.236202	82.409332	0.000000	0.000000	7.125000	11.165460	-134.040894
432	96.072617	-505.242676	38.082375	-113.792023	0.000000	0.000000	7.125000	-55.111763	263.938538
433	831.764648	437.061127	113.111664	68.030762	0.000000	0.000000	7.125000	-250.246475	-114.176201
434	-547.659912	-55.650444	-106.182312	-32.339046	0.000000	0.000000	7.125000	260.239807	114.123451
435	-616.083862	-559.966064	-92.985229	-80.512207	0.000000	0.000000	7.125000	201.995850	215.732010
436	132.007263	-611.956299	25.539730	-114.173859	0.000000	0.000000	7.125000	-24.632011	233.124680
437	489.927643	-510.334045	85.919296	-88.013527	0.000000	0.000000	7.125000	-160.798492	196.033875
438	471.057343	-468.260223	83.949532	-85.744308	0.000000	0.000000	7.125000	-178.824814	171.759155
439	-577.274231	-295.613190	-100.267349	-40.127270	0.000000	0.000000	7.125000	301.457855	165.312912
440	-409.540833	-403.719971	-69.624031	-78.588295	0.000000	0.000000	7.125000	110.949684	183.735733
441	-523.967285	-562.481445	-87.337463	-68.505211	0.000000	0.000000	7.125000	210.219574	184.432175
442	-486.706177	267.512848	-100.391060	65.738930	0.000000	0.000000	7.125000	205.409836	-139.461029
443	-115.966125	-287.815063	-21.344751	-121.114204	0.000000	0.000000	7.125000	54.802032	121.198860
444	-291.013062	-6.064370	-106.901688	-54.514687	0.000000	0.000000	7.125000	243.391876	139.435028
445	123.466187	-496.101990	1.776915	-104.983490	0.000000	0.000000	7.125000	8.027370	275.492676
446	327.007996	403.765137	47.220490	65.810608	0.000000	0.000000	7.125000	-130.355957	-215.342651
447	-558.028564	-120.581802	-97.898010	-14.728760	0.000000	0.000000	7.125000	262.991028	39.011452
448	-511.159058	-639.004395	-70.825073	-81.526901	0.000000	0.000000	7.125000	144.882721	228.865051
449	-343.553741	-249.218475	-95.760376	-67.222801	0.000000	0.000000	7.125000	216.061279	147.776428
450	67.198822	-94.035858	-26.521156	-95.372032	0.000000	0.000000	7.125000	7.989497	314.416107
451	-19.226173	-670.531006	-4.025275	-101.920502	0.000000	0.000000	7.125000	38.379784	532.178528
452	76.458153	-344.580811	45.834034	-101.088326	0.000000	0.000000	7.125000	-57.214233	133.639969
453	-503.582581	-32.269875	-76.014244	-42.315990	0.000000	0.000000	7.125000	182.505737	128.713745
454	100.878357	-490.789032	45.435661	-120.733551	0.000000	0.000000	7.125000	-83.805748	206.383850
455	331.492371	522.317749	50.390846	108.905716	0.000000	0.000000	7.125000	-129.541275	-328.797638
456	75.070045	510.020294	13.621008	113.163780	0.000000	0.000000	7.125000	1.437746	-239.825882
457	-599.780884	361.294373	-103.132935	41.024971	0.000000	0.000000	7.125000	319.573395	-68.439308
458	197.629532	-93.346695	-92.663284	24.842367	0.000000	0.000000	7.125000	99.814995	2.012161
459	-515.010193	77.661240	-90.889694	46.287228	0.000000	0.000000	7.125000	247.794296	-106.652740
460	596.842834	145.639938	119.034698	30.979221	0.000000	0.000000	7.125000	-435.979126	-106.715744
461	754.947144	224.887634	99.639519	41.654682	0.000000	0.000000	7.125000	-335.228119	-92.231407
462	123.859711	-819.897949	9.697351	-119.607529	0.000000	0.000000	7.125000	-35.271137	344.368347
463	-589.697876	117.810501	-101.781097	36.119343	0.000000	0.000000	7.125000	233.460953	-77.154839
464	-690.323120	-274.257904	-124.448669	-44.005516	0.000000	0.000000	7.125000	330.857117	152.786942
465	577.028320	-31.154203	98.751198	6.991045	0.000000	0.000000	7.125000	-252.217850	-47.469181
466	350.424469	15.102716	91.109772	-38.695225	0.000000	0.000000	7.125000	-178.922226	43.778084
467	43.179153	-203.993378	15.746959	-82.499428	0.000000	0.000000	7.125000	-12.981824	137.403717
468	366.266754	410.793060	82.885597	73.823471	0.000000	0.000000	7.125000	-174.380768	-98.325813
469	201.238541	-309.158112	56.664330	-109.168549	0.000000	0.000000	7.125000	-108.959572	192.197754
470	769.944580	-345.053894	100.329514	-47.475494	0.000000	0.000000	7.125000	-251.298813	69.433792
471	-419.481415	-34.057491	-89.613640	8.324408	0.000000	0.000000	7.125000	499.517426	-29.022800
472	-697.278809	-463.490295	-92.451279	-55.823082	0.000000	0.000000	7.125000	283.893250	136.342377
473	-377.815552	-41.424171	-95.563141	-9.055222	0.000000	0.000000	7.125000	208.604904	-11.603901
474	305.438416	-328.557404	81.769150	-70.551376	0.000000	0.000000	7.125000	-153.926468	118.272736
475	-499.632812	85.881340	-104.314819	27.959921	0.000000	0.000000	7.125000	309.264404	-42.568314
476	596.188782	-484.608826	87.103951	-73.544174	0.000000	0.000000	7.125000	-214.658981	193.444931
477	-147.091187	-96.616592	-108.965645	-21.113482	0.000000	0.000000	7.125000	172.138229	14.340911
478	-533.369385	-42.549019	-96.075226	-23.868765	0.000000	0.000000	7.125000	192.903809	28.920238
479	-646.099854	-468.801758	-96.803215	-54.307957	0.000000	0.000000	7.125000	281.468292	97.825844
480	398.711548	-846.323608	64.118553	-115.375832	0.000000	0.000000	7.125000	-112.350914	314.684998
481	327.675659	23.306847	86.368820	-10.448043	0.000000	0.000000	7.125000	-223.966187	49.102345
482	-34.206535	-199.844025	-43.427319	-98.868057	0.000000	0.000000	7.125000	35.100140	102.572456
483	435.494202	-615.005310	77.877426	-106.578049	0.000000	0.000000	7.125000	-178.873108	245.604752
484	-767.406738	-372.766907	-123.878052	-45.587555	0.000000	0.000000	7.125000	280.990051	104.506012
485	-10.406067	-850.263489	-3.957008	-128.939301	0.000000	0.000000	7.125000	15.180955	307.482300
486	315.533081	99.974350	59.080833	97.493637	0.000000	0.000000	7.125000	-97.519936	-204.272888
487	268.355347	239.362122	113.182701	132.155487	0.000000	0.000000	7.125000	-63.781948	-106.666840
488	521.530518	415.562256	78.768372	69.430054	0.000000	0.000000	7.125000	-184.818436	-133.510254
489	-325.951782	-112.407516	-74.267853	10.453349	0.000000	0.000000	7.125000	240.974167	-24.279543
490	-637.857910	-383.495178	-109.805191	-73.255386	0.000000	0.000000	7.125000	337.621552	201.991516
491	-533.042786	-861.184570	-85.868484	-111.828949	0.000000	0.000000	7.125000	171.844482	299.746796
492	-135.274704	-148.715424	-85.144073	-50.445858	0.000000	0.000000	7.125000	101.473648	11.253479
493	-25.511642	-10.806997	4.683063	89.840042	0.000000	0.000000	7.125000	26.143629	-62.910839
494	630.632141	263.311035	122.046181	31.308962	0.000000	0.000000	7.125000	-225.675552	-40.630493
495	542.898010	200.358307	98.766006	35.640881	0.000000	0.000000	7.125000	-329.126343	-107.770287
496	111.516235	194.358536	70.706703	89.423340	0.000000	0.000000	7.125000	-115.899178	-151.512756
497	-418.057404	-577.692688	-68.077652	-75.954849	0.000000	0.000000	7.125000	292.576233	394.797058
498	884.225830	464.252045	111.645813	75.892860	0.000000	0.000000	7.125000	-211.778534	-169.728653
499	-330.586365	-765.467896	-63.999725	-105.032913	0.000000	0.000000	7.125000	147.359283	319.681671
500	-452.740204	303.249634	-97.245300	59.491871	0.000000	0.000000	7.125000	232.071671	-125.671974
501	-625.913330	230.264069	-97.796921	64.223145	0.000000	0.000000	7.125000	281.332733	-121.554184
502	-224.883728	132.050568	-61.698078	81.223747	0.000000	0.000000	7.125000	180.003357	-300.040039
503	-289.330566	-604.587402	-50.044399	-109.063873	0.000000	0.000000	7.125000	109.699516	309.986237
504	74.678925	-239.422104	-14.430774	-100.648285	0.000000	0.000000	7.125000	109.589027	45.243080
505	467.710541	56.309708	101.176270	45.637794	0.000000	0.000000	7.125000	-252.767517	-83.931122
506	395.732697	625.438965	46.299873	104.173813	0.000000	0.000000	7.125000	-149.612640	-311.311798
507	350.948608	-854.941895	51.703094	-124.694244	0.000000	0.000000	7.125000	-95.812401	408.639709
508	-126.518120	-781.721436	-59.553284	-134.393082	0.000000	0.000000	7.125000	96.971527	296.237122
509	289.572876	-497.720215	57.964104	-101.631706	0.000000	0.000000	7.125000	-125.184303	239.041275
510	353.562195	-50.051395	101.902763	4.428549	0.000000	0.000000	7.125000	-185.551483	-11.176841
511	556.788879	-150.323151	102.563522	-33.833439	0.000000	0.000000	7.125000	-322.124359	92.878426
512	-477.510010	643.332886	-69.612961	86.455627	0.000000	0.000000	7.125000	95.481071	-154.510300
513	101.531067	-379.550476	-15.989225	-91.614334	0.000000	0.000000	7.125000	34.062969	293.191833
514	395.272644	128.047592	77.456451	45.830067	0.000000	0.000000	7.125000	-178.433273	-113.577393
515	-380.932465	598.431213	-60.862991	81.851448	0.000000	0.000000	7.125000	107.463104	-178.339493
516	-147.275177	-464.314972	-68.651573	-109.185776	0.000000	0.000000	7.125000	77.791786	223.406845
517	299.621460	264.754303	71.374329	76.999535	0.000000	0.000000	7.125000	-98.305542	-51.721592
518	636.657898	-657.519104	87.378616	-82.246216	0.000000	0.000000	7.125000	-252.585480	191.917496
519	783.037903	-87.453423	122.316925	-12.921490	0.000000	0.000000	7.125000	-313.607910	71.131210
520	12.027647	251.099792	-0.841823	119.996597	0.000000	0.000000	7.125000	2.863386	-307.430695
521	-614.578552	-489.729767	-91.252670	-68.329704	0.000000	0.000000	7.125000	258.494049	207.216446
522	254.046677	548.906494	61.695389	126.783592	0.000000	0.000000	7.125000	-118.774437	-269.510223
523	-112.766365	458.141083	-31.533175	68.048172	0.000000	0.000000	7.125000	89.089806	-256.390869
524	603.421143	435.617065	68.510666	67.246582	0.000000	0.000000	7.125000	-201.493179	-164.838165
525	-464.284302	387.150146	-96.702530	71.045135	0.000000	0.000000	7.125000	194.011459	-186.153854
526	-178.081696	-691.789673	-10.433704	-101.464752	0.000000	0.000000	7.125000	32.766811	291.417908
527	-585.968506	209.763245	-110.500412	27.981911	0.000000	0.000000	7.125000	520.016846	-40.576145
528	971.682617	-1.113313	146.322296	14.086740	0.000000	0.000000	7.125000	-306.755157	-10.098606
529	521.674438	338.572571	97.797173	84.100792	0.000000	0.000000	7.125000	-180.546997	-95.718895
530	-366.875946	526.225342	-58.742603	83.380821	0.000000	0.000000	7.125000	135.967789	-251.004303
531	241.490692	15.688512	78.952293	28.679073	0.000000	0.000000	7.125000	-148.918365	-52.458683
532	-579.703125	-281.219269	-92.092621	-50.433987	0.000000	0.000000	7.125000	187.644791	123.827057
533	-335.088318	-482.653351	-55.527298	-81.957558	0.000000	0.000000	7.125000	138.585068	283.209290
534	-202.359497	-515.226013	-30.208570	-94.271355	0.000000	0.000000	7.125000	23.404757	219.164230
535	169.438354	845.691528	36.224674	130.019547	0.000000	0.000000	7.125000	-37.727844	-546.876831
536	649.634460	180.701538	80.542480	40.150162	0.000000	0.000000	7.125000	-261.515625	-89.844688
537	-682.559448	28.445414	-113.824997	6.313911	0.000000	0.000000	7.125000	290.830139	-17.629675
538	-6.804970	-276.377991	-24.060059	-96.027809	0.000000	0.000000	7.125000	-22.632517	80.386696
539	30.324657	-117.025894	5.376015	-104.844475	0.000000	0.000000	7.125000	23.225000	138.494080
540	-208.475723	392.838654	-86.423828	87.518784	0.000000	0.000000	7.125000	188.525620	-216.155640
541	-381.378571	118.082832	-76.758713	52.506302	0.000000	0.000000	7.125000	178.224487	-129.638565
542	377.012177	-295.757660	69.783646	-78.454628	0.000000	0.000000	7.125000	-151.346237	174.633530
543	-452.430695	281.896637	-66.655960	84.976181	0.000000	0.000000	7.125000	124.003853	-156.856750
544	404.473602	-658.598633	72.582962	-102.993500	0.000000	0.000000	7.125000	-255.630951	381.364075
545	-148.594757	677.352417	-22.001884	111.849846	0.000000	0.000000	7.125000	13.787164	-209.618195
546	-429.987732	-567.765381	-71.864204	-68.091858	0.000000	0.000000	7.125000	231.616516	202.733185
547	-6.013645	-468.850189	11.345107	-98.343933	0.000000	0.000000	7.125000	-2.250365	232.199402
548	27.633879	536.168762	-45.417839	111.068726	0.000000	0.000000	7.125000	54.863144	-142.772980
549	-95.467865	483.462494	-38.243950	88.052902	0.000000	0.000000	7.125000	166.514847	-337.400574
550	704.303955	595.552979	82.610382	82.852417	0.000000	0.000000	7.125000	-215.969040	-217.650375
551	249.018341	607.873047	42.545948	95.992203	0.000000	0.000000	7.125000	-65.044792	-183.177139
552	238.460922	255.911118	52.894547	69.073212	0.000000	0.000000	7.125000	-157.280212	-195.287262
553	-153.677383	-455.205261	-23.763948	-99.189590	0.000000	0.000000	7.125000	23.855888	242.346161
554	-531.500732	409.288818	-63.687603	71.832146	0.000000	0.000000	7.125000	173.226624	-231.843155
555	-45.043522	-202.877960	67.690376	-68.046967	0.000000	0.000000	7.125000	-75.400917	54.622955
556	214.964554	177.899612	46.840347	76.850288	0.000000	0.000000	7.125000	-83.662964	-152.762558
557	-420.862244	-282.773041	-104.062202	-46.551556	0.000000	0.000000	7.125000	340.558838	149.050339
558	721.075562	76.956154	116.782227	7.086419	0.000000	0.000000	7.125000	-323.592590	18.403576
559	-692.481873	497.147644	-100.096130	47.947723	0.000000	0.000000	7.125000	330.822144	-70.424629
560	132.524307	-89.965950	84.021606	-39.866779	0.000000	0.000000	7.125000	-74.845757	35.629642
561	517.174500	163.617844	88.820908	61.439667	0.000000	0.000000	7.125000	-156.671768	-118.796432
562	89.454399	-345.734863	-6.024833	-86.790749	0.000000	0.000000	7.125000	33.387630	229.120010
563	498.850525	503.800110	79.094612	77.873703	0.000000	0.000000	7.125000	-241.191360	-183.043793
564	-559.929382	-419.830536	-89.185570	-49.489166	0.000000	0.000000	7.125000	241.733994	97.288834
565	202.490799	-628.152954	31.407307	-103.329315	0.000000	0.000000	7.125000	-59.472027	326.543365
566	-343.843567	-403.310913	-103.055542	-72.494942	0.000000	0.000000	7.125000	230.543671	156.201447
567	567.461731	411.236115	69.492050	70.511337	0.000000	0.000000	7.125000	-258.890045	-255.954346
568	-674.862061	-207.631485	-116.026260	-40.827267	0.000000	0.000000	7.125000	124.969940	53.549870
569	-330.436859	-280.830505	-67.310982	-50.251446	0.000000	0.000000	7.125000	214.099670	170.328156
570	-358.332550	185.073074	-67.444504	54.953701	0.000000	0.000000	7.125000	180.556961	-181.052399
571	65.684875	529.628845	30.377739	94.224159	0.000000	0.000000	7.125000	-83.840294	-294.936035
572	-262.967621	498.153595	-43.791122	114.939499	0.000000	0.000000	7.125000	28.508244	-194.034500
573	-382.262848	-257.460083	-106.782303	-77.590622	0.000000	0.000000	7.125000	198.690567	190.839767
574	-264.527191	-271.839355	-52.336369	-65.696144	0.000000	0.000000	7.125000	66.374832	148.561722
575	-518.727661	506.368835	-69.010826	70.982407	0.000000	0.000000	7.125000	234.828445	-254.942581
576	409.568024	348.408386	66.307228	73.513939	0.000000	0.000000	7.125000	-181.440842	-191.094406
577	240.087708	-467.621765	36.623772	-98.405472	0.000000	0.000000	7.125000	-48.134312	156.153992
578	-727.215637	-158.178375	-116.758446	-7.506369	0.000000	0.000000	7.125000	347.476929	22.558271
579	-595.629028	-517.998474	-75.802521	-81.086227	0.000000	0.000000	7.125000	181.305923	212.161987
580	245.874084	170.859039	47.551582	49.998352	0.000000	0.000000	7.125000	-205.654114	-246.296616
581	-415.391510	504.318787	-61.510391	69.751320	0.000000	0.000000	7.125000	654.529175	-901.164795
582	-609.523071	-580.380859	-75.154755	-77.559662	0.000000	0.000000	7.125000	197.198853	242.405930
583	442.581299	-472.328918	67.381149	-64.099091	0.000000	0.000000	7.125000	-203.549316	213.963394
584	-29.056271	-650.772095	-21.862732	-96.554123	0.000000	0.000000	7.125000	42.431530	291.571960
585	-403.203827	52.727875	-87.400589	82.220886	0.000000	0.000000	7.125000	166.325546	-158.791748
586	199.337616	646.767517	38.940342	97.512253	0.000000	0.000000	7.125000	-102.093613	-275.739838
587	160.135956	-676.758057	14.084019	-101.020576	0.000000	0.000000	7.125000	-20.092115	250.469147
588	482.962891	526.671936	70.950920	85.362671	0.000000	0.000000	7.125000	-176.121216	-191.389069
589	-255.056793	-618.773193	-28.863697	-110.280365	0.000000	0.000000	7.125000	27.879442	311.846710
590	-363.325012	-111.054893	-89.070847	-12.896250	0.000000	0.000000	7.125000	260.144836	30.137096
591	-636.500366	428.132477	-89.805115	70.220093	0.000000	0.000000	7.125000	261.091248	-178.681976
592	-449.127258	216.484528	-87.007858	47.228256	0.000000	0.000000	7.125000	179.995804	-77.374504
593	-522.808594	-447.863464	-84.936302	-56.478386	0.000000	0.000000	7.125000	217.427261	141.849991
594	-371.567749	-471.599304	-69.056671	-66.682938	0.000000	0.000000	7.125000	167.745850	201.099350
595	-242.789139	561.286255	-58.832775	86.967453	0.000000	0.000000	7.125000	125.198845	-224.596344
596	857.060303	-423.454010	132.112595	-49.262222	0.000000	0.000000	7.125000	-356.655243	94.630653
597	352.508301	688.857727	73.687614	102.206131	0.000000	0.000000	7.125000	-165.649582	-279.927063
598	-172.739807	376.856506	-66.698097	124.210632	0.000000	0.000000	7.125000	150.789017	-325.230682
599	-865.546143	313.246124	-118.694626	70.391434	0.000000	0.000000	7.125000	110.188286	-105.510010
600	294.991943	-101.981224	90.651253	-58.705627	0.000000	0.000000	7.125000	-160.507217	94.621178
601	-99.438454	-322.110992	-54.380043	-100.192398	0.000000	0.000000	7.125000	109.419106	140.145996
602	-210.202179	-730.973755	-34.265205	-102.414307	0.000000	0.000000	7.125000	64.287575	317.212982
603	157.903931	-489.503418	-13.572374	-113.189125	0.000000	0.000000	7.125000	34.742550	343.611755
604	333.680023	267.971008	49.275818	52.496231	0.000000	0.000000	7.125000	-164.349609	-157.516708
605	-375.602234	750.942932	-72.690987	102.908058	0.000000	0.000000	7.125000	175.086670	-324.116638
606	-256.997406	-416.906403	-60.736267	-74.329941	0.000000	0.000000	7.125000	87.810692	166.705307
607	549.791443	-99.275970	125.909897	-4.743321	0.000000	0.000000	7.125000	-261.019684	31.337267
608	676.861816	407.517792	84.531921	71.936287	0.000000	0.000000	7.125000	-274.927216	-187.051086
609	483.005005	-712.667969	46.437424	-110.630089	0.000000	0.000000	7.125000	-119.858948	472.574554
610	601.037476	561.632874	79.004341	73.636055	0.000000	0.000000	7.125000	-195.800537	-164.930893
611	413.401154	397.930695	60.676468	58.086128	0.000000	0.000000	7.125000	-253.960510	-175.506302
612	-294.804413	234.297195	-76.915199	80.030594	0.000000	0.000000	7.125000	143.907501	-167.147446
613	458.207367	215.543335	81.943588	60.727852	0.000000	0.000000	7.125000	-138.164215	-82.593018
614	-204.120972	486.815979	-35.482628	95.628784	0.000000	0.000000	7.125000	79.377129	-160.597214
615	88.222893	-639.500244	-1.654100	-98.986008	0.000000	0.000000	7.125000	-27.169632	502.149261
616	-322.821838	531.573059	-57.862061	83.985847	0.000000	0.000000	7.125000	93.950043	-208.628128
617	-29.083416	140.932037	-90.257950	69.510757	0.000000	0.000000	7.125000	39.914383	-36.588760
618	445.448792	614.377747	71.432724	68.542580	0.000000	0.000000	7.125000	-271.792450	-201.173767
619	316.844482	221.967560	42.848839	95.855316	0.000000	0.000000	7.125000	-85.244057	-141.238358
620	295.518890	285.610901	48.988213	56.790413	0.000000	0.000000	7.125000	-136.067444	-182.244385
621	239.541672	-534.574707	31.865673	-80.944641	0.000000	0.000000	7.125000	-91.415062	274.285980
622	-555.913635	-46.437305	-86.776077	-6.237960	0.000000	0.000000	7.125000	277.337433	17.183067
623	40.828247	704.723938	8.257246	107.683197	0.000000	0.000000	7.125000	-18.258003	-393.964966
624	-219.578522	-437.561035	-63.786041	-94.459450	0.000000	0.000000	7.125000	100.805229	224.785843
625	727.232422	-133.402756	104.164764	-38.337582	0.000000	0.000000	7.125000	-351.265106	86.794563
626	-395.584656	389.006561	-62.978558	80.233437	0.000000	0.000000	7.125000	138.784012	-204.481934
627	-465.588623	-38.896385	-116.505486	10.743076	0.000000	0.000000	7.125000	150.624557	17.937674
628	156.937469	673.430115	11.858220	98.287140	0.000000	0.000000	7.125000	-18.745012	-219.261826
629	-56.125530	389.555450	-38.647057	67.748047	0.000000	0.000000	7.125000	73.596642	-199.959061
630	393.301697	135.377838	82.262833	65.250092	0.000000	0.000000	7.125000	-268.411072	-197.941757
631	-821.529663	743.730286	-98.354958	101.030670	0.000000	0.000000	7.125000	241.112259	-265.778076
632	227.434525	-0.249516	86.682220	-7.429062	0.000000	0.000000	7.125000	-187.272598	7.137874
633	63.301697	212.612900	16.104160	112.838699	0.000000	0.000000	7.125000	36.376652	-199.644440
634	79.038254	-613.819458	-27.907875	-110.527039	0.000000	0.000000	7.125000	39.455059	307.653107
635	-150.518265	-613.490417	-43.988403	-101.908524	0.000000	0.000000	7.125000	83.635406	316.737457
636	556.989624	-673.778381	75.837585	-81.053360	0.000000	0.000000	7.125000	-196.519333	210.080353
637	-241.142807	532.935547	-44.275284	74.885406	0.000000	0.000000	7.125000	130.281311	-354.091278
638	3.600441	228.587143	0.931588	101.987610	0.000000	0.000000	7.125000	29.310760	-219.367233
639	603.210693	454.889099	84.488647	62.341553	0.000000	0.000000	7.125000	-283.824707	-169.845627
640	638.969727	565.696472	83.914040	72.656303	0.000000	0.000000	7.125000	-263.933075	-185.042709
641	-424.939026	-507.448730	-81.229736	-71.164566	0.000000	0.000000	7.125000	183.629425	251.237732
642	440.053711	-291.720062	92.963928	-54.969460	0.000000	0.000000	7.125000	-220.098099	106.964684
643	419.126770	-170.500183	92.440994	-61.443314	0.000000	0.000000	7.125000	-212.853577	104.103943
644	-177.702164	798.630920	-45.240917	104.634544	0.000000	0.000000	7.125000	81.478485	-317.073792
645	-309.151917	-573.211548	-48.688416	-96.396759	0.000000	0.000000	7.125000	115.732544	287.220825
646	239.489975	-383.920746	82.866196	-78.289062	0.000000	0.000000	7.125000	-153.607895	120.576988
647	-587.051880	-156.003616	-91.892395	-27.762573	0.000000	0.000000	7.125000	429.796265	78.325836
648	409.173065	145.160919	93.611732	32.214348	0.000000	0.000000	7.125000	-304.133087	-111.386314
649	498.109375	-366.432617	73.593544	-46.395447	0.000000	0.000000	7.125000	-267.784363	126.256889
650	396.399048	-118.024757	88.961174	-66.381271	0.000000	0.000000	7.125000	-187.159561	116.885704
651	-236.995575	227.762390	-82.948395	98.789642	0.000000	0.000000	7.125000	158.123260	-106.903244
652	-202.980103	-20.511379	-108.437469	58.049973	0.000000	0.000000	7.125000	126.785789	-65.308830
653	294.390198	645.171570	43.757759	111.734741	0.000000	0.000000	7.125000	-83.681961	-287.667786
654	-351.092285	42.284161	-104.313232	45.984779	0.000000	0.000000	7.125000	143.716766	-61.925106
655	401.210876	-397.245941	80.581512	-84.823929	0.000000	0.000000	7.125000	-81.254410	98.368607
656	195.497406	389.154480	0.288894	104.997116	0.000000	0.000000	7.125000	9.929210	-249.999252
657	148.327515	-506.404968	-5.219126	-107.869774	0.000000	0.000000	7.125000	24.758078	200.866806
658	-484.417786	-445.754486	-83.135498	-68.938248	0.000000	0.000000	7.125000	127.039284	31.141459
659	402.573456	52.794060	116.973267	-37.894562	0.000000	0.000000	7.125000	-121.755219	22.888920
660	-350.395813	562.983887	-56.435242	77.657280	0.000000	0.000000	7.125000	170.626297	-302.856995
661	79.868423	546.596863	9.319305	95.545105	0.000000	0.000000	7.125000	-9.102831	-224.216064
662	-209.382767	92.770248	-91.216812	45.644447	0.000000	0.000000	7.125000	201.101395	-102.299019
663	-211.190262	-671.764832	-47.753708	-86.716499	0.000000	0.000000	7.125000	108.435974	292.138092
664	-359.782715	-619.054871	-85.487747	-88.435265	0.000000	0.000000	7.125000	125.076164	231.273010
665	-259.043884	587.734558	-47.249210	86.991920	0.000000	0.000000	7.125000	108.982262	-348.264099
666	194.821152	189.582581	38.831551	100.777046	0.000000	0.000000	7.125000	-22.243656	-91.734421
667	72.554764	438.313843	26.924377	89.014603	0.000000	0.000000	7.125000	-26.698042	-165.883545
668	-406.791779	-564.562561	-99.779068	-71.923782	0.000000	0.000000	7.125000	249.395172	183.048172
669	573.174561	-37.172466	110.999489	-0.007896	0.000000	0.000000	7.125000	-388.432159	9.901021
670	529.920654	-126.850121	110.096573	-14.027250	0.000000	0.000000	7.125000	-242.583588	80.749405
671	541.826538	-376.641479	100.115158	-47.935684	0.000000	0.000000	7.125000	-184.436447	113.979134
672	-428.062836	-203.249451	-67.013283	-64.482719	0.000000	0.000000	7.125000	103.256119	98.902962
673	150.458130	-17.600477	96.389709	-41.634418	0.000000	0.000000	7.125000	-120.434280	47.959370
674	-97.964439	-440.542328	3.284039	-131.957611	0.000000	0.000000	7.125000	-11.769627	596.407898
675	483.117188	107.590874	89.873016	41.510834	0.000000	0.000000	7.125000	-291.957001	-97.253738
676	-373.938690	-130.998123	-102.802811	-33.095741	0.000000	0.000000	7.125000	129.822189	50.241947
677	56.686432	70.069756	118.986511	14.773724	0.000000	0.000000	7.125000	-5.534303	-8.799275
678	-522.438721	356.432373	-85.443810	55.705597	0.000000	0.000000	7.125000	274.152069	-149.343719
679	64.143753	-372.238831	19.693392	-90.887886	0.000000	0.000000	7.125000	-4.922641	129.296051
680	-676.913086	337.954346	-94.931129	57.514065	0.000000	0.000000	7.125000	408.032715	-191.136475
681	-588.926880	-50.354694	-105.521416	22.997137	0.000000	0.000000	7.125000	201.696793	-26.684204
682	-102.597923	586.825073	-26.475670	101.605621	0.000000	0.000000	7.125000	50.709293	-224.919022
683	69.636391	-207.224884	-42.787182	102.413300	0.000000	0.000000	7.125000	73.819511	-123.416435
684	-490.915009	-456.958282	-95.697334	-67.312393	0.000000	0.000000	7.125000	287.260590	189.918915
685	-637.315247	885.085083	-93.599510	109.427307	0.000000	0.000000	7.125000	206.647888	-303.576141
686	251.088943	593.214478	44.265808	88.552452	0.000000	0.000000	7.125000	-115.300217	-239.160629
687	-211.202057	598.055908	-33.304169	96.406265	0.000000	0.000000	7.125000	66.695480	-327.431824
688	-526.628784	684.604858	-63.442738	98.305420	0.000000	0.000000	7.125000	98.333221	-219.795853
689	73.294937	246.599686	-39.204723	90.905777	0.000000	0.000000	7.125000	150.058197	-274.244293
690	-153.369598	-379.353760	-76.693802	-76.025291	0.000000	0.000000	7.125000	173.536758	276.128815
691	-194.080170	23.377047	-105.681229	33.939011	0.000000	0.000000	7.125000	290.662628	-38.229309
692	369.884430	754.825317	51.416836	101.746078	0.000000	0.000000	7.125000	-144.949692	-338.506866
693	-516.270813	423.719604	-86.388756	48.339142	0.000000	0.000000	7.125000	189.017609	-43.800915
694	524.794922	67.597610	105.105637	44.124763	0.000000	0.000000	7.125000	-364.185974	-100.739960
695	-663.574463	288.523743	-90.940155	46.173885	0.000000	0.000000	7.125000	314.871521	-60.366966
696	-252.276901	-321.744568	-37.198479	-88.491562	0.000000	0.000000	7.125000	65.388542	191.445358
697	-347.989349	412.137146	-54.794350	86.030510	0.000000	0.000000	7.125000	102.191803	-205.688721
698	-515.955017	441.318390	-85.906639	60.373268	0.000000	0.000000	7.125000	272.420227	-246.634476
699	-155.210480	-210.133118	-35.634232	-85.896439	0.000000	0.000000	7.125000	-0.070699	70.984009
700	-588.126587	-48.992100	-86.912216	-3.900239	0.000000	0.000000	7.125000	247.322220	3.964956
701	-417.128784	386.948822	-92.491547	66.637070	0.000000	0.000000	7.125000	188.287766	-180.022446
702	-34.904930	18.670160	-87.805649	30.641455	0.000000	0.000000	7.125000	103.214638	-40.554520
703	62.399506	22.485506	83.282944	25.153084	0.000000	0.000000	7.125000	-208.147690	-44.468552
704	72.663635	-583.491760	7.571203	-104.726593	0.000000	0.000000	7.125000	-11.511726	280.254211
705	-297.719727	455.305420	-59.058624	75.683937	0.000000	0.000000	7.125000	139.227982	-193.495468
706	-279.249634	254.546036	-90.204369	108.365067	0.000000	0.000000	7.125000	138.846069	-124.877182
707	-42.681358	-631.602905	-40.038883	-113.119904	0.000000	0.000000	7.125000	58.154316	280.013336
708	212.407761	30.711773	52.062744	-107.961212	0.000000	0.000000	7.125000	-14.011178	144.796524
709	642.362732	-362.747620	96.087090	-55.549248	0.000000	0.000000	7.125000	-427.143250	191.009491
710	-736.602356	688.883972	-102.726601	82.885406	0.000000	0.000000	7.125000	304.903290	-198.710205
711	-641.848999	-97.129776	-114.595032	-23.599751	0.000000	0.000000	7.125000	381.566528	74.884323
712	-459.867828	-147.620804	-82.861328	-42.225487	0.000000	0.000000	7.125000	271.102783	154.940994
713	-466.240814	-345.418243	-90.654396	-69.117493	0.000000	0.000000	7.125000	219.371750	197.948898
714	-411.202179	163.587143	-85.026093	18.396872	0.000000	0.000000	7.125000	210.111786	-6.228293
715	35.895611	-556.152649	3.477181	-101.940422	0.000000	0.000000	7.125000	2.483052	305.318848
716	-689.205200	373.754913	-98.546616	51.067970	0.000000	0.000000	7.125000	396.168854	-113.271339
717	275.148865	-29.491451	82.124931	-17.630075	0.000000	0.000000	7.125000	-219.228622	75.912552
718	-256.549255	-98.694336	-95.955338	-2.915870	0.000000	0.000000	7.125000	176.247589	7.167829
719	749.385742	366.074249	95.051544	57.316437	0.000000	0.000000	7.125000	-272.548706	-114.495255
720	53.760883	-531.824219	40.013756	-109.944519	0.000000	0.000000	7.125000	-77.926178	217.420441
721	79.917320	430.435547	16.514626	66.994530	0.000000	0.000000	7.125000	-19.583265	-178.439041
722	499.012238	600.606812	61.289543	81.530960	0.000000	0.000000	7.125000	-104.903664	-205.408127
723	-488.623047	-150.646973	-99.786682	-21.131041	0.000000	0.000000	7.125000	377.114868	62.639023
724	-161.376633	682.635498	-24.522894	108.257217	0.000000	0.000000	7.125000	49.740776	-190.511017
725	369.705261	-286.691315	95.881393	-49.675571	0.000000	0.000000	7.125000	-196.690796	64.653427
726	650.558350	218.187698	94.811935	51.709572	0.000000	0.000000	7.125000	-301.954315	-125.827736
727	347.986450	-560.139160	51.240417	-77.610062	0.000000	0.000000	7.125000	-135.904358	237.890549
728	-518.058655	460.539551	-62.380810	68.974319	0.000000	0.000000	7.125000	188.637375	-246.943649
729	-369.172913	-591.096313	-50.605179	-105.489304	0.000000	0.000000	7.125000	115.394348	310.978943
730	59.359039	426.426178	28.872292	110.282356	0.000000	0.000000	7.125000	-56.697060	-245.758224
731	-331.721069	320.332397	-98.909836	62.496403	0.000000	0.000000	7.125000	252.502380	-183.192688
732	170.675949	-575.224304	15.255837	-94.779991	0.000000	0.000000	7.125000	-31.630501	198.677795
733	-443.023621	315.930359	-68.545250	58.322529	0.000000	0.000000	7.125000	208.725235	-169.019653
734	248.957870	-439.714661	10.777108	-89.351883	0.000000	0.000000	7.125000	-23.781912	239.044571
735	421.648621	-626.494080	49.246727	-119.228302	0.000000	0.000000	7.125000	-77.779228	251.210403
736	-227.787476	-556.525574	-72.722145	-102.866989	0.000000	0.000000	7.125000	107.851204	248.092621
737	-342.759338	-499.772278	-69.200035	-57.544121	0.000000	0.000000	7.125000	262.913361	177.345245
738	-281.942230	-366.382782	-74.851166	-77.848320	0.000000	0.000000	7.125000	114.282890	156.080383
739	164.284576	183.672318	54.300041	67.974083	0.000000	0.000000	7.125000	-100.824966	-115.940094
740	-488.078247	-329.205566	-104.276932	-75.934875	0.000000	0.000000	7.125000	206.759995	194.152420
741	-599.250610	-513.935791	-87.946777	-72.535248	0.000000	0.000000	7.125000	235.363525	191.768814
742	-564.002441	264.588684	-78.661507	55.027260	0.000000	0.000000	7.125000	266.797455	-149.815979
743	-300.917725	-404.892578	-48.364822	-64.971245	0.000000	0.000000	7.125000	139.531006	250.790298
744	520.270386	27.904861	104.996773	-0.284175	0.000000	0.000000	7.125000	-567.001648	53.506313
745	-462.864777	42.102806	-105.036667	-25.087341	0.000000	0.000000	7.125000	253.216766	48.397194
746	-155.348541	40.125118	-105.027679	-25.157543	0.000000	0.000000	7.125000	92.843979	40.116047
747	-646.282227	589.384827	-82.674019	82.788826	0.000000	0.000000	7.125000	243.270279	-238.478806
748	0.262289	-665.622925	7.836142	-137.773865	0.000000	0.000000	7.125000	-4.803922	289.539642
749	494.307404	-654.489746	66.945442	-110.269135	0.000000	0.000000	7.125000	-146.421097	261.599060
750	-253.148148	-314.641846	-97.810349	-38.183174	0.000000	0.000000	7.125000	188.931656	70.857513
751	-236.258499	173.483856	-93.608307	32.198502	0.000000	0.000000	7.125000	229.410629	-73.911980
752	218.094574	-264.322784	80.895752	-66.933159	0.000000	0.000000	7.125000	-131.691315	118.103844
753	440.479095	569.206299	60.811710	89.246742	0.000000	0.000000	7.125000	-119.728233	-276.905334
754	69.646767	-25.421137	78.271759	-65.392021	0.000000	0.000000	7.125000	-81.030159	61.084133
755	175.349777	547.988892	22.148647	99.564491	0.000000	0.000000	7.125000	-47.394669	-150.391693
756	355.031738	161.490494	112.348495	57.015202	0.000000	0.000000	7.125000	-170.498337	-50.130081
757	593.598633	407.848450	98.369247	51.399700	0.000000	0.000000	7.125000	-246.568771	-78.602577
758	-22.099487	-465.133942	-11.656414	-95.288765	0.000000	0.000000	7.125000	8.184073	308.391479
759	364.222687	-166.245285	64.874832	-43.302658	0.000000	0.000000	7.125000	-211.574402	116.386032
760	106.465233	-683.279602	26.710915	-101.543808	0.000000	0.000000	7.125000	-64.543640	343.600861
761	352.963623	580.848145	37.519772	81.805786	0.000000	0.000000	7.125000	-107.109955	-272.891663
762	170.611176	666.640015	-7.543900	140.793488	0.000000	0.000000	7.125000	37.313793	-300.639313
763	438.046539	-657.550720	64.044022	-83.201317	0.000000	0.000000	7.125000	-166.382904	293.207245
764	769.996887	331.843903	106.208481	32.260746	0.000000	0.000000	7.125000	-298.230469	-53.169357
765	-450.559906	-297.525970	-72.937660	-41.662209	0.000000	0.000000	7.125000	273.856598	140.821609
766	-655.606567	-166.951569	-95.431511	-43.784740	0.000000	0.000000	7.125000	293.636169	92.812943
767	653.597046	335.923859	98.539185	63.048531	0.000000	0.000000	7.125000	-295.389740	-121.408348
768	202.338989	316.700684	83.580307	86.086746	0.000000	0.000000	7.125000	-127.094002	-101.398232
769	326.241608	-585.595703	76.272232	-115.006668	0.000000	0.000000	7.125000	-139.152222	174.449173
770	-693.309692	-374.796814	-108.652313	-63.795311	0.000000	0.000000	7.125000	318.302765	141.280380
771	-682.626160	550.177185	-116.260445	79.776611	0.000000	0.000000	7.125000	224.861908	-142.263489
772	368.583160	-483.609833	52.686249	-69.230156	0.000000	0.000000	7.125000	-172.501068	255.601517
773	175.326355	-66.464050	17.266245	-94.434448	0.000000	0.000000	7.125000	-7.898700	135.090118
774	-388.473419	-260.724670	-76.533325	-34.621506	0.000000	0.000000	7.125000	269.799774	127.405319
775	90.569550	458.411560	29.968285	88.035172	0.000000	0.000000	7.125000	-6.435524	-62.134789
776	-152.363495	-281.922424	-69.174896	-98.049591	0.000000	0.000000	7.125000	96.234283	196.432434
777	346.658173	478.800720	65.334404	89.735252	0.000000	0.000000	7.125000	-119.095146	-171.038666
778	-562.492554	256.946167	-109.131973	42.180725	0.000000	0.000000	7.125000	256.090454	-95.937767
779	394.310516	-424.665100	60.853256	-66.307663	0.000000	0.000000	7.125000	-226.580750	274.408661
780	-271.353302	544.471313	-41.971840	89.661552	0.000000	0.000000	7.125000	85.233566	-258.048370
781	-129.765671	-326.332672	-84.258171	-93.682663	0.000000	0.000000	7.125000	146.745056	189.937225
782	-307.942993	-397.363220	-67.805824	-72.128189	0.000000	0.000000	7.125000	123.267578	234.358170
783	-452.284729	439.542084	-71.129005	64.471901	0.000000	0.000000	7.125000	250.854294	-207.367798
784	512.461914	478.808807	90.134644	59.487587	0.000000	0.000000	7.125000	-263.394989	-118.880020
785	-456.981476	687.050964	-73.081291	87.491653	0.000000	0.000000	7.125000	174.848633	-265.857483
786	718.744202	-309.715363	93.294922	-54.398460	0.000000	0.000000	7.125000	-306.309875	137.441788
787	431.001984	539.616577	52.313427	80.490173	0.000000	0.000000	7.125000	-105.087921	-197.527267
788	-478.079071	-414.357849	-84.596085	-76.414772	0.000000	0.000000	7.125000	175.147171	175.024933
789	-330.445038	-19.732376	-83.605621	-24.053558	0.000000	0.000000	7.125000	194.144531	17.692568
790	260.855530	285.031982	33.738899	80.190063	0.000000	0.000000	7.125000	-55.609222	-195.328445
791	-358.340607	561.174683	-52.720787	83.791611	0.000000	0.000000	7.125000	61.113464	-186.309677
792	-543.897583	688.278625	-79.409920	85.924614	0.000000	0.000000	7.125000	209.671371	-231.986374
793	396.404449	-346.714142	59.753555	-50.129219	0.000000	0.000000	7.125000	-147.730347	103.474045
794	201.067291	187.443878	38.547722	84.629929	0.000000	0.000000	7.125000	-53.480770	-148.314880
795	-5.935148	716.371643	-45.804550	97.805405	0.000000	0.000000	7.125000	114.299225	-226.630264
796	89.523041	365.955109	59.696175	75.175575	0.000000	0.000000	7.125000	-105.452087	-91.192268
797	-364.875031	540.323853	-54.978931	78.693848	0.000000	0.000000	7.125000	110.896675	-205.824707
798	579.135742	-306.341949	98.709030	-43.819878	0.000000	0.000000	7.125000	-318.778748	109.459251
799	409.990051	442.711548	67.063126	72.822891	0.000000	0.000000	7.125000	-220.412827	-231.039474
800	-598.355225	500.484100	-81.352333	71.031837	0.000000	0.000000	7.125000	245.911499	-186.147217
801	297.793030	-527.863953	41.341530	-83.302200	0.000000	0.000000	7.125000	-153.993713	397.922333
802	-518.982056	-238.485443	-101.380547	-11.217248	0.000000	0.000000	7.125000	307.206390	24.427868
803	593.981262	-317.746979	94.373840	-38.690739	0.000000	0.000000	7.125000	-285.403992	76.548393
804	253.227692	-731.010376	57.176552	-108.900803	0.000000	0.000000	7.125000	-164.613525	362.879517
805	430.307312	-268.646637	60.730278	-44.006336	0.000000	0.000000	7.125000	-167.736542	106.179901
806	526.309814	712.698120	77.823021	91.342720	0.000000	0.000000	7.125000	-238.220871	-275.556000
807	-233.248108	866.813965	-53.138641	130.601013	0.000000	0.000000	7.125000	71.088066	-239.484955
808	412.100372	-428.244812	59.158195	-55.328995	0.000000	0.000000	7.125000	-170.413651	156.972183
809	-488.487305	-124.955666	-104.285416	-12.228094	0.000000	0.000000	7.125000	283.305847	25.895863
810	696.609070	-63.591095	122.375740	-12.340659	0.000000	0.000000	7.125000	-240.267502	33.047054
811	-243.055756	-26.083530	-104.947952	3.029647	0.000000	0.000000	7.125000	176.698547	-25.218473
812	-474.777802	135.778839	-96.651199	21.416985	0.000000	0.000000	7.125000	259.053650	-33.676521
813	-39.889767	-741.869751	-29.850359	-110.021545	0.000000	0.000000	7.125000	65.508316	344.342438
814	667.584412	-590.690613	90.319977	-83.493385	0.000000	0.000000	7.125000	-245.490753	213.098099
815	651.100952	599.976379	64.799690	97.397362	0.000000	0.000000	7.125000	-142.630585	-289.800873
816	-754.234558	-100.118652	-113.501114	10.604271	0.000000	0.000000	7.125000	370.184570	-51.938824
817	-729.561035	-583.216064	-91.636581	-82.046799	0.000000	0.000000	7.125000	249.091141	238.969467
818	613.866882	405.305511	70.779533	64.852676	0.000000	0.000000	7.125000	-272.151733	-217.328217
819	-81.703270	258.037842	-42.157074	105.915962	0.000000	0.000000	7.125000	57.076519	-247.246078
820	-554.953247	-463.221008	-79.982056	-63.299854	0.000000	0.000000	7.125000	242.325729	193.241943
821	-565.749451	509.263702	-78.970291	69.200150	0.000000	0.000000	7.125000	262.522614	-222.725113
822	-698.707886	-231.497986	-115.089539	-33.976151	0.000000	0.000000	7.125000	257.621490	72.096878
823	498.631409	370.226990	56.284393	70.228630	0.000000	0.000000	7.125000	-206.524216	-233.493378
824	-37.216805	797.108765	6.548704	122.825043	0.000000	0.000000	7.125000	-8.292156	-378.962097
825	-169.606140	-142.098938	-71.785522	-63.735088	0.000000	0.000000	7.125000	136.807587	100.532875
826	-170.391144	451.749603	-25.912094	117.165085	0.000000	0.000000	7.125000	18.798340	-144.862442
827	839.389587	395.806000	134.258209	31.899162	0.000000	0.000000	7.125000	-254.896561	-23.775364
828	-374.647858	-123.644707	-66.886940	-80.927094	0.000000	0.000000	7.125000	92.305023	164.109940
829	221.261597	-389.394958	42.840305	-89.249550	0.000000	0.000000	7.125000	-106.170280	264.082336
830	-326.050110	-59.085960	-103.771759	-29.826744	0.000000	0.000000	7.125000	158.489838	16.194763
831	-613.751831	-241.301651	-123.085403	-38.612785	0.000000	0.000000	7.125000	259.751221	68.442192
832	-762.233032	-309.813629	-104.202805	-59.500519	0.000000	0.000000	7.125000	328.644043	127.674629
833	11.878302	-886.375610	-3.283991	-134.958710	0.000000	0.000000	7.125000	-24.319294	349.193451
834	-390.163605	386.933411	-57.041664	69.614975	0.000000	0.000000	7.125000	285.649384	-328.717163
835	316.637421	-221.504990	49.564716	-64.064980	0.000000	0.000000	7.125000	-98.838402	165.565231
836	-621.170654	356.317688	-99.154396	56.232922	0.000000	0.000000	7.125000	292.981598	-104.357948
837	-499.940460	-495.968445	-67.919281	-72.026489	0.000000	0.000000	7.125000	183.989594	243.276749
838	-285.373474	486.938477	-48.815445	60.834267	0.000000	0.000000	7.125000	158.944427	-246.877075
839	-643.246887	216.826920	-99.850876	32.457565	0.000000	0.000000	7.125000	313.651001	-51.853199
840	735.694763	-163.383499	104.385712	-27.705959	0.000000	0.000000	7.125000	-309.645203	66.009972
841	-939.072327	-533.957886	-153.769073	-40.412468	0.000000	0.000000	7.125000	351.671570	74.456833
842	-643.137695	665.354126	-91.084503	103.669449	0.000000	0.000000	7.125000	128.528839	-187.423065
843	689.688293	-189.132553	103.133652	-19.708345	0.000000	0.000000	7.125000	-301.918610	52.395432
844	-491.417725	195.945389	-88.778961	36.526058	0.000000	0.000000	7.125000	143.217300	-59.576916
845	139.837753	182.562195	67.660294	59.305336	0.000000	0.000000	7.125000	-187.027908	-81.571541
846	-471.966644	442.987000	-88.383636	62.066483	0.000000	0.000000	7.125000	155.946838	-119.310188
847	-486.321320	-565.635864	-76.985184	-62.241783	0.000000	0.000000	7.125000	276.845184	182.387726
848	-793.215149	43.616989	-110.975632	-2.294005	0.000000	0.000000	7.125000	375.249725	5.926411
849	-629.938416	-487.316650	-88.515381	-71.838097	0.000000	0.000000	7.125000	226.651245	218.264496
850	-104.077736	530.037720	-41.427277	118.992691	0.000000	0.000000	7.125000	79.844734	-246.181854
851	-289.528564	-204.981155	-93.786079	-64.799843	0.000000	0.000000	7.125000	116.532028	56.811436
852	254.735931	-68.834831	137.473816	11.791801	0.000000	0.000000	7.125000	-132.201431	-65.751404
853	-47.943451	309.162689	6.678972	104.779892	0.000000	0.000000	7.125000	4.023827	-236.475983
854	-67.591675	-10.552490	-120.403610	67.431198	0.000000	0.000000	7.125000	90.285774	-45.379143
855	-186.470245	-247.283905	-67.317093	-72.589111	0.000000	0.000000	7.125000	133.627945	127.688171
856	667.928589	-13.650803	109.955902	-15.188322	0.000000	0.000000	7.125000	-308.697998	51.711884
857	365.513672	-646.627502	50.351715	-95.532730	0.000000	0.000000	7.125000	-98.626305	305.480774
858	-171.519226	265.788055	-36.258686	75.769394	0.000000	0.000000	7.125000	57.489704	-202.767548
859	26.997145	59.959320	-53.996506	71.973610	0.000000	0.000000	7.125000	99.106491	-59.642311
860	-272.808228	-601.931824	-30.297325	-94.248741	0.000000	0.000000	7.125000	66.525711	276.179810
861	-481.984863	-46.862114	-117.652054	-23.538696	0.000000	0.000000	7.125000	240.955017	9.997085
862	470.059448	-502.573608	72.108414	-63.372856	0.000000	0.000000	7.125000	-173.587677	127.031456
863	-50.837551	630.213989	8.908877	104.620499	0.000000	0.000000	7.125000	-17.308838	-260.466766
864	382.756500	319.533875	102.806351	67.513123	0.000000	0.000000	7.125000	-149.713974	-90.491249
865	-520.206360	-418.064514	-65.748749	-56.974541	0.000000	0.000000	7.125000	236.022186	193.473572
866	70.322624	-279.844727	-43.814766	-71.615410	0.000000	0.000000	7.125000	69.127724	78.848434
867	-82.721481	-545.331909	0.942041	-80.994339	0.000000	0.000000	7.125000	-15.066111	219.711914
868	424.706818	-646.110840	66.277618	-77.527786	0.000000	0.000000	7.125000	-153.266235	199.262161
869	470.892212	-170.841919	88.608612	-44.150604	0.000000	0.000000	7.125000	-203.621033	84.595734
870	-47.102657	-579.803101	12.691662	-95.156593	0.000000	0.000000	7.125000	-22.871572	251.999420
871	282.130707	-271.346527	124.186844	-21.233349	0.000000	0.000000	7.125000	-248.411102	84.352936
872	-61.472038	37.698891	118.778595	16.780354	0.000000	0.000000	7.125000	-101.472610	-42.314968
873	-116.206764	659.407043	-4.927830	104.882233	0.000000	0.000000	7.125000	43.808701	-330.506317
874	-371.670166	580.559814	-57.840210	94.731339	0.000000	0.000000	7.125000	116.127098	-305.019379
875	277.890381	161.167328	57.679825	72.942909	0.000000	0.000000	7.125000	-28.434988	-65.929840
876	670.411865	389.028198	92.591919	55.570107	0.000000	0.000000	7.125000	-413.926147	-177.856705
877	-711.032410	343.835571	-95.037109	57.338676	0.000000	0.000000	7.125000	219.793823	-82.738968
878	849.783691	6.227360	119.097275	14.681089	0.000000	0.000000	7.125000	-315.640564	-19.871759
879	-23.311930	356.723083	59.564438	82.801025	0.000000	0.000000	7.125000	-110.311668	-145.925842
880	-364.392731	109.402313	-79.102997	36.217617	0.000000	0.000000	7.125000	193.676361	-95.500359
881	440.354675	177.835617	84.512657	45.536777	0.000000	0.000000	7.125000	-226.698868	-99.114914
882	-711.271790	-312.761902	-111.870750	-57.944809	0.000000	0.000000	7.125000	354.408051	111.152817
883	70.063019	392.724548	24.816792	67.585861	0.000000	0.000000	7.125000	-88.069939	-289.831177
884	-121.234261	-49.203484	-95.123184	-27.429926	0.000000	0.000000	7.125000	155.373245	43.248531
885	-244.284271	450.346832	-41.643997	83.154846	0.000000	0.000000	7.125000	90.776466	-203.509277
886	67.261688	-491.569244	19.195562	-90.997375	0.000000	0.000000	7.125000	-35.151840	243.604599
887	-471.770447	-562.025635	-66.893219	-103.209686	0.000000	0.000000	7.125000	88.088661	206.132980
888	233.938080	573.741638	37.921803	110.675934	0.000000	0.000000	7.125000	-30.396973	-268.173645
889	-305.148560	510.424683	-63.133507	64.140556	0.000000	0.000000	7.125000	146.617630	-167.131699
890	186.308350	326.933685	62.951191	84.035583	0.000000	0.000000	7.125000	-130.287994	-173.371262
891	7.751445	148.555374	-52.638229	107.836655	0.000000	0.000000	7.125000	85.760353	-134.087540
892	57.001167	-162.490158	49.008057	-82.490028	0.000000	0.000000	7.125000	8.573793	57.112648
893	-68.748405	-3.457514	-125.568886	10.114815	0.000000	0.000000	7.125000	106.195808	-21.322138
894	-684.013794	-604.261108	-86.490707	-83.182587	0.000000	0.000000	7.125000	240.145859	253.723541
895	-270.462006	-246.242264	-56.307156	-49.542946	0.000000	0.000000	7.125000	165.626221	162.049408
896	226.102493	548.984924	40.318016	93.692993	0.000000	0.000000	7.125000	-118.032043	-342.261078
897	422.571960	455.504425	79.841034	53.304184	0.000000	0.000000	7.125000	-156.233658	-76.796143
898	-322.859863	43.106461	-86.523773	9.090357	0.000000	0.000000	7.125000	211.036545	-52.303986
899	316.439087	-92.043350	86.618088	-8.099403	0.000000	0.000000	7.125000	-175.760406	-2.818010
900	697.554077	-617.499634	86.071983	-83.611824	0.000000	0.000000	7.125000	-289.850922	211.265549
901	-331.311462	95.871017	-109.295464	32.406898	0.000000	0.000000	7.125000	147.470901	-46.363811
902	-418.008728	100.116890	-99.008560	24.472271	0.000000	0.000000	7.125000	227.884430	-17.413162
903	384.793518	96.664986	57.135132	53.099434	0.000000	0.000000	7.125000	-83.966469	-82.356476
904	-358.761353	533.937317	-33.468102	102.681702	0.000000	0.000000	7.125000	56.674706	-273.112671
905	138.466187	-530.130310	10.481585	-80.318604	0.000000	0.000000	7.125000	-14.436821	217.081604
906	241.257507	643.337585	29.967905	103.758850	0.000000	0.000000	7.125000	-71.696098	-321.785431
907	323.822723	-450.843597	45.149200	-84.720184	0.000000	0.000000	7.125000	-167.176880	356.138062
908	-18.849306	-588.361938	-9.504919	-107.579971	0.000000	0.000000	7.125000	8.261804	368.720520
909	147.530426	-22.474689	80.950287	-2.518440	0.000000	0.000000	7.125000	-149.954239	-19.547607
910	-664.705139	413.560211	-76.416397	76.318321	0.000000	0.000000	7.125000	221.993835	-214.692398
911	390.966064	492.596558	54.310612	86.338326	0.000000	0.000000	7.125000	-130.186722	-180.426971
912	449.750916	163.985611	90.535408	21.258852	0.000000	0.000000	7.125000	-184.924576	-17.462246
913	60.840836	568.805542	14.615966	91.843758	0.000000	0.000000	7.125000	-28.079765	-256.018951
914	-625.116882	-365.970123	-100.500656	-53.808689	0.000000	0.000000	7.125000	255.921265	111.426147
915	-6.207561	-689.505005	-9.611033	-110.583122	0.000000	0.000000	7.125000	14.900945	311.049011
916	-177.215591	400.660889	-50.237400	78.262428	0.000000	0.000000	7.125000	104.851997	-189.479965
917	166.539963	-0.658689	87.177193	-32.243420	0.000000	0.000000	7.125000	-52.084885	17.127882
918	9.997255	-426.924255	-77.328896	-79.628830	0.000000	0.000000	7.125000	160.417725	125.105583
919	-418.400085	294.332642	-94.624542	68.802704	0.000000	0.000000	7.125000	201.330704	-192.174805
920	-285.414246	355.447754	-79.157112	77.813980	0.000000	0.000000	7.125000	182.594803	-194.612671
921	345.410614	547.254639	57.976730	83.920410	0.000000	0.000000	7.125000	-142.074982	-280.814240
922	346.051636	-52.766846	109.490868	-18.241432	0.000000	0.000000	7.125000	-246.061630	29.206003
923	-512.608032	-427.768341	-90.201538	-64.687881	0.000000	0.000000	7.125000	248.890610	157.541473
924	68.521790	420.681274	26.942551	101.484283	0.000000	0.000000	7.125000	-31.892015	-174.448456
925	321.791687	177.728943	82.443314	95.279747	0.000000	0.000000	7.125000	-126.538078	-185.744568
926	122.406097	-353.218231	77.526833	-95.487320	0.000000	0.000000	7.125000	-135.080383	200.146805
927	186.273743	-291.147186	37.105419	-101.342499	0.000000	0.000000	7.125000	-5.850153	155.976242
928	832.759705	-518.063599	105.218048	-84.582130	0.000000	0.000000	7.125000	-213.918228	202.387115
929	-253.138397	-458.338470	-25.751938	-79.954071	0.000000	0.000000	7.125000	55.187672	260.999084
930	-265.202850	411.988434	-23.875341	89.882217	0.000000	0.000000	7.125000	15.630793	-174.638885
931	-497.930939	353.770447	-80.423111	52.421883	0.000000	0.000000	7.125000	217.334412	-135.105881
932	152.191132	274.002960	26.261824	76.621399	0.000000	0.000000	7.125000	-20.512197	-115.635010
933	-326.168854	463.323608	-51.446594	77.465149	0.000000	0.000000	7.125000	202.004532	-456.383820
934	-292.845581	-343.865845	-78.775230	-29.161947	0.000000	0.000000	7.125000	132.141083	57.084610
935	356.668518	-248.085098	116.218475	-68.686966	0.000000	0.000000	7.125000	-190.891327	95.777481
936	-585.023743	-114.748123	-110.850945	-5.700505	0.000000	0.000000	7.125000	312.371246	-12.871289
937	-273.624207	392.032349	-49.399841	75.229042	0.000000	0.000000	7.125000	116.816612	-212.572708
938	687.374146	-306.148254	114.521469	-35.841408	0.000000	0.000000	7.125000	-333.968750	79.987976
939	-565.585938	154.691864	-101.996429	0.792604	0.000000	0.000000	7.125000	307.063080	-1.635754
940	-655.262756	228.067551	-103.685471	47.372410	0.000000	0.000000	7.125000	323.097626	-101.688499
941	-405.967896	77.019196	-102.530212	67.943604	0.000000	0.000000	7.125000	247.834915	-160.384048
942	-515.416199	189.240921	-78.826210	49.344975	0.000000	0.000000	7.125000	246.148941	-124.781906
943	-364.561340	-465.879730	-55.950981	-58.570038	0.000000	0.000000	7.125000	194.121841	213.855774
944	586.079346	-107.909340	105.636307	-22.460005	0.000000	0.000000	7.125000	-376.639954	115.316742
945	-456.051788	-275.498077	-83.858871	-40.207649	0.000000	0.000000	7.125000	258.858124	110.135887
946	-323.202789	-344.928619	-67.506104	-68.254059	0.000000	0.000000	7.125000	116.880669	55.175240
947	-628.278870	260.161469	-75.364647	54.489510	0.000000	0.000000	7.125000	220.555405	-150.427460
948	698.471436	-317.898743	93.037979	-48.662636	0.000000	0.000000	7.125000	-324.268372	122.295799
949	493.578400	-734.277710	73.366035	-98.723969	0.000000	0.000000	7.125000	-223.500839	296.742950
950	316.476074	-16.569405	123.269226	-26.062965	0.000000	0.000000	7.125000	-84.734512	29.283350
951	74.309624	322.749146	-2.027894	128.980881	0.000000	0.000000	7.125000	-1.038233	-192.494614
952	505.354675	270.224304	70.975937	44.926773	0.000000	0.000000	7.125000	-183.429260	-82.261108
953	35.878761	499.439148	0.176400	89.998932	0.000000	0.000000	7.125000	14.820135	-200.965088
954	-470.182343	-69.052811	-95.995407	0.915745	0.000000	0.000000	7.125000	243.550079	11.710845
955	-147.985321	-291.614899	-34.645405	-89.514084	0.000000	0.000000	7.125000	26.646477	156.010712
956	-530.435425	133.780045	-115.553619	42.143616	0.000000	0.000000	7.125000	224.372787	-80.446838
957	748.358398	-231.808731	103.993118	-53.604767	0.000000	0.000000	7.125000	-324.495453	123.138878
958	-123.148094	686.272156	-23.523602	99.249985	0.000000	0.000000	7.125000	51.009819	-268.537170
959	-175.615784	-78.078552	-36.227348	-44.003551	0.000000	0.000000	7.125000	74.824120	138.444016
960	-150.785599	-220.596817	-68.442719	-67.314507	0.000000	0.000000	7.125000	130.478958	163.886002
961	197.285431	477.971924	57.410332	108.724701	0.000000	0.000000	7.125000	-23.340002	-167.151703
962	268.083008	74.172462	85.215759	71.085854	0.000000	0.000000	7.125000	-138.691681	-77.733559
963	109.567749	244.113647	-17.343477	112.590424	0.000000	0.000000	7.125000	53.828354	-105.455956
964	398.680267	-226.480209	76.499413	-47.411186	0.000000	0.000000	7.125000	-216.965485	100.389244
965	505.146332	-185.528534	127.849594	-17.115032	0.000000	0.000000	7.125000	-278.162537	75.483231
966	394.467377	-201.569580	74.421585	-69.746826	0.000000	0.000000	7.125000	-170.299286	124.652138
967	-506.241730	344.081177	-85.455070	49.978680	0.000000	0.000000	7.125000	245.600067	-107.083351
968	-700.192139	274.707642	-102.790314	33.099068	0.000000	0.000000	7.125000	635.252686	-64.302437
969	60.171188	-508.869324	31.084736	-93.978394	0.000000	0.000000	7.125000	-54.202480	272.616791
970	-377.606171	-540.770996	-52.422710	-76.812393	0.000000	0.000000	7.125000	133.739410	275.503235
971	-98.179962	-254.176926	-31.027008	-94.003235	0.000000	0.000000	7.125000	47.973114	77.696381
972	237.366623	-251.695633	56.251987	-54.034332	0.000000	0.000000	7.125000	-93.231194	98.301521
973	248.878326	615.829712	20.101240	87.725349	0.000000	0.000000	7.125000	-25.921513	-227.978745
974	-166.333221	497.866333	-20.147015	78.452057	0.000000	0.000000	7.125000	96.446083	-559.643921
975	-326.887238	301.914856	-70.042572	93.717865	0.000000	0.000000	7.125000	164.109238	-229.228577
976	-235.142670	531.929688	-44.163231	105.097755	0.000000	0.000000	7.125000	87.869003	-235.097336
977	-90.301285	-715.576233	-8.935439	-104.619080	0.000000	0.000000	7.125000	32.681541	319.190338
978	107.386185	587.239929	-1.524774	107.988045	0.000000	0.000000	7.125000	10.566378	-307.783203
979	250.746155	-228.203064	87.535126	-77.601280	0.000000	0.000000	7.125000	-144.754181	162.532639
980	-492.539062	-182.972534	-92.617722	-25.252146	0.000000	0.000000	7.125000	137.198654	21.355173
981	442.900024	585.720276	56.644142	77.507515	0.000000	0.000000	7.125000	-188.483017	-294.976105
982	127.597038	607.585815	33.120430	90.104523	0.000000	0.000000	7.125000	-86.399551	-306.297699
983	290.690399	231.040970	71.177612	100.312698	0.000000	0.000000	7.125000	-103.578835	-129.706253
984	260.048401	-268.058197	37.639648	-64.868408	0.000000	0.000000	7.125000	-65.441498	147.481537
985	604.006226	308.568268	79.863716	53.270271	0.000000	0.000000	7.125000	-330.637085	-194.799164
986	-231.025421	-210.640366	-83.370476	-41.209610	0.000000	0.000000	7.125000	192.691284	94.447136
987	-483.597931	624.300476	-82.508858	87.133514	0.000000	0.000000	7.125000	356.957794	-360.465454
988	519.930847	368.995300	82.267380	74.514969	0.000000	0.000000	7.125000	-237.305084	-188.000854
989	656.645020	-568.324341	96.785324	-85.284851	0.000000	0.000000	7.125000	-261.641357	196.006577
990	348.171265	-611.576355	55.530056	-106.377602	0.000000	0.000000	7.125000	-82.646568	183.651962
991	419.323792	-435.744476	54.895073	-55.412365	0.000000	0.000000	7.125000	-154.295929	144.053925
992	-495.503326	-118.598663	-74.080765	-11.706411	0.000000	0.000000	7.125000	250.135300	40.753555
993	-492.763031	8.040523	-77.979088	1.801893	0.000000	0.000000	7.125000	272.722992	-12.338461
994	-36.392303	270.025177	-53.787918	75.857063	0.000000	0.000000	7.125000	37.833954	-118.473495
995	449.424133	6.349663	88.631989	15.609671	0.000000	0.000000	7.125000	-216.513611	-5.135297
996	-401.612579	179.760620	-76.617218	41.215355	0.000000	0.000000	7.125000	237.554367	-109.697273
997	72.333939	431.644684	6.992062	83.699112	0.000000	0.000000	7.125000	17.504732	-161.984940
998	333.279999	-584.269531	71.923798	-110.684082	0.000000	0.000000	7.125000	-144.193268	234.843826
999	180.334366	-222.717346	10.741173	-92.373383	0.000000	0.000000	7.125000	-4.410826	254.587555
