node	a_force.x	a_force.y	g_force.x	g_force.y	r_force.x	r_force.y	global_speed	move_node.x	move_node.y
0	259.573486	-244.417038	56.414326	-62.236832	0.000000	0.000000	3.750000	-486.271881	553.061646
1	316.689911	-112.705666	47.648186	-25.409634	0.000000	0.000000	3.750000	-484.607697	215.935944
2	-249.632935	60.749214	-62.282501	14.726582	0.000000	0.000000	3.750000	437.098633	-12.167710
3	273.586151	-152.694077	48.828465	-31.301384	0.000000	0.000000	3.750000	-526.144470	445.115112
4	-341.268555	299.499725	-69.862274	53.509331	0.000000	0.000000	3.750000	508.811707	-295.763916
5	226.688232	80.477783	63.373001	24.654861	0.000000	0.000000	3.750000	-464.018799	-156.360596
6	-353.147278	-218.988876	-64.683624	-56.674545	0.000000	0.000000	3.750000	572.257446	351.541595
7	-351.883118	-225.011230	-58.638401	-41.779606	0.000000	0.000000	3.750000	1443.361206	857.051575
8	-291.966217	-299.504333	-55.802475	-51.595383	0.000000	0.000000	3.750000	572.341003	528.750977
9	247.605774	-154.071869	50.140060	-24.939415	0.000000	0.000000	3.750000	-497.216614	232.792374
10	-123.026314	376.695679	-20.968773	58.346466	0.000000	0.000000	3.750000	210.316833	-557.728271
11	-461.688141	-108.034546	-89.098450	-22.923019	0.000000	0.000000	3.750000	500.015808	115.070618
12	-241.922195	-368.653320	-33.414528	-66.026230	0.000000	0.000000	3.750000	349.073486	970.781128
13	340.342682	-138.128754	63.371269	-41.953171	0.000000	0.000000	3.750000	-336.716705	288.024292
14	418.268951	123.190125	77.632141	26.403055	0.000000	0.000000	3.750000	-157.886139	-71.973701
15	195.553589	90.395782	62.301933	14.642986	0.000000	0.000000	3.750000	-156.706055	-99.454666
16	411.575653	203.363953	76.985977	21.751663	0.000000	0.000000	3.750000	-280.107452	-59.335907
17	244.850388	-347.171936	44.369244	-51.530289	0.000000	0.000000	3.750000	-334.922272	399.978424
18	-232.265594	172.719238	-43.421154	24.791071	0.000000	0.000000	3.750000	470.937683	-159.824921
19	-99.870087	-12.942406	-63.252682	-48.977634	0.000000	0.000000	3.750000	103.599869	233.479202
20	-108.215065	-282.004852	-22.130856	-64.297943	0.000000	0.000000	3.750000	154.038559	461.927399
21	-620.980896	178.613159	-91.670158	20.798536	0.000000	0.000000	3.750000	975.415039	-165.300827
22	-5.679231	-213.652313	-9.635017	-44.979607	0.000000	0.000000	3.750000	40.345467	184.327957
23	251.560333	166.228180	56.939850	18.913300	0.000000	0.000000	3.750000	-65.427567	-18.859024
24	-56.814590	177.913437	-31.523232	60.251694	0.000000	0.000000	3.750000	73.884827	-251.145233
25	445.246460	189.902451	62.861282	35.106308	0.000000	0.000000	3.750000	-737.789612	-286.481964
26	25.916946	-296.887878	17.057951	-55.434875	0.000000	0.000000	3.750000	-121.392326	496.394379
27	-343.820984	364.014343	-47.368423	56.852604	0.000000	0.000000	3.750000	173.560867	-190.656326
28	-300.219025	393.973328	-37.062141	64.049896	0.000000	0.000000	3.750000	274.731964	-679.509583
29	-270.714111	-486.655945	-49.064125	-68.181465	0.000000	0.000000	3.750000	429.441742	604.651917
30	31.903460	456.366760	5.543459	71.786270	0.000000	0.000000	3.750000	-32.849422	-782.967468
31	193.582199	39.095398	67.128296	-19.843735	0.000000	0.000000	3.750000	-288.644653	39.635345
32	75.678993	-25.699268	64.992401	19.997343	0.000000	0.000000	3.750000	-176.053406	-95.300468
33	-35.385136	291.994110	13.889718	84.870773	0.000000	0.000000	3.750000	-2.873679	-456.386505
34	-320.412537	453.643066	-44.628609	63.970985	0.000000	0.000000	3.750000	422.511383	-596.251404
35	-414.237427	53.272327	-69.303810	19.518404	0.000000	0.000000	3.750000	500.590546	-61.585758
36	-422.571350	-216.857361	-57.684761	-43.086708	0.000000	0.000000	3.750000	566.236572	334.067291
37	-397.412262	71.648468	-85.028847	12.887020	0.000000	0.000000	3.750000	636.701660	-9.083374
38	-156.834991	-419.459717	-16.661634	-72.099518	0.000000	0.000000	3.750000	25.336685	183.433289
39	-297.022736	167.764572	-46.765388	40.706242	0.000000	0.000000	3.750000	393.432068	-315.943329
40	205.913406	-439.249725	39.159447	-58.021866	0.000000	0.000000	3.750000	-324.732727	543.562622
41	86.093697	-227.618683	26.326084	-83.969757	0.000000	0.000000	3.750000	-84.313499	240.906891
42	-240.434540	241.184021	-49.711586	57.487007	0.000000	0.000000	3.750000	332.114502	-347.560883
43	-287.989929	126.424721	-60.381226	14.074724	0.000000	0.000000	3.750000	353.330719	-29.379583
44	67.199799	-25.365704	60.270821	-14.539463	0.000000	0.000000	3.750000	-160.901901	0.919545
45	97.304634	-397.347595	41.928001	-72.787628	0.000000	0.000000	3.750000	-339.259003	472.123138
46	-14.406840	-97.855019	-29.393040	-54.588997	0.000000	0.000000	3.750000	16.059875	137.328598
47	78.078293	-400.731934	15.165230	-60.116676	0.000000	0.000000	3.750000	-132.496658	686.493042
48	396.341797	-302.942566	57.694363	-49.470802	0.000000	0.000000	3.750000	-507.724182	460.887024
49	87.365234	-348.294800	31.507170	-48.695972	0.000000	0.000000	3.750000	-314.630188	552.298157
50	-269.840942	324.967743	-35.694740	40.520184	0.000000	0.000000	3.750000	281.235809	-340.425629
51	102.001579	-228.991348	29.370895	-50.004654	0.000000	0.000000	3.750000	-14.659722	38.699852
52	-313.137665	214.201492	-39.067787	42.868469	0.000000	0.000000	3.750000	477.146973	-421.922211
53	303.415344	147.844711	76.045273	17.352674	0.000000	0.000000	3.750000	-473.340729	-116.561043
54	357.342407	305.597168	47.001869	46.333824	0.000000	0.000000	3.750000	-426.406250	-374.196350
55	-113.677727	224.021179	-37.926785	49.046478	0.000000	0.000000	3.750000	176.809479	-253.455307
56	-460.480164	342.773041	-57.542786	49.646984	0.000000	0.000000	3.750000	739.427673	-498.678864
57	-417.846924	-3.659564	-69.918686	-24.235870	0.000000	0.000000	3.750000	722.722229	250.885437
58	87.016602	-265.515869	35.176872	-60.519253	0.000000	0.000000	3.750000	-130.684036	289.832672
59	405.987579	-136.765839	62.574715	-35.614571	0.000000	0.000000	3.750000	-703.724121	277.847107
60	247.771271	145.085556	62.078636	22.410748	0.000000	0.000000	3.750000	-411.187744	-160.849670
61	-1.299774	-364.681030	-11.558548	-73.091377	0.000000	0.000000	3.750000	-42.240032	224.697678
62	353.219940	-381.525085	52.331192	-49.451450	0.000000	0.000000	3.750000	-207.033371	186.640747
63	-280.358337	230.607971	-50.192970	51.620392	0.000000	0.000000	3.750000	401.981018	-369.898224
64	-202.321960	451.423096	-35.827206	62.453178	0.000000	0.000000	3.750000	268.450592	-741.071960
65	329.521667	-119.539749	52.561260	-19.321337	0.000000	0.000000	3.750000	-586.001038	206.873062
66	404.592865	130.462814	68.185623	15.833975	0.000000	0.000000	3.750000	-447.496857	-61.790268
67	34.111038	-349.027466	8.179308	-59.439865	0.000000	0.000000	3.750000	-45.118664	675.243896
68	-4.201336	-158.122192	-9.225620	-45.065334	0.000000	0.000000	3.750000	23.270355	228.277725
69	102.105644	-4.387398	44.668545	-40.058403	0.000000	0.000000	3.750000	-148.037140	205.726151
70	-212.653244	475.444275	-33.913990	63.512440	0.000000	0.000000	3.750000	258.136139	-786.426941
71	-300.947754	-87.321739	-41.018097	-20.820988	0.000000	0.000000	3.750000	605.623291	203.784012
72	250.479187	-289.768860	43.849480	-43.831749	0.000000	0.000000	3.750000	-348.011261	408.059265
73	91.741425	40.669060	77.860565	-4.661563	0.000000	0.000000	3.750000	-151.472839	0.806927
74	-58.173191	-11.181653	-41.977638	18.798550	0.000000	0.000000	3.750000	29.320099	-1.447735
75	212.417374	-282.520874	40.776947	-51.896431	0.000000	0.000000	3.750000	-376.477905	460.297089
76	-361.258667	-226.252838	-61.365128	-48.148949	0.000000	0.000000	3.750000	615.518372	504.752075
77	-144.295547	-467.071655	-25.286764	-67.413483	0.000000	0.000000	3.750000	208.722580	711.318726
78	-205.481628	56.905617	-73.786095	5.620729	0.000000	0.000000	3.750000	443.968079	-92.184990
79	395.442078	6.992292	71.863564	4.429527	0.000000	0.000000	3.750000	-642.801697	37.071774
80	-38.842319	313.270386	-7.600344	63.547096	0.000000	0.000000	3.750000	84.993477	-511.664398
81	337.427490	-92.879890	57.848785	-22.305088	0.000000	0.000000	3.750000	-593.704041	202.113922
82	-118.026108	3.154537	-56.437378	-50.898594	0.000000	0.000000	3.750000	67.013321	94.084793
83	-76.033516	413.326599	-14.108080	64.474503	0.000000	0.000000	3.750000	132.935638	-784.916504
84	199.981918	-429.003479	31.632107	-57.925888	0.000000	0.000000	3.750000	-148.648560	318.723389
85	-122.292488	-587.565430	-31.936626	-73.348801	0.000000	0.000000	3.750000	259.605438	819.190796
86	-443.646179	-149.165436	-69.678101	-18.137070	0.000000	0.000000	3.750000	534.250732	73.938698
87	-118.442360	292.510101	-28.298439	50.627991	0.000000	0.000000	3.750000	211.610260	-557.039978
88	45.626587	466.489746	0.616747	79.997505	0.000000	0.000000	3.750000	120.459946	-783.453857
89	-109.519882	375.339264	-21.835274	66.507271	0.000000	0.000000	3.750000	176.114136	-780.498779
90	-75.924072	-297.311920	-4.781519	-49.770821	0.000000	0.000000	3.750000	59.125839	293.312134
91	-418.609741	58.033264	-60.504345	13.535958	0.000000	0.000000	3.750000	657.858398	-91.770966
92	-90.400276	-28.486803	-44.580559	-17.792339	0.000000	0.000000	3.750000	163.026382	88.880661
93	186.546478	27.966717	53.580742	35.001465	0.000000	0.000000	3.750000	-309.260651	-223.025162
94	429.580444	136.696899	66.826691	12.577454	0.000000	0.000000	3.750000	-742.299133	-95.035965
95	-428.078674	-169.219543	-67.891815	-17.049971	0.000000	0.000000	3.750000	688.158264	174.165665
96	-48.746212	-417.495544	-10.620086	-63.112709	0.000000	0.000000	3.750000	101.482567	743.344666
97	216.802643	287.603668	40.394562	52.194618	0.000000	0.000000	3.750000	-357.115173	-539.211792
98	-61.901520	-220.316574	-14.355902	-76.665314	0.000000	0.000000	3.750000	2.135013	52.475361
99	276.143585	-301.194672	47.395370	-61.948994	0.000000	0.000000	3.750000	-334.139221	408.216522
100	-173.857300	-390.610687	-32.523987	-55.119759	0.000000	0.000000	3.750000	333.359375	713.782471
101	-244.675995	-250.309601	-53.540451	-51.082481	0.000000	0.000000	3.750000	416.381836	378.672760
102	-46.919304	-24.507744	-47.964226	-1.844298	0.000000	0.000000	3.750000	173.856613	-36.812595
103	-269.889893	237.230530	-38.041386	35.452106	0.000000	0.000000	3.750000	529.529602	-406.645233
104	-7.840218	-81.747673	-64.400070	-44.001282	0.000000	0.000000	3.750000	232.222076	12.156039
105	272.334106	352.075653	41.411423	51.391567	0.000000	0.000000	3.750000	-409.665039	-567.911743
106	136.353424	300.830048	9.474243	57.220963	0.000000	0.000000	3.750000	-88.051193	-767.070190
107	19.819733	330.824615	-3.749990	63.890022	0.000000	0.000000	3.750000	88.822021	-617.347412
108	-125.942818	-242.160156	-27.329865	-57.871223	0.000000	0.000000	3.750000	224.689362	504.947510
109	54.434406	-125.923218	1.876650	-51.966110	0.000000	0.000000	3.750000	-37.613995	321.851196
110	196.970978	83.192528	49.135956	30.816275	0.000000	0.000000	3.750000	-192.812057	-183.892624
111	160.835175	-383.250061	37.344261	-68.479240	0.000000	0.000000	3.750000	-252.951920	498.500732
112	185.227356	-13.199911	63.542919	-17.840742	0.000000	0.000000	3.750000	-271.905396	52.193096
113	367.215668	-260.898743	46.449524	-37.979477	0.000000	0.000000	3.750000	-521.894897	360.413940
114	128.845444	160.110367	31.347502	51.159885	0.000000	0.000000	3.750000	-167.911880	-248.671509
115	-167.141418	324.741943	-35.437183	60.367241	0.000000	0.000000	3.750000	242.302719	-371.739777
116	275.242889	-98.472595	77.995621	-0.809598	0.000000	0.000000	3.750000	-379.946381	-51.808693
117	-392.133423	-337.531189	-51.282150	-44.655807	0.000000	0.000000	3.750000	709.937927	658.697327
118	294.304535	-196.175018	40.724655	-29.008652	0.000000	0.000000	3.750000	-569.044678	330.597107
119	-474.652161	-102.169014	-72.875671	-12.850504	0.000000	0.000000	3.750000	701.016602	96.692490
120	-7.070860	324.753143	20.924576	70.980003	0.000000	0.000000	3.750000	-113.501907	-350.564209
121	-247.567215	-294.350830	-36.717903	-61.933769	0.000000	0.000000	3.750000	298.013947	623.647644
122	228.299026	327.318909	43.843178	54.568974	0.000000	0.000000	3.750000	-346.431183	-378.097992
123	-417.169769	-346.108521	-50.781250	-51.041794	0.000000	0.000000	3.750000	413.905212	415.517548
124	357.493500	69.913025	61.301292	9.281324	0.000000	0.000000	3.750000	-636.427368	2.348435
125	-73.451889	153.500244	-39.157162	37.184570	0.000000	0.000000	3.750000	282.485779	-132.868729
126	-197.622467	-383.499115	-31.415312	-51.118275	0.000000	0.000000	3.750000	389.291107	669.171448
127	324.009399	346.576294	43.683121	52.113197	0.000000	0.000000	3.750000	-401.604065	-509.193665
128	-118.988518	347.752472	-3.536315	69.910522	0.000000	0.000000	3.750000	-32.591209	-247.840836
129	269.244049	-238.895676	41.736309	-34.264854	0.000000	0.000000	3.750000	-729.873535	570.093689
130	28.718288	-336.786926	6.152526	-71.736649	0.000000	0.000000	3.750000	-58.637768	461.981110
131	397.127747	-169.642548	53.373142	-27.409946	0.000000	0.000000	3.750000	-553.244019	208.038025
132	187.430618	-434.571289	36.321724	-66.758675	0.000000	0.000000	3.750000	-118.882980	361.225830
133	-72.472992	160.705933	-19.325176	39.528839	0.000000	0.000000	3.750000	68.080879	-302.467316
134	-324.834137	-82.787865	-58.449165	-20.680782	0.000000	0.000000	3.750000	459.514984	179.478897
135	-257.586548	232.702240	-57.432899	46.662926	0.000000	0.000000	3.750000	694.804810	-314.779968
136	-199.346664	24.205536	-55.417240	-8.057850	0.000000	0.000000	3.750000	432.617737	80.235458
137	201.483719	281.915344	34.335526	33.542076	0.000000	0.000000	3.750000	-556.979065	-458.570862
138	-231.433716	364.885010	-30.220219	56.415665	0.000000	0.000000	3.750000	204.688660	-693.555542
139	384.381378	-199.558380	48.955635	-34.689255	0.000000	0.000000	3.750000	-605.103394	338.932373
140	-68.803833	-127.510139	20.629208	-62.690331	0.000000	0.000000	3.750000	2.818166	105.180969
141	239.087234	172.506149	40.819389	35.352188	0.000000	0.000000	3.750000	-353.656250	-305.647583
142	-8.328104	155.912811	-58.434376	45.402607	0.000000	0.000000	3.750000	262.715698	-135.727509
143	86.108276	323.477051	29.297867	72.288544	0.000000	0.000000	3.750000	-196.881088	-432.365173
144	-12.431623	15.987358	-35.462505	40.723488	0.000000	0.000000	3.750000	84.108856	-126.239151
145	182.212234	231.514084	28.855621	27.701132	0.000000	0.000000	3.750000	-460.835236	-393.863464
146	293.141846	354.817993	44.725983	53.847790	0.000000	0.000000	3.750000	-447.103516	-636.663147
147	-366.605042	110.651031	-71.779587	24.973423	0.000000	0.000000	3.750000	632.217896	-107.166679
148	528.565186	37.482582	84.933121	13.504045	0.000000	0.000000	3.750000	-802.970581	-57.499866
149	-265.192017	-422.384766	-32.910423	-79.453758	0.000000	0.000000	3.750000	80.732986	199.028702
150	537.802490	19.450115	87.971680	2.231566	0.000000	0.000000	3.750000	-788.626953	33.349842
151	303.334137	-291.842102	48.847679	-38.182510	0.000000	0.000000	3.750000	-505.965149	428.413544
152	464.604462	162.732269	53.957764	41.382980	0.000000	0.000000	3.750000	-686.427917	-353.214325
153	-363.328796	-186.640320	-53.044788	-39.271477	0.000000	0.000000	3.750000	563.238037	334.263397
154	348.780151	-432.299438	52.037079	-60.762974	0.000000	0.000000	3.750000	-429.052887	601.392456
155	-90.990494	-18.399876	-64.023201	-37.107796	0.000000	0.000000	3.750000	187.088409	70.032059
156	-65.626083	-279.592499	-19.551018	-67.214241	0.000000	0.000000	3.750000	87.028114	469.626617
157	-301.864014	226.585144	-48.146366	39.063072	0.000000	0.000000	3.750000	479.378479	-304.728790
158	195.286240	324.306519	42.660480	47.708290	0.000000	0.000000	3.750000	-224.737350	-302.538544
159	-4.496067	-335.057861	21.288023	-72.957535	0.000000	0.000000	3.750000	-71.427666	488.721741
160	-217.150131	59.602058	-68.803345	36.715900	0.000000	0.000000	3.750000	32.916889	-46.684101
161	-337.735229	-146.356522	-55.821903	-35.212234	0.000000	0.000000	3.750000	695.814636	255.461929
162	-98.163216	-188.333496	-11.715510	-56.803802	0.000000	0.000000	3.750000	-11.401612	120.460297
163	321.660553	-128.824875	56.911324	-11.184877	0.000000	0.000000	3.750000	-543.975342	107.669434
164	272.718658	-93.920135	48.627975	-31.611986	0.000000	0.000000	3.750000	-599.561646	308.187042
165	40.727730	497.896118	14.702856	78.637299	0.000000	0.000000	3.750000	-158.563568	-651.972168
166	311.543457	-57.095947	77.952858	-2.710989	0.000000	0.000000	3.750000	-384.648926	32.609970
167	-493.859833	303.461731	-76.118820	35.523201	0.000000	0.000000	3.750000	900.907898	-215.711533
168	-12.289438	-375.088806	-27.943733	-68.521004	0.000000	0.000000	3.750000	56.630947	229.886688
169	443.899170	-300.449768	65.785088	-45.522705	0.000000	0.000000	3.750000	-381.936523	234.246490
170	-263.633484	-121.447357	-43.602592	-35.139809	0.000000	0.000000	3.750000	462.184113	254.838928
171	-110.103119	91.730774	53.708725	53.771351	0.000000	0.000000	3.750000	-228.476959	-187.490936
172	-225.173798	369.911346	-12.797915	78.969543	0.000000	0.000000	3.750000	206.951782	-580.901001
173	-180.520538	-193.638702	-27.864895	-62.028374	0.000000	0.000000	3.750000	91.322212	424.193848
174	39.136204	514.652222	23.547344	78.546295	0.000000	0.000000	3.750000	-228.198242	-841.353882
175	-14.110916	-375.448944	-7.553892	-59.522564	0.000000	0.000000	3.750000	48.254139	254.433670
176	83.971008	175.820023	9.734058	89.471909	0.000000	0.000000	3.750000	-34.902912	-221.297134
177	-200.756790	324.824249	-20.396259	58.549011	0.000000	0.000000	3.750000	152.121521	-799.967468
178	360.353699	-238.631073	51.433907	-34.619949	0.000000	0.000000	3.750000	-544.485596	212.056259
179	-140.818878	185.288422	-15.515230	51.723083	0.000000	0.000000	3.750000	162.449249	-614.179321
180	-75.627060	441.835327	-6.959417	61.608162	0.000000	0.000000	3.750000	117.944939	-659.213867
181	140.948120	-238.243622	39.927460	-59.914909	0.000000	0.000000	3.750000	-272.125488	376.220734
182	47.736073	289.500519	-12.932717	82.998207	0.000000	0.000000	3.750000	-15.031121	-317.171661
183	273.753845	248.204941	42.820858	32.899353	0.000000	0.000000	3.750000	-539.502380	-254.741684
184	393.451080	246.938690	62.882652	52.628609	0.000000	0.000000	3.750000	-642.477722	-477.181702
185	-339.377319	-381.434204	-54.338531	-44.128433	0.000000	0.000000	3.750000	732.475281	429.590302
186	-445.166626	67.676018	-70.974327	27.177994	0.000000	0.000000	3.750000	658.497864	-212.373383
187	103.684059	-86.387909	70.312798	15.489784	0.000000	0.000000	3.750000	-135.664780	-83.258385
188	119.076202	-422.549744	-5.902059	-73.764206	0.000000	0.000000	3.750000	-16.850231	653.742249
189	274.694519	-397.617157	41.826534	-56.129673	0.000000	0.000000	3.750000	-378.402466	555.537964
190	-472.869720	-352.971191	-77.264221	-49.942192	0.000000	0.000000	3.750000	697.709839	303.704071
191	-351.642456	225.696716	-78.425720	23.945293	0.000000	0.000000	3.750000	672.832275	-77.686279
192	352.265686	-139.157211	83.994400	0.930625	0.000000	0.000000	3.750000	-353.814819	81.769775
193	12.713382	239.962769	20.694300	66.871094	0.000000	0.000000	3.750000	-109.575523	-440.390411
194	259.768127	418.783142	30.794464	67.288086	0.000000	0.000000	3.750000	-206.156799	-843.381287
195	36.000343	-350.329407	16.294952	-70.131783	0.000000	0.000000	3.750000	-64.348160	563.810120
196	269.061859	-258.766571	50.363388	-24.485189	0.000000	0.000000	3.750000	-640.406555	194.005569
197	-149.333160	-141.655151	-63.285641	-42.082069	0.000000	0.000000	3.750000	335.412689	302.430756
198	-424.042969	-297.838745	-69.861053	-34.690399	0.000000	0.000000	3.750000	836.856689	281.699585
199	-224.892715	323.655273	-35.561939	53.210346	0.000000	0.000000	3.750000	252.869751	-562.148560
200	-381.587524	-231.344406	-61.160839	-37.990974	0.000000	0.000000	3.750000	571.851990	153.398758
201	-488.385162	-340.426025	-65.384003	-42.531319	0.000000	0.000000	3.750000	889.159058	342.428772
202	316.578796	214.491028	56.154419	38.349350	0.000000	0.000000	3.750000	-627.083435	-291.600708
203	256.035065	-149.891510	56.140018	-30.729424	0.000000	0.000000	3.750000	-371.357544	219.313324
204	320.177429	107.928299	69.728287	6.159691	0.000000	0.000000	3.750000	-517.597290	67.693367
205	-135.926712	510.070679	-3.900876	79.904831	0.000000	0.000000	3.750000	34.055748	-1340.708252
206	308.323242	93.254410	66.804108	36.238144	0.000000	0.000000	3.750000	-399.059113	-266.371002
207	44.892075	-2.677579	59.237137	62.345497	0.000000	0.000000	3.750000	-147.036469	-162.839066
208	-354.461548	-192.251266	-44.650879	-43.015076	0.000000	0.000000	3.750000	405.158234	478.629517
209	-62.578136	231.674347	-18.363823	42.175446	0.000000	0.000000	3.750000	141.984070	-467.745697
210	-344.110352	380.718170	-49.654572	57.536278	0.000000	0.000000	3.750000	528.187317	-578.097473
211	-386.866333	-368.261139	-53.725727	-47.932724	0.000000	0.000000	3.750000	555.369080	474.023529
212	-375.332916	-9.319269	-75.471115	-26.534962	0.000000	0.000000	3.750000	720.532349	320.704742
213	-40.866119	-268.478699	-1.560080	-55.978256	0.000000	0.000000	3.750000	-5.949530	431.974762
214	153.249191	157.133835	36.130409	47.901917	0.000000	0.000000	3.750000	-178.399353	-225.214752
215	-273.166779	273.106201	-55.516628	39.266922	0.000000	0.000000	3.750000	964.809387	-439.064728
216	408.357971	-333.308197	57.153320	-40.416527	0.000000	0.000000	3.750000	-637.974426	368.923248
217	403.079407	334.378754	61.043812	48.555672	0.000000	0.000000	3.750000	-323.328491	-217.691162
218	475.779663	156.168472	71.888680	30.265690	0.000000	0.000000	3.750000	-959.913452	-277.837738
219	-305.893555	296.122070	-39.210987	48.026016	0.000000	0.000000	3.750000	437.860046	-518.516968
220	-185.238098	221.180908	-52.300575	36.886040	0.000000	0.000000	3.750000	304.174255	-68.712509
221	247.650146	390.603821	37.650269	56.625526	0.000000	0.000000	3.750000	-341.428162	-744.128113
222	-152.466232	-144.888397	-60.575531	-30.896629	0.000000	0.000000	3.750000	235.921265	112.525536
223	79.239792	15.295757	69.839767	-4.731761	0.000000	0.000000	3.750000	-155.257385	-7.527766
224	0.237768	408.910858	11.937944	60.839836	0.000000	0.000000	3.750000	-105.163826	-620.066711
225	-171.915710	134.346725	-35.082069	58.251396	0.000000	0.000000	3.750000	110.649986	-318.867859
226	431.139709	-16.699751	69.173813	-19.974430	0.000000	0.000000	3.750000	-589.244568	107.084167
227	231.703186	-357.990906	32.614258	-47.961510	0.000000	0.000000	3.750000	-307.320435	629.921570
228	347.224670	-136.099258	59.828079	-40.057358	0.000000	0.000000	3.750000	-403.899139	348.550751
229	-221.119263	-51.133133	-76.596077	-14.726385	0.000000	0.000000	3.750000	315.087799	-39.611374
230	-419.697754	-54.332806	-67.077759	-11.161148	0.000000	0.000000	3.750000	934.634521	66.694824
231	-203.375397	397.854279	-31.665337	50.963768	0.000000	0.000000	3.750000	317.563416	-602.952332
232	71.893738	-392.253876	17.868454	-65.610336	0.000000	0.000000	3.750000	-110.706367	561.293030
233	243.409485	-17.708799	61.449944	8.240415	0.000000	0.000000	3.750000	-408.126404	-49.862194
234	219.098145	-308.640503	33.487995	-44.883770	0.000000	0.000000	3.750000	-353.404449	589.213562
235	-190.702240	-334.718506	-14.604458	-56.131142	0.000000	0.000000	3.750000	137.684265	374.783783
236	212.757629	-230.622208	44.243713	-51.638077	0.000000	0.000000	3.750000	-334.797791	333.164581
237	-401.972595	-247.719284	-46.436901	-44.041050	0.000000	0.000000	3.750000	477.978546	470.161713
238	84.034897	120.900986	39.151379	42.792156	0.000000	0.000000	3.750000	-192.384308	-186.764847
239	-30.070782	-186.360611	17.537859	-63.627079	0.000000	0.000000	3.750000	-49.009140	542.304321
240	-66.322937	347.018463	10.499432	59.074203	0.000000	0.000000	3.750000	-101.816940	-667.256531
241	380.132996	-75.882309	63.075066	-10.841372	0.000000	0.000000	3.750000	-716.078369	88.871254
242	-103.733932	147.246948	-28.220543	46.038914	0.000000	0.000000	3.750000	91.436378	-325.215210
243	-120.885445	-264.344086	-5.033624	-55.773304	0.000000	0.000000	3.750000	19.965473	624.760925
244	-454.671875	208.901611	-66.799026	36.247307	0.000000	0.000000	3.750000	717.832947	-210.844238
245	105.339348	-420.826019	14.633533	-68.453278	0.000000	0.000000	3.750000	-55.217930	619.709473
246	-305.572021	219.367828	-40.749786	35.432384	0.000000	0.000000	3.750000	434.610382	-311.818024
247	-435.912842	213.330765	-66.287468	37.174637	0.000000	0.000000	3.750000	745.288940	-242.920532
248	374.235535	351.649597	56.772095	47.465004	0.000000	0.000000	3.750000	-560.845825	-385.310425
249	-51.226463	237.105362	-34.541103	49.060287	0.000000	0.000000	3.750000	307.758301	-425.368469
250	476.692017	82.915695	71.378387	31.450367	0.000000	0.000000	3.750000	-895.493774	-418.583313
251	344.840118	144.788315	61.805008	28.357376	0.000000	0.000000	3.750000	-459.313904	-198.997498
252	308.918518	343.609680	50.261093	51.554001	0.000000	0.000000	3.750000	-260.656525	-351.996979
253	135.895386	-8.150245	69.091629	11.238421	0.000000	0.000000	3.750000	-236.476700	4.918883
254	122.054321	-159.801147	21.698090	-60.208683	0.000000	0.000000	3.750000	-23.770376	83.213211
255	237.062027	-448.643616	43.663132	-59.745552	0.000000	0.000000	3.750000	-342.295715	511.645874
256	-104.148178	179.554047	-61.579895	54.146946	0.000000	0.000000	3.750000	493.616364	-298.194641
257	-52.138245	-18.268669	31.241022	51.224548	0.000000	0.000000	3.750000	-104.229950	-309.159485
258	4.216787	-524.303101	-5.542975	-75.797592	0.000000	0.000000	3.750000	55.431831	590.847290
259	203.233353	-19.535015	77.555115	8.317550	0.000000	0.000000	3.750000	-534.713989	22.675472
260	275.128113	-126.813522	54.414673	-33.690376	0.000000	0.000000	3.750000	-347.510040	254.340164
261	86.367401	387.303955	17.646397	73.922958	0.000000	0.000000	3.750000	-187.412903	-773.499512
262	-368.806580	116.541977	-59.288731	24.100513	0.000000	0.000000	3.750000	494.146240	-105.825119
263	122.773346	-382.170044	23.060383	-53.218536	0.000000	0.000000	3.750000	-159.559952	610.165344
264	93.514404	373.190826	3.276623	59.910450	0.000000	0.000000	3.750000	-73.115257	-526.447083
265	288.169373	-42.618973	73.206528	-10.807636	0.000000	0.000000	3.750000	-587.473511	97.575096
266	117.199951	230.743225	49.038147	63.207870	0.000000	0.000000	3.750000	-220.895386	-208.032776
267	-394.786438	-69.736267	-68.925873	12.215397	0.000000	0.000000	3.750000	696.283020	-45.978470
268	90.976456	418.224365	22.566170	62.022312	0.000000	0.000000	3.750000	-189.033340	-572.928711
269	-376.449158	-264.204895	-54.849724	-43.491463	0.000000	0.000000	3.750000	499.086945	427.671478
270	-301.874268	304.054993	-42.050575	48.246750	0.000000	0.000000	3.750000	336.657043	-350.797516
271	-325.477478	-74.848480	-71.497955	-25.766493	0.000000	0.000000	3.750000	169.317551	-7.570138
272	50.077137	394.987061	14.475260	70.529892	0.000000	0.000000	3.750000	-184.129532	-726.260864
273	-211.516754	-324.384644	-38.322033	-38.044998	0.000000	0.000000	3.750000	553.252625	544.207947
274	449.607117	211.304199	56.685371	37.560081	0.000000	0.000000	3.750000	-733.713562	-314.027374
275	52.680725	271.945923	32.018070	86.248230	0.000000	0.000000	3.750000	-154.867203	-246.819733
276	-421.872284	-282.813293	-64.050224	-54.346676	0.000000	0.000000	3.750000	495.683289	529.321899
277	190.688019	-255.097946	30.103365	-58.734829	0.000000	0.000000	3.750000	-167.018921	443.380981
278	337.888519	-266.707458	59.110840	-33.614101	0.000000	0.000000	3.750000	-518.125366	310.537689
279	-186.949615	-43.598396	-72.268059	-60.110840	0.000000	0.000000	3.750000	327.511108	228.722000
280	-344.423248	-520.810059	-62.380920	-95.417953	0.000000	0.000000	3.750000	297.583160	571.938477
281	281.944092	350.459534	34.746933	53.746124	0.000000	0.000000	3.750000	-293.513977	-643.567810
282	348.236511	335.154327	47.929707	48.236313	0.000000	0.000000	3.750000	-423.473389	-396.877411
283	128.940994	-0.531286	45.794624	44.691341	0.000000	0.000000	3.750000	-70.177773	-13.114215
284	388.020508	193.008392	68.280731	37.705750	0.000000	0.000000	3.750000	-428.421265	-330.270691
285	328.513824	548.859558	39.307541	76.491226	0.000000	0.000000	3.750000	-261.144714	-741.948547
286	67.494080	-544.390198	3.062375	-81.942734	0.000000	0.000000	3.750000	-78.040863	578.090454
287	-66.150841	-328.671631	-17.252562	-55.374626	0.000000	0.000000	3.750000	136.360626	517.486511
288	445.712646	-96.468132	62.998085	-11.280107	0.000000	0.000000	3.750000	-702.737122	104.222244
289	-245.715393	204.117981	-29.894222	32.285213	0.000000	0.000000	3.750000	390.838837	-375.737976
290	-242.400192	203.515320	-51.614647	37.840576	0.000000	0.000000	3.750000	618.140808	-269.167816
291	123.083115	-189.854126	30.289440	-65.317322	0.000000	0.000000	3.750000	-26.636055	160.471573
292	430.254456	-223.177277	55.040554	-39.931633	0.000000	0.000000	3.750000	-479.392975	424.609314
293	68.575912	128.511597	14.834058	47.748657	0.000000	0.000000	3.750000	-58.498108	-104.421913
294	49.383484	390.271088	4.309614	61.849899	0.000000	0.000000	3.750000	56.805561	-395.868500
295	-315.589050	226.839783	-47.743469	36.339470	0.000000	0.000000	3.750000	650.526794	-370.256622
296	-330.709900	338.674438	-49.213291	43.977776	0.000000	0.000000	3.750000	726.160706	-460.519287
297	290.373840	392.213745	34.442966	58.631649	0.000000	0.000000	3.750000	-255.322220	-745.604797
298	279.595428	-209.537994	55.547920	-35.643024	0.000000	0.000000	3.750000	-367.689911	281.870758
299	76.778816	-23.661703	20.091492	45.785637	0.000000	0.000000	3.750000	-28.916924	-74.639709
300	537.439941	-254.730530	73.461678	-40.735458	0.000000	0.000000	3.750000	-870.772339	385.397797
301	36.214218	-93.575592	-45.113838	-48.150200	0.000000	0.000000	3.750000	-31.524149	11.571519
302	-92.278214	340.007477	-31.347446	55.797112	0.000000	0.000000	3.750000	112.630585	-379.556915
303	75.988358	-324.962738	22.425280	-72.616150	0.000000	0.000000	3.750000	-65.090141	233.963654
304	-243.931122	128.998779	-41.736732	40.274590	0.000000	0.000000	3.750000	199.772690	-221.784470
305	-301.099365	-84.407242	-57.859272	-4.037821	0.000000	0.000000	3.750000	719.710022	83.113213
306	-13.884472	207.631790	-21.194294	77.141449	0.000000	0.000000	3.750000	76.725449	-305.568542
307	270.577942	-164.136856	57.495819	-32.407265	0.000000	0.000000	3.750000	-418.976379	222.318970
308	383.514465	-147.632507	59.239220	-18.295198	0.000000	0.000000	3.750000	-753.436218	204.118912
309	-430.144623	-64.966705	-71.796005	-5.416063	0.000000	0.000000	3.750000	723.574463	48.960926
310	-224.041626	-409.337036	-42.689796	-65.280586	0.000000	0.000000	3.750000	163.135681	364.027130
311	-189.671768	-290.572327	-63.461700	-48.709198	0.000000	0.000000	3.750000	429.682678	246.556519
312	-368.319092	-314.295746	-50.185478	-42.865051	0.000000	0.000000	3.750000	626.259033	396.059174
313	-133.500580	291.555664	-36.371651	59.808788	0.000000	0.000000	3.750000	208.452988	-505.005524
314	-30.385685	351.909058	-20.967520	68.879333	0.000000	0.000000	3.750000	172.480865	-538.320679
315	-52.009300	-119.411942	-61.123077	-51.613579	0.000000	0.000000	3.750000	159.470886	173.277344
316	-325.852448	182.890533	-44.871387	33.504547	0.000000	0.000000	3.750000	588.825867	-314.183319
317	422.979950	-107.314629	70.132751	-23.609221	0.000000	0.000000	3.750000	-435.315857	132.748077
318	160.142883	-160.839722	63.276402	-34.352455	0.000000	0.000000	3.750000	-180.679169	90.931297
319	125.522408	341.549591	18.103191	55.102402	0.000000	0.000000	3.750000	-210.876038	-567.664734
320	-275.895630	137.302383	-39.737911	30.346218	0.000000	0.000000	3.750000	422.867859	-212.916275
321	6.621689	187.294724	-50.565765	39.231056	0.000000	0.000000	3.750000	101.370560	-100.497986
322	68.164101	-308.538055	1.426219	-65.984558	0.000000	0.000000	3.750000	-51.892094	507.049530
323	328.899109	-125.769035	61.415051	-8.496565	0.000000	0.000000	3.750000	-608.794434	96.365234
324	-157.652222	381.247742	9.934662	65.248009	0.000000	0.000000	3.750000	-109.470505	-746.746704
325	324.821045	235.060089	48.551323	38.558586	0.000000	0.000000	3.750000	-601.257996	-343.608337
326	-314.304932	-188.258179	-45.375084	-32.819054	0.000000	0.000000	3.750000	352.520691	150.366699
327	-158.883698	-282.132996	-33.057487	-40.139793	0.000000	0.000000	3.750000	445.083771	570.110718
328	-110.622604	26.531763	-57.940414	-2.624750	0.000000	0.000000	3.750000	391.609833	-61.325317
329	323.367798	132.494171	60.118973	27.234283	0.000000	0.000000	3.750000	-491.656921	-179.111908
330	-79.342529	-261.406921	-36.282078	-62.190094	0.000000	0.000000	3.750000	228.810104	446.200195
331	-398.690369	-89.199379	-59.115051	-10.266945	0.000000	0.000000	3.750000	591.063965	91.943161
332	-341.669556	228.769196	-44.416706	34.105049	0.000000	0.000000	3.750000	646.041199	-375.394562
333	299.393494	174.276825	58.106678	35.321583	0.000000	0.000000	3.750000	-379.633362	-243.160385
334	-168.729477	-14.375990	-62.341854	-14.472336	0.000000	0.000000	3.750000	430.295044	-2.871928
335	210.950226	-132.843170	46.612679	-34.512245	0.000000	0.000000	3.750000	-85.330353	14.426292
336	-219.952255	-488.554993	-37.730949	-65.972504	0.000000	0.000000	3.750000	357.470764	799.918823
337	307.190247	123.110260	43.097900	21.132175	0.000000	0.000000	3.750000	-621.669495	-210.656738
338	-197.989960	310.092102	-31.933620	46.002647	0.000000	0.000000	3.750000	232.738403	-313.938416
339	-443.714661	235.060394	-57.973541	55.127731	0.000000	0.000000	3.750000	711.615784	-727.474915
340	408.090363	-402.356781	52.442986	-63.037395	0.000000	0.000000	3.750000	-340.341980	609.556458
341	91.670410	401.052277	20.352245	66.976013	0.000000	0.000000	3.750000	-215.020752	-751.585999
342	-269.335632	210.898956	-39.067085	55.657536	0.000000	0.000000	3.750000	249.394333	-399.272705
343	-495.804382	89.760918	-75.203728	10.972608	0.000000	0.000000	3.750000	755.746277	-72.383980
344	-217.347504	495.702972	-37.354156	70.743576	0.000000	0.000000	3.750000	252.096344	-721.966614
345	-290.452118	177.456558	-80.104774	36.430428	0.000000	0.000000	3.750000	435.468750	-98.671127
346	-399.697845	-279.578247	-74.119225	-43.615417	0.000000	0.000000	3.750000	818.998657	263.424652
347	-357.550720	-301.885254	-52.245514	-40.328682	0.000000	0.000000	3.750000	672.515686	389.412537
348	-177.760284	292.789368	-33.331055	31.702370	0.000000	0.000000	3.750000	367.730560	-293.384552
349	311.235901	-17.960476	62.179695	-15.155043	0.000000	0.000000	3.750000	-475.071045	46.766384
350	-152.723480	2.613394	-69.839806	-17.502007	0.000000	0.000000	3.750000	567.493225	-35.714573
351	296.351013	17.239046	53.905914	3.185773	0.000000	0.000000	3.750000	-304.266479	-43.387890
352	12.247814	361.018280	-6.028208	71.746796	0.000000	0.000000	3.750000	56.325268	-175.523880
353	-258.401123	164.608643	-47.252014	40.140091	0.000000	0.000000	3.750000	407.149445	-202.170746
354	201.495392	-61.300846	68.301712	-22.778801	0.000000	0.000000	3.750000	-175.326172	68.323555
355	31.574478	38.919716	21.890108	57.999485	0.000000	0.000000	3.750000	-25.590380	-8.567369
356	92.172859	-333.513092	4.623209	-61.827389	0.000000	0.000000	3.750000	-52.015396	557.852417
357	20.491472	324.356354	-6.666772	59.628433	0.000000	0.000000	3.750000	95.436111	-392.035583
358	361.794037	-10.230877	55.978390	-1.555143	0.000000	0.000000	3.750000	-567.477966	58.914810
359	-5.116066	-234.710495	-25.386734	-63.083260	0.000000	0.000000	3.750000	110.125244	463.311127
360	-29.716335	148.099792	-50.384338	62.140301	0.000000	0.000000	3.750000	233.289383	-270.890900
361	335.173523	36.076584	63.972202	1.855439	0.000000	0.000000	3.750000	-101.701027	3.222776
362	268.415619	337.442871	48.324142	44.953037	0.000000	0.000000	3.750000	-688.341980	-532.976440
363	270.984406	-383.763733	21.687759	-64.448700	0.000000	0.000000	3.750000	-131.093781	636.540344
364	244.411346	-49.265854	63.730286	-5.869145	0.000000	0.000000	3.750000	-291.611389	10.734915
365	103.282288	-437.420959	-4.210572	-63.861305	0.000000	0.000000	3.750000	-19.746330	584.092773
366	316.931580	-168.614609	46.963745	-22.324972	0.000000	0.000000	3.750000	-574.080139	196.410065
367	194.407455	-53.905643	14.898689	-53.981094	0.000000	0.000000	3.750000	11.513282	82.732292
368	-457.185242	204.685272	-56.854492	40.835655	0.000000	0.000000	3.750000	601.645691	-267.055786
369	-362.772949	311.085266	-60.236607	46.341553	0.000000	0.000000	3.750000	582.575317	-322.155762
370	-228.060822	75.146141	-55.032936	23.903439	0.000000	0.000000	3.750000	576.195312	-201.555084
371	-283.347260	295.949799	-49.853771	74.930458	0.000000	0.000000	3.750000	295.590179	-657.173462
372	174.639557	293.213318	43.690178	49.468864	0.000000	0.000000	3.750000	-364.853210	-400.234161
373	48.959030	174.645386	18.299721	59.237518	0.000000	0.000000	3.750000	-2.529727	-208.461182
374	-112.727348	522.649597	-33.758057	72.528549	0.000000	0.000000	3.750000	320.231995	-872.957642
375	314.640320	166.943680	53.402245	22.631786	0.000000	0.000000	3.750000	-553.247559	-158.641602
376	37.827816	128.327103	15.449048	49.652031	0.000000	0.000000	3.750000	-91.154785	-240.475311
377	-358.642090	44.640560	-71.960785	-2.375767	0.000000	0.000000	3.750000	594.345276	42.797543
378	130.236099	188.389023	17.394278	40.415825	0.000000	0.000000	3.750000	-178.192047	-381.904633
379	30.234915	-114.582825	19.060616	-67.354935	0.000000	0.000000	3.750000	-29.162233	109.067436
380	-135.772156	-540.029053	-25.064810	-71.747849	0.000000	0.000000	3.750000	218.936035	772.367737
381	-64.786354	-286.626892	-26.525425	-53.818123	0.000000	0.000000	3.750000	118.384933	392.147217
382	-90.315292	483.619324	-30.692654	62.912239	0.000000	0.000000	3.750000	189.641815	-661.222534
383	277.702118	-130.554581	54.914146	-32.869377	0.000000	0.000000	3.750000	-305.683868	319.269135
384	323.719788	333.884613	52.418316	73.159546	0.000000	0.000000	3.750000	-262.533142	-336.368439
385	-208.944107	264.161835	-30.153933	42.364368	0.000000	0.000000	3.750000	528.751648	-886.779846
386	-76.387344	109.261436	-68.578018	27.803490	0.000000	0.000000	3.750000	180.512726	-95.898529
387	67.263672	-405.726135	27.780619	-64.250900	0.000000	0.000000	3.750000	-37.354778	279.456451
388	-129.457474	-259.821838	-33.084099	-61.688091	0.000000	0.000000	3.750000	126.009796	380.185883
389	298.646759	117.143631	56.014690	21.502230	0.000000	0.000000	3.750000	-366.943146	-215.442902
390	-331.502747	279.269897	-54.622040	46.908707	0.000000	0.000000	3.750000	551.872986	-350.613708
391	-274.651062	242.149826	-43.140877	60.123726	0.000000	0.000000	3.750000	175.891937	-273.858154
392	36.363091	28.069031	56.694031	12.235367	0.000000	0.000000	3.750000	-118.018883	9.280682
393	-267.874084	-166.654022	-38.160568	-43.678040	0.000000	0.000000	3.750000	301.820068	346.592499
394	-131.115906	303.967346	-29.437248	59.071278	0.000000	0.000000	3.750000	79.096283	-406.752533
395	44.077637	187.044220	35.210148	87.155785	0.000000	0.000000	3.750000	-102.972862	-140.831421
396	242.450806	284.878967	31.919359	50.805027	0.000000	0.000000	3.750000	-235.949768	-527.358643
397	379.336517	-333.162964	47.998383	-45.300720	0.000000	0.000000	3.750000	-642.474060	583.767456
398	261.144958	21.009748	56.176788	14.428043	0.000000	0.000000	3.750000	-491.570618	-124.093666
399	-12.066943	86.005447	-6.905487	63.626030	0.000000	0.000000	3.750000	8.375121	-75.364296
400	-114.784866	116.361389	-32.272419	45.765472	0.000000	0.000000	3.750000	114.958290	-270.140381
401	61.886002	240.118927	-14.725662	74.559738	0.000000	0.000000	3.750000	71.293221	-376.808807
402	-180.789886	-409.559906	-36.192188	-57.568405	0.000000	0.000000	3.750000	327.199249	673.786682
403	284.599701	99.674210	62.073349	15.585190	0.000000	0.000000	3.750000	-399.507050	-118.662682
404	-157.999695	207.671219	-41.034454	56.711311	0.000000	0.000000	3.750000	250.379303	-304.504181
405	-281.571167	70.326797	-67.952370	-2.543413	0.000000	0.000000	3.750000	447.333649	-28.324444
406	26.024614	129.189743	39.566711	62.532013	0.000000	0.000000	3.750000	-87.778572	-93.761223
407	-204.052002	-332.092590	-33.957146	-54.248608	0.000000	0.000000	3.750000	429.177917	788.680176
408	-429.900635	26.491533	-67.961189	-2.297044	0.000000	0.000000	3.750000	674.993408	28.069626
409	-209.562164	-122.117317	-73.297226	-26.672493	0.000000	0.000000	3.750000	195.371674	48.206295
410	-386.928894	446.334412	-52.477974	82.765053	0.000000	0.000000	3.750000	639.418762	-1235.516235
411	-326.979614	-417.980438	-47.070168	-54.482964	0.000000	0.000000	3.750000	419.822144	656.523743
412	236.228638	-317.448792	32.438309	-45.648170	0.000000	0.000000	3.750000	-326.846436	551.756714
413	-366.698792	200.233582	-59.313496	28.946589	0.000000	0.000000	3.750000	473.088257	-171.292847
414	68.991837	98.759651	35.213146	32.619347	0.000000	0.000000	3.750000	-255.749207	-152.039383
415	-282.000946	505.633057	-36.961380	66.406723	0.000000	0.000000	3.750000	395.648895	-909.758179
416	-271.981476	241.531876	-49.224052	52.544815	0.000000	0.000000	3.750000	371.236603	-233.319489
417	103.268646	1.304567	50.649155	18.725826	0.000000	0.000000	3.750000	-353.293579	-197.035706
418	308.841736	42.014339	71.014542	32.263535	0.000000	0.000000	3.750000	-565.287903	-262.187958
419	-162.128372	-368.539703	-36.010044	-45.467316	0.000000	0.000000	3.750000	348.169647	420.176056
420	-161.106216	-149.592041	-55.441017	-35.808914	0.000000	0.000000	3.750000	102.055031	53.820679
421	107.750153	469.595032	18.447292	81.949356	0.000000	0.000000	3.750000	-208.586166	-849.745728
422	331.242249	244.241669	49.011986	34.609428	0.000000	0.000000	3.750000	-543.251160	-193.841156
423	420.369446	-375.673340	52.631058	-49.132172	0.000000	0.000000	3.750000	-206.884079	223.650009
424	-73.342697	-215.083954	-36.675625	-42.319008	0.000000	0.000000	3.750000	413.290192	446.881836
425	-139.373901	92.143768	-24.862873	54.605701	0.000000	0.000000	3.750000	46.044861	-183.742905
426	-372.120026	-44.357868	-76.361168	15.904537	0.000000	0.000000	3.750000	579.840881	-32.737896
427	75.203987	414.095337	18.321663	65.485229	0.000000	0.000000	3.750000	-159.348679	-787.014343
428	65.158737	302.365448	30.013550	67.640121	0.000000	0.000000	3.750000	-200.768753	-398.126373
429	84.553383	-281.696289	32.183876	-48.251366	0.000000	0.000000	3.750000	-218.804428	402.553345
430	-139.365967	265.222595	-15.338923	60.072605	0.000000	0.000000	3.750000	145.635071	-567.761353
431	-224.225311	207.842621	-41.458138	40.561321	0.000000	0.000000	3.750000	97.132820	-108.106659
432	66.823395	448.665558	8.624979	71.481522	0.000000	0.000000	3.750000	-58.976437	-806.146179
433	-310.838348	-218.651596	-63.445766	-58.056622	0.000000	0.000000	3.750000	290.059387	386.399048
434	89.799530	-3.200077	57.753418	5.306836	0.000000	0.000000	3.750000	-67.102486	-81.582474
435	-120.980392	442.903564	-7.624260	65.558136	0.000000	0.000000	3.750000	128.196213	-738.416748
436	287.547852	-402.676056	43.309303	-47.120060	0.000000	0.000000	3.750000	-314.967743	450.418518
437	332.056152	262.004059	46.863358	46.473907	0.000000	0.000000	3.750000	-431.209747	-358.462952
438	339.300323	299.225220	44.667702	48.587975	0.000000	0.000000	3.750000	-280.326904	-408.769073
439	417.333405	-281.908783	57.006172	-40.623814	0.000000	0.000000	3.750000	-575.147644	342.356842
440	-319.555481	-221.000076	-75.964462	-25.087427	0.000000	0.000000	3.750000	445.744415	74.651596
441	275.765839	-229.168854	75.753220	-40.711723	0.000000	0.000000	3.750000	-452.495087	206.148529
442	375.549500	-66.180939	56.928074	-11.099298	0.000000	0.000000	3.750000	-883.438721	169.641846
443	-139.257034	106.369316	-54.647263	29.285950	0.000000	0.000000	3.750000	282.991302	-108.540451
444	-309.347900	421.918152	-38.041264	58.761055	0.000000	0.000000	3.750000	161.565582	-271.108551
445	383.626892	88.071457	70.112946	16.376034	0.000000	0.000000	3.750000	-679.790100	-136.241837
446	356.948090	-256.352295	41.539486	-43.295155	0.000000	0.000000	3.750000	-411.317505	462.798004
447	-127.449081	-80.033813	-56.727814	-19.543407	0.000000	0.000000	3.750000	198.400925	33.328949
448	-457.067841	162.502808	-77.209038	27.617504	0.000000	0.000000	3.750000	660.150208	-97.359085
449	172.896133	210.565887	47.156239	37.098373	0.000000	0.000000	3.750000	-362.005920	-295.338654
450	-326.079498	-319.864044	-65.354355	-52.771275	0.000000	0.000000	3.750000	574.578613	456.705536
451	180.910034	-473.218353	38.378860	-74.719902	0.000000	0.000000	3.750000	-330.363861	627.918701
452	-227.793259	74.371964	-61.379639	29.266506	0.000000	0.000000	3.750000	791.335449	-226.255035
453	361.209076	-316.687256	52.120186	-40.490551	0.000000	0.000000	3.750000	-679.769409	444.815735
454	128.253647	495.663177	3.198484	79.935989	0.000000	0.000000	3.750000	61.422985	-913.329407
455	-91.633476	83.474686	-37.460194	41.626034	0.000000	0.000000	3.750000	341.948059	-269.240784
456	-178.006042	-428.864685	-26.535099	-60.430847	0.000000	0.000000	3.750000	222.531418	628.735840
457	-356.593384	-180.536407	-55.773415	-27.079897	0.000000	0.000000	3.750000	717.875305	229.915558
458	-18.812149	9.303530	-4.595054	-85.877090	0.000000	0.000000	3.750000	2.740803	205.960724
459	271.197632	130.239441	61.685413	28.616581	0.000000	0.000000	3.750000	-781.630920	-401.850922
460	-95.382141	300.289581	-30.319790	63.092659	0.000000	0.000000	3.750000	77.914337	-342.479889
461	-276.144836	-271.570648	-52.351433	-49.429916	0.000000	0.000000	3.750000	455.628571	328.152039
462	302.372101	21.906836	74.083359	16.960348	0.000000	0.000000	3.750000	-677.710083	-211.193344
463	241.907135	337.369507	29.309254	61.359245	0.000000	0.000000	3.750000	-146.039017	-528.499084
464	-263.001648	-125.960464	-75.891121	-4.065627	0.000000	0.000000	3.750000	523.396362	-21.294470
465	156.176559	-155.963715	67.269386	-56.734280	0.000000	0.000000	3.750000	-313.546051	381.140228
466	344.181519	-217.897827	69.994926	-46.440353	0.000000	0.000000	3.750000	-263.398376	158.818848
467	-54.833839	369.935974	-5.837769	63.733192	0.000000	0.000000	3.750000	71.312256	-722.469116
468	381.352814	-126.005783	71.474533	-8.682662	0.000000	0.000000	3.750000	-762.520508	32.768085
469	-336.327637	74.770416	-61.999096	-0.333915	0.000000	0.000000	3.750000	613.490051	18.583185
470	-201.337311	-52.740776	-49.541473	-37.275925	0.000000	0.000000	3.750000	101.267014	197.307739
471	-153.472855	79.116226	-47.818939	29.143406	0.000000	0.000000	3.750000	489.573151	-168.301102
472	103.362831	-252.925827	-5.273485	-69.801010	0.000000	0.000000	3.750000	72.720871	413.028229
473	222.113708	236.495850	32.119270	32.929489	0.000000	0.000000	3.750000	-340.733582	-447.479156
474	166.090546	309.391968	34.930275	71.971329	0.000000	0.000000	3.750000	-327.408173	-580.544189
475	137.482697	-287.620605	18.679535	-54.909676	0.000000	0.000000	3.750000	-153.452179	686.012390
476	-14.739521	372.688721	10.719516	65.123657	0.000000	0.000000	3.750000	-57.307034	-444.744324
477	-153.179138	-49.592438	-60.613365	-35.014557	0.000000	0.000000	3.750000	315.964905	164.947311
478	60.109360	-493.492554	-2.792041	-77.949997	0.000000	0.000000	3.750000	-10.082837	880.832764
479	-242.377502	216.534271	-47.627686	56.635582	0.000000	0.000000	3.750000	213.157074	-193.235107
480	-17.362349	354.095215	2.019983	63.967834	0.000000	0.000000	3.750000	42.619415	-255.602417
481	-423.520599	-264.373474	-63.547379	-41.685894	0.000000	0.000000	3.750000	753.384094	307.343170
482	-141.147614	-43.861473	-68.259888	15.510895	0.000000	0.000000	3.750000	265.191742	-69.973930
483	-300.014099	-188.254562	-59.396111	-33.107384	0.000000	0.000000	3.750000	669.508667	305.303741
484	483.494385	-111.361031	68.379280	-33.170189	0.000000	0.000000	3.750000	-732.961121	212.730499
485	317.704956	-177.108047	60.741432	-30.569233	0.000000	0.000000	3.750000	-542.446106	263.266449
486	73.937912	-565.969238	26.288054	-75.557465	0.000000	0.000000	3.750000	-190.006546	827.869690
487	-459.286499	-309.315613	-59.809978	-43.574715	0.000000	0.000000	3.750000	618.725769	304.901581
488	-199.303421	381.649536	-26.245802	62.730774	0.000000	0.000000	3.750000	199.523300	-805.516113
489	-268.198700	343.763000	-36.526863	45.053169	0.000000	0.000000	3.750000	414.836731	-561.943115
490	207.759949	207.833191	50.348057	42.674015	0.000000	0.000000	3.750000	-441.336639	-328.190643
491	-428.607971	-79.125244	-66.373962	-14.781614	0.000000	0.000000	3.750000	721.686401	122.136688
492	149.647369	-413.043701	60.828491	-51.959999	0.000000	0.000000	3.750000	-276.794067	353.091156
493	237.883270	-269.689514	44.771301	-51.181343	0.000000	0.000000	3.750000	-430.990662	463.044586
494	-216.849518	-429.265991	-22.950005	-70.351227	0.000000	0.000000	3.750000	120.859734	523.504150
495	315.518524	336.814758	50.721886	53.882195	0.000000	0.000000	3.750000	-725.830261	-778.824829
496	-295.831238	357.147095	-41.350121	46.197002	0.000000	0.000000	3.750000	461.310791	-393.788208
497	-472.496155	-105.889633	-81.102310	-12.100211	0.000000	0.000000	3.750000	648.455139	113.436401
498	-25.964273	-308.344208	-6.503005	-79.735245	0.000000	0.000000	3.750000	10.256854	343.861115
499	272.551941	-113.465500	75.169434	-11.205233	0.000000	0.000000	3.750000	-504.890289	78.031250
500	-7.851337	47.249031	47.078003	62.190536	0.000000	0.000000	3.750000	-135.921677	-189.818848
501	151.644241	-220.631058	37.119049	-33.498894	0.000000	0.000000	3.750000	-455.141876	406.377350
502	68.255234	309.537231	23.755203	65.845963	0.000000	0.000000	3.750000	-199.707825	-522.807495
503	-115.319153	329.131897	-21.534294	72.885262	0.000000	0.000000	3.750000	95.880653	-688.874573
504	232.077377	0.876322	59.997849	0.506222	0.000000	0.000000	3.750000	-616.072327	47.254715
505	473.132446	13.704771	75.791016	25.606997	0.000000	0.000000	3.750000	-354.586975	-131.748245
506	-259.127441	303.602539	-30.388889	54.041767	0.000000	0.000000	3.750000	224.239182	-541.945801
507	-401.292786	381.685181	-51.954014	49.847565	0.000000	0.000000	3.750000	639.850098	-543.692078
508	-279.747009	279.432190	-42.735577	50.295822	0.000000	0.000000	3.750000	366.842255	-395.774323
509	-462.723602	74.588943	-82.331123	24.850933	0.000000	0.000000	3.750000	721.461975	-117.898041
510	226.099335	364.407227	36.626743	42.361301	0.000000	0.000000	3.750000	-442.441101	-666.335999
511	31.469252	-394.833099	0.750725	-61.995438	0.000000	0.000000	3.750000	-48.022026	636.155029
512	443.189026	32.008274	75.325974	20.248333	0.000000	0.000000	3.750000	-778.096985	-149.198700
513	-7.035491	-160.000900	-24.614826	-69.783745	0.000000	0.000000	3.750000	-13.870366	104.737320
514	342.091797	-269.187225	54.396896	-33.718929	0.000000	0.000000	3.750000	-751.434143	277.243866
515	358.819580	-3.496940	67.936516	-2.937609	0.000000	0.000000	3.750000	-604.820190	38.407215
516	295.794586	118.151154	62.330933	36.039608	0.000000	0.000000	3.750000	-418.385101	-268.516754
517	177.828033	-22.893253	53.888023	-15.232398	0.000000	0.000000	3.750000	-102.028610	39.988056
518	35.917957	-373.973877	1.042479	-77.993027	0.000000	0.000000	3.750000	-29.297432	612.843506
519	-257.204834	-124.122993	-43.517738	-57.359936	0.000000	0.000000	3.750000	183.858826	398.304230
520	64.695641	-292.142487	22.022182	-64.335243	0.000000	0.000000	3.750000	-192.385056	559.788086
521	372.089081	331.554016	55.999100	48.374580	0.000000	0.000000	3.750000	-624.503845	-501.871307
522	-375.128784	388.217957	-47.917450	56.390762	0.000000	0.000000	3.750000	626.833740	-735.866272
523	211.097168	-165.944077	55.028755	-23.913073	0.000000	0.000000	3.750000	-506.804596	187.087997
524	268.673401	456.937805	37.886101	68.180206	0.000000	0.000000	3.750000	-38.373425	-141.065857
525	430.938538	83.595123	64.764320	26.562767	0.000000	0.000000	3.750000	-730.502075	-236.954681
526	297.047028	-47.084202	51.905842	-3.127874	0.000000	0.000000	3.750000	-598.641052	45.926258
527	159.057129	326.094482	36.462364	66.682030	0.000000	0.000000	3.750000	-298.152710	-676.153320
528	-416.590454	-311.855316	-56.250252	-41.664242	0.000000	0.000000	3.750000	622.045837	436.731781
529	-247.822052	-333.045898	-18.187855	-55.074448	0.000000	0.000000	3.750000	83.249573	650.167053
530	-52.223091	-296.507629	-15.861744	-70.231033	0.000000	0.000000	3.750000	49.812588	395.659973
531	64.334274	-189.396500	-1.455215	-53.980358	0.000000	0.000000	3.750000	-21.767525	310.408478
532	288.263702	-341.669800	52.234177	-36.980770	0.000000	0.000000	3.750000	-209.073334	195.539474
533	42.303291	-187.734314	46.513687	-18.339369	0.000000	0.000000	3.750000	-53.804920	31.959505
534	-190.691071	-381.720886	-24.817888	-54.626633	0.000000	0.000000	3.750000	214.484940	675.109619
535	13.510334	337.479675	27.017183	46.755447	0.000000	0.000000	3.750000	-290.605225	-523.333801
536	-326.170197	211.173416	-66.505447	47.968384	0.000000	0.000000	3.750000	493.192383	-178.769913
537	261.488434	-56.287193	59.847862	-22.676701	0.000000	0.000000	3.750000	-394.202881	141.094055
538	92.212769	28.840216	51.382240	47.537987	0.000000	0.000000	3.750000	-184.929764	-151.143295
539	182.905304	-262.742188	60.440060	-31.160645	0.000000	0.000000	3.750000	-346.499695	119.466888
540	-58.077389	182.023514	19.512423	67.225311	0.000000	0.000000	3.750000	-52.726974	-572.629333
541	-471.527527	-70.157982	-69.869537	4.271705	0.000000	0.000000	3.750000	681.419434	-57.534073
542	-389.524445	251.741852	-58.759109	54.289665	0.000000	0.000000	3.750000	405.690277	-366.749268
543	-189.105713	-152.777008	-19.021454	-63.199501	0.000000	0.000000	3.750000	68.204720	310.195007
544	311.964752	125.093857	48.791054	27.485058	0.000000	0.000000	3.750000	-706.630371	-249.485733
545	-285.607758	-113.696793	-66.961899	-26.457262	0.000000	0.000000	3.750000	158.884476	102.926399
546	425.155914	231.674210	60.666027	34.923103	0.000000	0.000000	3.750000	-779.527710	-274.561127
547	39.954231	269.463013	22.718962	51.184448	0.000000	0.000000	3.750000	-210.985931	-584.154297
548	502.823425	-189.372803	81.987701	-18.276144	0.000000	0.000000	3.750000	-787.234070	182.691574
549	-222.587448	-245.027069	-40.947517	-51.761887	0.000000	0.000000	3.750000	324.429993	516.084961
550	-47.379719	-451.640045	-8.394009	-69.494789	0.000000	0.000000	3.750000	-6.513012	283.979950
551	-288.405396	44.081085	-46.980766	34.011757	0.000000	0.000000	3.750000	408.042023	-202.449036
552	174.902344	328.104584	26.332199	53.912949	0.000000	0.000000	3.750000	-184.625473	-718.497498
553	-371.128082	-280.450928	-65.486595	-29.924908	0.000000	0.000000	3.750000	697.272034	229.885910
554	37.149338	367.948578	11.454990	85.233704	0.000000	0.000000	3.750000	-81.915634	-684.092468
555	211.140686	-360.628174	29.340378	-56.878311	0.000000	0.000000	3.750000	-256.776459	487.854706
556	-41.109421	237.927673	24.876982	63.286140	0.000000	0.000000	3.750000	-149.583084	-363.244354
557	140.473175	276.593597	33.154301	68.387077	0.000000	0.000000	3.750000	-246.764557	-467.290253
558	-26.972662	-349.576019	6.059978	-59.693184	0.000000	0.000000	3.750000	-61.590107	565.948669
559	-348.460541	-55.271530	-55.901127	3.326244	0.000000	0.000000	3.750000	619.719604	-40.899784
560	237.796677	-141.418945	52.711197	-18.908405	0.000000	0.000000	3.750000	-552.595459	147.765656
561	331.911804	267.921234	48.855778	38.171925	0.000000	0.000000	3.750000	-338.720215	-143.595505
562	-376.237427	104.323242	-67.285080	25.625412	0.000000	0.000000	3.750000	507.050659	-40.043098
563	146.444687	-354.498993	40.376373	-52.208698	0.000000	0.000000	3.750000	-371.445099	477.237274
564	-514.517822	-402.947052	-63.104164	-52.362778	0.000000	0.000000	3.750000	663.695190	450.527100
565	-114.332642	-185.443787	-62.539665	-43.178581	0.000000	0.000000	3.750000	68.371925	12.377032
566	-233.384186	22.491003	-48.188896	19.540377	0.000000	0.000000	3.750000	349.610474	-91.543312
567	-409.363220	319.595490	-49.689117	62.697456	0.000000	0.000000	3.750000	369.413513	-708.724854
568	19.270660	-168.541367	20.480885	-41.188683	0.000000	0.000000	3.750000	-49.323383	79.963814
569	-205.951324	-323.251373	-36.031956	-45.449951	0.000000	0.000000	3.750000	324.421570	392.853699
570	-274.027588	369.808685	-42.068836	58.431267	0.000000	0.000000	3.750000	346.333130	-488.913086
571	-245.976410	179.351120	-36.339241	45.204643	0.000000	0.000000	3.750000	354.341003	-444.596924
572	81.808075	326.600037	22.114040	51.448708	0.000000	0.000000	3.750000	-218.404236	-524.879211
573	8.808662	-342.820526	21.641487	-62.350986	0.000000	0.000000	3.750000	-182.294189	469.702271
574	467.487061	58.568497	71.182083	26.628935	0.000000	0.000000	3.750000	-861.901489	-181.926636
575	260.189209	326.524567	45.014313	61.234886	0.000000	0.000000	3.750000	-346.530029	-494.632629
576	-450.750092	166.507416	-66.634750	27.272694	0.000000	0.000000	3.750000	821.625366	-196.139404
577	139.201416	-317.445068	36.400612	-57.425697	0.000000	0.000000	3.750000	-27.998302	39.694687
578	-119.264893	-140.870377	-66.578835	-21.613039	0.000000	0.000000	3.750000	241.343201	-27.314798
579	-138.924149	-196.029388	-32.528038	-43.103340	0.000000	0.000000	3.750000	110.796608	289.051697
580	63.558430	248.672470	8.294794	69.506775	0.000000	0.000000	3.750000	-8.714643	-632.354370
581	222.776733	141.115463	49.656845	33.677834	0.000000	0.000000	3.750000	-338.138214	-268.447510
582	-2.324194	460.071014	-5.179854	65.796410	0.000000	0.000000	3.750000	99.522301	-664.790771
583	73.206871	-405.063690	10.984406	-56.950356	0.000000	0.000000	3.750000	-120.576866	565.764099
584	-169.427353	174.220520	-36.566437	59.689865	0.000000	0.000000	3.750000	195.286743	-485.067535
585	-250.856216	13.348851	-55.906185	3.239796	0.000000	0.000000	3.750000	513.294006	12.995749
586	186.115723	-64.316582	65.805878	-17.128040	0.000000	0.000000	3.750000	-132.357773	1.640836
587	-74.034286	-130.383514	-58.516739	-38.415901	0.000000	0.000000	3.750000	208.780945	121.748589
588	-171.650299	379.047363	-26.097258	69.245422	0.000000	0.000000	3.750000	189.532806	-671.010864
589	88.011116	-126.541336	31.668991	-60.175365	0.000000	0.000000	3.750000	-139.540375	302.716370
590	219.675781	-198.403275	44.114807	-71.483406	0.000000	0.000000	3.750000	-203.087006	298.139404
591	-473.557159	239.535156	-82.838760	35.181370	0.000000	0.000000	3.750000	488.706970	-160.123337
592	-363.695892	249.709625	-50.262249	32.767403	0.000000	0.000000	3.750000	691.239563	-320.637299
593	327.719116	-88.408157	58.335739	-26.323786	0.000000	0.000000	3.750000	-462.156860	209.314713
594	-178.174103	-318.555359	-44.393379	-46.100128	0.000000	0.000000	3.750000	300.118317	247.748642
595	192.972382	297.194153	37.825478	65.918335	0.000000	0.000000	3.750000	-298.181915	-416.814270
596	-483.404480	-92.120895	-81.738068	-6.548841	0.000000	0.000000	3.750000	743.902161	96.213066
597	69.382118	36.643425	-22.304928	85.091003	0.000000	0.000000	3.750000	61.816727	13.626654
598	-36.641571	-471.609344	-7.445388	-75.634415	0.000000	0.000000	3.750000	40.916912	738.667358
599	78.377144	233.188599	20.451309	73.196350	0.000000	0.000000	3.750000	-24.473257	-356.084656
600	207.365936	316.739807	47.642189	33.078911	0.000000	0.000000	3.750000	-638.598633	-278.261505
601	-199.040680	65.408340	-54.741859	24.562410	0.000000	0.000000	3.750000	343.119507	-77.743797
602	-243.416046	81.158951	-67.004257	26.351719	0.000000	0.000000	3.750000	539.165710	-117.133537
603	412.932129	17.421928	61.680954	6.281669	0.000000	0.000000	3.750000	-674.484741	-32.231499
604	113.426224	33.988426	25.183388	50.017952	0.000000	0.000000	3.750000	-60.751499	-145.618317
605	432.700317	-386.440155	56.780380	-56.355907	0.000000	0.000000	3.750000	-1117.069946	1102.224121
606	318.104523	-316.514526	38.229767	-46.243725	0.000000	0.000000	3.750000	-428.898651	698.999023
607	305.643005	295.328491	31.413433	46.359421	0.000000	0.000000	3.750000	-278.891205	-465.425201
608	241.040131	115.982025	44.590210	22.621077	0.000000	0.000000	3.750000	-334.212494	-166.072311
609	-284.935669	-400.451233	-36.389938	-66.721558	0.000000	0.000000	3.750000	333.814178	805.298584
610	502.362793	481.350128	61.356476	65.843521	0.000000	0.000000	3.750000	-461.902496	-685.667480
611	187.958862	340.874023	34.080978	44.435181	0.000000	0.000000	3.750000	-382.457336	-617.045227
612	68.417519	-186.530579	-39.201073	-55.563210	0.000000	0.000000	3.750000	176.134567	297.047577
613	67.743507	484.390747	-0.682256	85.997292	0.000000	0.000000	3.750000	30.293591	-688.280945
614	-66.080345	-406.457336	-9.465717	-61.273163	0.000000	0.000000	3.750000	101.585258	599.159729
615	111.405029	-204.328354	34.193703	-49.302738	0.000000	0.000000	3.750000	-77.899399	176.415375
616	386.740784	432.660950	48.966778	60.714489	0.000000	0.000000	3.750000	-441.912109	-706.295837
617	405.802429	-339.553589	44.275753	-48.945404	0.000000	0.000000	3.750000	-528.532593	815.920288
618	17.986319	229.998993	5.503038	59.747089	0.000000	0.000000	3.750000	0.089341	-784.307617
619	107.796478	-431.056061	15.612679	-68.236664	0.000000	0.000000	3.750000	-129.639816	478.214752
620	-95.319511	29.482174	-51.962685	-55.430511	0.000000	0.000000	3.750000	-14.532027	63.810410
621	-332.113556	-150.712021	-60.344021	-26.731911	0.000000	0.000000	3.750000	446.061188	243.535492
622	-55.224293	-486.066406	-4.936364	-69.825729	0.000000	0.000000	3.750000	29.995710	511.983398
623	-26.026541	-245.362823	-44.207687	-49.006905	0.000000	0.000000	3.750000	482.180206	464.580170
624	55.905361	82.527802	62.783203	26.119915	0.000000	0.000000	3.750000	-323.908508	-207.186371
625	-201.749878	145.571182	-59.860626	27.797403	0.000000	0.000000	3.750000	184.407547	-111.964561
626	-86.802498	-251.163651	-0.032610	-47.999989	0.000000	0.000000	3.750000	-12.326330	404.293762
627	75.904480	300.255219	7.025284	73.665764	0.000000	0.000000	3.750000	-28.732948	-526.109985
628	-22.544180	-582.911987	12.959814	-91.082619	0.000000	0.000000	3.750000	-164.307831	1105.852295
629	268.295959	-415.255127	29.645988	-58.967033	0.000000	0.000000	3.750000	-250.760056	727.099731
630	-297.958069	6.809780	-55.462391	-16.968296	0.000000	0.000000	3.750000	635.068909	190.465790
631	-109.817955	364.305511	-29.440439	72.230515	0.000000	0.000000	3.750000	207.950684	-889.833801
632	-162.445068	-294.199036	-35.186131	-48.599754	0.000000	0.000000	3.750000	298.426086	392.889954
633	441.286438	296.893433	61.351288	41.376369	0.000000	0.000000	3.750000	-768.468872	-301.936676
634	-444.712280	142.828949	-75.762329	18.548893	0.000000	0.000000	3.750000	700.154358	-96.056786
635	462.583740	85.029015	68.912460	12.290336	0.000000	0.000000	3.750000	-614.022095	7.840428
636	-287.791931	-248.966751	-44.227505	-37.522339	0.000000	0.000000	3.750000	479.439301	328.026215
637	333.447906	21.196135	57.933319	2.780284	0.000000	0.000000	3.750000	-695.665894	2.876127
638	-379.597473	-217.510574	-58.225655	-38.855675	0.000000	0.000000	3.750000	699.180359	313.624481
639	245.365479	339.889038	53.214645	51.421799	0.000000	0.000000	3.750000	-464.658356	-439.944824
640	194.276535	-275.752655	42.168976	-45.450821	0.000000	0.000000	3.750000	-458.875732	502.922729
641	-138.629883	-192.916565	-44.506950	-59.118114	0.000000	0.000000	3.750000	68.592712	273.576630
642	-47.002609	315.222626	-21.277344	64.585388	0.000000	0.000000	3.750000	168.474716	-699.734253
643	-213.894562	388.555847	-36.055504	55.280972	0.000000	0.000000	3.750000	224.146973	-575.585876
644	420.043640	389.258942	53.117748	57.118309	0.000000	0.000000	3.750000	-601.039917	-804.853882
645	305.960358	-368.829559	45.595528	-47.718422	0.000000	0.000000	3.750000	-553.285767	574.793213
646	-139.769379	-195.361694	-34.279137	-56.399830	0.000000	0.000000	3.750000	263.602509	452.023621
647	387.081482	95.923012	55.547852	16.686188	0.000000	0.000000	3.750000	-720.212280	-78.704369
648	-27.496044	493.646362	-3.642150	73.910316	0.000000	0.000000	3.750000	26.383518	-679.594543
649	42.927963	4.384300	-8.094235	53.389908	0.000000	0.000000	3.750000	24.131340	-225.496399
650	74.953049	-196.985321	53.278488	-62.331860	0.000000	0.000000	3.750000	-51.485126	86.715088
651	-364.107422	218.791840	-58.839111	25.178429	0.000000	0.000000	3.750000	391.178101	-120.436691
652	31.398598	-393.952637	3.984155	-73.892654	0.000000	0.000000	3.750000	-91.599396	783.022461
653	-287.309174	126.021225	-65.698944	29.455738	0.000000	0.000000	3.750000	345.628326	-188.728378
654	-214.448715	409.049805	-18.727201	63.287319	0.000000	0.000000	3.750000	104.742241	-725.217712
655	-176.253143	-363.265778	-12.298592	-70.940750	0.000000	0.000000	3.750000	16.390490	56.900784
656	-277.441467	273.246948	-44.972736	36.625793	0.000000	0.000000	3.750000	453.163910	-275.061371
657	-58.126514	-19.742462	-1.192359	-59.283447	0.000000	0.000000	3.750000	-130.512024	38.415081
658	234.054199	233.369553	49.802040	51.997604	0.000000	0.000000	3.750000	-336.648834	-288.894165
659	-107.285004	181.586945	-29.006235	57.049282	0.000000	0.000000	3.750000	64.578865	-220.653107
660	134.629211	-155.337173	62.156250	-47.122780	0.000000	0.000000	3.750000	-257.622681	297.057343
661	159.048309	-409.154419	25.048504	-63.218449	0.000000	0.000000	3.750000	-242.642532	655.159607
662	64.574707	185.829559	33.929745	54.265682	0.000000	0.000000	3.750000	-252.238754	-315.945190
663	142.175659	-505.998657	31.141884	-71.513382	0.000000	0.000000	3.750000	-139.813599	594.956238
664	108.670013	-284.822571	25.856552	-49.673279	0.000000	0.000000	3.750000	-64.623131	204.774994
665	215.550125	-191.263855	47.682823	-64.236649	0.000000	0.000000	3.750000	-296.216095	379.601471
666	-19.983421	441.332397	14.288200	74.644714	0.000000	0.000000	3.750000	-95.658936	-315.535187
667	278.029724	-355.004517	42.043652	-42.805737	0.000000	0.000000	3.750000	-506.554596	514.071594
668	316.885315	-233.869934	39.050407	-37.296867	0.000000	0.000000	3.750000	-143.512543	192.495377
669	280.330322	-289.639923	69.393997	-57.310127	0.000000	0.000000	3.750000	-407.871796	436.253052
670	-499.392090	-267.656647	-63.619400	-45.128334	0.000000	0.000000	3.750000	693.361694	376.724365
671	-45.619488	-285.957092	-2.374537	-61.954483	0.000000	0.000000	3.750000	-33.335415	564.799744
672	269.047150	422.416199	45.011292	45.497044	0.000000	0.000000	3.750000	-327.903107	-401.141663
673	91.849701	253.487183	41.181526	46.347225	0.000000	0.000000	3.750000	-258.730316	-189.040436
674	205.490906	-363.906403	26.608589	-53.777145	0.000000	0.000000	3.750000	-212.800415	363.221466
675	-131.013885	-65.192909	-41.281967	-28.209215	0.000000	0.000000	3.750000	89.708313	102.127945
676	-147.479507	-392.300842	-5.811023	-63.735638	0.000000	0.000000	3.750000	98.975319	789.272339
677	-131.724686	-434.716858	-14.077551	-70.610352	0.000000	0.000000	3.750000	117.752098	689.201660
678	226.134018	-353.257507	31.925648	-66.758858	0.000000	0.000000	3.750000	-275.860168	815.746338
679	-267.159332	-105.061768	-59.776779	-22.863430	0.000000	0.000000	3.750000	589.657043	209.414139
680	-169.791656	262.393555	-36.150051	50.370361	0.000000	0.000000	3.750000	252.128113	-367.099548
681	187.326050	185.436859	17.976576	44.506660	0.000000	0.000000	3.750000	-214.046936	-496.326111
682	205.368896	130.569626	66.292770	15.140409	0.000000	0.000000	3.750000	-246.766159	-124.314873
683	303.592773	212.555908	65.246399	19.153820	0.000000	0.000000	3.750000	-190.434525	-76.047836
684	79.300697	202.723602	39.471306	50.378670	0.000000	0.000000	3.750000	-159.994843	-265.743866
685	360.717804	110.715263	58.158554	21.484411	0.000000	0.000000	3.750000	-780.171875	-201.273575
686	343.946838	-148.742233	61.792274	-16.664780	0.000000	0.000000	3.750000	-575.077393	147.909576
687	244.462921	345.997955	51.590546	47.311890	0.000000	0.000000	3.750000	-508.436340	-446.017914
688	-142.295654	-35.103935	-61.922436	-3.091041	0.000000	0.000000	3.750000	108.210846	-18.150928
689	-64.859383	-374.207092	-2.035555	-73.972000	0.000000	0.000000	3.750000	10.240234	692.122864
690	-22.530636	297.280090	14.915107	53.977158	0.000000	0.000000	3.750000	-40.928699	-296.938324
691	-14.359630	-368.743469	-2.114885	-59.962708	0.000000	0.000000	3.750000	-11.452913	861.503235
692	288.134827	461.529053	51.115154	61.540558	0.000000	0.000000	3.750000	-483.985870	-626.635864
693	-327.883850	-21.835903	-57.878220	3.756546	0.000000	0.000000	3.750000	887.863403	-36.230999
694	424.781067	-113.538986	56.173065	-26.240814	0.000000	0.000000	3.750000	-745.512451	208.574524
695	388.209167	-214.868622	62.664795	-39.358894	0.000000	0.000000	3.750000	-544.485413	303.856110
696	-471.470703	-5.749129	-79.840988	5.041479	0.000000	0.000000	3.750000	547.103149	-23.937300
697	-430.908112	278.552734	-62.111633	40.226032	0.000000	0.000000	3.750000	538.746643	-238.822830
698	-277.127106	303.677338	-34.685257	38.741875	0.000000	0.000000	3.750000	477.879059	-532.136658
699	-87.010391	49.046108	-19.525055	32.600143	0.000000	0.000000	3.750000	71.905624	-200.189438
700	43.650826	-244.474640	47.334244	-64.493393	0.000000	0.000000	3.750000	-174.651047	172.325226
701	-239.864655	66.045822	-59.621132	-17.002453	0.000000	0.000000	3.750000	152.226883	-57.249172
702	238.148941	-184.497452	37.694870	-54.176529	0.000000	0.000000	3.750000	-317.010651	472.492706
703	-171.430801	-222.935028	-32.404144	-48.103725	0.000000	0.000000	3.750000	191.045563	253.391327
704	35.218025	314.535706	40.565514	61.890518	0.000000	0.000000	3.750000	-256.034058	-333.280640
705	-333.597290	-194.054749	-49.292290	-46.843006	0.000000	0.000000	3.750000	450.299530	360.147278
706	-37.918594	336.771851	17.924255	67.664642	0.000000	0.000000	3.750000	52.638542	-173.094269
707	-308.589294	-4.503854	-58.381142	-30.783785	0.000000	0.000000	3.750000	360.340332	210.086380
708	128.752518	-93.456558	61.108448	-51.630814	0.000000	0.000000	3.750000	-131.556931	132.692825
709	288.142517	-18.515984	50.370758	12.914476	0.000000	0.000000	3.750000	-413.173431	-55.961929
710	117.846420	378.016907	32.241043	57.589165	0.000000	0.000000	3.750000	-307.190735	-448.142700
711	200.428391	227.834290	41.188084	31.741608	0.000000	0.000000	3.750000	-100.669067	-90.710121
712	-171.197922	441.690674	-25.513737	67.327866	0.000000	0.000000	3.750000	174.598785	-739.026245
713	8.110778	-52.912758	25.617908	-52.035782	0.000000	0.000000	3.750000	-51.109406	88.264702
714	286.481232	314.005615	41.374138	43.453171	0.000000	0.000000	3.750000	-463.116608	-642.363892
715	-354.874390	56.244217	-61.497856	7.874839	0.000000	0.000000	3.750000	637.929626	-71.562874
716	-253.657059	-184.763260	-67.223801	-25.786835	0.000000	0.000000	3.750000	444.458069	184.132065
717	-378.102936	321.784088	-43.671608	44.008987	0.000000	0.000000	3.750000	599.604431	-578.998535
718	118.366943	-126.860825	16.914089	-55.478882	0.000000	0.000000	3.750000	-28.824564	165.736282
719	-272.961945	-205.068970	-43.724464	-31.688639	0.000000	0.000000	3.750000	545.706360	316.506104
720	-471.486755	-134.793930	-65.621155	-17.828632	0.000000	0.000000	3.750000	414.780426	140.398438
721	-76.498390	80.417099	-19.190435	56.847740	0.000000	0.000000	3.750000	22.070045	-132.851212
722	-348.553009	172.925232	-48.772121	31.389015	0.000000	0.000000	3.750000	680.651489	-256.547180
723	336.318268	94.460732	43.946259	19.306120	0.000000	0.000000	3.750000	-433.933441	-213.132248
724	-292.216614	396.932098	-49.442535	55.058365	0.000000	0.000000	3.750000	594.964844	-463.551575
725	-220.497879	372.237030	-32.391632	57.504494	0.000000	0.000000	3.750000	130.493393	-427.541046
726	47.405895	-322.455475	27.581577	-53.284580	0.000000	0.000000	3.750000	-79.047478	228.373138
727	55.000061	-371.394531	13.787194	-56.337479	0.000000	0.000000	3.750000	-111.497864	763.156677
728	-304.628815	-177.476562	-47.856220	-39.418037	0.000000	0.000000	3.750000	463.145203	399.001587
729	-177.643219	-410.809631	-14.618435	-74.580841	0.000000	0.000000	3.750000	158.248260	809.450500
730	-269.984680	80.477402	-55.934654	-2.704484	0.000000	0.000000	3.750000	551.247559	36.050285
731	53.759235	-217.240692	49.704552	-77.416962	0.000000	0.000000	3.750000	-103.968521	229.303513
732	397.438721	-5.912102	70.415787	15.019905	0.000000	0.000000	3.750000	-527.305542	-8.222854
733	-136.865891	-13.659861	-82.793343	-23.261433	0.000000	0.000000	3.750000	272.485870	-5.435707
734	372.551239	-121.626137	73.985413	1.429446	0.000000	0.000000	3.750000	-264.587097	64.321991
735	257.292267	351.818481	38.640961	67.755997	0.000000	0.000000	3.750000	-326.466949	-553.273865
736	345.885254	-274.100372	51.352829	-44.574501	0.000000	0.000000	3.750000	-607.227051	597.190735
737	-70.848618	477.364441	-15.533394	76.437637	0.000000	0.000000	3.750000	127.744797	-798.206177
738	471.934296	-85.575851	64.787674	-20.653271	0.000000	0.000000	3.750000	-636.646118	217.034119
739	31.251961	-473.922241	29.092484	-72.371353	0.000000	0.000000	3.750000	-141.413406	590.855225
740	-207.700546	324.568176	-30.889988	51.437393	0.000000	0.000000	3.750000	314.188232	-722.984009
741	400.317566	344.107941	53.109108	45.600647	0.000000	0.000000	3.750000	-685.271057	-463.867401
742	-209.278534	96.820953	-58.587440	12.942280	0.000000	0.000000	3.750000	569.376648	-28.393812
743	382.132568	-236.363617	54.580437	-37.107632	0.000000	0.000000	3.750000	-481.337524	308.514099
744	234.267975	-159.402283	59.704472	-43.719212	0.000000	0.000000	3.750000	-412.352112	363.021088
745	-143.546585	350.265320	-44.085213	64.346672	0.000000	0.000000	3.750000	333.031036	-482.718292
746	289.934692	262.702942	47.124119	51.762081	0.000000	0.000000	3.750000	-311.444763	-278.038361
747	-343.961639	214.103683	-70.886337	52.144287	0.000000	0.000000	3.750000	565.286865	-168.989868
748	-89.885712	144.654709	-43.277081	60.025620	0.000000	0.000000	3.750000	106.504745	-208.749939
749	-315.394226	-229.642426	-52.265976	-36.935951	0.000000	0.000000	3.750000	548.420044	301.160187
750	-383.537109	285.884735	-49.306984	46.827553	0.000000	0.000000	3.750000	312.986572	-265.246368
751	-212.881866	-350.591888	-37.836006	-46.566448	0.000000	0.000000	3.750000	335.270782	538.696533
752	-334.429535	9.291051	-59.995529	0.732124	0.000000	0.000000	3.750000	736.099548	7.527248
753	428.459808	524.753601	61.754288	62.692955	0.000000	0.000000	3.750000	-355.752472	-337.387451
754	320.217529	142.158157	72.514999	22.742044	0.000000	0.000000	3.750000	-94.163895	-16.657173
755	-328.832245	-410.285797	-50.831169	-50.992058	0.000000	0.000000	3.750000	483.709381	569.904785
756	13.477811	-421.106750	11.380806	-67.040855	0.000000	0.000000	3.750000	-96.873703	788.977783
757	434.956787	95.713875	61.097656	24.961452	0.000000	0.000000	3.750000	-793.463440	-241.946732
758	122.600372	400.646851	22.212521	64.269760	0.000000	0.000000	3.750000	-226.842270	-572.456787
759	483.401978	-66.245285	79.391861	-20.516582	0.000000	0.000000	3.750000	-741.108887	141.759125
760	-261.586700	-271.753296	-39.733803	-44.958038	0.000000	0.000000	3.750000	371.569824	434.288666
761	-144.044815	-376.303070	-26.019703	-54.064529	0.000000	0.000000	3.750000	246.857788	656.045532
762	430.178009	-7.328520	65.990234	1.135209	0.000000	0.000000	3.750000	-763.423645	28.908154
763	212.099106	-103.400688	58.688755	-30.193111	0.000000	0.000000	3.750000	-245.910721	155.209976
764	-356.326843	283.888367	-52.815723	48.933472	0.000000	0.000000	3.750000	553.686462	-350.902649
765	187.804153	-251.445251	42.333908	-63.117626	0.000000	0.000000	3.750000	-221.452499	398.847565
766	69.747452	134.748672	26.215645	35.337429	0.000000	0.000000	3.750000	-182.378250	-171.795517
767	-162.331497	154.357391	-37.799919	35.709457	0.000000	0.000000	3.750000	206.016937	-153.623779
768	-267.213623	-298.987427	-55.255928	-60.586952	0.000000	0.000000	3.750000	588.409058	746.939209
769	135.164093	-456.910645	34.143330	-70.130074	0.000000	0.000000	3.750000	-200.422226	539.951233
770	365.915466	204.585052	69.992935	53.338310	0.000000	0.000000	3.750000	-206.563004	-146.266586
771	-213.612808	-32.301254	-42.812027	-10.155328	0.000000	0.000000	3.750000	448.306030	98.337433
772	261.499298	-276.630188	40.972069	-38.174461	0.000000	0.000000	3.750000	-426.863556	391.075165
773	-367.796570	-17.448559	-65.595154	-7.298898	0.000000	0.000000	3.750000	554.089233	106.939331
774	-354.546234	-379.167297	-45.798424	-50.264317	0.000000	0.000000	3.750000	428.692535	588.571899
775	472.521301	-276.265564	83.277313	-47.758644	0.000000	0.000000	3.750000	-592.189880	325.623352
776	-205.814026	-394.107697	-39.475090	-55.368919	0.000000	0.000000	3.750000	499.437317	747.263062
777	-204.907303	-306.211761	-41.114792	-59.106426	0.000000	0.000000	3.750000	560.008850	984.272522
778	147.125519	415.925415	14.998750	62.217644	0.000000	0.000000	3.750000	-97.037270	-702.074524
779	141.606613	348.476013	33.264748	70.550980	0.000000	0.000000	3.750000	-232.220352	-347.618805
780	361.935577	-256.602234	54.505104	-37.218056	0.000000	0.000000	3.750000	-446.064697	420.219757
781	-449.656433	-16.324093	-65.945709	2.676235	0.000000	0.000000	3.750000	761.400940	-58.894466
782	-470.826080	-200.919037	-67.901817	-29.416588	0.000000	0.000000	3.750000	819.558716	232.529541
783	-160.976776	-143.445679	-41.015678	-31.964111	0.000000	0.000000	3.750000	386.033081	184.063522
784	62.038284	291.017273	4.966233	61.800766	0.000000	0.000000	3.750000	4.623259	-634.808350
785	25.895042	-96.649734	-31.520535	-41.357506	0.000000	0.000000	3.750000	106.925476	206.354218
786	95.062874	117.910019	42.945858	29.319839	0.000000	0.000000	3.750000	-303.420380	-216.387466
787	224.778244	82.582565	53.969933	1.801102	0.000000	0.000000	3.750000	-214.223755	-13.786150
788	328.800385	456.676910	46.781006	64.896332	0.000000	0.000000	3.750000	-419.968506	-708.030334
789	454.262390	308.490448	53.801430	47.847717	0.000000	0.000000	3.750000	-574.047424	-428.661835
790	-353.101929	286.797180	-53.823868	34.626381	0.000000	0.000000	3.750000	719.380737	-322.148987
791	-273.808685	-366.436462	-64.699875	-62.561363	0.000000	0.000000	3.750000	462.819214	406.857361
792	349.743134	18.408733	59.942421	2.627361	0.000000	0.000000	3.750000	-665.779175	45.361393
793	-78.041626	38.846909	-54.964294	46.503902	0.000000	0.000000	3.750000	61.623455	-113.480080
794	44.972870	-448.303101	1.553440	-69.982742	0.000000	0.000000	3.750000	9.561522	544.946472
795	-68.283836	-126.392357	-45.328896	-36.184082	0.000000	0.000000	3.750000	390.730438	254.905060
796	-146.742142	-128.825165	-32.518478	-35.306480	0.000000	0.000000	3.750000	198.278534	246.174957
797	317.379150	-163.942688	65.586121	-24.463413	0.000000	0.000000	3.750000	-550.989685	162.267456
798	114.340477	-385.127899	18.804443	-65.348244	0.000000	0.000000	3.750000	-149.797424	594.100525
799	102.639832	-225.697357	21.225178	-47.470955	0.000000	0.000000	3.750000	-75.459267	196.078262
800	-344.055939	-319.006958	-45.228348	-39.425835	0.000000	0.000000	3.750000	408.841797	365.875885
801	21.508266	169.748779	11.556102	56.836700	0.000000	0.000000	3.750000	50.349350	-212.499603
802	182.787491	-67.217873	49.079231	-34.513718	0.000000	0.000000	3.750000	-169.754425	180.289658
803	-270.965393	28.737797	-57.800732	4.803519	0.000000	0.000000	3.750000	351.144623	-6.820665
804	-140.731171	-279.398621	-28.849281	-50.316139	0.000000	0.000000	3.750000	165.644531	416.257080
805	-19.467409	-198.992523	-19.056709	-61.096943	0.000000	0.000000	3.750000	73.611008	319.937714
806	438.803894	199.664246	64.702209	20.919388	0.000000	0.000000	3.750000	-907.681213	-184.262100
807	40.152031	385.770569	6.801094	65.648643	0.000000	0.000000	3.750000	-45.445457	-674.873169
808	-287.090088	420.097900	-38.551224	58.427750	0.000000	0.000000	3.750000	355.713501	-500.623474
809	15.576429	150.388733	-10.189384	69.254364	0.000000	0.000000	3.750000	16.649082	-349.617432
810	-314.244995	296.813568	-53.144241	31.932486	0.000000	0.000000	3.750000	634.273010	-258.289948
811	-524.983276	-149.380859	-75.674759	-18.903229	0.000000	0.000000	3.750000	715.432983	173.595337
812	-353.330719	294.453186	-47.524796	45.797310	0.000000	0.000000	3.750000	985.906677	-906.113159
813	150.438538	127.537582	53.186020	45.510956	0.000000	0.000000	3.750000	-345.428986	-294.318634
814	448.310028	-16.646030	66.688606	-13.290195	0.000000	0.000000	3.750000	-617.569641	142.781296
815	324.454651	359.429108	41.601181	56.296867	0.000000	0.000000	3.750000	-384.156647	-698.435120
816	-74.925751	-72.253654	-13.563396	-52.268845	0.000000	0.000000	3.750000	25.063971	131.115417
817	142.390564	-288.483948	29.602289	-52.189114	0.000000	0.000000	3.750000	-162.864899	338.510254
818	197.830734	468.977539	47.127808	69.533936	0.000000	0.000000	3.750000	-367.698700	-625.294006
819	122.067329	-287.909271	22.920380	-48.894325	0.000000	0.000000	3.750000	-203.033203	548.384827
820	-404.541992	-224.793076	-47.844765	-39.431915	0.000000	0.000000	3.750000	584.588501	386.414825
821	-121.766380	-486.859558	-17.210426	-71.970703	0.000000	0.000000	3.750000	59.175835	200.538177
822	170.196167	365.114410	39.550728	57.755848	0.000000	0.000000	3.750000	-347.804688	-593.395630
823	299.409302	351.645508	43.938835	43.742188	0.000000	0.000000	3.750000	-422.178619	-402.107788
824	308.919678	-124.394318	55.687317	-5.909555	0.000000	0.000000	3.750000	-599.365234	68.219009
825	123.001740	404.214813	21.673388	60.218460	0.000000	0.000000	3.750000	-193.170624	-688.102722
826	-235.988663	180.553925	-51.526245	37.961075	0.000000	0.000000	3.750000	296.935944	-159.776398
827	-284.173157	-151.739075	-49.279327	-60.461128	0.000000	0.000000	3.750000	170.650513	237.411560
828	69.308083	-413.436829	17.492483	-76.013222	0.000000	0.000000	3.750000	-100.784492	626.066650
829	-235.697937	51.851593	-41.471741	6.640365	0.000000	0.000000	3.750000	614.224487	-80.635674
830	37.465897	384.454498	1.085027	63.990730	0.000000	0.000000	3.750000	94.177025	-665.603394
831	54.991413	418.190979	9.123035	67.385239	0.000000	0.000000	3.750000	-123.625237	-879.196777
832	-233.094986	-236.157257	-42.297153	-53.244259	0.000000	0.000000	3.750000	406.053955	510.092682
833	-250.306793	-298.349426	-36.059376	-45.428188	0.000000	0.000000	3.750000	395.417450	593.411011
834	-312.423737	253.366623	-45.548141	44.959606	0.000000	0.000000	3.750000	317.266052	-320.426666
835	-291.419342	-241.300430	-50.837807	-42.089371	0.000000	0.000000	3.750000	547.396057	538.341309
836	292.950531	0.551303	45.849724	3.715165	0.000000	0.000000	3.750000	-645.264893	-16.641663
837	-192.759491	231.208237	-37.201984	47.074535	0.000000	0.000000	3.750000	304.294678	-384.073944
838	-63.024483	-148.175797	-4.969790	-61.800491	0.000000	0.000000	3.750000	31.793596	375.539093
839	131.984116	-122.921097	47.346481	-16.071968	0.000000	0.000000	3.750000	-366.351349	81.555450
840	244.700989	-131.638397	69.822128	-17.571709	0.000000	0.000000	3.750000	-259.292084	-27.550743
841	-105.270081	495.308105	-20.009014	71.243454	0.000000	0.000000	3.750000	97.839783	-702.874023
842	-418.935974	186.941406	-70.041595	46.369678	0.000000	0.000000	3.750000	645.796814	-254.235077
843	-196.239136	215.869919	-55.780235	54.521221	0.000000	0.000000	3.750000	157.456879	-168.337357
844	229.295990	-135.712158	40.666977	-25.498953	0.000000	0.000000	3.750000	-335.727386	224.632935
845	-155.026520	-79.745613	-49.055763	-41.103840	0.000000	0.000000	3.750000	313.704346	223.215851
846	-283.487274	355.161255	-44.393433	54.122131	0.000000	0.000000	3.750000	128.289185	-180.872971
847	-134.783676	27.799852	-53.903290	-3.224072	0.000000	0.000000	3.750000	274.799194	-64.880051
848	-318.102356	-34.441505	-63.929047	-3.012732	0.000000	0.000000	3.750000	538.963440	5.269431
849	155.107941	-208.986679	18.416515	-75.794540	0.000000	0.000000	3.750000	-48.786034	486.088104
850	-262.805939	88.749557	-35.350327	43.432163	0.000000	0.000000	3.750000	150.107773	-206.339706
851	-97.192551	-200.995529	-8.893361	-71.447723	0.000000	0.000000	3.750000	-64.673485	310.322815
852	-256.179321	193.839096	-48.066322	45.228622	0.000000	0.000000	3.750000	300.584961	-265.707001
853	-515.058228	157.257751	-65.419815	38.681145	0.000000	0.000000	3.750000	654.465271	-245.169601
854	404.387390	269.234802	49.454700	40.623016	0.000000	0.000000	3.750000	-695.622986	-436.667847
855	-329.092712	48.478050	-63.798874	33.372040	0.000000	0.000000	3.750000	586.219360	-208.212219
856	-118.713791	53.620216	-65.961639	2.240980	0.000000	0.000000	3.750000	245.606033	-57.893848
857	-8.322388	16.044210	69.982124	1.501728	0.000000	0.000000	3.750000	-204.333572	-108.823814
858	-156.866577	373.222961	-36.164467	52.802719	0.000000	0.000000	3.750000	255.213531	-495.787445
859	-250.730270	-375.561310	-37.319931	-61.572884	0.000000	0.000000	3.750000	315.470184	626.706787
860	-447.320374	-64.413872	-70.980606	12.071766	0.000000	0.000000	3.750000	546.882874	17.709518
861	-129.421387	-193.862335	-29.440308	-52.280655	0.000000	0.000000	3.750000	72.423569	148.040955
862	-206.935547	222.280090	-16.900543	65.866318	0.000000	0.000000	3.750000	106.937286	-383.536530
863	248.840698	59.001244	56.940693	11.034123	0.000000	0.000000	3.750000	-499.959686	-31.842154
864	-357.929413	-103.987427	-69.603241	-25.127411	0.000000	0.000000	3.750000	495.421631	207.192932
865	270.466156	-38.341900	60.905373	11.598581	0.000000	0.000000	3.750000	-463.837952	-17.020363
866	-590.695618	-251.193970	-83.651978	-38.292721	0.000000	0.000000	3.750000	824.734436	255.608337
867	491.356964	-241.071579	81.895973	-32.203251	0.000000	0.000000	3.750000	-697.574036	255.516357
868	-350.896027	-486.516113	-51.497841	-55.892479	0.000000	0.000000	3.750000	462.237640	608.472351
869	-348.055542	-412.068512	-51.637913	-53.004913	0.000000	0.000000	3.750000	597.647034	796.861877
870	408.684937	-279.137421	64.974182	-46.672859	0.000000	0.000000	3.750000	-635.588745	444.695343
871	195.385345	-287.788940	64.920395	-56.403297	0.000000	0.000000	3.750000	-440.540192	458.862762
872	77.486389	-211.193161	55.993164	-34.939369	0.000000	0.000000	3.750000	-313.173187	160.305908
873	181.461105	404.666992	35.071243	53.535030	0.000000	0.000000	3.750000	-269.196503	-642.355042
874	-194.150726	-276.522980	-22.657135	-44.571884	0.000000	0.000000	3.750000	230.618988	607.295044
875	-495.713135	6.898872	-69.303833	-9.847183	0.000000	0.000000	3.750000	729.044617	-9.810398
876	-93.219574	-119.142593	52.058716	-43.745220	0.000000	0.000000	3.750000	-115.191498	5.998981
877	177.658554	-427.984253	32.830734	-54.937607	0.000000	0.000000	3.750000	-329.566284	697.639832
878	-351.414276	132.914520	-62.956242	25.700296	0.000000	0.000000	3.750000	656.657349	-180.279343
879	63.499420	-155.065338	39.498436	-42.469368	0.000000	0.000000	3.750000	-32.316479	8.816112
880	-514.926758	-87.130760	-75.112137	-11.582647	0.000000	0.000000	3.750000	1251.629395	20.135191
881	226.946487	-214.622406	34.844757	-26.867130	0.000000	0.000000	3.750000	-460.302185	309.306549
882	184.129089	284.707794	34.543083	51.485676	0.000000	0.000000	3.750000	-310.115204	-538.308167
883	-39.022369	228.120941	-3.656414	65.898468	0.000000	0.000000	3.750000	-20.959078	-167.448547
884	443.206177	-41.036964	87.380890	10.419657	0.000000	0.000000	3.750000	-797.168945	-11.215356
885	255.321854	190.852249	46.393013	41.130135	0.000000	0.000000	3.750000	-451.840271	-388.291748
886	181.143219	8.116046	56.161499	26.265598	0.000000	0.000000	3.750000	-410.741608	-243.241852
887	-333.588440	-82.800095	-71.004089	-11.933899	0.000000	0.000000	3.750000	665.326965	149.722839
888	318.871002	202.383667	40.752693	32.298832	0.000000	0.000000	3.750000	-692.272095	-372.018158
889	-210.601761	-253.113708	-35.350845	-67.277885	0.000000	0.000000	3.750000	221.161407	497.562714
890	333.484680	-160.048233	67.081276	-20.002563	0.000000	0.000000	3.750000	-609.178284	170.384949
891	33.011742	-83.271683	69.999435	-0.078666	0.000000	0.000000	3.750000	-350.341217	-101.956329
892	260.006470	-98.255432	77.461678	-9.148095	0.000000	0.000000	3.750000	-614.372314	95.414680
893	41.945412	546.672241	3.604654	85.924408	0.000000	0.000000	3.750000	6.601225	-377.165009
894	-249.881607	-348.905182	-41.545036	-40.472317	0.000000	0.000000	3.750000	481.013733	574.151428
895	-54.950142	-293.862091	-16.385143	-51.454102	0.000000	0.000000	3.750000	96.078072	498.349365
896	106.152405	-248.446594	17.371412	-73.986130	0.000000	0.000000	3.750000	34.029690	208.723389
897	-115.677429	-184.744751	-43.437515	-41.390518	0.000000	0.000000	3.750000	365.720856	264.549622
898	-220.215469	182.026276	-47.702850	42.666595	0.000000	0.000000	3.750000	392.565277	-340.706421
899	-250.609985	-164.317657	-28.916447	-27.637638	0.000000	0.000000	3.750000	452.345215	461.204712
900	-216.761307	426.358459	-29.151012	65.834717	0.000000	0.000000	3.750000	211.197952	-752.548706
901	288.733643	-399.466370	44.758015	-48.504818	0.000000	0.000000	3.750000	-467.619476	651.086121
902	33.263687	-387.178619	7.534361	-59.525024	0.000000	0.000000	3.750000	3.091954	494.814117
903	-98.512871	75.099091	-27.137539	46.685104	0.000000	0.000000	3.750000	55.549358	-67.147141
904	230.740677	198.609192	41.952324	34.000015	0.000000	0.000000	3.750000	-662.513000	-426.220734
905	186.571030	203.943756	37.211662	41.848434	0.000000	0.000000	3.750000	-236.455490	-308.951904
906	-228.452057	6.561864	-57.753357	-5.343136	0.000000	0.000000	3.750000	325.348206	48.414555
907	-115.765434	-607.562256	-29.646618	-84.976913	0.000000	0.000000	3.750000	288.600983	945.577271
908	275.512604	355.540192	48.319210	38.849121	0.000000	0.000000	3.750000	-270.524048	-185.415939
909	328.231659	-333.644379	45.397003	-42.226906	0.000000	0.000000	3.750000	-236.359863	194.225357
910	344.291626	-91.470329	56.181190	-14.410881	0.000000	0.000000	3.750000	-654.055420	168.088882
911	-289.683319	-26.159172	-53.996635	-0.602780	0.000000	0.000000	3.750000	462.939087	20.840675
912	220.956390	-79.172958	58.079826	-15.057648	0.000000	0.000000	3.750000	-347.712280	78.979309
913	257.110870	336.987701	32.480095	52.811264	0.000000	0.000000	3.750000	-201.198654	-632.961121
914	-245.748596	344.915466	-41.147377	49.019310	0.000000	0.000000	3.750000	397.229370	-428.014252
915	-529.703613	-19.838562	-79.991699	-1.151984	0.000000	0.000000	3.750000	725.717529	-23.790506
916	170.906433	264.599548	28.365288	43.582184	0.000000	0.000000	3.750000	-297.128784	-669.590881
917	110.669533	-113.532829	17.645653	-71.862549	0.000000	0.000000	3.750000	41.879398	101.449516
918	-436.350739	-470.118835	-58.849030	-59.939911	0.000000	0.000000	3.750000	595.925659	629.583618
919	386.718506	291.701050	46.268902	47.065781	0.000000	0.000000	3.750000	-466.752106	-542.332275
920	311.081604	147.986557	60.587616	38.899109	0.000000	0.000000	3.750000	-634.482117	-399.848816
921	178.025345	-341.432404	31.762886	-53.245827	0.000000	0.000000	3.750000	-309.250092	615.418884
922	-206.238434	-385.050873	-42.223480	-55.831669	0.000000	0.000000	3.750000	485.613037	772.583801
923	-293.523956	-318.623962	-48.216949	-42.084747	0.000000	0.000000	3.750000	605.653503	543.722717
924	403.257690	-376.175507	53.922775	-50.678619	0.000000	0.000000	3.750000	-231.693008	163.643127
925	-270.714142	290.014893	-39.152664	48.073578	0.000000	0.000000	3.750000	419.819275	-509.652985
926	-34.677223	-225.743332	-15.534075	-62.085789	0.000000	0.000000	3.750000	59.256790	135.601318
927	-17.590576	-347.104523	-21.205460	-68.806435	0.000000	0.000000	3.750000	96.816971	452.844208
928	277.460968	-253.116730	43.250668	-49.853561	0.000000	0.000000	3.750000	-401.554626	399.934448
929	-233.982178	378.862396	-38.858208	50.853115	0.000000	0.000000	3.750000	389.110962	-563.943848
930	-346.044708	-242.455811	-51.611374	-34.354889	0.000000	0.000000	3.750000	788.082520	334.433502
931	-36.705090	392.021057	-9.208511	85.505554	0.000000	0.000000	3.750000	98.650955	-626.932556
932	-261.727112	453.645844	-38.949539	60.555069	0.000000	0.000000	3.750000	126.295219	-323.155151
933	-178.926849	-387.733948	-45.442974	-53.244110	0.000000	0.000000	3.750000	342.862823	426.061157
934	313.551147	-261.410553	48.028366	-32.515694	0.000000	0.000000	3.750000	-711.232849	302.868988
935	-439.108002	398.628326	-66.840332	60.268784	0.000000	0.000000	3.750000	600.953674	-352.326080
936	342.760590	319.084503	47.744225	48.419918	0.000000	0.000000	3.750000	-490.625702	-447.367004
937	309.580383	-301.443420	42.457611	-45.181282	0.000000	0.000000	3.750000	-434.754608	587.487854
938	429.587189	318.728577	50.004654	48.984962	0.000000	0.000000	3.750000	-545.304504	-376.238098
939	-211.129562	332.462341	-34.536858	51.489841	0.000000	0.000000	3.750000	266.712067	-467.892242
940	-398.048584	-155.985153	-65.530777	-18.158140	0.000000	0.000000	3.750000	743.127502	199.563919
941	389.253937	-14.456337	69.926567	3.169469	0.000000	0.000000	3.750000	-114.433487	-14.010185
942	302.540955	-273.955292	46.187813	-55.233009	0.000000	0.000000	3.750000	-308.177948	346.140015
943	228.900604	43.995827	63.871635	-4.048617	0.000000	0.000000	3.750000	-311.461182	-46.337364
944	-46.501495	346.494019	-13.090075	64.688873	0.000000	0.000000	3.750000	144.604370	-631.401184
945	17.384411	-121.158760	-54.912827	-24.134228	0.000000	0.000000	3.750000	60.460365	-67.632561
946	-304.718994	219.797363	-38.349838	35.118217	0.000000	0.000000	3.750000	514.156128	-421.729095
947	-59.285843	-322.203857	-31.124851	-53.621296	0.000000	0.000000	3.750000	187.017853	332.975372
948	342.154877	-14.864017	56.883888	11.323532	0.000000	0.000000	3.750000	-487.541138	-58.738186
949	6.803075	412.475769	-14.882004	78.603592	0.000000	0.000000	3.750000	108.325745	-778.021484
950	285.194611	-16.977455	70.649086	13.881681	0.000000	0.000000	3.750000	-186.191727	-40.609497
951	240.755890	59.763832	65.567825	34.305309	0.000000	0.000000	3.750000	-424.313293	-276.887115
952	10.713528	68.148575	-18.362339	42.175327	0.000000	0.000000	3.750000	-11.637300	-162.668411
953	219.598389	-150.137039	65.632126	-24.331608	0.000000	0.000000	3.750000	-66.354202	30.669132
954	75.196297	360.529297	19.862190	69.206154	0.000000	0.000000	3.750000	-216.139954	-625.584351
955	-131.521973	191.445221	-48.925434	58.157555	0.000000	0.000000	3.750000	225.428452	-247.999878
956	-232.577545	-357.486572	-42.178864	-60.802475	0.000000	0.000000	3.750000	242.978638	332.816803
957	-174.705978	-499.527771	-38.411469	-60.897926	0.000000	0.000000	3.750000	409.098602	750.294922
958	-30.300379	267.940979	-9.396639	65.327660	0.000000	0.000000	3.750000	90.255806	-711.633057
959	50.100212	191.575638	-1.872219	57.969757	0.000000	0.000000	3.750000	64.523788	-552.522461
960	189.186035	351.681122	28.509319	52.794090	0.000000	0.000000	3.750000	-183.966003	-418.886200
961	-223.860596	349.754639	-34.812180	67.558075	0.000000	0.000000	3.750000	137.976898	-427.755341
962	319.707886	162.816315	56.229656	30.565105	0.000000	0.000000	3.750000	-569.332214	-322.715912
963	-403.806854	235.830917	-57.939499	31.607050	0.000000	0.000000	3.750000	741.799500	-244.273438
964	-278.758270	-6.622983	-77.131134	-21.231754	0.000000	0.000000	3.750000	433.773407	110.257271
965	191.210266	-454.994263	24.664862	-69.768486	0.000000	0.000000	3.750000	-202.167404	744.140259
966	659.675110	-63.675312	90.620461	-15.872130	0.000000	0.000000	3.750000	-831.436462	79.056030
967	86.516106	-94.795090	55.107895	-28.409557	0.000000	0.000000	3.750000	-214.125504	67.316208
968	-446.612427	-142.347168	-68.307442	-22.761650	0.000000	0.000000	3.750000	763.875244	224.331772
969	374.508331	185.072495	64.218048	32.558273	0.000000	0.000000	3.750000	-452.673828	-248.770432
970	-158.594818	-171.639282	-32.042465	-40.954613	0.000000	0.000000	3.750000	246.887970	336.353180
971	-178.997009	85.007828	-56.367210	20.560507	0.000000	0.000000	3.750000	208.468613	-65.275063
972	-70.674400	-10.146994	-60.960693	19.488297	0.000000	0.000000	3.750000	162.442444	-53.784519
973	203.956299	383.498169	13.145826	78.912354	0.000000	0.000000	3.750000	3.014715	-375.853607
974	-21.840321	-297.596863	-8.263993	-49.312332	0.000000	0.000000	3.750000	88.959694	651.375000
975	195.637283	-327.637909	33.327507	-52.280754	0.000000	0.000000	3.750000	-261.467377	410.428558
976	552.130493	-455.421936	67.323563	-59.728851	0.000000	0.000000	3.750000	-612.353210	483.923462
977	520.758850	315.140442	66.756363	50.985374	0.000000	0.000000	3.750000	-415.137024	-130.787506
978	119.518127	229.028030	20.563339	36.621700	0.000000	0.000000	3.750000	-31.518301	-80.855270
979	182.121979	-354.988617	13.495518	-56.408073	0.000000	0.000000	3.750000	-116.654907	646.921387
980	-56.126030	-165.512299	-21.054844	-47.546677	0.000000	0.000000	3.750000	102.818680	342.327148
981	-382.466705	-44.876511	-62.099403	-15.481058	0.000000	0.000000	3.750000	677.893188	120.580200
982	223.562576	187.103760	45.754944	47.565468	0.000000	0.000000	3.750000	-315.094269	-233.769287
983	307.889404	174.719299	48.292747	38.881989	0.000000	0.000000	3.750000	-395.122894	-281.235474
984	-376.867218	100.662048	-62.194260	22.087669	0.000000	0.000000	3.750000	820.454712	-154.435074
985	-60.605118	-178.410110	-28.749069	-70.352615	0.000000	0.000000	3.750000	157.407806	402.113007
986	271.141235	158.396210	36.659878	27.785282	0.000000	0.000000	3.750000	-148.407242	-50.822571
987	271.793182	-223.151947	55.492130	-35.729862	0.000000	0.000000	3.750000	-603.872986	398.229614
988	-236.784973	-49.805485	-62.618217	-20.855148	0.000000	0.000000	3.750000	258.360718	57.519924
989	-345.048126	134.428345	-52.068451	29.813862	0.000000	0.000000	3.750000	660.174255	-221.103333
990	46.437332	343.897949	-4.889595	83.857391	0.000000	0.000000	3.750000	-19.356014	-291.626099
991	313.049744	20.580278	65.797058	-5.171582	0.000000	0.000000	3.750000	-575.672546	84.427040
992	240.185425	243.218170	35.587330	32.210899	0.000000	0.000000	3.750000	-397.591827	-368.691437
993	-148.066315	165.702225	-49.511692	37.316994	0.000000	0.000000	3.750000	408.325073	-148.929016
994	203.040054	353.133789	36.321354	50.246983	0.000000	0.000000	3.750000	-360.303955	-510.138885
995	138.816711	-198.240158	27.108761	-44.374710	0.000000	0.000000	3.750000	-65.323166	114.680252
996	-146.965240	187.641373	-45.384491	36.114346	0.000000	0.000000	3.750000	785.720520	-517.775513
997	160.483093	286.739594	13.056558	52.397728	0.000000	0.000000	3.750000	-139.249893	-357.921356
998	3.641275	-88.037354	-40.611305	-57.014416	0.000000	0.000000	3.750000	70.446190	173.586517
999	192.920074	-6.278367	53.957291	-2.136397	0.000000	0.000000	3.750000	-222.126205	-68.193710
