node	a_force.x	a_force.y	g_force.x	g_force.y	r_force.x	r_force.y	global_speed	move_node.x	move_node.y
0	-460.049255	838.247803	-68.527924	110.471001	0.000000	0.000000	3.750000	477.826172	-1108.379883
1	239.688828	-861.756958	33.999931	-123.401794	0.000000	0.000000	3.750000	-304.517212	1160.069214
2	-750.599670	22.830246	-113.997154	-0.781433	0.000000	0.000000	3.750000	1003.741577	-89.175133
3	-540.191101	-6.182894	-126.942368	16.411175	0.000000	0.000000	3.750000	638.301392	-212.935425
4	225.312775	-817.405029	17.345768	-138.921265	0.000000	0.000000	3.750000	-127.119865	886.184998
5	-320.414459	-713.263306	-76.682182	-104.975220	0.000000	0.000000	3.750000	423.667572	704.170288
6	191.049026	800.075928	29.365173	134.838394	0.000000	0.000000	3.750000	0.679203	-1532.729126
7	525.717285	487.932678	77.167130	128.628265	0.000000	0.000000	3.750000	-392.582062	-710.835327
8	94.312485	588.158142	35.678391	122.926979	0.000000	0.000000	3.750000	-226.053009	-680.367188
9	355.707764	799.506836	57.990509	136.165283	0.000000	0.000000	3.750000	-294.776917	-1074.544434
10	-615.272156	574.413696	-103.348282	94.441071	0.000000	0.000000	3.750000	702.098694	-585.409363
11	-278.341187	-350.742493	-82.649277	-97.736542	0.000000	0.000000	3.750000	183.817673	113.917900
12	733.704712	-170.779099	132.022552	-22.935617	0.000000	0.000000	3.750000	-1108.078613	172.180023
13	555.518188	657.020203	82.608704	100.377975	0.000000	0.000000	3.750000	-557.477356	-867.772461
14	-342.946259	-262.268372	-104.174118	-55.420361	0.000000	0.000000	3.750000	646.168091	170.741989
15	-663.406250	-69.677292	-139.647110	-9.932457	0.000000	0.000000	3.750000	953.087708	112.552994
16	-186.075623	474.961182	-52.021957	108.137329	0.000000	0.000000	3.750000	326.329376	-803.162781
17	65.706314	-183.060059	-20.386316	-108.089371	0.000000	0.000000	3.750000	-26.397430	251.323746
18	-376.645752	315.122192	-103.998062	84.500755	0.000000	0.000000	3.750000	589.709656	-410.623016
19	632.304810	375.085693	83.672211	65.076576	0.000000	0.000000	3.750000	-789.996399	-622.897583
20	549.010620	-436.631134	73.707718	-81.652702	0.000000	0.000000	3.750000	-598.833191	592.871033
21	941.571289	-180.444092	134.697525	-30.009449	0.000000	0.000000	3.750000	-1155.462524	201.783051
22	-785.009766	363.297485	-134.086792	62.647392	0.000000	0.000000	3.750000	906.303894	-357.145996
23	-559.751892	411.853882	-116.947144	76.963287	0.000000	0.000000	3.750000	847.857422	-468.826660
24	-127.081161	706.518616	-17.368618	126.816116	0.000000	0.000000	3.750000	105.769630	-965.380981
25	301.926880	295.333221	90.664192	87.497505	0.000000	0.000000	3.750000	-292.596924	-237.514801
26	280.303162	843.067627	48.935677	122.593796	0.000000	0.000000	3.750000	-300.518341	-1113.907593
27	851.449951	116.767334	127.100220	27.301125	0.000000	0.000000	3.750000	-1026.170654	-48.491669
28	-158.681580	549.242310	-47.100761	116.865250	0.000000	0.000000	3.750000	206.077835	-594.405334
29	-19.090040	271.437073	-25.514032	125.430367	0.000000	0.000000	3.750000	157.572830	-420.546722
30	-675.745056	254.237518	-120.611008	36.455105	0.000000	0.000000	3.750000	971.050476	-331.067749
31	-619.535583	-87.444366	-133.899689	-5.183606	0.000000	0.000000	3.750000	547.458374	23.990450
32	-26.532970	297.304688	-87.698059	111.681259	0.000000	0.000000	3.750000	379.101288	-360.550354
33	735.853027	252.797241	122.098351	59.894825	0.000000	0.000000	3.750000	-284.546417	-160.117126
34	-267.669006	632.772339	-81.282616	126.067810	0.000000	0.000000	3.750000	410.991760	-752.556763
35	136.209991	-713.837830	3.182328	-125.959801	0.000000	0.000000	3.750000	-16.612551	811.163513
36	1032.765137	-47.265167	147.999359	0.340984	0.000000	0.000000	3.750000	-1122.405029	106.510201
37	109.654861	-809.778320	-3.381139	-137.958466	0.000000	0.000000	3.750000	-11.413948	926.142883
38	-599.556030	310.951447	-110.307892	64.928444	0.000000	0.000000	3.750000	676.879456	-201.539368
39	539.037598	198.387146	96.893867	42.983368	0.000000	0.000000	3.750000	-573.512268	-281.534027
40	185.945343	-140.124741	59.633400	-82.741135	0.000000	0.000000	3.750000	-122.322830	111.583984
41	-535.492981	-501.246887	-113.803848	-103.751205	0.000000	0.000000	3.750000	768.465515	476.967316
42	-202.002350	-607.576050	-47.219170	-121.120689	0.000000	0.000000	3.750000	156.164062	664.080017
43	611.269836	419.272217	99.781326	76.939285	0.000000	0.000000	3.750000	-1122.815796	-740.920471
44	802.983887	-315.489777	123.281006	-52.514263	0.000000	0.000000	3.750000	-907.130920	299.083954
45	9.299173	-840.184937	-15.291125	-139.162216	0.000000	0.000000	3.750000	157.082245	790.026306
46	837.352417	246.340332	134.290985	31.777143	0.000000	0.000000	3.750000	-1186.075317	-110.644447
47	124.309891	-356.095825	24.281969	-119.559128	0.000000	0.000000	3.750000	-115.263741	456.249847
48	-459.189423	-138.890305	-132.429962	-45.409668	0.000000	0.000000	3.750000	895.674500	147.684036
49	-872.267578	66.654816	-135.501251	11.635246	0.000000	0.000000	3.750000	1013.916687	-159.486633
50	-504.076141	-5.957195	-141.598282	10.670238	0.000000	0.000000	3.750000	783.517273	-121.982521
51	322.973389	-523.207031	48.156361	-109.913429	0.000000	0.000000	3.750000	-344.945190	724.607727
52	-750.556885	-553.647400	-99.683960	-77.065262	0.000000	0.000000	3.750000	975.729797	565.348877
53	-478.228577	-625.418701	-87.037849	-112.197975	0.000000	0.000000	3.750000	532.263428	615.514954
54	611.715942	-692.709656	72.830551	-102.802383	0.000000	0.000000	3.750000	-112.811066	197.388000
55	681.125793	-237.650681	115.805054	-38.382114	0.000000	0.000000	3.750000	-996.376770	286.121490
56	23.918179	-754.027771	-10.400197	-119.548462	0.000000	0.000000	3.750000	104.512039	952.957031
57	322.679993	559.775879	52.857933	120.954231	0.000000	0.000000	3.750000	-238.472351	-833.800049
58	-488.171326	-18.031143	-139.994568	1.233110	0.000000	0.000000	3.750000	573.355713	-5.257534
59	136.081924	-578.618408	41.006748	-123.363037	0.000000	0.000000	3.750000	-323.615631	1124.168213
60	642.880798	-855.741211	88.683640	-118.477005	0.000000	0.000000	3.750000	-125.159195	174.653503
61	-478.840149	426.343048	-96.924622	86.634720	0.000000	0.000000	3.750000	705.707214	-531.708496
62	403.190369	450.756165	76.791306	117.060181	0.000000	0.000000	3.750000	-403.890045	-586.648560
63	-619.449524	534.417236	-79.539490	75.983109	0.000000	0.000000	3.750000	697.228394	-537.973816
64	-452.561951	-607.952515	-70.906494	-84.096725	0.000000	0.000000	3.750000	604.220520	812.499390
65	-27.547550	-111.530594	-43.971066	-102.994781	0.000000	0.000000	3.750000	38.358692	103.259941
66	246.891510	-754.785889	33.492218	-119.391243	0.000000	0.000000	3.750000	-263.392456	1016.798340
67	148.691376	198.083603	34.339870	114.981148	0.000000	0.000000	3.750000	-136.816681	-388.991333
68	-509.617859	688.825134	-93.701263	101.311760	0.000000	0.000000	3.750000	834.276306	-938.180725
69	526.727112	-669.341736	66.326096	-90.248657	0.000000	0.000000	3.750000	-497.695435	875.350830
70	708.958435	195.926254	115.852982	54.420868	0.000000	0.000000	3.750000	-290.614868	-132.841003
71	-266.328125	-169.607880	-51.316658	-106.257202	0.000000	0.000000	3.750000	171.373978	397.952759
72	412.475037	-649.591309	61.532318	-107.655655	0.000000	0.000000	3.750000	-503.153107	1120.882324
73	-467.055969	851.053345	-72.708069	110.170227	0.000000	0.000000	3.750000	512.897278	-1041.657471
74	175.252533	679.073853	36.920448	149.507477	0.000000	0.000000	3.750000	-33.087559	-643.101562
75	-605.040527	-167.312607	-123.844704	-39.528145	0.000000	0.000000	3.750000	1114.928101	291.861847
76	645.814758	-259.820007	117.155754	-40.626598	0.000000	0.000000	3.750000	-812.526123	301.190308
77	-624.741699	50.500149	-123.964386	2.971501	0.000000	0.000000	3.750000	1014.786194	-34.462151
78	-580.157959	-545.518677	-100.071335	-73.223755	0.000000	0.000000	3.750000	777.650879	511.208649
79	-20.148586	-438.718353	-53.585506	-120.633453	0.000000	0.000000	3.750000	139.053101	469.105194
80	-201.027084	688.027222	-56.111862	112.815628	0.000000	0.000000	3.750000	368.578217	-1036.898438
81	145.537598	817.203552	44.640617	128.464752	0.000000	0.000000	3.750000	-288.462677	-1061.012695
82	844.002319	-628.141296	117.471481	-83.285126	0.000000	0.000000	3.750000	-1010.158264	588.994080
83	118.238190	-598.794556	28.457705	-120.690186	0.000000	0.000000	3.750000	-232.378159	1546.649048
84	-834.713013	-176.873276	-124.793259	-17.396622	0.000000	0.000000	3.750000	1114.728271	174.297699
85	-542.423828	724.245117	-87.522491	101.468071	0.000000	0.000000	3.750000	641.616760	-914.836365
86	-570.067017	165.515991	-105.291809	24.034008	0.000000	0.000000	3.750000	737.225647	-183.151810
87	-346.544617	642.388611	-68.609436	88.523407	0.000000	0.000000	3.750000	182.923782	-404.965424
88	275.258636	-154.154922	96.078842	-64.998116	0.000000	0.000000	3.750000	-495.996704	273.469208
89	808.866028	-495.806549	117.001472	-90.634384	0.000000	0.000000	3.750000	-640.682190	547.783630
90	-463.474854	-728.071838	-64.379669	-96.494598	0.000000	0.000000	3.750000	469.743408	966.708130
91	145.832489	-686.240234	26.405785	-104.722168	0.000000	0.000000	3.750000	-265.737885	988.109680
92	-3.405704	602.178833	-41.429939	106.205063	0.000000	0.000000	3.750000	234.680664	-513.815491
93	91.482697	12.413754	100.204536	114.138367	0.000000	0.000000	3.750000	-39.096706	-151.375732
94	776.917297	662.196594	96.578232	84.003685	0.000000	0.000000	3.750000	-884.902039	-637.095764
95	597.046448	-253.670639	108.709824	-59.650333	0.000000	0.000000	3.750000	-665.581177	397.212372
96	448.083710	-42.094421	111.538605	-10.149330	0.000000	0.000000	3.750000	-573.109192	140.244125
97	-215.067261	354.513885	-97.117287	86.418304	0.000000	0.000000	3.750000	577.374207	-394.354187
98	305.662933	642.646301	60.821327	126.097946	0.000000	0.000000	3.750000	-296.384430	-859.406128
99	583.812988	243.926910	100.639145	53.551350	0.000000	0.000000	3.750000	-790.197144	-477.309692
100	-289.883850	-850.677734	-50.030602	-115.641182	0.000000	0.000000	3.750000	312.188202	1057.177979
101	255.703979	-261.593750	61.684208	-98.235092	0.000000	0.000000	3.750000	-87.412430	175.382538
102	201.487671	383.117584	37.069981	105.687347	0.000000	0.000000	3.750000	-237.507721	-657.313599
103	-461.024170	-495.974457	-89.663559	-88.523666	0.000000	0.000000	3.750000	467.680695	480.767883
104	-648.631653	-596.432251	-83.353027	-102.353607	0.000000	0.000000	3.750000	593.900452	828.718384
105	-165.036606	-203.637451	-11.102350	-133.534668	0.000000	0.000000	3.750000	-49.513866	298.426086
106	-648.281799	-666.370544	-90.265244	-93.553101	0.000000	0.000000	3.750000	627.639404	684.882202
107	-124.416199	129.659363	-142.886154	17.770027	0.000000	0.000000	3.750000	147.852921	-2.913582
108	750.704224	626.877014	91.552673	97.847336	0.000000	0.000000	3.750000	-660.474243	-751.705811
109	-660.379333	647.219360	-94.326599	77.372375	0.000000	0.000000	3.750000	914.071594	-671.431152
110	582.411316	640.330811	91.618034	100.509384	0.000000	0.000000	3.750000	-692.581360	-760.927063
111	-481.384247	224.612427	-130.933624	49.561790	0.000000	0.000000	3.750000	629.449097	-271.132416
112	-335.178986	-77.310608	-144.948395	-29.886074	0.000000	0.000000	3.750000	541.200684	6.447206
113	-246.851654	-714.254761	-35.901962	-97.606483	0.000000	0.000000	3.750000	249.919540	971.632507
114	-126.841141	-709.465027	-60.241684	-115.197800	0.000000	0.000000	3.750000	175.716766	656.515198
115	391.754425	209.024765	111.607635	62.669868	0.000000	0.000000	3.750000	-515.687256	-409.144714
116	-638.000671	-484.550415	-114.590530	-83.863014	0.000000	0.000000	3.750000	610.258667	454.249664
117	-733.737244	471.150085	-106.693626	59.164017	0.000000	0.000000	3.750000	1043.394409	-362.341248
118	-841.733215	-517.103943	-118.657814	-62.258896	0.000000	0.000000	3.750000	1058.256226	329.430237
119	-656.928711	-459.113922	-95.020294	-55.417656	0.000000	0.000000	3.750000	1268.689575	556.041321
120	-101.208168	-105.619308	-112.928947	15.552501	0.000000	0.000000	3.750000	182.411072	-26.629246
121	251.988480	-82.455154	152.583237	-20.797537	0.000000	0.000000	3.750000	-224.600876	-0.233181
122	265.633362	843.217957	37.752174	134.813782	0.000000	0.000000	3.750000	-224.701202	-1018.268921
123	-766.347168	-30.258944	-121.998413	0.616237	0.000000	0.000000	3.750000	860.815674	-57.132767
124	594.343445	-637.157166	74.269844	-94.254860	0.000000	0.000000	3.750000	-628.081482	914.003601
125	-190.884430	284.541473	-61.236279	91.378784	0.000000	0.000000	3.750000	379.461456	-486.359772
126	839.803162	111.027306	138.032104	23.389320	0.000000	0.000000	3.750000	-1063.667725	-61.259422
127	-221.473633	-442.274841	-88.464310	-105.914551	0.000000	0.000000	3.750000	566.725708	497.673828
128	-736.135010	234.870941	-119.901138	31.617561	0.000000	0.000000	3.750000	1146.280884	-181.499741
129	-536.088257	-121.284561	-108.932404	-67.211853	0.000000	0.000000	3.750000	602.528076	225.945206
130	572.984253	1006.024414	81.621765	135.284180	0.000000	0.000000	3.750000	-359.030792	-796.943665
131	635.059570	594.510376	78.512329	77.044228	0.000000	0.000000	3.750000	-741.473450	-711.812561
132	-426.879547	877.642029	-68.603867	124.327484	0.000000	0.000000	3.750000	348.295868	-1051.360229
133	503.834564	-380.914001	100.212952	-91.942184	0.000000	0.000000	3.750000	-515.833008	476.145355
134	-435.113708	417.770660	-75.244629	77.474106	0.000000	0.000000	3.750000	537.086243	-603.771362
135	38.217216	194.981491	18.471668	140.696533	0.000000	0.000000	3.750000	-18.653030	-72.885498
136	-347.203400	-807.289551	-62.862698	-122.850052	0.000000	0.000000	3.750000	333.450500	989.178833
137	-610.527100	684.042358	-86.476814	88.869057	0.000000	0.000000	3.750000	522.956177	-677.480591
138	-680.626282	-684.085083	-97.773247	-85.676033	0.000000	0.000000	3.750000	920.287048	721.465210
139	-41.919525	659.040710	-22.914782	111.673233	0.000000	0.000000	3.750000	169.657791	-919.233948
140	-547.112549	590.467651	-101.178917	84.774628	0.000000	0.000000	3.750000	767.249573	-489.930176
141	397.187012	-816.886719	28.168882	-143.256805	0.000000	0.000000	3.750000	-208.348221	1126.515137
142	-192.910889	681.624878	-41.289047	119.042595	0.000000	0.000000	3.750000	220.354904	-984.108765
143	-418.759155	-235.239075	-114.404755	-65.844910	0.000000	0.000000	3.750000	382.298981	219.845810
144	-35.106544	327.519653	14.772681	135.147049	0.000000	0.000000	3.750000	-11.955986	-88.279785
145	337.791351	-87.723000	96.483017	-74.665985	0.000000	0.000000	3.750000	-677.555054	468.162811
146	113.315933	420.213440	38.817047	111.432404	0.000000	0.000000	3.750000	-100.186081	-235.988831
147	-417.748962	505.051270	-76.478424	100.133743	0.000000	0.000000	3.750000	284.101898	-595.070496
148	255.645172	844.604980	48.524731	114.110939	0.000000	0.000000	3.750000	-355.872742	-1190.106201
149	-631.983032	793.704224	-91.788086	103.048058	0.000000	0.000000	3.750000	693.599976	-955.593140
150	568.513855	152.605408	114.442696	47.737343	0.000000	0.000000	3.750000	-557.816406	-265.043701
151	245.816406	-834.382263	17.171295	-142.972534	0.000000	0.000000	3.750000	-148.425461	1138.661499
152	294.918671	290.205200	83.595901	61.868492	0.000000	0.000000	3.750000	-443.068848	-365.679657
153	707.011536	322.267365	95.863815	49.740601	0.000000	0.000000	3.750000	-811.985291	-370.739044
154	479.175446	-68.429230	112.624573	-51.881027	0.000000	0.000000	3.750000	-666.231628	223.856796
155	357.176056	739.258850	41.435505	118.991714	0.000000	0.000000	3.750000	-225.216431	-1014.353577
156	-754.711548	-521.605896	-110.950119	-94.899658	0.000000	0.000000	3.750000	1376.068237	920.857727
157	795.593201	132.633514	125.465591	11.591010	0.000000	0.000000	3.750000	-1079.962280	-8.093674
158	-616.884460	-292.733948	-110.701561	-55.865128	0.000000	0.000000	3.750000	850.926819	210.446091
159	890.471802	268.943970	137.244003	36.442539	0.000000	0.000000	3.750000	-886.099854	-175.929779
160	682.587219	456.534729	108.467514	55.846069	0.000000	0.000000	3.750000	-910.272461	-407.392426
161	669.852661	102.906731	107.967171	-2.654513	0.000000	0.000000	3.750000	-833.124695	106.885078
162	27.773453	-546.499329	-19.679920	-120.401718	0.000000	0.000000	3.750000	13.647587	720.590820
163	-432.149658	-635.895752	-63.343231	-113.523018	0.000000	0.000000	3.750000	249.611008	630.477600
164	-671.523376	-63.263596	-132.993256	-36.831993	0.000000	0.000000	3.750000	934.666504	118.090485
165	-663.600342	684.207825	-88.226654	95.477692	0.000000	0.000000	3.750000	591.495544	-842.484009
166	-777.851196	309.336182	-114.158531	36.983418	0.000000	0.000000	3.750000	754.270508	-150.559250
167	809.803345	360.342102	124.190247	55.432030	0.000000	0.000000	3.750000	-1236.737915	-374.482330
168	-404.485901	836.061462	-52.632107	121.052780	0.000000	0.000000	3.750000	307.721283	-1060.311890
169	16.642097	-853.402405	-12.137973	-127.423172	0.000000	0.000000	3.750000	104.814491	1187.543335
170	-325.838989	-698.356262	-48.576435	-116.259567	0.000000	0.000000	3.750000	299.417755	956.260803
171	716.447510	-44.317734	109.978821	2.147480	0.000000	0.000000	3.750000	-960.256287	92.581841
172	-291.938324	770.059021	-54.739872	128.854401	0.000000	0.000000	3.750000	294.923584	-999.533203
173	-865.269043	-54.400749	-136.409653	-20.889927	0.000000	0.000000	3.750000	1036.323608	94.668777
174	-330.252869	-998.423096	-71.991814	-129.309937	0.000000	0.000000	3.750000	440.488586	1175.090820
175	-644.713867	-571.123169	-91.245941	-74.820816	0.000000	0.000000	3.750000	946.323120	631.763672
176	569.614319	1074.070068	71.241959	156.551910	0.000000	0.000000	3.750000	-450.461731	-1298.100098
177	159.382141	-629.047913	44.060139	-124.429504	0.000000	0.000000	3.750000	-312.084686	844.083862
178	-552.231689	756.592041	-82.775726	97.632690	0.000000	0.000000	3.750000	631.683472	-933.063721
179	-314.266174	-315.117065	-86.264099	-91.838615	0.000000	0.000000	3.750000	485.969696	376.648285
180	-190.334503	-223.566742	-109.883377	-52.999214	0.000000	0.000000	3.750000	417.782318	94.886444
181	-370.542297	-171.659592	-103.320129	-56.998810	0.000000	0.000000	3.750000	892.625305	348.456970
182	-714.873413	-351.359863	-91.877502	-64.050888	0.000000	0.000000	3.750000	858.335327	535.615173
183	-809.828247	-168.917206	-142.947571	-38.339600	0.000000	0.000000	3.750000	1260.064453	210.212814
184	-521.241211	175.849045	-105.822144	6.135119	0.000000	0.000000	3.750000	695.557312	-93.350868
185	-243.621735	5.204200	-116.961075	-40.873310	0.000000	0.000000	3.750000	54.672295	5.172199
186	245.677307	-171.437241	90.825134	-90.192902	0.000000	0.000000	3.750000	-365.913666	323.131989
187	747.754150	517.395325	86.498871	77.291290	0.000000	0.000000	3.750000	-916.457458	-823.486877
188	-138.725525	-831.541260	-51.262825	-119.465881	0.000000	0.000000	3.750000	352.007294	1024.712158
189	-308.066345	-62.387280	-150.929352	30.474524	0.000000	0.000000	3.750000	208.927048	-85.418175
190	-824.474487	-202.908310	-135.867859	-24.164593	0.000000	0.000000	3.750000	1104.418701	188.733521
191	119.076172	507.857971	63.617687	106.436279	0.000000	0.000000	3.750000	-276.657013	-602.318726
192	4.482594	-448.731567	-53.216591	-103.072762	0.000000	0.000000	3.750000	271.991608	538.057983
193	703.750488	-14.506644	117.851746	5.912188	0.000000	0.000000	3.750000	-734.671143	-51.373695
194	-590.565002	-537.016235	-103.456467	-94.322418	0.000000	0.000000	3.750000	706.256409	555.885620
195	656.159668	67.441345	139.104141	15.812265	0.000000	0.000000	3.750000	-635.839661	-51.659336
196	261.522430	-816.648071	41.246567	-127.493927	0.000000	0.000000	3.750000	-303.892212	1153.569946
197	708.206665	459.317413	122.850761	71.215790	0.000000	0.000000	3.750000	-660.582764	-377.388672
198	-374.056885	759.197693	-62.772919	113.839691	0.000000	0.000000	3.750000	363.233093	-940.786011
199	-675.159546	-152.837921	-114.517395	-28.455177	0.000000	0.000000	3.750000	1062.198608	136.344437
200	55.566799	49.593742	-78.893608	93.053932	0.000000	0.000000	3.750000	100.059540	-83.750443
201	589.719727	-647.101807	82.276703	-90.080696	0.000000	0.000000	3.750000	-621.620667	772.972961
202	631.695129	527.913574	90.340042	78.985245	0.000000	0.000000	3.750000	-891.391785	-705.735291
203	-798.602051	-321.552124	-107.772636	-61.327080	0.000000	0.000000	3.750000	1966.785522	805.493652
204	674.142456	-116.822525	121.800217	-32.258884	0.000000	0.000000	3.750000	-1011.183411	160.380951
205	504.161621	722.319092	60.219410	110.677696	0.000000	0.000000	3.750000	-356.723175	-953.693298
206	545.538330	-148.102905	118.722595	-35.782852	0.000000	0.000000	3.750000	-342.965637	57.041332
207	463.962646	-604.724854	74.025391	-106.863808	0.000000	0.000000	3.750000	-166.318207	320.572540
208	423.945709	144.707199	103.596756	75.176010	0.000000	0.000000	3.750000	-362.598663	-362.041504
209	454.261658	861.627563	76.533173	138.226791	0.000000	0.000000	3.750000	-398.713654	-834.341370
210	455.457092	-38.684559	127.450897	11.841289	0.000000	0.000000	3.750000	-932.927612	-3.443811
211	-80.338455	-52.860630	-115.691879	8.437978	0.000000	0.000000	3.750000	219.383194	-61.148289
212	-41.211815	-401.175415	55.298218	-132.958191	0.000000	0.000000	3.750000	-140.283615	486.320099
213	-485.975098	667.244385	-84.338966	104.129066	0.000000	0.000000	3.750000	482.662933	-754.913391
214	-446.164581	-286.312927	-111.389130	-74.486870	0.000000	0.000000	3.750000	641.338135	303.339203
215	-377.803101	388.094543	-93.856415	77.942101	0.000000	0.000000	3.750000	624.152588	-484.456085
216	641.750610	-678.840515	93.210876	-96.269035	0.000000	0.000000	3.750000	-757.078735	834.858093
217	511.298248	530.578613	91.722092	89.280685	0.000000	0.000000	3.750000	-608.493469	-656.016846
218	826.964478	648.974487	111.218872	74.741928	0.000000	0.000000	3.750000	-748.292908	-499.039520
219	-653.003967	631.914978	-93.637238	78.205276	0.000000	0.000000	3.750000	869.849426	-697.609741
220	-484.305847	439.827301	-83.657295	80.358200	0.000000	0.000000	3.750000	472.868591	-510.850281
221	498.075684	-834.492432	81.481903	-108.888382	0.000000	0.000000	3.750000	-571.727966	889.649170
222	-790.204773	251.113953	-138.563599	31.050388	0.000000	0.000000	3.750000	810.815247	-197.709000
223	-544.929199	680.172485	-87.789948	111.609955	0.000000	0.000000	3.750000	327.168732	-597.563416
224	-490.390686	804.351562	-78.433914	113.543182	0.000000	0.000000	3.750000	528.570984	-982.075684
225	302.514648	-642.856934	53.835983	-98.211967	0.000000	0.000000	3.750000	-303.493195	900.431458
226	-8.687290	-548.617859	-12.405062	-117.345764	0.000000	0.000000	3.750000	-15.971458	763.056946
227	180.648178	-754.025024	17.676329	-120.712616	0.000000	0.000000	3.750000	-199.916153	1009.746094
228	62.248596	632.320007	-16.022129	151.153198	0.000000	0.000000	3.750000	79.725655	-787.345398
229	616.863220	236.041229	93.087364	54.760666	0.000000	0.000000	3.750000	-695.883179	-429.981201
230	-674.980713	-562.866455	-85.661331	-89.655472	0.000000	0.000000	3.750000	723.859314	914.448975
231	31.858807	-902.060425	-14.815453	-129.153015	0.000000	0.000000	3.750000	134.844528	1141.848999
232	-358.722961	-428.464050	-94.100037	-86.770035	0.000000	0.000000	3.750000	628.698425	447.696777
233	418.741730	-568.310547	98.132866	-94.159019	0.000000	0.000000	3.750000	-632.939392	533.409973
234	-748.870544	602.854248	-113.856369	84.855484	0.000000	0.000000	3.750000	966.551941	-439.085846
235	-635.241089	-265.482300	-108.983612	-59.148293	0.000000	0.000000	3.750000	792.470337	324.332336
236	311.400940	995.465942	29.057096	149.195831	0.000000	0.000000	3.750000	-12.419242	-1147.161743
237	-232.960358	423.139435	-65.905472	95.459221	0.000000	0.000000	3.750000	390.437866	-616.839172
238	225.363724	106.752686	131.173950	91.615204	0.000000	0.000000	3.750000	-121.113144	-89.141541
239	354.514008	503.500336	61.708755	116.687462	0.000000	0.000000	3.750000	-273.078827	-643.848145
240	87.449402	-313.008270	-46.457596	-144.725967	0.000000	0.000000	3.750000	132.865082	524.230957
241	458.349915	692.422729	70.040710	97.438499	0.000000	0.000000	3.750000	-509.185699	-929.106934
242	72.483429	-258.454010	29.422899	-114.263710	0.000000	0.000000	3.750000	-37.117794	137.186752
243	736.243530	-754.199951	91.815872	-97.600426	0.000000	0.000000	3.750000	-779.895203	888.222046
244	-568.647949	665.744263	-95.941086	99.193298	0.000000	0.000000	3.750000	636.777649	-658.208862
245	357.958557	-450.332214	99.018524	-90.284485	0.000000	0.000000	3.750000	-661.286438	691.164124
246	741.824707	-516.889160	102.257004	-73.617065	0.000000	0.000000	3.750000	-991.781189	568.319946
247	-245.693192	-639.082458	-69.493103	-107.492661	0.000000	0.000000	3.750000	353.463837	632.178406
248	-247.030609	-790.101685	-28.843548	-141.081573	0.000000	0.000000	3.750000	122.689598	947.606995
249	-130.123627	21.122311	-109.477669	-10.703844	0.000000	0.000000	3.750000	298.954651	12.445268
250	768.686646	8.551746	147.943512	4.070934	0.000000	0.000000	3.750000	-1051.633423	84.841629
251	515.779602	148.624542	141.943359	4.007252	0.000000	0.000000	3.750000	-681.439392	15.823946
252	42.021664	-757.788452	-5.778754	-125.867134	0.000000	0.000000	3.750000	92.578636	672.242554
253	-198.671524	-869.401367	-56.250221	-121.621948	0.000000	0.000000	3.750000	431.136810	1108.537720
254	144.935104	839.724854	37.609917	128.613464	0.000000	0.000000	3.750000	-172.446533	-1007.319092
255	392.240967	-724.180664	65.354225	-103.018494	0.000000	0.000000	3.750000	-398.223114	750.997864
256	-458.328125	270.123016	-132.839294	44.198380	0.000000	0.000000	3.750000	560.291565	-267.624420
257	-718.982483	493.025940	-98.175064	61.786491	0.000000	0.000000	3.750000	996.889893	-388.350464
258	517.134521	719.120728	81.070770	85.741058	0.000000	0.000000	3.750000	-798.475159	-824.153442
259	504.272430	-614.987061	74.646393	-91.388809	0.000000	0.000000	3.750000	-695.217834	790.286316
260	677.780396	79.221397	138.489456	20.504097	0.000000	0.000000	3.750000	-646.749512	-182.556808
261	-69.603470	459.692322	-39.938629	113.158508	0.000000	0.000000	3.750000	159.402191	-593.881104
262	440.008118	411.776825	91.861389	86.239861	0.000000	0.000000	3.750000	-482.958221	-615.851257
263	669.756104	-560.940979	93.624619	-75.062653	0.000000	0.000000	3.750000	-898.403442	574.484375
264	448.118042	-208.173492	102.948090	-48.965637	0.000000	0.000000	3.750000	-726.427185	256.784668
265	328.434265	458.355408	64.608330	115.097824	0.000000	0.000000	3.750000	-54.674541	-170.148209
266	781.302734	-180.266891	133.330750	-35.590900	0.000000	0.000000	3.750000	-929.266663	108.533905
267	-605.763550	-269.692535	-117.491562	-60.161129	0.000000	0.000000	3.750000	754.009766	210.287399
268	157.774704	10.276476	-130.177780	-27.068117	0.000000	0.000000	3.750000	100.373566	-54.059116
269	-278.975098	-690.313477	-41.144081	-131.723450	0.000000	0.000000	3.750000	174.545898	921.293152
270	-100.500237	-588.426270	-31.774193	-119.859871	0.000000	0.000000	3.750000	198.034714	882.408752
271	-661.436768	451.264130	-122.064331	72.551422	0.000000	0.000000	3.750000	808.818176	-215.275909
272	388.728088	-578.123779	70.455788	-99.598862	0.000000	0.000000	3.750000	-197.453293	262.480011
273	145.698639	234.429077	1.884222	127.985901	0.000000	0.000000	3.750000	-32.790836	-446.930542
274	-563.290649	-233.119720	-97.665466	-50.607529	0.000000	0.000000	3.750000	698.752930	116.341293
275	267.141785	831.601440	59.849464	106.310509	0.000000	0.000000	3.750000	-361.324707	-1028.495850
276	614.655884	-563.583130	99.972504	-89.227097	0.000000	0.000000	3.750000	-824.872498	637.446350
277	482.332947	107.126511	117.848175	38.571831	0.000000	0.000000	3.750000	-802.858826	-218.912796
278	607.379761	270.929291	101.451981	56.244949	0.000000	0.000000	3.750000	-830.072876	-456.136261
279	471.530457	305.435211	89.779831	70.253632	0.000000	0.000000	3.750000	-404.652863	-305.998566
280	-718.839355	-122.751587	-102.767563	-39.226593	0.000000	0.000000	3.750000	888.859497	163.491623
281	-180.172455	739.013672	-30.283508	107.827332	0.000000	0.000000	3.750000	77.060722	-525.209106
282	481.470886	262.210083	116.925308	46.951809	0.000000	0.000000	3.750000	-1100.477173	-440.961182
283	-319.083618	-383.677765	-68.288239	-91.282135	0.000000	0.000000	3.750000	171.765472	235.649887
284	-562.022522	267.408203	-114.823792	46.812439	0.000000	0.000000	3.750000	1055.712769	-281.815247
285	-252.484833	22.127043	-125.967270	-2.837188	0.000000	0.000000	3.750000	478.555084	-48.855618
286	715.109436	-63.965538	147.595886	10.911172	0.000000	0.000000	3.750000	-753.104797	60.561001
287	-474.698608	27.245014	-131.345123	13.127993	0.000000	0.000000	3.750000	820.975586	-174.433319
288	390.421814	406.217163	104.975266	89.577805	0.000000	0.000000	3.750000	-559.887329	-492.293335
289	-598.349426	652.541382	-79.814880	97.496368	0.000000	0.000000	3.750000	581.457947	-883.544373
290	-757.969849	622.064941	-87.893051	81.699509	0.000000	0.000000	3.750000	915.503296	-813.917053
291	485.416901	739.999451	93.371246	98.882317	0.000000	0.000000	3.750000	-798.438904	-661.407349
292	-690.238892	148.294846	-114.092636	30.114170	0.000000	0.000000	3.750000	912.948547	-280.281769
293	-85.554771	-711.920776	-10.084637	-109.536652	0.000000	0.000000	3.750000	14.478824	1031.383179
294	-398.368469	-631.333557	-72.283287	-122.225433	0.000000	0.000000	3.750000	300.379120	475.022034
295	57.343182	-273.808838	105.625381	-82.457550	0.000000	0.000000	3.750000	-484.223969	407.751495
296	-158.820312	-655.267456	-0.301809	-111.999435	0.000000	0.000000	3.750000	-89.825340	985.866211
297	-325.121094	-502.573547	-72.537209	-100.570122	0.000000	0.000000	3.750000	432.826843	654.867493
298	50.533607	292.127197	101.825516	70.764130	0.000000	0.000000	3.750000	-441.363129	-318.160614
299	-272.660645	473.077332	-26.013964	127.370453	0.000000	0.000000	3.750000	95.098679	-669.301758
300	-493.949585	510.285095	-88.684830	108.328018	0.000000	0.000000	3.750000	443.192932	-630.505493
301	-665.903687	-791.911987	-80.845398	-123.967651	0.000000	0.000000	3.750000	487.213562	918.769775
302	-573.101990	-209.531738	-114.643753	-56.926407	0.000000	0.000000	3.750000	500.079468	168.506210
303	128.617935	-854.676147	29.041958	-126.714447	0.000000	0.000000	3.750000	-227.029022	1301.404663
304	-742.117920	489.428772	-100.272842	72.947113	0.000000	0.000000	3.750000	1214.498779	-617.497986
305	652.936951	-742.968384	100.323166	-100.495079	0.000000	0.000000	3.750000	-770.211731	756.088196
306	480.780823	613.018066	100.124634	97.852203	0.000000	0.000000	3.750000	-591.015869	-562.492737
307	814.224976	811.415527	116.671219	97.425941	0.000000	0.000000	3.750000	-919.437988	-703.060608
308	-375.184570	-188.172165	-126.130676	-65.221863	0.000000	0.000000	3.750000	328.655090	89.718323
309	732.023682	349.821106	130.507080	50.674019	0.000000	0.000000	3.750000	-1018.476013	-292.634796
310	-1.804483	73.235893	98.345428	72.195389	0.000000	0.000000	3.750000	-339.873810	-254.367447
311	-890.412231	-658.185791	-105.740486	-91.754807	0.000000	0.000000	3.750000	1420.619995	1126.708374
312	95.401413	-447.516174	78.354874	-123.190231	0.000000	0.000000	3.750000	-198.826157	190.227676
313	-441.700073	-400.403748	-73.144035	-100.129654	0.000000	0.000000	3.750000	369.627045	488.617645
314	581.572327	506.478119	94.678680	59.832489	0.000000	0.000000	3.750000	-1000.796021	-504.959869
315	795.959045	-592.835815	118.770142	-77.829933	0.000000	0.000000	3.750000	-1048.530029	439.714600
316	-50.684647	-575.494568	22.094967	-119.982529	0.000000	0.000000	3.750000	-146.045090	678.892517
317	-364.273102	450.622009	-50.538300	79.258064	0.000000	0.000000	3.750000	313.191406	-695.343323
318	-0.895408	737.924927	31.339737	113.761612	0.000000	0.000000	3.750000	-92.313240	-895.613342
319	610.455811	398.521667	123.957321	60.651081	0.000000	0.000000	3.750000	-863.311890	-356.924347
320	204.191910	623.878418	63.110535	109.055267	0.000000	0.000000	3.750000	-357.495544	-698.333679
321	465.530945	-158.994034	134.409805	-31.273001	0.000000	0.000000	3.750000	-817.557861	215.086624
322	-82.047073	504.877686	21.158457	105.905624	0.000000	0.000000	3.750000	7.598311	-548.784546
323	-416.421906	701.700439	-51.666286	119.291702	0.000000	0.000000	3.750000	284.008179	-985.763184
324	-599.215820	-465.097076	-90.194733	-79.151077	0.000000	0.000000	3.750000	440.745544	420.131500
325	-36.695553	727.129761	29.947897	140.850372	0.000000	0.000000	3.750000	-34.822636	-623.492737
326	408.868622	87.302856	128.941467	36.470291	0.000000	0.000000	3.750000	-703.673767	-230.508698
327	430.547546	-302.573547	122.270279	-37.867340	0.000000	0.000000	3.750000	-853.341614	181.529175
328	517.092834	-482.416260	86.571548	-71.058800	0.000000	0.000000	3.750000	-815.972717	566.051453
329	164.176575	648.824524	49.516907	120.199005	0.000000	0.000000	3.750000	-185.964722	-1005.704102
330	809.927246	159.111221	133.615189	34.510620	0.000000	0.000000	3.750000	-767.391846	-161.680130
331	-930.259888	3.983723	-129.966415	-2.954155	0.000000	0.000000	3.750000	1000.395447	-8.912673
332	382.915741	-490.441162	104.694901	-73.640884	0.000000	0.000000	3.750000	-726.918701	500.854492
333	-320.215179	-104.226044	-101.031815	-60.959038	0.000000	0.000000	3.750000	215.094330	179.455032
334	-630.730774	-384.266907	-95.719933	-69.004974	0.000000	0.000000	3.750000	823.489075	519.029053
335	-692.569763	556.860046	-93.560974	78.296463	0.000000	0.000000	3.750000	720.005005	-545.428650
336	-833.772278	624.325195	-98.997993	87.312042	0.000000	0.000000	3.750000	874.396362	-722.694824
337	-555.052002	285.655731	-115.723083	49.841278	0.000000	0.000000	3.750000	577.464355	-277.957092
338	66.156303	151.272064	96.331818	53.105347	0.000000	0.000000	3.750000	-411.983734	-216.991348
339	-91.031563	740.583862	2.779620	135.971375	0.000000	0.000000	3.750000	-89.371796	-875.273621
340	270.124329	-697.461975	64.859863	-93.750015	0.000000	0.000000	3.750000	-160.151382	293.891754
341	5.491624	149.110260	100.965088	88.102478	0.000000	0.000000	3.750000	-345.716614	-294.835236
342	83.437660	-107.631744	122.654755	-43.076347	0.000000	0.000000	3.750000	-410.781677	91.610664
343	844.958252	59.256920	125.319008	13.082205	0.000000	0.000000	3.750000	-1026.983887	-80.128563
344	-33.539921	105.222992	79.075089	79.316475	0.000000	0.000000	3.750000	-258.379456	-286.889832
345	-461.790039	137.176636	-123.977478	50.831539	0.000000	0.000000	3.750000	338.272339	-259.182312
346	-562.561829	-120.283287	-112.311699	-42.261703	0.000000	0.000000	3.750000	619.542114	182.403015
347	-899.414551	-792.986694	-105.973663	-106.158211	0.000000	0.000000	3.750000	876.450745	1007.420288
348	92.722328	-290.053223	101.390320	-60.362915	0.000000	0.000000	3.750000	-608.294922	211.039047
349	-303.976807	733.403809	-19.952602	138.570404	0.000000	0.000000	3.750000	45.103176	-720.832458
350	164.706787	155.629456	129.428802	53.368385	0.000000	0.000000	3.750000	-371.296082	-138.048691
351	244.890411	348.109100	83.511230	99.628609	0.000000	0.000000	3.750000	-506.192261	-534.793274
352	-267.800415	872.176331	-14.390537	145.288361	0.000000	0.000000	3.750000	-43.451019	-999.717957
353	-480.234131	-696.593201	-63.931961	-122.297348	0.000000	0.000000	3.750000	385.243103	964.591675
354	-60.342575	608.537964	3.555762	125.949806	0.000000	0.000000	3.750000	-32.799870	-751.480896
355	631.800476	-274.817291	105.312202	-43.643951	0.000000	0.000000	3.750000	-305.625458	86.172218
356	526.119141	40.106594	115.193069	13.658480	0.000000	0.000000	3.750000	-791.155457	-99.687607
357	648.858765	-11.234041	123.973602	2.541063	0.000000	0.000000	3.750000	-914.910828	89.832108
358	472.431519	505.698700	76.373390	58.164413	0.000000	0.000000	3.750000	-816.808167	-536.049072
359	-890.481201	234.174042	-132.224274	31.822807	0.000000	0.000000	3.750000	1172.063965	-167.466003
360	-235.151642	-117.166260	-19.909332	-140.571686	0.000000	0.000000	3.750000	-43.368206	154.173416
361	-752.409790	379.565155	-111.935127	69.960464	0.000000	0.000000	3.750000	785.409058	-389.500122
362	441.956451	-553.964111	97.226097	-89.280899	0.000000	0.000000	3.750000	-760.655762	650.821594
363	416.093903	34.345112	125.836456	6.401378	0.000000	0.000000	3.750000	-323.038452	27.662355
364	108.894470	-543.525452	40.138081	-140.374222	0.000000	0.000000	3.750000	-228.131546	733.802673
365	-510.696259	-578.000671	-61.017334	-110.237579	0.000000	0.000000	3.750000	141.682373	658.441956
366	312.128357	-751.791443	57.582901	-107.555443	0.000000	0.000000	3.750000	-443.239380	1076.339966
367	570.292053	-513.556885	101.682419	-67.414276	0.000000	0.000000	3.750000	-813.475403	499.980682
368	578.806274	-436.776733	97.187607	-63.328655	0.000000	0.000000	3.750000	-832.910278	396.204224
369	-265.128265	-90.682167	-134.271057	-46.192757	0.000000	0.000000	3.750000	465.598969	22.206797
370	-753.361633	-291.084106	-101.670380	-46.979496	0.000000	0.000000	3.750000	1077.669189	300.256348
371	319.871857	775.929016	71.157967	108.795662	0.000000	0.000000	3.750000	-497.455383	-941.778320
372	423.092590	257.178070	112.111412	52.981346	0.000000	0.000000	3.750000	-744.385498	-312.443115
373	-309.550201	450.511261	-36.847351	109.991684	0.000000	0.000000	3.750000	117.092003	-625.518188
374	-120.124786	-140.873291	61.790749	-105.194199	0.000000	0.000000	3.750000	-72.837852	115.213203
375	-215.645615	-815.724060	-21.552691	-128.200897	0.000000	0.000000	3.750000	238.098541	1098.077637
376	542.546692	214.433487	113.997437	21.461140	0.000000	0.000000	3.750000	-847.093750	-126.441490
377	281.930450	333.561554	70.190094	68.391159	0.000000	0.000000	3.750000	-516.830627	-519.488953
378	416.526825	90.393288	141.819305	-7.149920	0.000000	0.000000	3.750000	-670.841187	103.363342
379	-652.667603	-258.062134	-121.312180	-69.878952	0.000000	0.000000	3.750000	766.969482	280.832092
380	498.440857	231.430145	121.562462	56.378784	0.000000	0.000000	3.750000	-602.606262	-274.473022
381	129.097473	-140.531189	120.324493	-67.566147	0.000000	0.000000	3.750000	-239.398026	108.451462
382	76.416695	29.115248	109.993973	-1.150487	0.000000	0.000000	3.750000	-336.588013	4.641999
383	265.950104	152.369415	124.203346	21.201996	0.000000	0.000000	3.750000	-472.429260	-72.416199
384	224.752396	-839.524292	50.573624	-115.404869	0.000000	0.000000	3.750000	-379.445801	1088.802979
385	689.756592	430.316925	109.226967	54.345020	0.000000	0.000000	3.750000	-1069.834839	-355.487946
386	-563.229614	511.180237	-95.800598	99.328796	0.000000	0.000000	3.750000	785.907410	-696.395325
387	85.484505	-755.346069	38.062248	-124.303108	0.000000	0.000000	3.750000	-316.346863	958.568909
388	-253.739349	-736.868591	-29.349463	-114.291733	0.000000	0.000000	3.750000	221.008118	1059.936890
389	533.562317	685.599731	87.861336	84.642685	0.000000	0.000000	3.750000	-788.104187	-717.408203
390	-315.085480	-287.087677	-24.550299	-127.660690	0.000000	0.000000	3.750000	76.967628	378.235077
391	640.429077	-261.174530	112.048248	-37.002502	0.000000	0.000000	3.750000	-905.208740	272.287506
392	713.673828	322.483337	127.432709	47.506729	0.000000	0.000000	3.750000	-1322.621094	-405.568878
393	-785.093628	252.044403	-117.630569	50.468292	0.000000	0.000000	3.750000	865.539612	-350.232697
394	-802.801697	-187.080444	-124.920807	-58.640858	0.000000	0.000000	3.750000	508.594513	118.858543
395	-629.578918	405.353088	-80.406410	56.023865	0.000000	0.000000	3.750000	600.272034	-209.480972
396	670.493042	311.874329	114.568909	28.247965	0.000000	0.000000	3.750000	-1112.022339	-193.427750
397	-396.671173	42.213696	-127.542938	10.806953	0.000000	0.000000	3.750000	323.782990	-67.521339
398	-549.236023	581.279785	-67.408661	79.196182	0.000000	0.000000	3.750000	541.930237	-896.644714
399	-822.874451	401.387421	-109.735771	76.901413	0.000000	0.000000	3.750000	977.096069	-373.542175
400	702.133118	-734.580627	92.567947	-94.101913	0.000000	0.000000	3.750000	-937.863220	867.824280
401	262.870667	-428.648041	31.076084	-138.557526	0.000000	0.000000	3.750000	-76.226318	590.134094
402	461.317200	-782.193298	85.045151	-113.715958	0.000000	0.000000	3.750000	-552.834839	705.085449
403	-210.814026	-685.568848	-40.342468	-113.015190	0.000000	0.000000	3.750000	186.861511	752.993225
404	-574.453674	-439.707001	-107.595131	-76.467400	0.000000	0.000000	3.750000	729.427002	449.028320
405	-852.897705	266.136353	-123.344292	41.063210	0.000000	0.000000	3.750000	1702.302002	-562.158936
406	248.917328	686.783325	32.178074	121.821854	0.000000	0.000000	3.750000	-201.031982	-1018.385437
407	-742.150879	-67.112976	-123.794830	7.129038	0.000000	0.000000	3.750000	951.215820	-121.227661
408	279.841949	-801.894531	31.076778	-130.346588	0.000000	0.000000	3.750000	-207.577515	866.373718
409	-459.147766	429.345978	-98.864243	78.114304	0.000000	0.000000	3.750000	378.373352	-275.081787
410	-87.675911	-532.745117	-27.043575	-125.110161	0.000000	0.000000	3.750000	57.883965	620.636536
411	210.696320	-473.972717	53.583939	-111.824615	0.000000	0.000000	3.750000	-206.606110	372.174072
412	665.334839	564.033325	94.746490	100.334343	0.000000	0.000000	3.750000	-608.268127	-505.877625
413	656.258423	729.983582	92.837761	107.448135	0.000000	0.000000	3.750000	-642.131348	-927.828308
414	540.118530	668.321777	73.099625	97.675125	0.000000	0.000000	3.750000	-556.621643	-873.890564
415	382.597809	668.792236	89.422966	102.467178	0.000000	0.000000	3.750000	-562.112732	-705.039917
416	797.516602	-295.606934	123.112694	-52.905849	0.000000	0.000000	3.750000	-328.026581	139.420013
417	-769.620850	455.095215	-127.442245	52.938183	0.000000	0.000000	3.750000	1107.706421	-380.966217
418	-170.613129	-45.486252	-18.158199	-124.678047	0.000000	0.000000	3.750000	-28.159552	216.601807
419	462.497803	376.495483	108.657410	63.791466	0.000000	0.000000	3.750000	-524.064453	-419.578064
420	385.536133	526.012573	67.363388	113.517258	0.000000	0.000000	3.750000	-480.874207	-879.473755
421	-439.548828	-473.463379	-97.716362	-113.803818	0.000000	0.000000	3.750000	730.363647	647.856934
422	368.826569	-237.817749	96.994385	-51.885040	0.000000	0.000000	3.750000	-726.614136	322.653656
423	626.295105	-271.178345	110.483009	-46.834602	0.000000	0.000000	3.750000	-825.944702	287.092926
424	-100.696251	-763.465820	-7.975507	-115.725494	0.000000	0.000000	3.750000	39.138790	879.881348
425	-641.723999	715.648193	-93.263031	93.413040	0.000000	0.000000	3.750000	651.135559	-691.126587
426	-430.810791	268.354584	-110.810608	75.345619	0.000000	0.000000	3.750000	584.043213	-314.929291
427	-418.934143	-806.942749	-73.383469	-126.217392	0.000000	0.000000	3.750000	473.003113	740.496460
428	-39.694969	-635.808350	4.325838	-121.923279	0.000000	0.000000	3.750000	-34.101189	761.886230
429	-671.112366	-176.487274	-110.974976	-40.105392	0.000000	0.000000	3.750000	954.546875	166.683411
430	-651.502563	513.251709	-97.158096	66.963745	0.000000	0.000000	3.750000	1036.396851	-403.083466
431	-650.130005	-700.449097	-77.490997	-99.353607	0.000000	0.000000	3.750000	660.930847	947.319214
432	-694.971497	-482.600464	-98.882629	-81.278458	0.000000	0.000000	3.750000	924.040039	617.444336
433	494.352722	227.799927	104.117966	46.426758	0.000000	0.000000	3.750000	-816.567627	-321.244354
434	153.568436	38.715706	140.196838	22.273880	0.000000	0.000000	3.750000	-191.643158	-171.833664
435	-460.943359	-315.226624	-84.215057	-79.773209	0.000000	0.000000	3.750000	498.802795	387.112427
436	-182.948181	204.034683	-108.732224	71.255173	0.000000	0.000000	3.750000	466.381165	-310.054901
437	110.981949	-694.462463	27.695827	-122.918381	0.000000	0.000000	3.750000	-137.498383	828.757446
438	923.616333	-15.709778	146.210068	-22.948122	0.000000	0.000000	3.750000	-1174.744019	164.138794
439	-206.333466	-32.408035	-77.992447	-121.050034	0.000000	0.000000	3.750000	138.373627	210.567505
440	128.725555	-10.184849	-67.162338	99.428284	0.000000	0.000000	3.750000	72.356857	-206.286804
441	-192.962433	546.479858	-74.256073	111.543854	0.000000	0.000000	3.750000	347.057678	-543.565613
442	-594.278381	211.557266	-111.972832	43.151131	0.000000	0.000000	3.750000	1041.300293	-540.480347
443	676.930542	443.130615	119.374237	76.900879	0.000000	0.000000	3.750000	-723.697876	-548.988525
444	345.973541	634.923950	62.466492	90.542458	0.000000	0.000000	3.750000	-454.632233	-671.788452
445	-768.840820	539.208313	-99.543564	73.939346	0.000000	0.000000	3.750000	919.565369	-517.590027
446	235.138351	-497.666931	62.289650	-116.378624	0.000000	0.000000	3.750000	-422.278107	705.660156
447	545.024231	555.612000	97.306480	76.859741	0.000000	0.000000	3.750000	-504.411133	-449.211578
448	-352.341492	58.198742	-127.139999	53.651955	0.000000	0.000000	3.750000	457.605042	-312.409912
449	-124.906754	715.494385	-33.182358	113.238281	0.000000	0.000000	3.750000	138.848953	-498.359406
450	-702.537598	274.451691	-125.218636	41.764713	0.000000	0.000000	3.750000	1150.977417	-365.254944
451	-478.595154	-104.726112	-137.389801	-43.122746	0.000000	0.000000	3.750000	719.197449	90.539764
452	-416.092621	493.896362	-65.574127	80.721840	0.000000	0.000000	3.750000	243.186584	-275.341461
453	-41.967194	-501.392029	4.659431	-119.909317	0.000000	0.000000	3.750000	-73.368942	611.268372
454	-524.147034	877.238525	-70.445908	125.591644	0.000000	0.000000	3.750000	495.631439	-1290.489624
455	358.593445	298.470581	63.718742	87.200378	0.000000	0.000000	3.750000	-296.454376	-426.571899
456	87.555794	931.541626	4.147472	131.934814	0.000000	0.000000	3.750000	-10.487458	-1172.228027
457	-25.284781	506.637360	-39.256359	140.623138	0.000000	0.000000	3.750000	291.717651	-846.565308
458	405.746033	-425.550476	60.382240	-128.522308	0.000000	0.000000	3.750000	-265.015198	586.174805
459	-56.019581	-397.059570	-66.110222	-134.581467	0.000000	0.000000	3.750000	90.004501	100.640190
460	-730.136536	45.481499	-137.930054	-4.381075	0.000000	0.000000	3.750000	489.551361	-15.399411
461	-358.070923	610.802979	-79.134460	87.531342	0.000000	0.000000	3.750000	594.743896	-703.662354
462	220.374542	-759.534180	40.595009	-110.797302	0.000000	0.000000	3.750000	-319.419006	991.959412
463	292.015900	-887.098389	30.158152	-134.664200	0.000000	0.000000	3.750000	-178.524338	1210.364990
464	312.389099	924.145508	33.112473	136.027252	0.000000	0.000000	3.750000	-85.524384	-1066.949219
465	853.779541	449.058014	125.080978	53.392212	0.000000	0.000000	3.750000	-958.712891	-346.569824
466	330.926056	-436.859467	36.068909	-95.409668	0.000000	0.000000	3.750000	-349.087128	729.116516
467	-703.749512	570.783264	-89.051849	83.388565	0.000000	0.000000	3.750000	375.379791	-292.550964
468	838.550659	268.891388	124.612839	29.249393	0.000000	0.000000	3.750000	-1182.500000	-100.788109
469	-673.384399	-485.826935	-110.220665	-76.206184	0.000000	0.000000	3.750000	980.809326	571.487122
470	336.764404	518.883118	40.783783	119.216858	0.000000	0.000000	3.750000	-95.529030	-287.938721
471	748.840210	-721.797119	106.668884	-102.594833	0.000000	0.000000	3.750000	-943.496155	752.765076
472	325.900024	-122.825317	101.622673	-63.818748	0.000000	0.000000	3.750000	-676.626465	415.097534
473	589.982056	-332.971985	115.201454	-60.237648	0.000000	0.000000	3.750000	-972.836426	418.871277
474	376.665405	-396.591461	64.576469	-119.685013	0.000000	0.000000	3.750000	-75.369705	133.719116
475	327.937439	593.893372	71.184097	103.965469	0.000000	0.000000	3.750000	-519.545715	-733.980286
476	432.362915	790.944946	71.768066	117.869598	0.000000	0.000000	3.750000	-443.796387	-987.718689
477	333.970581	-119.793777	116.288269	-88.274254	0.000000	0.000000	3.750000	-416.896271	213.151260
478	888.763428	-471.231567	120.735573	-70.871445	0.000000	0.000000	3.750000	-1143.811646	430.976257
479	-76.773392	224.436249	-104.272598	99.308601	0.000000	0.000000	3.750000	217.724731	-290.952850
480	-506.457062	-228.739227	-118.736626	-52.926624	0.000000	0.000000	3.750000	821.751648	166.900192
481	-316.361298	653.911682	-73.335869	107.338821	0.000000	0.000000	3.750000	374.493866	-892.004700
482	-64.328026	-208.073792	43.857883	-135.035797	0.000000	0.000000	3.750000	-94.482765	155.130753
483	321.562653	130.319580	121.563309	10.312334	0.000000	0.000000	3.750000	-551.601379	-26.252604
484	838.193481	481.752686	110.780701	68.026001	0.000000	0.000000	3.750000	-927.498962	-386.930420
485	368.402954	390.149445	142.422379	40.247185	0.000000	0.000000	3.750000	-637.929871	-138.801834
486	-25.633560	309.199738	28.333950	118.663864	0.000000	0.000000	3.750000	-61.395142	-393.829559
487	361.159058	-517.146851	81.380241	-116.365875	0.000000	0.000000	3.750000	-480.424408	529.555908
488	-795.068481	98.386429	-127.907883	-4.854903	0.000000	0.000000	3.750000	1454.918213	36.857029
489	234.050568	326.301208	71.543976	103.717453	0.000000	0.000000	3.750000	-271.508881	-505.644318
490	404.377380	-350.646606	99.026878	-84.222900	0.000000	0.000000	3.750000	-511.696533	321.841919
491	-111.254120	-39.045425	-134.810547	-28.966074	0.000000	0.000000	3.750000	75.847237	-10.481049
492	-355.934448	-607.136047	-62.669067	-92.825409	0.000000	0.000000	3.750000	468.538391	878.119568
493	798.071228	-671.682373	106.124847	-94.347763	0.000000	0.000000	3.750000	-890.472107	713.933838
494	-202.250488	-294.328735	-95.089233	-82.667725	0.000000	0.000000	3.750000	537.421814	362.685181
495	506.043762	-20.568501	139.977859	-2.330237	0.000000	0.000000	3.750000	-207.390884	5.444475
496	268.196472	914.769470	44.781242	124.171524	0.000000	0.000000	3.750000	-256.999847	-1147.686279
497	-165.260010	-504.495972	-65.529732	-109.953293	0.000000	0.000000	3.750000	243.673950	585.243591
498	-294.013275	-779.459839	-35.071754	-121.020500	0.000000	0.000000	3.750000	244.163589	1029.980225
499	381.084625	-195.034332	115.410004	-71.948090	0.000000	0.000000	3.750000	-522.353149	305.580139
500	482.836456	5.288981	119.540024	-10.495035	0.000000	0.000000	3.750000	-763.579224	126.144547
501	732.472534	-135.188644	132.509048	-38.540039	0.000000	0.000000	3.750000	-950.524536	228.600662
502	-779.785034	270.554230	-127.111847	27.250233	0.000000	0.000000	3.750000	946.799683	-200.303635
503	140.177521	-672.158936	48.083595	-125.075851	0.000000	0.000000	3.750000	-487.586517	1247.583862
504	-934.536377	-345.902893	-125.823273	-74.056671	0.000000	0.000000	3.750000	1052.577271	434.174103
505	420.543579	575.557861	82.814362	92.291817	0.000000	0.000000	3.750000	-568.837891	-658.145569
506	-79.053963	-639.951355	18.105927	-144.872955	0.000000	0.000000	3.750000	-90.312965	804.007568
507	-567.868469	378.140137	-91.206062	98.170395	0.000000	0.000000	3.750000	472.916504	-601.308044
508	-534.896912	-542.790222	-77.100578	-102.173874	0.000000	0.000000	3.750000	556.207764	739.883179
509	639.325745	212.065170	131.475662	11.753535	0.000000	0.000000	3.750000	-1087.172729	-80.015549
510	-187.492950	224.985352	-17.682707	106.540016	0.000000	0.000000	3.750000	239.155197	-630.124878
511	-736.549438	-380.231567	-91.037491	-65.239151	0.000000	0.000000	3.750000	991.287354	560.023926
512	8.943787	-51.514320	76.234161	-95.248711	0.000000	0.000000	3.750000	-283.772614	310.893860
513	-253.672897	1083.081909	-38.269089	155.355591	0.000000	0.000000	3.750000	164.680695	-1266.069824
514	-262.664001	-574.799805	-31.149570	-124.151787	0.000000	0.000000	3.750000	157.918335	983.975159
515	-406.883911	-436.073303	-73.228775	-109.824600	0.000000	0.000000	3.750000	323.119293	672.765503
516	76.744865	-407.575409	46.044487	-130.091919	0.000000	0.000000	3.750000	-259.486969	660.781494
517	200.898376	454.788727	71.623947	120.287895	0.000000	0.000000	3.750000	-144.072952	-181.358429
518	612.946777	-391.421234	107.631668	-76.416039	0.000000	0.000000	3.750000	-780.230103	504.385742
519	604.259338	705.208496	89.066048	102.777603	0.000000	0.000000	3.750000	-803.711548	-1012.888550
520	-8.845016	318.701965	1.928586	129.798340	0.000000	0.000000	3.750000	16.940384	-64.370659
521	268.060364	-923.162720	55.435486	-132.901825	0.000000	0.000000	3.750000	-378.626007	1021.541687
522	558.117615	808.302917	76.362625	117.340103	0.000000	0.000000	3.750000	-492.606110	-963.182190
523	502.878967	-836.272827	79.195419	-125.028206	0.000000	0.000000	3.750000	-220.307617	429.421600
524	-752.421875	369.916443	-119.761223	55.508602	0.000000	0.000000	3.750000	801.580750	-287.224091
525	39.956985	324.678040	84.470627	111.645233	0.000000	0.000000	3.750000	-348.358429	-521.981445
526	-517.252075	344.308075	-116.374092	66.430862	0.000000	0.000000	3.750000	512.032471	-297.768707
527	378.087006	663.766113	72.178680	98.357513	0.000000	0.000000	3.750000	-516.863098	-882.602234
528	891.680054	-548.926575	119.278702	-80.674973	0.000000	0.000000	3.750000	-2143.198242	966.813232
529	667.245178	-222.919067	126.499527	-37.707653	0.000000	0.000000	3.750000	-958.860352	283.764160
530	-656.811890	-435.243591	-75.803276	-108.064148	0.000000	0.000000	3.750000	417.811707	592.843750
531	147.312622	702.928467	42.980591	120.567596	0.000000	0.000000	3.750000	-176.370728	-904.852112
532	-246.808868	-383.303375	-25.608349	-115.186371	0.000000	0.000000	3.750000	-0.947046	587.432617
533	188.072800	-466.689545	49.709373	-128.735840	0.000000	0.000000	3.750000	-224.193268	714.595154
534	-138.184875	-71.810043	46.746918	-131.963593	0.000000	0.000000	3.750000	-103.307877	195.659470
535	-519.787231	-667.577393	-66.461075	-92.622345	0.000000	0.000000	3.750000	461.083069	804.218872
536	-806.383667	497.777008	-100.392654	76.139900	0.000000	0.000000	3.750000	833.521240	-498.802460
537	-731.914673	532.480469	-97.817169	79.421654	0.000000	0.000000	3.750000	781.935547	-604.768066
538	487.179169	640.695740	87.652542	96.005264	0.000000	0.000000	3.750000	-587.619080	-710.790222
539	650.879089	887.354187	92.225761	107.973709	0.000000	0.000000	3.750000	-584.386719	-932.013000
540	-93.348915	113.942215	133.446747	7.287048	0.000000	0.000000	3.750000	-45.281898	-36.328148
541	53.448563	663.136353	39.503181	123.852615	0.000000	0.000000	3.750000	-195.130859	-764.996704
542	-699.960388	-131.548553	-116.685966	-35.613781	0.000000	0.000000	3.750000	960.270142	200.319580
543	177.117096	-695.376587	57.115982	-114.550255	0.000000	0.000000	3.750000	-401.897552	767.148376
544	11.766199	220.840652	87.612335	101.390564	0.000000	0.000000	3.750000	-308.343292	-366.656891
545	-137.731781	652.558289	0.646850	135.998474	0.000000	0.000000	3.750000	-17.636753	-854.654114
546	372.438782	-762.400024	81.571716	-113.780731	0.000000	0.000000	3.750000	-513.999023	742.048157
547	414.265656	-642.585510	80.212624	-107.340027	0.000000	0.000000	3.750000	-690.619568	781.613037
548	-395.125244	-319.970856	-64.497231	-119.733383	0.000000	0.000000	3.750000	275.722778	475.146973
549	-212.787598	726.727783	-5.907498	123.858963	0.000000	0.000000	3.750000	-59.013405	-966.138916
550	398.651306	443.638824	117.656487	72.117523	0.000000	0.000000	3.750000	-542.862122	-372.288116
551	746.858093	553.659241	115.550720	67.852753	0.000000	0.000000	3.750000	-1010.572144	-478.422333
552	-52.258160	-718.942810	-0.626071	-125.998367	0.000000	0.000000	3.750000	-48.783684	991.927124
553	216.167419	-215.071640	68.662231	-108.024071	0.000000	0.000000	3.750000	-188.777786	222.323608
554	606.989807	93.941750	111.924088	4.120147	0.000000	0.000000	3.750000	-1002.597168	43.898251
555	-576.992065	-1.776562	-127.219666	-53.465336	0.000000	0.000000	3.750000	524.161865	87.574104
556	-728.904236	568.777771	-95.090744	76.431114	0.000000	0.000000	3.750000	914.166260	-586.760681
557	-439.155945	-751.036194	-79.314865	-100.464645	0.000000	0.000000	3.750000	535.868713	738.902283
558	-331.141418	822.435669	-70.867523	129.929657	0.000000	0.000000	3.750000	432.766541	-1030.648315
559	-412.780945	620.112122	-73.285309	97.535454	0.000000	0.000000	3.750000	454.874207	-838.724548
560	-211.268066	417.865540	-14.612875	125.149765	0.000000	0.000000	3.750000	82.880997	-675.535645
561	267.177429	-391.090576	65.764473	-102.757149	0.000000	0.000000	3.750000	-388.692932	576.060974
562	854.849487	-163.469299	150.302856	-41.773434	0.000000	0.000000	3.750000	-858.734436	193.882721
563	-238.540390	-246.094528	-36.793251	-124.684479	0.000000	0.000000	3.750000	97.586006	541.309509
564	206.946564	833.514832	55.019615	115.571671	0.000000	0.000000	3.750000	-366.948975	-963.449463
565	-692.861694	-39.448689	-124.810776	-28.389790	0.000000	0.000000	3.750000	754.247864	26.288294
566	7.759753	-576.591797	20.065277	-116.281433	0.000000	0.000000	3.750000	-102.941429	833.721252
567	-555.358154	-715.059387	-70.203270	-104.629913	0.000000	0.000000	3.750000	1006.327393	2246.732178
568	-550.419128	599.343750	-89.621384	91.388748	0.000000	0.000000	3.750000	615.046509	-486.850830
569	-324.352875	-733.697388	-35.731499	-122.911560	0.000000	0.000000	3.750000	242.386459	981.631958
570	-485.159637	417.154938	-93.357666	93.318489	0.000000	0.000000	3.750000	544.826660	-518.526672
571	-106.442131	-156.687164	0.046821	-139.992157	0.000000	0.000000	3.750000	-133.129639	437.971558
572	-81.857018	317.026215	34.245594	112.920914	0.000000	0.000000	3.750000	-129.137695	-687.736145
573	-222.500534	665.880005	-7.917882	135.769318	0.000000	0.000000	3.750000	43.787231	-839.839233
574	109.209785	402.649445	55.650467	106.315002	0.000000	0.000000	3.750000	-183.409805	-509.897156
575	202.666458	-708.911194	45.847733	-108.728943	0.000000	0.000000	3.750000	-381.390717	847.910156
576	-23.093309	-428.865112	-16.162125	-149.126480	0.000000	0.000000	3.750000	13.183359	377.561707
577	-183.291855	-222.719879	-92.504333	-66.624992	0.000000	0.000000	3.750000	395.354950	239.017929
578	352.463562	566.064453	85.839775	94.950127	0.000000	0.000000	3.750000	-536.369141	-634.876892
579	245.135452	-22.781158	114.402397	-47.833035	0.000000	0.000000	3.750000	-475.708069	156.601013
580	148.658829	612.778137	50.043526	104.650093	0.000000	0.000000	3.750000	-324.726807	-804.574402
581	631.415344	-470.322388	110.168488	-79.741760	0.000000	0.000000	3.750000	-752.644409	383.985565
582	-814.532104	-607.747986	-94.096542	-86.774567	0.000000	0.000000	3.750000	570.939270	593.910706
583	-447.323578	-403.937103	-73.700546	-94.696182	0.000000	0.000000	3.750000	218.844574	205.465759
584	611.416992	384.444794	122.523453	54.257095	0.000000	0.000000	3.750000	-1053.623169	-273.523712
585	-503.778534	-401.483551	-72.482040	-115.072479	0.000000	0.000000	3.750000	176.462570	525.310181
586	-364.728394	505.400696	-55.244728	108.775009	0.000000	0.000000	3.750000	347.524689	-816.312256
587	32.847641	675.241638	13.138941	121.290344	0.000000	0.000000	3.750000	-44.191631	-930.542542
588	-73.852646	-832.117432	6.432974	-131.843048	0.000000	0.000000	3.750000	-133.948273	1150.425537
589	418.257843	-564.773682	71.016525	-101.649490	0.000000	0.000000	3.750000	-479.830750	849.282959
590	582.306885	-26.709337	118.428497	-36.751541	0.000000	0.000000	3.750000	-790.896240	291.952515
591	-536.577271	-349.899353	-80.816910	-80.402893	0.000000	0.000000	3.750000	407.854645	418.774780
592	436.412506	205.250275	113.164276	25.492033	0.000000	0.000000	3.750000	-714.294495	-141.104492
593	385.792847	-6.076184	125.977913	1.564046	0.000000	0.000000	3.750000	-226.288147	-47.169720
594	-368.673370	-428.467682	-80.104630	-102.387253	0.000000	0.000000	3.750000	465.190247	464.383392
595	732.851196	750.719177	86.848747	99.404518	0.000000	0.000000	3.750000	-618.613708	-879.667969
596	-622.833435	513.315552	-94.644920	76.982300	0.000000	0.000000	3.750000	752.933228	-461.770508
597	-517.274292	-558.097717	-75.135559	-93.566124	0.000000	0.000000	3.750000	587.714478	822.251526
598	635.312500	52.900192	121.875214	5.507823	0.000000	0.000000	3.750000	-787.212769	77.267670
599	-238.165039	688.440796	-66.882401	143.145203	0.000000	0.000000	3.750000	381.537994	-637.774597
600	-542.098083	397.703735	-103.384621	64.772087	0.000000	0.000000	3.750000	588.838745	-261.993042
601	850.089111	19.360666	125.752724	7.888909	0.000000	0.000000	3.750000	-1015.042419	-1.049439
602	53.482296	-20.967953	75.448914	-105.007797	0.000000	0.000000	3.750000	12.565443	19.357458
603	2.830013	-900.033936	-17.210541	-126.837677	0.000000	0.000000	3.750000	187.522232	1295.338257
604	-60.169655	-610.190308	6.780509	-131.825745	0.000000	0.000000	3.750000	-42.856972	751.683167
605	-653.326416	-378.791840	-99.946465	-69.961975	0.000000	0.000000	3.750000	614.303162	379.697784
606	281.008667	-256.906860	93.913315	-77.872711	0.000000	0.000000	3.750000	-364.866455	261.305573
607	-6.447580	-138.583099	9.143274	-113.630829	0.000000	0.000000	3.750000	-70.120430	268.806793
608	799.426514	-464.561432	96.541962	-77.817978	0.000000	0.000000	3.750000	-919.642334	651.792114
609	698.564087	-429.756256	113.266525	-63.801792	0.000000	0.000000	3.750000	-826.290405	394.565887
610	-105.345566	705.657532	-48.342342	131.388794	0.000000	0.000000	3.750000	339.543396	-948.348145
611	-497.263184	99.564011	-139.151260	15.335285	0.000000	0.000000	3.750000	323.683533	-151.247314
612	351.350037	79.512749	136.579300	19.597790	0.000000	0.000000	3.750000	-273.635437	-153.643295
613	274.462952	-122.737572	112.428963	-18.860777	0.000000	0.000000	3.750000	-466.625366	75.962608
614	-709.981628	-653.667358	-94.569138	-86.259354	0.000000	0.000000	3.750000	1229.218750	1090.225464
615	-561.034058	-560.485474	-99.725220	-98.259247	0.000000	0.000000	3.750000	666.952209	678.205322
616	498.740173	-648.419739	77.037720	-97.165634	0.000000	0.000000	3.750000	-608.408020	653.259888
617	345.377136	-557.779663	94.795235	-86.010788	0.000000	0.000000	3.750000	-515.437073	434.736633
618	340.052002	-650.148804	54.918507	-115.619339	0.000000	0.000000	3.750000	-381.358521	604.501953
619	-305.561249	-631.228760	-73.398026	-128.515808	0.000000	0.000000	3.750000	239.138214	615.789124
620	-356.837219	38.047916	-114.980209	-15.346056	0.000000	0.000000	3.750000	337.862732	27.466534
621	24.557846	831.170471	-15.993679	122.964165	0.000000	0.000000	3.750000	79.516525	-1132.128052
622	604.689209	625.438477	75.094757	85.771484	0.000000	0.000000	3.750000	-773.098694	-1108.231934
623	-214.079834	650.216980	-47.514511	112.366714	0.000000	0.000000	3.750000	251.798264	-922.856201
624	-592.485596	-466.468750	-95.466232	-62.306885	0.000000	0.000000	3.750000	934.844727	448.518463
625	-504.927582	-75.818863	-117.027702	-15.116734	0.000000	0.000000	3.750000	810.193054	88.821518
626	-832.388794	-126.972862	-132.918701	-16.988735	0.000000	0.000000	3.750000	1161.630615	147.699188
627	734.857117	28.460407	108.376938	28.256470	0.000000	0.000000	3.750000	-959.900818	-185.165894
628	761.686768	171.613434	109.316727	38.805130	0.000000	0.000000	3.750000	-1004.082092	-282.852600
629	-689.545532	845.357422	-88.700294	105.717590	0.000000	0.000000	3.750000	633.447998	-959.809021
630	414.599335	-387.856781	90.898155	-75.241554	0.000000	0.000000	3.750000	-482.150635	270.968567
631	-495.676941	9.413973	-121.997086	0.842898	0.000000	0.000000	3.750000	691.020508	4.347770
632	-76.059433	658.692017	-8.942930	115.654572	0.000000	0.000000	3.750000	-13.606671	-940.427856
633	579.210571	-819.731995	84.561768	-116.556015	0.000000	0.000000	3.750000	-614.813904	895.378540
634	-604.218689	-714.135742	-84.570305	-93.401520	0.000000	0.000000	3.750000	618.003967	797.700134
635	-469.852478	72.324234	-123.925644	-4.291273	0.000000	0.000000	3.750000	536.530518	-6.906253
636	121.790527	387.697754	32.849731	104.980347	0.000000	0.000000	3.750000	-137.538788	-503.831604
637	-104.299339	14.943268	-81.443535	-85.313232	0.000000	0.000000	3.750000	21.802961	-11.277068
638	228.481934	389.159454	50.821487	95.294731	0.000000	0.000000	3.750000	-261.278564	-780.117798
639	-262.272339	201.339294	-60.915291	81.812744	0.000000	0.000000	3.750000	350.049103	-451.508972
640	-804.588562	18.208698	-135.870789	-5.925602	0.000000	0.000000	3.750000	1209.232666	107.815254
641	-400.955994	-733.660217	-70.179619	-102.229218	0.000000	0.000000	3.750000	461.193604	759.520569
642	704.972290	-603.932373	98.683487	-78.342239	0.000000	0.000000	3.750000	-849.047546	520.425354
643	312.617676	807.241882	54.526295	118.010979	0.000000	0.000000	3.750000	-155.183029	-639.909058
644	631.697266	522.895630	103.806221	84.736450	0.000000	0.000000	3.750000	-732.164551	-591.954956
645	623.410339	118.565399	118.308655	20.076193	0.000000	0.000000	3.750000	-812.131592	-158.532669
646	-693.859985	-700.114502	-86.831528	-91.303215	0.000000	0.000000	3.750000	713.379639	854.566162
647	-658.244019	201.416931	-129.592560	10.236695	0.000000	0.000000	3.750000	261.683228	-18.665470
648	883.360840	506.546997	110.440659	75.887085	0.000000	0.000000	3.750000	-942.648865	-579.174011
649	238.110413	-561.916138	39.850704	-98.223717	0.000000	0.000000	3.750000	-332.123352	663.083130
650	602.828796	574.188293	74.425735	75.477203	0.000000	0.000000	3.750000	-705.749329	-669.525208
651	322.228210	-136.545166	113.935577	-3.720568	0.000000	0.000000	3.750000	-171.681427	22.095011
652	293.916473	-806.653809	44.626156	-122.100372	0.000000	0.000000	3.750000	-330.326477	1009.410706
653	882.797913	-274.363739	124.936005	-48.445343	0.000000	0.000000	3.750000	-862.180115	249.144379
654	533.629089	-344.730469	85.875526	-47.216309	0.000000	0.000000	3.750000	-854.813171	386.044403
655	-711.527100	742.371460	-97.708160	91.701225	0.000000	0.000000	3.750000	812.096802	-771.488892
656	512.096008	-533.881714	103.779938	-99.828384	0.000000	0.000000	3.750000	-632.405334	552.746277
657	802.165649	385.649261	119.161316	46.738956	0.000000	0.000000	3.750000	-992.122803	-270.111115
658	-126.108139	210.523865	-60.518955	94.241470	0.000000	0.000000	3.750000	215.904175	-306.106903
659	47.651352	-378.626587	21.518923	-105.833832	0.000000	0.000000	3.750000	-27.031805	475.413483
660	-257.613800	-124.875519	-87.511215	-85.000092	0.000000	0.000000	3.750000	282.523712	166.335007
661	601.289978	-13.290394	123.666885	-9.078157	0.000000	0.000000	3.750000	-658.474487	127.594650
662	-20.415747	575.807129	-12.225764	107.305779	0.000000	0.000000	3.750000	87.740677	-818.139587
663	-694.287842	-128.735687	-111.512009	-10.443847	0.000000	0.000000	3.750000	874.554138	80.345711
664	518.703857	284.226837	92.912735	79.064026	0.000000	0.000000	3.750000	-485.900635	-512.241028
665	218.015228	250.997055	59.150387	102.101791	0.000000	0.000000	3.750000	-158.285400	-440.936157
666	39.772469	-484.099457	36.438972	-108.019417	0.000000	0.000000	3.750000	-289.685028	749.787903
667	-741.509521	-474.849487	-114.418594	-73.514076	0.000000	0.000000	3.750000	871.989441	438.269135
668	-332.597717	-628.658386	-52.659340	-94.292007	0.000000	0.000000	3.750000	442.160645	926.472412
669	62.699402	-639.040405	29.047157	-124.660553	0.000000	0.000000	3.750000	-172.785126	858.588684
670	-268.034363	262.138580	-92.798050	96.666916	0.000000	0.000000	3.750000	411.547058	-387.088745
671	-726.717041	-642.421570	-100.257584	-85.862625	0.000000	0.000000	3.750000	860.177246	623.108032
672	590.568420	-688.966919	72.665184	-87.839462	0.000000	0.000000	3.750000	-659.802917	826.325745
673	538.945557	-441.812531	102.182274	-66.653748	0.000000	0.000000	3.750000	-736.106873	381.940674
674	338.905640	-179.669174	103.047577	-72.505508	0.000000	0.000000	3.750000	-486.196136	262.296936
675	32.945232	-937.144897	10.641736	-147.616791	0.000000	0.000000	3.750000	-126.844910	987.039368
676	594.339966	-264.220551	108.987411	-67.124779	0.000000	0.000000	3.750000	-655.302307	384.356903
677	108.980927	-580.296814	34.019897	-137.864441	0.000000	0.000000	3.750000	-181.715759	627.877686
678	-646.178711	47.055527	-127.730186	33.300102	0.000000	0.000000	3.750000	902.789795	-349.540710
679	282.967072	656.884338	51.676163	103.853394	0.000000	0.000000	3.750000	-295.371704	-804.720947
680	-443.063599	-368.846313	-88.404984	-81.144043	0.000000	0.000000	3.750000	638.720154	400.067688
681	127.323387	649.067444	5.861516	121.859024	0.000000	0.000000	3.750000	-98.289841	-909.107239
682	-33.895851	326.828125	-39.417324	134.335938	0.000000	0.000000	3.750000	257.016357	-621.297913
683	-728.431519	468.444885	-112.203072	65.653900	0.000000	0.000000	3.750000	888.172119	-424.480927
684	514.208191	410.716064	97.450485	82.990356	0.000000	0.000000	3.750000	-602.081238	-526.641541
685	804.428223	-803.958557	102.356552	-106.897781	0.000000	0.000000	3.750000	-828.624390	890.129700
686	-209.207260	820.450806	-43.562710	118.229538	0.000000	0.000000	3.750000	253.519943	-1064.474121
687	-468.330048	-513.132202	-78.340378	-85.549896	0.000000	0.000000	3.750000	517.678284	580.193298
688	-663.004272	-684.685425	-87.972649	-78.643570	0.000000	0.000000	3.750000	765.640259	623.422791
689	22.617170	328.637085	1.761889	135.983887	0.000000	0.000000	3.750000	-75.707817	-349.711151
690	-103.065407	-906.874756	-20.189701	-126.397514	0.000000	0.000000	3.750000	235.449692	937.461487
691	423.865204	-555.019653	87.018661	-96.580284	0.000000	0.000000	3.750000	-582.291565	620.027649
692	-226.049530	-271.911591	-77.041901	-92.002411	0.000000	0.000000	3.750000	177.295731	171.035767
693	14.306540	161.841080	-99.402725	80.639664	0.000000	0.000000	3.750000	259.797272	-262.148438
694	698.260803	-604.251831	93.109604	-81.893669	0.000000	0.000000	3.750000	-862.561279	632.322083
695	-116.549248	-791.686768	-24.119808	-121.631271	0.000000	0.000000	3.750000	52.290039	747.907898
696	-156.650192	868.726196	-26.905891	133.311462	0.000000	0.000000	3.750000	79.364967	-1121.421387
697	-812.819275	563.484436	-105.361595	79.516525	0.000000	0.000000	3.750000	1008.552429	-575.471924
698	213.395126	-774.602051	34.639626	-139.771576	0.000000	0.000000	3.750000	-190.594254	738.897644
699	247.022507	-422.324097	56.770451	-110.241013	0.000000	0.000000	3.750000	-213.449905	463.452576
700	537.257629	-174.756638	103.738281	-7.371624	0.000000	0.000000	3.750000	-686.869812	106.890434
701	-123.350319	-706.843140	-28.275017	-120.733208	0.000000	0.000000	3.750000	136.019272	754.532776
702	46.160965	245.455261	-48.436890	116.317291	0.000000	0.000000	3.750000	385.769470	-715.836060
703	-330.876953	-204.522400	-127.509125	-57.798157	0.000000	0.000000	3.750000	662.762695	111.842850
704	389.539856	679.882690	58.889404	104.556381	0.000000	0.000000	3.750000	-420.579346	-786.961426
705	-741.777832	-642.336060	-96.813255	-92.644699	0.000000	0.000000	3.750000	651.565308	462.976135
706	755.598450	620.680969	96.388344	93.087509	0.000000	0.000000	3.750000	-932.554260	-844.582275
707	-317.219574	-510.180206	-62.325966	-95.453224	0.000000	0.000000	3.750000	378.988617	961.814880
708	-548.518433	473.753235	-88.779861	86.568680	0.000000	0.000000	3.750000	533.265442	-535.459595
709	422.366058	-621.676392	65.328735	-83.475449	0.000000	0.000000	3.750000	-545.026489	616.121826
710	719.107117	-452.005371	104.316406	-67.037582	0.000000	0.000000	3.750000	-1422.076904	662.140869
711	-327.954529	-393.184998	-99.536606	-77.255051	0.000000	0.000000	3.750000	585.345154	350.019073
712	-746.934143	-470.313782	-123.772232	-77.435402	0.000000	0.000000	3.750000	690.063416	279.075256
713	-449.168945	345.881592	-88.668175	77.857956	0.000000	0.000000	3.750000	652.125610	-429.314117
714	-95.001328	557.527710	-28.733135	114.448059	0.000000	0.000000	3.750000	118.804131	-747.979919
715	-567.722412	-420.765717	-97.699547	-58.743069	0.000000	0.000000	3.750000	1134.053833	493.262970
716	-358.383087	-136.852432	-127.928108	4.277507	0.000000	0.000000	3.750000	610.878174	-85.336609
717	-219.892181	381.318115	-49.020134	105.133224	0.000000	0.000000	3.750000	272.115936	-490.327972
718	-522.415283	410.733887	-91.068314	71.850517	0.000000	0.000000	3.750000	713.408447	-416.114075
719	-559.678772	537.123413	-78.616631	79.771042	0.000000	0.000000	3.750000	791.089172	-746.404541
720	296.731506	-437.289734	65.681999	-112.140862	0.000000	0.000000	3.750000	-55.931023	84.282982
721	916.637268	89.939804	133.779388	7.683914	0.000000	0.000000	3.750000	-1119.736694	17.283180
722	-642.401611	-376.212463	-113.072426	-50.886772	0.000000	0.000000	3.750000	411.277924	34.776909
723	621.104248	-230.287857	116.485176	-62.090187	0.000000	0.000000	3.750000	-692.822083	339.695251
724	-804.999268	146.027206	-143.153625	28.685471	0.000000	0.000000	3.750000	755.434753	-59.389393
725	-42.367767	-807.245483	-7.656349	-121.759277	0.000000	0.000000	3.750000	-13.546684	653.211487
726	498.315308	440.476318	86.710403	70.889381	0.000000	0.000000	3.750000	-618.830444	-515.586426
727	-213.250214	944.886230	-35.808937	129.126709	0.000000	0.000000	3.750000	234.264801	-1063.291382
728	-794.807678	36.622986	-122.885376	16.588575	0.000000	0.000000	3.750000	974.282532	-154.913010
729	559.211914	-85.008293	127.276672	-13.573244	0.000000	0.000000	3.750000	-575.477600	185.715012
730	-272.967194	602.036011	-49.763992	113.575775	0.000000	0.000000	3.750000	246.027512	-859.164490
731	297.768402	295.895813	88.909187	45.772266	0.000000	0.000000	3.750000	-474.926544	-327.382996
732	-295.671265	-752.242859	-49.296051	-120.290817	0.000000	0.000000	3.750000	291.778320	853.053711
733	-367.030365	-82.227638	-123.837456	6.323347	0.000000	0.000000	3.750000	366.996613	-90.431625
734	644.667175	-92.426979	115.380013	-11.975670	0.000000	0.000000	3.750000	-880.115417	164.487457
735	-136.219009	-65.921051	-120.882706	35.507164	0.000000	0.000000	3.750000	257.815002	-175.168762
736	383.648041	-228.106842	106.513550	-63.488670	0.000000	0.000000	3.750000	-634.431824	299.194397
737	-788.014893	599.471313	-102.331406	83.380325	0.000000	0.000000	3.750000	863.832458	-643.148376
738	486.130371	604.000610	69.167328	117.097733	0.000000	0.000000	3.750000	-509.877502	-851.009521
739	-512.821167	609.233093	-93.507935	101.490219	0.000000	0.000000	3.750000	541.179810	-602.114563
740	-212.726395	330.213074	-52.141899	119.084068	0.000000	0.000000	3.750000	313.061707	-539.289490
741	600.622192	-525.690308	102.355438	-76.858696	0.000000	0.000000	3.750000	-498.864075	293.069275
742	-63.822231	-406.860443	-28.342514	-106.285889	0.000000	0.000000	3.750000	136.365616	617.006287
743	-442.827240	16.996674	-111.510025	-10.463846	0.000000	0.000000	3.750000	625.930908	20.096588
744	408.538391	690.081421	56.705025	94.257645	0.000000	0.000000	3.750000	-499.612976	-1097.574951
745	784.095581	-633.690552	103.542961	-85.057861	0.000000	0.000000	3.750000	-897.910583	654.655273
746	555.537537	301.996887	99.531143	55.583565	0.000000	0.000000	3.750000	-470.151703	-247.752869
747	589.055664	-719.377319	86.656158	-119.977951	0.000000	0.000000	3.750000	-579.466431	830.066284
748	428.621094	-547.813477	57.564316	-81.770020	0.000000	0.000000	3.750000	-346.984161	459.060028
749	319.366089	360.772339	80.303619	99.676056	0.000000	0.000000	3.750000	-394.052582	-505.886963
750	138.783417	-761.047485	6.849595	-121.807465	0.000000	0.000000	3.750000	-132.007126	1059.060181
751	-400.439880	-342.417999	-77.794395	-77.769012	0.000000	0.000000	3.750000	767.988708	852.372925
752	-27.387228	-466.402191	-50.672222	-110.978210	0.000000	0.000000	3.750000	187.685715	701.009827
753	-514.302734	-745.264648	-95.485268	-91.140297	0.000000	0.000000	3.750000	783.993042	673.079102
754	-631.943909	-346.377136	-113.181175	-63.952400	0.000000	0.000000	3.750000	635.571533	243.603012
755	811.069580	175.609924	137.991882	23.624435	0.000000	0.000000	3.750000	-1158.986206	-41.508289
756	644.540894	358.161987	85.461258	51.926155	0.000000	0.000000	3.750000	-951.238953	-400.196442
757	584.420471	-89.118378	129.343323	-42.021400	0.000000	0.000000	3.750000	-339.101837	131.641388
758	-668.401794	-717.904724	-88.447845	-86.907883	0.000000	0.000000	3.750000	869.812195	899.349121
759	553.545227	457.074371	91.155365	71.740494	0.000000	0.000000	3.750000	-805.555420	-633.970398
760	834.209717	477.397705	105.408646	69.028229	0.000000	0.000000	3.750000	-704.808044	-326.479828
761	762.641357	493.472839	108.223259	75.575943	0.000000	0.000000	3.750000	-913.822815	-646.801697
762	71.432541	288.417755	-3.130629	113.956963	0.000000	0.000000	3.750000	30.450960	-449.489380
763	824.268799	-371.705963	119.058670	-52.201817	0.000000	0.000000	3.750000	-986.716553	387.650818
764	404.137756	240.987000	110.593323	56.081001	0.000000	0.000000	3.750000	-548.260437	-324.497589
765	-781.569702	-423.882050	-110.399826	-51.921204	0.000000	0.000000	3.750000	1075.775146	323.723297
766	358.983612	-348.023865	65.667084	-102.819366	0.000000	0.000000	3.750000	-392.681976	579.858337
767	39.628075	-775.561707	2.368058	-123.977325	0.000000	0.000000	3.750000	-55.793129	890.197327
768	155.316849	342.085785	50.645496	102.132416	0.000000	0.000000	3.750000	-202.638885	-430.026947
769	-536.315918	402.590332	-110.646713	71.981094	0.000000	0.000000	3.750000	445.236542	-280.815125
770	747.010254	-589.559814	93.726959	-87.173637	0.000000	0.000000	3.750000	-783.548584	650.351379
771	-288.518555	709.310242	-66.691658	116.224457	0.000000	0.000000	3.750000	439.157379	-1085.273560
772	538.677734	-565.607422	74.722031	-75.183884	0.000000	0.000000	3.750000	-686.963928	723.031433
773	-397.441040	863.323730	-61.894894	123.340569	0.000000	0.000000	3.750000	339.216034	-1038.372437
774	-607.621582	-618.405029	-92.386765	-79.678566	0.000000	0.000000	3.750000	751.603760	582.315552
775	431.329834	-610.586975	49.729408	-91.339920	0.000000	0.000000	3.750000	-405.076691	812.470154
776	874.505798	192.755325	128.227859	38.904652	0.000000	0.000000	3.750000	-1067.003174	-218.929413
777	770.018677	39.062725	123.797417	-7.082334	0.000000	0.000000	3.750000	-901.284973	125.292152
778	-324.917114	697.066650	-60.680168	119.473465	0.000000	0.000000	3.750000	305.421906	-674.705505
779	437.297119	-719.836426	65.489166	-102.932838	0.000000	0.000000	3.750000	-151.631882	281.629211
780	-195.567627	530.182373	-12.472234	125.381180	0.000000	0.000000	3.750000	87.149727	-1009.634583
781	-284.302063	-671.681335	-53.872520	-116.110725	0.000000	0.000000	3.750000	314.581696	884.008667
782	-803.465088	534.778442	-109.043930	77.880432	0.000000	0.000000	3.750000	1319.675415	-682.667725
783	-539.411743	133.893341	-127.082321	35.693283	0.000000	0.000000	3.750000	729.530701	-290.223663
784	-161.221893	-265.768646	-57.927471	-105.087234	0.000000	0.000000	3.750000	167.505508	163.243530
785	-286.960815	-214.663269	-102.969261	-72.617188	0.000000	0.000000	3.750000	501.730377	274.654510
786	30.577271	59.805977	22.597153	111.737823	0.000000	0.000000	3.750000	-56.893105	-212.029617
787	-553.996582	-54.529510	-129.321655	-35.087780	0.000000	0.000000	3.750000	594.400513	3.485122
788	406.569885	43.342953	129.215530	14.259871	0.000000	0.000000	3.750000	-334.463379	-37.960033
789	-339.720337	523.042175	-64.441406	110.595215	0.000000	0.000000	3.750000	361.673492	-664.246765
790	337.514099	-890.985291	55.657967	-134.974762	0.000000	0.000000	3.750000	-440.703888	1032.847168
791	797.965698	323.786163	123.972458	55.917797	0.000000	0.000000	3.750000	-874.089600	-320.848236
792	498.289734	489.789795	88.362419	100.737503	0.000000	0.000000	3.750000	-484.017029	-639.518616
793	-583.726318	-757.657898	-80.342026	-102.201553	0.000000	0.000000	3.750000	671.459839	889.367249
794	129.501617	771.212708	28.815506	124.713799	0.000000	0.000000	3.750000	-61.643593	-953.713440
795	-633.971741	-612.280884	-81.309219	-88.254196	0.000000	0.000000	3.750000	696.285461	845.935364
796	445.137451	-144.080093	122.969414	-42.172451	0.000000	0.000000	3.750000	-541.983459	170.529572
797	-513.715088	424.744049	-95.377838	72.819656	0.000000	0.000000	3.750000	409.489502	-213.383255
798	-411.488770	-92.866241	-98.598801	-38.911301	0.000000	0.000000	3.750000	585.239807	95.937439
799	-416.876282	377.045105	-93.574348	104.133682	0.000000	0.000000	3.750000	505.823303	-523.800781
800	664.218872	14.307585	123.555977	40.421249	0.000000	0.000000	3.750000	-695.822632	-285.406891
801	-793.799805	-200.203644	-116.084869	-48.991898	0.000000	0.000000	3.750000	965.223999	249.698898
802	-565.990845	-261.385498	-103.718323	-64.236832	0.000000	0.000000	3.750000	715.499146	304.538269
803	300.305603	477.418274	62.941422	82.791138	0.000000	0.000000	3.750000	-427.182434	-620.634277
804	608.755554	-697.142700	79.805801	-107.643089	0.000000	0.000000	3.750000	-745.169128	972.418396
805	110.079117	-52.172249	131.955566	-32.919136	0.000000	0.000000	3.750000	-278.362671	65.476570
806	-634.853699	-80.379013	-120.964859	-27.263695	0.000000	0.000000	3.750000	829.056152	35.763504
807	-656.358276	605.956543	-89.537109	94.250107	0.000000	0.000000	3.750000	640.510010	-775.772827
808	-676.626831	-372.111145	-103.467247	-68.340813	0.000000	0.000000	3.750000	759.169128	389.253082
809	765.896240	439.536896	106.040314	68.054787	0.000000	0.000000	3.750000	-1112.630859	-738.184326
810	-456.567383	-817.666687	-72.160416	-115.276909	0.000000	0.000000	3.750000	446.123901	1063.387573
811	597.303955	619.298645	73.444969	87.187866	0.000000	0.000000	3.750000	-331.111084	-576.162659
812	0.131693	-815.839294	-13.694195	-123.241508	0.000000	0.000000	3.750000	132.045029	1126.504639
813	243.137085	441.307159	63.942696	110.884262	0.000000	0.000000	3.750000	-159.665939	-327.426453
814	-235.412323	878.551208	-17.990250	142.871796	0.000000	0.000000	3.750000	105.920517	-893.167542
815	-43.488914	-437.985809	-39.416515	-138.500183	0.000000	0.000000	3.750000	147.763885	682.268188
816	142.393494	-88.654022	115.777031	-49.693993	0.000000	0.000000	3.750000	-79.995300	27.584003
817	160.556030	371.973022	32.266209	113.502426	0.000000	0.000000	3.750000	-88.565331	-475.890991
818	534.889099	-436.568787	99.175140	-74.432747	0.000000	0.000000	3.750000	-617.487549	381.474518
819	48.021385	219.414337	12.432817	131.410065	0.000000	0.000000	3.750000	36.558609	-200.896729
820	-4.338344	-682.243408	-33.362667	-119.427414	0.000000	0.000000	3.750000	201.000458	973.921021
821	-617.600586	13.836367	-109.456451	10.864843	0.000000	0.000000	3.750000	219.330734	-30.303053
822	113.278519	-498.408875	-0.521881	-119.998718	0.000000	0.000000	3.750000	-32.491257	596.028564
823	-202.653442	253.173859	-49.756927	95.853531	0.000000	0.000000	3.750000	350.177094	-405.338776
824	105.914764	-232.779709	-8.468077	-101.647186	0.000000	0.000000	3.750000	-23.478199	421.979919
825	-162.748978	372.794464	-51.330780	140.943314	0.000000	0.000000	3.750000	172.186783	-580.650024
826	-257.926483	-355.087036	-55.968338	-85.271896	0.000000	0.000000	3.750000	103.968384	263.777588
827	171.754150	445.156036	26.099697	100.671646	0.000000	0.000000	3.750000	-138.116974	-668.201965
828	-241.583832	-540.443909	-70.889862	-108.970764	0.000000	0.000000	3.750000	221.436569	369.996124
829	107.842545	602.222107	6.397907	137.851105	0.000000	0.000000	3.750000	65.203773	-874.266052
830	-595.182556	814.382751	-85.980652	105.371704	0.000000	0.000000	3.750000	523.481079	-934.886108
831	866.418396	272.987457	120.824768	42.253197	0.000000	0.000000	3.750000	-1103.379639	-267.233582
832	-214.429596	163.770569	-110.118835	76.348663	0.000000	0.000000	3.750000	246.032944	-226.848404
833	-249.482880	-622.390686	-54.661259	-128.887299	0.000000	0.000000	3.750000	177.964386	726.477356
834	499.399658	636.693848	72.786072	79.788383	0.000000	0.000000	3.750000	-483.743652	-551.248291
835	474.235291	-497.239197	88.412903	-86.943344	0.000000	0.000000	3.750000	-633.393127	562.784485
836	713.590210	556.401245	94.619629	70.506203	0.000000	0.000000	3.750000	-871.243103	-635.588257
837	531.873230	15.949333	129.945358	-23.193817	0.000000	0.000000	3.750000	-618.965271	216.502029
838	-789.315674	-541.323914	-109.833130	-76.763489	0.000000	0.000000	3.750000	998.393066	542.302368
839	-594.067749	129.942841	-103.688805	8.039423	0.000000	0.000000	3.750000	910.404602	-81.142036
840	-16.349419	79.272911	22.270519	136.179291	0.000000	0.000000	3.750000	43.183338	-155.695740
841	-433.070740	621.624084	-82.046875	100.837975	0.000000	0.000000	3.750000	389.080231	-477.114807
842	496.304932	603.813477	83.585159	74.548759	0.000000	0.000000	3.750000	-594.654358	-551.904236
843	226.740173	-550.727600	40.401482	-97.998077	0.000000	0.000000	3.750000	-347.341248	560.749207
844	879.421936	-525.417603	117.223854	-80.140701	0.000000	0.000000	3.750000	-792.742188	452.430267
845	650.800781	-592.746155	91.836594	-89.162964	0.000000	0.000000	3.750000	-800.678528	732.654175
846	-558.039185	577.517578	-83.996162	80.003693	0.000000	0.000000	3.750000	284.841675	-299.148254
847	778.437744	19.657885	153.434937	13.173979	0.000000	0.000000	3.750000	-797.876770	-3.011093
848	-35.037308	-626.292969	-29.544304	-134.800354	0.000000	0.000000	3.750000	150.760468	741.030396
849	320.935394	-507.549011	91.500168	-92.345192	0.000000	0.000000	3.750000	-446.455902	552.660278
850	-839.863464	14.289713	-139.998779	0.582341	0.000000	0.000000	3.750000	1048.264038	-25.554504
851	147.134628	-832.565918	0.439371	-125.999184	0.000000	0.000000	3.750000	-49.858711	1102.133301
852	-156.240280	-380.685608	-72.298050	-105.626541	0.000000	0.000000	3.750000	219.749832	296.713104
853	12.754189	-184.362396	-38.804737	-117.771721	0.000000	0.000000	3.750000	98.768250	248.870590
854	-156.690948	169.158905	-68.016129	108.432510	0.000000	0.000000	3.750000	159.742096	-317.060608
855	691.868896	759.796875	91.311218	100.788162	0.000000	0.000000	3.750000	-725.830444	-876.325623
856	-579.259888	-703.570435	-91.744705	-94.904694	0.000000	0.000000	3.750000	764.819763	867.535278
857	613.778687	852.778809	83.218842	122.387169	0.000000	0.000000	3.750000	-625.041992	-1008.374573
858	814.697693	-160.906677	131.511414	-11.345780	0.000000	0.000000	3.750000	-1022.017151	141.311996
859	-550.960999	708.050232	-81.350670	79.862793	0.000000	0.000000	3.750000	738.587646	-709.051941
860	163.748245	900.147522	36.275505	133.146790	0.000000	0.000000	3.750000	-234.788956	-1140.737427
861	-764.145142	395.830048	-112.958359	55.824326	0.000000	0.000000	3.750000	1054.475830	-375.020874
862	475.808563	652.256714	84.725983	82.130844	0.000000	0.000000	3.750000	-755.421143	-602.548950
863	-436.285461	-455.202515	-92.533127	-85.518723	0.000000	0.000000	3.750000	687.170105	443.821930
864	-717.831970	734.317871	-93.747009	92.927361	0.000000	0.000000	3.750000	841.052368	-892.426025
865	135.909286	-736.765747	14.234129	-123.180283	0.000000	0.000000	3.750000	-152.423737	993.859619
866	128.994110	-810.000549	-4.242741	-129.930695	0.000000	0.000000	3.750000	-8.704742	1072.336914
867	-588.737183	508.191162	-90.528328	69.286507	0.000000	0.000000	3.750000	509.859955	-348.692688
868	-491.223358	92.077995	-138.994843	29.039925	0.000000	0.000000	3.750000	563.072754	-272.604004
869	-560.816895	375.710846	-94.354538	86.493484	0.000000	0.000000	3.750000	609.177002	-462.118164
870	-598.219666	-608.443054	-86.972679	-85.555550	0.000000	0.000000	3.750000	527.189270	503.161407
871	502.284668	-668.766602	109.295425	-119.576073	0.000000	0.000000	3.750000	-566.253784	709.146545
872	-569.032837	110.022591	-136.427521	20.755100	0.000000	0.000000	3.750000	649.451721	-272.159576
873	-484.621765	-548.484985	-85.487869	-100.575958	0.000000	0.000000	3.750000	400.513153	371.304108
874	-714.234985	-260.815735	-108.285568	-41.594734	0.000000	0.000000	3.750000	1107.560425	190.956360
875	-813.695129	182.393677	-122.652084	36.611908	0.000000	0.000000	3.750000	1057.573486	-221.370392
876	-489.978119	-792.193970	-65.092857	-117.127457	0.000000	0.000000	3.750000	374.749023	854.454529
877	-293.545258	-726.662720	-45.489204	-123.914131	0.000000	0.000000	3.750000	366.249817	1259.997437
878	702.749695	152.935349	102.200844	28.124397	0.000000	0.000000	3.750000	-845.139404	-277.978607
879	-201.173767	923.995789	-29.986059	134.702744	0.000000	0.000000	3.750000	186.317505	-1040.230225
880	119.678375	904.560120	29.776775	130.649353	0.000000	0.000000	3.750000	-102.456642	-962.080811
881	-723.273071	-588.369507	-93.149780	-78.784760	0.000000	0.000000	3.750000	733.238586	437.552277
882	-753.288269	-599.498352	-97.538300	-79.763504	0.000000	0.000000	3.750000	1024.957397	603.005310
883	849.440552	-283.190735	120.988342	-52.780846	0.000000	0.000000	3.750000	-1535.841553	638.830139
884	307.639526	-673.678101	40.334400	-119.369743	0.000000	0.000000	3.750000	-295.545563	897.469604
885	-710.236389	418.052948	-106.792404	63.018448	0.000000	0.000000	3.750000	944.289062	-413.300598
886	-377.714752	512.988281	-71.386597	88.881470	0.000000	0.000000	3.750000	206.144241	-318.023621
887	-837.716125	143.944183	-119.995552	1.005166	0.000000	0.000000	3.750000	590.749207	-63.198997
888	-261.565704	-458.674866	-60.653442	-110.438255	0.000000	0.000000	3.750000	141.049530	614.834900
889	252.192932	-208.634399	92.495071	-85.560860	0.000000	0.000000	3.750000	-407.518341	381.400085
890	108.635849	443.209442	13.563778	121.243500	0.000000	0.000000	3.750000	-28.359627	-594.117004
891	764.518921	631.485901	111.234055	71.070267	0.000000	0.000000	3.750000	-1025.870850	-591.315491
892	552.930481	-235.994965	100.758118	-48.905853	0.000000	0.000000	3.750000	-771.668762	311.428101
893	689.210632	601.996216	106.097015	67.966339	0.000000	0.000000	3.750000	-739.004944	-458.095093
894	926.693665	-240.297394	133.018677	-49.695862	0.000000	0.000000	3.750000	-1155.230347	174.966782
895	367.329498	126.507553	119.861313	31.767193	0.000000	0.000000	3.750000	-657.720337	-92.091713
896	-374.506500	461.201447	-88.511047	95.214439	0.000000	0.000000	3.750000	451.157196	-514.457642
897	140.755341	-400.916687	70.298172	-104.565506	0.000000	0.000000	3.750000	-574.984924	568.433533
898	537.756958	86.207802	107.988304	20.939121	0.000000	0.000000	3.750000	-750.923157	-257.271820
899	169.468307	-182.429901	136.888412	-61.327797	0.000000	0.000000	3.750000	-352.563660	123.409225
900	184.264816	468.642212	96.446732	93.025940	0.000000	0.000000	3.750000	-408.038361	-502.878632
901	-420.238586	738.444153	-64.657425	96.308548	0.000000	0.000000	3.750000	418.551544	-940.838318
902	-20.167248	-497.409302	-5.114067	-129.899170	0.000000	0.000000	3.750000	62.839176	654.941406
903	-158.335480	608.517456	-21.156752	124.210754	0.000000	0.000000	3.750000	143.836639	-609.974670
904	-93.020828	-549.807861	-20.925930	-110.027542	0.000000	0.000000	3.750000	63.338722	794.174011
905	-444.310211	875.996765	-79.826889	112.568184	0.000000	0.000000	3.750000	531.668518	-989.869507
906	618.320435	-539.492371	84.815582	-84.890038	0.000000	0.000000	3.750000	-708.315002	705.705261
907	338.353912	372.617035	94.384598	67.435516	0.000000	0.000000	3.750000	-483.477814	-350.221832
908	79.213570	387.052948	-7.899653	135.770370	0.000000	0.000000	3.750000	25.974483	-418.208191
909	-54.245312	-102.910500	-63.747921	-82.156532	0.000000	0.000000	3.750000	30.113649	30.098402
910	-732.920166	-512.774719	-107.378998	-69.668350	0.000000	0.000000	3.750000	1074.190186	494.482849
911	-804.517822	-348.738922	-115.872955	-49.490646	0.000000	0.000000	3.750000	1211.999756	265.760223
912	929.800903	317.669708	146.503571	53.597214	0.000000	0.000000	3.750000	-971.570374	-288.646881
913	222.941437	418.349091	32.238525	125.939087	0.000000	0.000000	3.750000	-151.780487	-776.662964
914	-379.755371	-737.743713	-86.812149	-104.688095	0.000000	0.000000	3.750000	322.971039	408.284973
915	-331.300049	655.464783	-67.547249	94.304382	0.000000	0.000000	3.750000	491.327759	-921.270264
916	851.695435	-198.419449	137.406509	-35.823078	0.000000	0.000000	3.750000	-1037.576416	124.879013
917	660.925354	-312.249634	116.954468	-56.759438	0.000000	0.000000	3.750000	-841.359619	354.167236
918	359.837372	-436.113098	66.238541	-118.778053	0.000000	0.000000	3.750000	-366.367981	506.539490
919	-512.801514	-680.674744	-69.661240	-95.243439	0.000000	0.000000	3.750000	800.709473	1129.589478
920	-34.724251	-322.318237	-55.851036	-90.090424	0.000000	0.000000	3.750000	272.332245	273.055939
921	909.038635	-444.507782	124.980011	-63.086418	0.000000	0.000000	3.750000	-1142.557251	385.030853
922	150.107452	356.791626	-2.356561	103.973007	0.000000	0.000000	3.750000	65.433838	-521.047241
923	596.759827	650.704224	75.890564	85.068314	0.000000	0.000000	3.750000	-778.661438	-963.423340
924	95.293587	-179.448853	-66.684448	-104.524704	0.000000	0.000000	3.750000	240.974167	138.374969
925	12.067479	-67.829803	-92.061523	-73.797188	0.000000	0.000000	3.750000	210.870026	82.700325
926	220.046310	-180.980713	96.318115	-87.307686	0.000000	0.000000	3.750000	-207.554398	203.334106
927	483.501495	-69.415054	129.850128	-6.087617	0.000000	0.000000	3.750000	-204.865341	67.008553
928	-692.249634	-404.035431	-128.885513	-64.220596	0.000000	0.000000	3.750000	867.852844	255.246307
929	-341.701904	-298.074371	-91.756607	-67.650391	0.000000	0.000000	3.750000	813.695129	380.893127
930	46.149010	-176.392029	-86.830292	-88.333588	0.000000	0.000000	3.750000	73.357002	8.794762
931	-388.601196	-350.580963	-102.842178	-72.796158	0.000000	0.000000	3.750000	806.120422	366.263428
932	576.015442	-660.069458	77.620163	-94.122841	0.000000	0.000000	3.750000	-691.062134	833.098877
933	324.195038	-165.586456	129.617737	-24.964153	0.000000	0.000000	3.750000	-389.400024	60.338940
934	-265.759705	643.876099	-59.548058	120.041779	0.000000	0.000000	3.750000	295.032196	-609.268494
935	61.806973	380.872681	6.384778	105.807541	0.000000	0.000000	3.750000	-36.187149	-591.506348
936	-464.406128	19.557440	-103.973297	2.356640	0.000000	0.000000	3.750000	966.558472	-24.665054
937	-753.759521	250.261993	-116.126892	30.240902	0.000000	0.000000	3.750000	1136.410156	-182.037216
938	-333.596252	752.405640	-62.518993	113.979233	0.000000	0.000000	3.750000	444.930634	-1245.100830
939	269.221680	354.021027	66.881042	111.476112	0.000000	0.000000	3.750000	-318.071503	-530.166321
940	-224.586090	-708.596985	-40.235985	-108.798157	0.000000	0.000000	3.750000	258.966278	955.212097
941	-619.138367	794.509705	-94.642136	103.164070	0.000000	0.000000	3.750000	675.011475	-882.668945
942	60.937904	670.023560	-6.964812	127.810333	0.000000	0.000000	3.750000	10.347765	-914.371277
943	-61.410011	42.323486	-91.103882	61.636787	0.000000	0.000000	3.750000	227.410797	-257.067505
944	-554.382141	314.020447	-122.882706	48.206158	0.000000	0.000000	3.750000	820.886414	-297.587677
945	716.883606	277.375519	122.899277	35.773727	0.000000	0.000000	3.750000	-835.483887	-205.608734
946	-508.852570	-594.926270	-83.074570	-80.960579	0.000000	0.000000	3.750000	784.986938	759.936584
947	626.013733	616.412842	78.358170	85.533585	0.000000	0.000000	3.750000	-839.831726	-955.552612
948	-522.236084	208.001312	-123.277832	13.361366	0.000000	0.000000	3.750000	804.721191	-150.816650
949	61.246571	66.273643	-115.548126	23.783867	0.000000	0.000000	3.750000	157.464218	-119.927467
950	-166.761963	728.418823	-42.243202	108.034424	0.000000	0.000000	3.750000	224.595306	-970.809875
951	-323.983124	45.666737	-126.312134	-20.714804	0.000000	0.000000	3.750000	559.282654	30.752131
952	125.335571	-425.093811	-30.546291	-124.298096	0.000000	0.000000	3.750000	-0.391749	348.470886
953	-664.455994	319.579102	-113.118942	55.498589	0.000000	0.000000	3.750000	954.300903	-410.309113
954	-524.750549	406.652161	-112.966995	82.694504	0.000000	0.000000	3.750000	702.864746	-405.141907
955	-115.055115	24.245083	-102.146034	50.594955	0.000000	0.000000	3.750000	202.844711	-216.255890
956	443.123016	161.200409	109.573090	9.669167	0.000000	0.000000	3.750000	-388.309784	-99.238510
957	28.363712	-607.361511	-23.963179	-146.044952	0.000000	0.000000	3.750000	-29.988363	654.406067
958	-135.128601	601.879822	-39.168388	115.541229	0.000000	0.000000	3.750000	184.649048	-831.414612
959	661.403137	45.294807	136.878204	17.554775	0.000000	0.000000	3.750000	-683.511108	-166.905060
960	47.479027	385.816528	-14.393368	131.208786	0.000000	0.000000	3.750000	102.057610	-332.952087
961	-580.878052	93.541069	-133.574188	25.572214	0.000000	0.000000	3.750000	916.660645	-183.266632
962	429.193695	-685.954163	61.744793	-100.554947	0.000000	0.000000	3.750000	-171.133499	520.995850
963	26.042189	914.526367	4.352447	147.935974	0.000000	0.000000	3.750000	-47.087864	-1141.319824
964	226.525467	657.362183	23.888569	113.512726	0.000000	0.000000	3.750000	17.744610	-1105.371582
965	-19.187769	752.165833	-15.833923	129.031998	0.000000	0.000000	3.750000	182.142395	-1019.216553
966	699.166626	430.584229	119.857307	72.347168	0.000000	0.000000	3.750000	-851.784180	-690.707947
967	-204.151794	-221.494949	-56.661831	-89.584198	0.000000	0.000000	3.750000	269.020355	321.610138
968	-745.932617	-141.008499	-121.827271	-6.488358	0.000000	0.000000	3.750000	985.818848	109.920174
969	-843.086975	-598.844727	-120.279236	-67.651733	0.000000	0.000000	3.750000	818.876099	298.321991
970	-532.469849	-353.363251	-134.364441	-39.319839	0.000000	0.000000	3.750000	1293.764526	217.728363
971	425.861877	658.314636	63.283730	97.216858	0.000000	0.000000	3.750000	-463.618805	-977.828979
972	726.499573	-477.921906	98.449356	-61.347069	0.000000	0.000000	3.750000	-684.915405	211.970856
973	-601.348572	-299.504120	-110.469650	-60.596649	0.000000	0.000000	3.750000	935.903198	215.244217
974	-599.944580	626.176758	-79.016396	84.925888	0.000000	0.000000	3.750000	708.316650	-821.274231
975	712.052002	138.083160	137.853149	24.422123	0.000000	0.000000	3.750000	-880.158264	-248.199966
976	317.668976	767.417908	30.752911	115.992363	0.000000	0.000000	3.750000	-191.141846	-1107.911865
977	-745.184937	-135.382492	-143.655273	-35.594452	0.000000	0.000000	3.750000	961.210205	95.743240
978	-730.671509	144.344971	-116.496460	36.229378	0.000000	0.000000	3.750000	1090.091919	-296.276123
979	-259.441040	249.137253	-90.892944	81.378525	0.000000	0.000000	3.750000	425.699188	-350.171173
980	110.715477	480.832458	28.664890	114.464752	0.000000	0.000000	3.750000	-116.472389	-1082.026001
981	189.014572	-115.096802	99.326904	-89.940033	0.000000	0.000000	3.750000	-190.066498	250.926193
982	135.818817	757.411987	3.536434	135.954010	0.000000	0.000000	3.750000	-19.409428	-1172.325928
983	497.647430	71.034325	123.788170	7.244248	0.000000	0.000000	3.750000	-318.765289	-29.720318
984	-67.099449	389.029388	-34.271912	119.169510	0.000000	0.000000	3.750000	117.549118	-638.392334
985	454.258972	178.906296	107.179779	44.367584	0.000000	0.000000	3.750000	-676.499390	-328.410919
986	-407.610779	26.015621	-111.812134	6.484334	0.000000	0.000000	3.750000	679.267395	-30.144840
987	220.150558	-734.323914	8.692279	-135.721863	0.000000	0.000000	3.750000	-105.869949	921.616211
988	403.922089	217.784485	88.025818	62.573578	0.000000	0.000000	3.750000	-922.367798	-621.801331
989	-139.616882	496.102814	-27.702896	102.315796	0.000000	0.000000	3.750000	132.902100	-735.962158
990	380.645111	-500.363495	53.440697	-102.947540	0.000000	0.000000	3.750000	-64.346680	163.824905
991	-97.880508	-466.338654	-54.222279	-118.151321	0.000000	0.000000	3.750000	154.504333	565.006409
992	-511.637421	58.474854	-149.587982	11.092040	0.000000	0.000000	3.750000	660.916016	-154.422180
993	376.903503	-347.237640	73.325584	-87.288483	0.000000	0.000000	3.750000	-417.729706	390.331299
994	-484.437714	-793.678833	-71.972252	-103.421295	0.000000	0.000000	3.750000	547.663635	976.668274
995	904.732483	354.189026	125.773407	65.916794	0.000000	0.000000	3.750000	-1029.896362	-448.515289
996	653.004944	-43.348190	127.991470	1.427605	0.000000	0.000000	3.750000	-891.305542	108.977509
997	-485.289246	-414.613525	-116.271271	-66.607323	0.000000	0.000000	3.750000	837.294189	212.292816
998	85.795326	610.566895	-10.672731	95.404831	0.000000	0.000000	3.750000	60.915020	-780.262573
999	501.176025	505.748779	73.603851	84.417961	0.000000	0.000000	3.750000	-400.731110	-627.427307
