node	a_force.x	a_force.y	g_force.x	g_force.y	r_force.x	r_force.y	global_speed	move_node.x	move_node.y
0	-682.866150	1270.348999	-101.282394	166.614960	0.000000	0.000000	7.125000	206.159073	-475.635315
1	363.217102	-1309.637329	50.850792	-185.143585	0.000000	0.000000	7.125000	-127.712524	487.033722
2	-1133.233154	40.771538	-170.993805	-0.164317	0.000000	0.000000	7.125000	417.688690	-0.432016
3	-812.612793	-1.688326	-190.061234	26.994556	0.000000	0.000000	7.125000	321.346802	-89.052490
4	342.311615	-1239.924438	26.273190	-208.349640	0.000000	0.000000	7.125000	-60.119228	420.683258
5	-473.533569	-1081.783203	-114.203690	-158.051910	0.000000	0.000000	7.125000	198.493408	349.961395
6	276.807098	1247.850464	40.273605	202.970673	0.000000	0.000000	7.125000	-60.590355	-982.368042
7	797.182129	737.892456	115.322098	193.197601	0.000000	0.000000	7.125000	-228.414200	-430.009949
8	149.162155	896.233826	54.020100	184.242401	0.000000	0.000000	7.125000	-142.572144	-402.069061
9	531.364990	1218.449951	85.083885	205.027100	0.000000	0.000000	7.125000	-150.078674	-495.145691
10	-928.447510	861.154785	-155.402832	141.241959	0.000000	0.000000	7.125000	338.740417	-275.436371
11	-411.368500	-512.163940	-125.562912	-145.217270	0.000000	0.000000	7.125000	212.395096	146.470703
12	1123.537476	-261.047333	198.078369	-34.144131	0.000000	0.000000	7.125000	-549.432312	82.145866
13	835.314819	998.947998	122.804985	151.458878	0.000000	0.000000	7.125000	-240.333191	-446.774597
14	-526.194397	-391.038208	-157.587509	-80.480492	0.000000	0.000000	7.125000	313.014893	96.168190
15	-1018.164917	-110.812759	-209.413803	-15.642784	0.000000	0.000000	7.125000	452.811829	20.017458
16	-281.096680	728.011230	-77.261635	162.570404	0.000000	0.000000	7.125000	248.523132	-720.523315
17	105.711586	-278.571655	-27.453236	-162.633469	0.000000	0.000000	7.125000	2.392044	213.597900
18	-576.117126	477.295380	-156.646561	125.939087	0.000000	0.000000	7.125000	272.203735	-184.936752
19	949.713623	560.056152	125.473404	97.659714	0.000000	0.000000	7.125000	-332.370392	-277.350769
20	830.369995	-654.162170	110.951050	-122.124107	0.000000	0.000000	7.125000	-296.839172	282.576965
21	1429.802734	-271.847687	202.180847	-44.396965	0.000000	0.000000	7.125000	-518.488220	90.019814
22	-1192.799316	545.998169	-201.509796	93.145546	0.000000	0.000000	7.125000	475.791626	-185.751633
23	-863.453735	624.958008	-176.054108	114.464836	0.000000	0.000000	7.125000	574.774780	-312.736237
24	-190.155182	1075.287354	-25.689392	190.272903	0.000000	0.000000	7.125000	45.016632	-411.438782
25	462.117493	442.592163	136.813873	130.383484	0.000000	0.000000	7.125000	-337.531342	-294.098816
26	416.795624	1279.694824	72.019745	184.425232	0.000000	0.000000	7.125000	-129.550507	-453.410034
27	1287.716309	168.307495	191.057358	38.897896	0.000000	0.000000	7.125000	-395.779816	-25.500294
28	-237.988892	833.391052	-70.047379	175.537659	0.000000	0.000000	7.125000	112.545067	-275.481628
29	-32.766922	412.530640	-40.346783	187.687805	0.000000	0.000000	7.125000	70.563362	-293.201843
30	-1029.586670	389.446533	-180.774963	55.144642	0.000000	0.000000	7.125000	489.506073	-146.428940
31	-912.731873	-135.015900	-200.846527	-7.851852	0.000000	0.000000	7.125000	331.279022	22.075527
32	-54.017258	454.017487	-133.553604	165.887070	0.000000	0.000000	7.125000	216.290665	-219.293182
33	1080.220947	366.563721	182.867844	90.408249	0.000000	0.000000	7.125000	-337.871765	-200.481781
34	-404.581421	962.283020	-120.984177	189.697876	0.000000	0.000000	7.125000	219.389877	-442.823608
35	204.793579	-1075.614624	4.719289	-188.941040	0.000000	0.000000	7.125000	-4.273792	376.145782
36	1566.013916	-78.858826	221.988373	-0.933858	0.000000	0.000000	7.125000	-530.477356	50.872025
37	170.301300	-1231.842896	-4.546216	-206.948639	0.000000	0.000000	7.125000	18.555065	479.846741
38	-907.035645	452.348389	-166.770554	95.060944	0.000000	0.000000	7.125000	191.918762	-155.470093
39	812.681274	298.052368	145.188828	64.814453	0.000000	0.000000	7.125000	-359.397491	-185.938293
40	280.911102	-208.553329	90.896156	-123.035553	0.000000	0.000000	7.125000	-123.234024	145.188507
41	-825.460999	-754.936646	-172.685791	-153.368912	0.000000	0.000000	7.125000	457.297974	269.903748
42	-296.463928	-914.459656	-69.327675	-182.245270	0.000000	0.000000	7.125000	89.388885	450.028168
43	951.055359	635.758301	150.344131	114.521240	0.000000	0.000000	7.125000	-525.560425	-363.900482
44	1216.813843	-475.046631	185.317719	-77.821297	0.000000	0.000000	7.125000	-501.365631	173.883408
45	4.505476	-1254.562134	-23.918926	-208.628479	0.000000	0.000000	7.125000	75.372414	449.233856
46	1282.451294	365.418304	201.893707	45.592827	0.000000	0.000000	7.125000	-959.651733	-123.972641
47	192.675095	-545.647522	37.018467	-179.214661	0.000000	0.000000	7.125000	-73.181107	280.814240
48	-717.237244	-210.175690	-199.542938	-65.305634	0.000000	0.000000	7.125000	498.029572	138.583008
49	-1319.127197	104.435394	-203.170959	18.329388	0.000000	0.000000	7.125000	522.068787	-70.987762
50	-775.100708	-3.488125	-212.292221	17.255619	0.000000	0.000000	7.125000	394.789948	-62.365158
51	485.932251	-789.480225	72.568848	-164.722458	0.000000	0.000000	7.125000	-159.028702	326.826141
52	-1134.113159	-828.245361	-150.362167	-114.491440	0.000000	0.000000	7.125000	444.525604	260.033142
53	-728.133301	-946.373718	-131.123993	-167.852371	0.000000	0.000000	7.125000	229.424927	297.466461
54	904.254822	-1007.491028	108.326332	-154.850906	0.000000	0.000000	7.125000	-125.245552	183.294830
55	1042.502808	-359.853210	173.884094	-57.032166	0.000000	0.000000	7.125000	-528.110413	154.697174
56	36.256058	-1138.657593	-15.857401	-179.299774	0.000000	0.000000	7.125000	49.561237	464.298828
57	480.007996	851.697021	77.660118	182.116730	0.000000	0.000000	7.125000	-93.186165	-324.761597
58	-738.622253	-29.091015	-209.991852	1.850103	0.000000	0.000000	7.125000	344.352539	-4.965247
59	211.700974	-907.349548	60.862617	-185.256042	0.000000	0.000000	7.125000	-236.572495	863.812988
60	946.741882	-1247.481567	133.579742	-177.301651	0.000000	0.000000	7.125000	-278.846436	309.702606
61	-729.343384	640.170471	-146.101501	129.139252	0.000000	0.000000	7.125000	342.274811	-157.764404
62	613.566956	682.932739	115.462128	175.408859	0.000000	0.000000	7.125000	-198.551193	-322.475891
63	-938.013733	794.914612	-119.881439	113.366623	0.000000	0.000000	7.125000	316.163422	-266.011719
64	-675.597351	-919.146362	-105.923859	-126.508804	0.000000	0.000000	7.125000	255.395233	354.613098
65	-34.665409	-158.588272	-65.101021	-154.855408	0.000000	0.000000	7.125000	57.718716	157.422546
66	375.580841	-1144.447632	49.998856	-179.153534	0.000000	0.000000	7.125000	-113.058105	434.658447
67	228.075500	303.031921	52.209991	172.258179	0.000000	0.000000	7.125000	-62.797253	-210.625473
68	-782.531677	1055.346558	-140.322327	152.179016	0.000000	0.000000	7.125000	547.375000	-628.018311
69	786.093445	-1006.764160	98.666840	-135.966003	0.000000	0.000000	7.125000	-212.053024	391.113617
70	1043.171997	275.478394	173.932434	81.305382	0.000000	0.000000	7.125000	-393.070099	-141.011963
71	-401.531311	-260.975403	-76.516464	-159.604828	0.000000	0.000000	7.125000	114.232994	265.702393
72	628.305542	-1004.956421	91.216957	-162.087463	0.000000	0.000000	7.125000	-573.323914	1187.665039
73	-693.901794	1287.647461	-107.863098	166.028290	0.000000	0.000000	7.125000	240.840485	-483.450439
74	253.461716	1026.202515	52.645435	224.884689	0.000000	0.000000	7.125000	-70.306625	-606.876587
75	-941.183594	-258.391418	-186.025116	-58.464760	0.000000	0.000000	7.125000	443.413696	109.571136
76	979.759277	-394.821533	175.640472	-61.206612	0.000000	0.000000	7.125000	-315.329529	117.534683
77	-964.779114	73.735626	-185.943024	4.598619	0.000000	0.000000	7.125000	347.736084	9.112588
78	-875.013306	-823.334656	-150.432434	-109.386703	0.000000	0.000000	7.125000	367.714996	241.376114
79	-26.114023	-666.203308	-78.891434	-181.589264	0.000000	0.000000	7.125000	47.376583	126.410034
80	-300.083099	1052.217407	-82.592171	169.980240	0.000000	0.000000	7.125000	353.843994	-894.382263
81	220.037476	1238.065796	66.087250	192.994141	0.000000	0.000000	7.125000	-128.606750	-463.757111
82	1280.874268	-945.575684	176.902664	-123.929123	0.000000	0.000000	7.125000	-428.947235	236.541367
83	174.676178	-956.596008	41.181000	-181.370636	0.000000	0.000000	7.125000	-139.264282	675.095703
84	-1265.134155	-272.600983	-187.160751	-26.301456	0.000000	0.000000	7.125000	513.929749	92.185402
85	-813.311035	1099.478027	-130.316147	153.020981	0.000000	0.000000	7.125000	264.872223	-388.171051
86	-850.522278	248.242432	-157.899872	36.215652	0.000000	0.000000	7.125000	293.003418	-82.462326
87	-497.262421	954.576904	-101.790390	133.634644	0.000000	0.000000	7.125000	143.725769	-234.438843
88	424.460388	-236.228165	144.827438	-96.423820	0.000000	0.000000	7.125000	-281.778229	150.943329
89	1217.490723	-749.934937	175.095764	-136.471634	0.000000	0.000000	7.125000	-480.305847	364.036499
90	-687.918823	-1102.419067	-95.487282	-145.446777	0.000000	0.000000	7.125000	184.015900	373.483246
91	225.516373	-1039.155518	39.759361	-157.045029	0.000000	0.000000	7.125000	-93.133888	392.525909
92	-4.574430	907.081970	-62.705566	159.085571	0.000000	0.000000	7.125000	143.398468	-324.962036
93	137.815933	25.680845	141.283615	178.079819	0.000000	0.000000	7.125000	-65.363937	-148.015289
94	1174.996338	988.341187	145.442810	125.334702	0.000000	0.000000	7.125000	-385.541168	-284.707916
95	902.680847	-385.064850	162.859161	-89.847183	0.000000	0.000000	7.125000	-273.608734	141.962387
96	674.681091	-69.986336	167.146683	-16.763060	0.000000	0.000000	7.125000	-273.283234	66.321892
97	-331.224976	529.437073	-146.736710	128.405365	0.000000	0.000000	7.125000	254.631378	-197.621735
98	459.718994	977.958130	89.782692	189.825806	0.000000	0.000000	7.125000	-154.680038	-527.747498
99	886.959045	370.200958	150.659988	80.881088	0.000000	0.000000	7.125000	-409.899933	-236.164627
100	-426.725830	-1285.639404	-73.781906	-173.992493	0.000000	0.000000	7.125000	132.581497	446.614166
101	384.331390	-394.512146	91.535255	-147.963501	0.000000	0.000000	7.125000	-96.365311	164.161255
102	309.641174	580.409241	55.708580	158.494568	0.000000	0.000000	7.125000	-126.746254	-333.692108
103	-691.340088	-750.151367	-134.332565	-132.949783	0.000000	0.000000	7.125000	245.546661	238.444489
104	-976.640869	-902.272156	-124.476929	-153.975555	0.000000	0.000000	7.125000	255.831833	384.851471
105	-243.410645	-307.342621	-13.491015	-200.492081	0.000000	0.000000	7.125000	-40.170162	354.204559
106	-970.570557	-1001.470703	-135.208969	-140.511169	0.000000	0.000000	7.125000	390.913361	312.828400
107	-174.613464	187.390869	-214.517181	25.049829	0.000000	0.000000	7.125000	214.841019	-4.977371
108	1131.194092	939.632751	137.077515	147.005127	0.000000	0.000000	7.125000	-304.814636	-339.094055
109	-996.799500	971.399353	-141.839294	115.628662	0.000000	0.000000	7.125000	398.158783	-289.648041
110	878.464417	961.508118	137.427734	150.763458	0.000000	0.000000	7.125000	-442.239319	-497.347260
111	-722.235901	337.891205	-196.192261	74.885910	0.000000	0.000000	7.125000	271.198151	-112.336090
112	-525.280457	-113.049950	-218.083984	-41.163727	0.000000	0.000000	7.125000	313.900024	-4.157107
113	-367.483673	-1076.934937	-53.012138	-146.710876	0.000000	0.000000	7.125000	113.822365	432.114716
114	-174.052094	-1067.916138	-88.246613	-173.855484	0.000000	0.000000	7.125000	118.020119	436.329010
115	598.814209	326.726746	166.195633	96.078712	0.000000	0.000000	7.125000	-235.684799	-167.345245
116	-956.169312	-732.079468	-171.814575	-125.891678	0.000000	0.000000	7.125000	406.600189	298.920227
117	-1111.954834	697.298950	-160.889465	87.160622	0.000000	0.000000	7.125000	500.446594	-170.580490
118	-1278.245117	-772.527222	-179.005280	-91.365303	0.000000	0.000000	7.125000	455.846436	142.641403
119	-1001.419250	-692.269836	-143.184906	-81.972694	0.000000	0.000000	7.125000	557.883728	225.630920
120	-144.696198	-164.156387	-169.452789	22.904732	0.000000	0.000000	7.125000	200.434494	-27.572075
121	387.762024	-123.225693	229.191040	-28.559183	0.000000	0.000000	7.125000	-128.794281	-37.517792
122	399.742371	1269.182739	55.916424	202.416000	0.000000	0.000000	7.125000	-101.675644	-477.297791
123	-1142.640381	-44.914371	-182.992004	1.499940	0.000000	0.000000	7.125000	942.254272	-102.755669
124	895.073486	-965.715759	110.878555	-141.792236	0.000000	0.000000	7.125000	-251.789703	379.712830
125	-293.686737	433.916229	-92.595947	136.562531	0.000000	0.000000	7.125000	178.253983	-214.717453
126	1282.792969	162.741669	207.299774	33.488354	0.000000	0.000000	7.125000	-507.760162	-21.909554
127	-350.705414	-669.740967	-134.349258	-157.446793	0.000000	0.000000	7.125000	465.592712	414.673035
128	-1120.406250	350.205994	-180.164001	46.191116	0.000000	0.000000	7.125000	503.545471	-78.886574
129	-816.680786	-177.197479	-164.703384	-98.606094	0.000000	0.000000	7.125000	321.299500	134.391617
130	853.059326	1511.729858	121.251167	203.625305	0.000000	0.000000	7.125000	-175.832993	-382.237793
131	958.424500	887.114502	117.828522	115.505074	0.000000	0.000000	7.125000	-345.133606	-321.645721
132	-628.378052	1330.290405	-100.854492	187.580124	0.000000	0.000000	7.125000	136.494720	-405.499969
133	758.654175	-574.990051	150.287521	-137.948029	0.000000	0.000000	7.125000	-157.828506	129.269531
134	-654.443604	633.701721	-112.547333	116.519058	0.000000	0.000000	7.125000	287.940094	-335.270020
135	59.625252	279.935059	30.693897	210.636627	0.000000	0.000000	7.125000	-95.296829	-184.623184
136	-516.744080	-1227.003784	-92.517929	-185.152283	0.000000	0.000000	7.125000	177.354141	467.878418
137	-904.997253	1031.201050	-129.003113	133.985733	0.000000	0.000000	7.125000	255.217834	-294.883026
138	-1026.986084	-1028.189697	-147.053207	-128.060989	0.000000	0.000000	7.125000	462.144348	383.230774
139	-64.621704	1001.779114	-34.150948	167.554794	0.000000	0.000000	7.125000	71.924744	-433.078918
140	-827.154297	883.062012	-152.720612	125.999062	0.000000	0.000000	7.125000	335.674469	-212.820938
141	602.292114	-1251.322632	42.084667	-214.918152	0.000000	0.000000	7.125000	-115.152588	549.691589
142	-291.361816	1044.883179	-60.527874	179.033157	0.000000	0.000000	7.125000	139.428574	-463.938751
143	-634.278076	-359.864288	-171.610474	-98.761551	0.000000	0.000000	7.125000	222.853088	135.272995
144	-49.251869	482.330963	23.950348	202.524872	0.000000	0.000000	7.125000	-63.138653	-315.422729
145	518.316162	-133.922958	145.142578	-111.452499	0.000000	0.000000	7.125000	-308.995941	269.653748
146	168.336670	612.630798	58.663490	166.994247	0.000000	0.000000	7.125000	-75.079826	-170.699921
147	-617.911621	759.164062	-113.095245	151.399796	0.000000	0.000000	7.125000	206.812622	-380.897125
148	380.531586	1285.096191	71.535995	171.682465	0.000000	0.000000	7.125000	-130.729416	-472.201569
149	-945.414917	1200.414062	-136.787537	155.355316	0.000000	0.000000	7.125000	340.648285	-447.809845
150	859.920837	230.261932	171.443909	72.127151	0.000000	0.000000	7.125000	-317.566193	-140.175217
151	373.168671	-1274.519165	25.920158	-214.439011	0.000000	0.000000	7.125000	-63.262157	570.287292
152	445.188568	438.305786	125.063782	93.243889	0.000000	0.000000	7.125000	-186.787155	-166.116135
153	1062.995361	482.666687	143.981781	74.249001	0.000000	0.000000	7.125000	-638.570435	-300.882019
154	735.184326	-106.328735	169.518387	-76.520309	0.000000	0.000000	7.125000	-317.232452	124.518623
155	533.657837	1123.988892	60.714970	178.969223	0.000000	0.000000	7.125000	-102.741928	-433.354187
156	-1181.269897	-805.442871	-168.004974	-140.438019	0.000000	0.000000	7.125000	356.550629	256.778412
157	1201.502808	195.286438	188.285583	16.349949	0.000000	0.000000	7.125000	-556.776184	19.585016
158	-937.012756	-431.573486	-167.118240	-81.578110	0.000000	0.000000	7.125000	427.474548	115.101631
159	1344.167236	400.810852	206.061584	53.910805	0.000000	0.000000	7.125000	-412.323730	-88.652016
160	1035.725464	685.474365	162.983459	83.214142	0.000000	0.000000	7.125000	-369.051819	-162.056091
161	1010.306946	150.507004	161.917175	-4.977622	0.000000	0.000000	7.125000	-363.061829	44.784924
162	47.090260	-831.203491	-27.891266	-180.846527	0.000000	0.000000	7.125000	8.630529	347.867767
163	-643.374634	-957.153320	-93.799179	-170.946320	0.000000	0.000000	7.125000	160.809860	387.833282
164	-1032.713135	-94.351898	-200.048920	-53.096626	0.000000	0.000000	7.125000	363.942352	51.702511
165	-990.249756	1034.773438	-131.313171	144.145462	0.000000	0.000000	7.125000	342.456024	-434.073730
166	-1163.180176	454.792358	-171.535172	54.531078	0.000000	0.000000	7.125000	553.866943	-186.714935
167	1240.185059	536.453491	186.980698	81.534882	0.000000	0.000000	7.125000	-530.414978	-162.723770
168	-605.915771	1269.442139	-77.442513	182.211945	0.000000	0.000000	7.125000	129.978287	-468.524597
169	23.357649	-1300.288940	-18.091568	-191.145660	0.000000	0.000000	7.125000	58.068729	967.848022
170	-490.255981	-1061.259277	-71.811890	-174.818207	0.000000	0.000000	7.125000	143.723358	406.962524
171	1082.539795	-74.583000	164.978714	2.041495	0.000000	0.000000	7.125000	-441.694244	38.580700
172	-435.769897	1171.225098	-80.654381	193.880844	0.000000	0.000000	7.125000	158.966919	-513.369019
173	-1314.339111	-81.012932	-204.733856	-30.523319	0.000000	0.000000	7.125000	518.104736	60.746685
174	-485.580627	-1517.544312	-106.158112	-194.950348	0.000000	0.000000	7.125000	182.215240	478.214630
175	-973.004700	-858.611389	-137.491470	-111.458923	0.000000	0.000000	7.125000	369.654694	249.212555
176	859.580200	1642.259521	105.257599	235.538849	0.000000	0.000000	7.125000	-203.790634	-560.182251
177	241.039124	-963.471558	66.267471	-186.581207	0.000000	0.000000	7.125000	-122.403999	324.166565
178	-827.027161	1146.790405	-123.234695	147.221725	0.000000	0.000000	7.125000	314.661285	-475.698212
179	-487.108734	-475.308319	-130.783691	-136.414459	0.000000	0.000000	7.125000	184.052612	132.736969
180	-293.261963	-335.535339	-165.992050	-76.932808	0.000000	0.000000	7.125000	242.873322	91.092064
181	-581.695801	-261.355408	-155.864075	-83.834122	0.000000	0.000000	7.125000	395.726379	160.158264
182	-1077.695068	-524.877625	-138.096329	-95.670830	0.000000	0.000000	7.125000	363.920074	277.771179
183	-1252.463867	-254.043076	-214.826752	-55.928917	0.000000	0.000000	7.125000	575.176331	108.052490
184	-784.428345	265.813843	-158.686493	9.924732	0.000000	0.000000	7.125000	330.396271	-7.980640
185	-363.598145	7.823328	-175.054169	-62.534134	0.000000	0.000000	7.125000	142.702469	20.309147
186	378.814941	-268.529205	136.864349	-134.649506	0.000000	0.000000	7.125000	-224.818497	185.197021
187	1126.711426	776.930786	129.724518	115.963562	0.000000	0.000000	7.125000	-418.026123	-366.655884
188	-205.018204	-1261.217285	-76.059052	-179.550385	0.000000	0.000000	7.125000	168.449036	465.795715
189	-452.696716	-99.706345	-225.718781	48.792351	0.000000	0.000000	7.125000	214.337021	-72.942413
190	-1255.015381	-308.779449	-203.817230	-36.159744	0.000000	0.000000	7.125000	493.376465	86.254799
191	172.193542	770.541443	94.298294	160.312988	0.000000	0.000000	7.125000	-157.354614	-325.775146
192	6.378332	-686.465576	-79.740601	-154.652573	0.000000	0.000000	7.125000	137.543777	314.582245
193	1058.422119	-21.960421	176.766632	9.080150	0.000000	0.000000	7.125000	-339.525238	-9.720654
194	-904.152588	-814.346558	-155.841400	-140.753235	0.000000	0.000000	7.125000	724.281921	560.018005
195	987.826965	99.868164	208.700378	23.319712	0.000000	0.000000	7.125000	-332.261383	-39.908092
196	390.974426	-1241.535889	61.127792	-191.476242	0.000000	0.000000	7.125000	-145.065430	524.000366
197	1061.892212	689.565430	184.314316	106.757767	0.000000	0.000000	7.125000	-374.513184	-193.621521
198	-557.449097	1148.284424	-92.811386	171.482468	0.000000	0.000000	7.125000	150.197128	-376.754089
199	-1035.371582	-230.347595	-172.116638	-41.235092	0.000000	0.000000	7.125000	469.410187	64.354942
200	81.567398	69.610947	-120.102753	138.029556	0.000000	0.000000	7.125000	153.380722	-148.111862
201	884.476929	-981.571655	122.963593	-135.529312	0.000000	0.000000	7.125000	-262.190216	332.935211
202	955.368835	793.760986	135.847214	118.088913	0.000000	0.000000	7.125000	-370.767517	-297.666840
203	-1241.911133	-492.646545	-162.736542	-90.014511	0.000000	0.000000	7.125000	436.267273	174.851837
204	1031.982300	-173.444931	183.021667	-47.122715	0.000000	0.000000	7.125000	-532.078369	83.052956
205	750.137756	1086.454468	88.987953	166.725632	0.000000	0.000000	7.125000	-151.488907	-421.313721
206	798.401123	-212.490982	178.385605	-52.644817	0.000000	0.000000	7.125000	-292.015900	50.687016
207	675.373962	-889.317261	110.226738	-160.849579	0.000000	0.000000	7.125000	-189.325058	327.618286
208	639.336731	222.554642	154.180542	114.384171	0.000000	0.000000	7.125000	-198.418945	-196.708633
209	683.625000	1301.795166	114.039528	207.755737	0.000000	0.000000	7.125000	-219.977661	-490.601257
210	702.526428	-63.288677	191.278183	16.539980	0.000000	0.000000	7.125000	-545.190186	-5.100368
211	-127.678154	-78.672516	-173.292938	15.229024	0.000000	0.000000	7.125000	158.361877	-15.037457
212	-68.294235	-614.942871	81.361519	-200.075287	0.000000	0.000000	7.125000	-99.674690	373.368317
213	-727.865051	1018.426208	-125.433838	157.046097	0.000000	0.000000	7.125000	240.502335	-365.427673
214	-679.407654	-430.923981	-168.173828	-110.046661	0.000000	0.000000	7.125000	331.139191	163.212372
215	-574.804749	591.587769	-141.030960	116.614601	0.000000	0.000000	7.125000	236.772156	-245.914886
216	965.421204	-1029.173584	139.529053	-144.680054	0.000000	0.000000	7.125000	-348.195740	385.068207
217	771.583008	802.090942	137.159058	134.352661	0.000000	0.000000	7.125000	-290.115692	-316.316132
218	1242.380127	976.223755	166.823944	112.119408	0.000000	0.000000	7.125000	-434.657471	-285.799194
219	-980.155029	949.732178	-140.576782	117.162666	0.000000	0.000000	7.125000	399.689972	-313.506470
220	-728.849121	663.927368	-125.100784	120.934509	0.000000	0.000000	7.125000	246.300659	-237.561172
221	744.491882	-1262.208008	121.603088	-163.790939	0.000000	0.000000	7.125000	-272.325928	433.307495
222	-1201.696045	379.515930	-207.786072	46.838017	0.000000	0.000000	7.125000	352.779572	-87.033386
223	-802.785034	1017.007812	-130.386871	168.412262	0.000000	0.000000	7.125000	230.366699	-442.730591
224	-734.681519	1221.978027	-116.478638	171.107056	0.000000	0.000000	7.125000	288.121521	-505.830353
225	445.256775	-976.811951	79.286560	-148.094513	0.000000	0.000000	7.125000	-188.032501	451.575653
226	-6.082735	-830.409973	-17.168110	-176.153198	0.000000	0.000000	7.125000	-10.026897	365.780090
227	276.863831	-1144.076660	27.097740	-180.980652	0.000000	0.000000	7.125000	-73.240685	424.917328
228	93.911819	968.129089	-23.964846	226.737000	0.000000	0.000000	7.125000	34.416405	-253.130478
229	920.707886	348.589172	139.516876	82.334213	0.000000	0.000000	7.125000	-210.964157	-177.367462
230	-1013.803284	-856.617554	-127.705185	-135.222076	0.000000	0.000000	7.125000	451.638458	543.490234
231	45.190002	-1369.063965	-22.272327	-193.723877	0.000000	0.000000	7.125000	41.038303	498.808929
232	-545.603210	-643.516479	-142.154633	-129.040070	0.000000	0.000000	7.125000	220.271194	220.767471
233	631.770752	-857.940430	147.729187	-140.680038	0.000000	0.000000	7.125000	-376.452057	305.050842
234	-1137.764282	895.212769	-172.340408	125.112366	0.000000	0.000000	7.125000	296.679230	-218.716461
235	-958.772644	-396.464569	-164.019089	-87.698181	0.000000	0.000000	7.125000	428.526581	174.066849
236	457.255310	1513.008179	40.831131	224.278259	0.000000	0.000000	7.125000	-2.223741	-410.743103
237	-350.255737	640.222717	-98.494492	143.437927	0.000000	0.000000	7.125000	176.096603	-287.572327
238	345.790527	163.092056	196.476562	137.827408	0.000000	0.000000	7.125000	-156.160202	-134.985931
239	534.952576	769.162964	91.500183	175.581177	0.000000	0.000000	7.125000	-121.768112	-303.791687
240	131.188766	-498.364319	-68.346985	-217.505463	0.000000	0.000000	7.125000	139.579224	387.768219
241	684.520386	1047.453613	104.008240	146.897644	0.000000	0.000000	7.125000	-236.370926	-416.993652
242	104.470894	-383.286407	43.561058	-171.544708	0.000000	0.000000	7.125000	-32.426422	138.864288
243	1108.073242	-1138.214966	137.462738	-146.644928	0.000000	0.000000	7.125000	-317.642426	364.216858
244	-853.490417	998.810730	-143.915695	148.786011	0.000000	0.000000	7.125000	323.120026	-366.004211
245	550.524292	-701.686096	147.753952	-136.261200	0.000000	0.000000	7.125000	-292.281494	347.627045
246	1126.161377	-777.414307	154.047363	-109.488472	0.000000	0.000000	7.125000	-412.418152	255.052933
247	-363.813080	-964.281250	-103.628738	-161.629135	0.000000	0.000000	7.125000	224.840485	320.687775
248	-372.854431	-1200.252686	-42.247993	-211.822800	0.000000	0.000000	7.125000	63.555840	461.116516
249	-200.378662	27.315008	-164.286087	-15.290495	0.000000	0.000000	7.125000	162.263290	42.516121
250	1177.825317	0.684448	221.942825	4.388667	0.000000	0.000000	7.125000	-494.449463	29.942072
251	782.589233	222.961197	212.932404	5.255183	0.000000	0.000000	7.125000	-316.614655	13.913333
252	57.173046	-1131.826904	-9.571154	-188.752899	0.000000	0.000000	7.125000	23.356459	342.465088
253	-297.656769	-1319.535400	-83.644501	-182.765656	0.000000	0.000000	7.125000	192.090363	475.364502
254	210.788422	1275.168457	54.918373	193.339172	0.000000	0.000000	7.125000	-71.090424	-448.020111
255	581.042358	-1085.460571	97.416542	-154.912689	0.000000	0.000000	7.125000	-362.304993	684.886597
256	-699.972595	413.101013	-198.614655	68.148361	0.000000	0.000000	7.125000	292.900391	-121.648117
257	-1090.306396	730.254639	-148.185455	91.162674	0.000000	0.000000	7.125000	460.884827	-185.060654
258	775.298340	1082.234131	121.688141	128.533920	0.000000	0.000000	7.125000	-360.162598	-367.177826
259	762.876831	-926.791138	112.269768	-136.836380	0.000000	0.000000	7.125000	-376.189423	440.309448
260	1023.511414	126.824097	207.462036	32.453354	0.000000	0.000000	7.125000	-421.907257	-98.962608
261	-99.264465	691.834412	-59.074699	170.025116	0.000000	0.000000	7.125000	102.188950	-335.312012
262	665.512085	630.640991	136.322647	130.873886	0.000000	0.000000	7.125000	-212.651428	-270.775482
263	1011.583130	-836.831604	141.074768	-111.784355	0.000000	0.000000	7.125000	-390.591766	238.482468
264	679.090881	-311.899078	154.924408	-72.363548	0.000000	0.000000	7.125000	-387.941956	126.365578
265	482.031921	671.063171	95.523132	173.409698	0.000000	0.000000	7.125000	-74.968666	-204.863464
266	1192.764893	-265.425385	200.499146	-51.383556	0.000000	0.000000	7.125000	-454.518860	59.113373
267	-924.854370	-402.610352	-177.450073	-87.746925	0.000000	0.000000	7.125000	281.753082	74.342484
268	233.453400	18.604563	-196.092163	-15.055892	0.000000	0.000000	7.125000	61.318741	-56.241463
269	-418.992126	-1047.326660	-60.211292	-198.036652	0.000000	0.000000	7.125000	96.718254	416.275208
270	-151.891800	-901.511963	-47.177769	-179.915924	0.000000	0.000000	7.125000	87.919189	399.830658
271	-1010.609253	665.090149	-184.984558	105.445877	0.000000	0.000000	7.125000	488.751801	-42.897186
272	573.166016	-853.740479	105.878281	-149.260193	0.000000	0.000000	7.125000	-189.754044	223.037491
273	222.145966	359.579224	3.708170	191.959900	0.000000	0.000000	7.125000	-3.752817	-181.821671
274	-850.205688	-336.372559	-147.736008	-73.365837	0.000000	0.000000	7.125000	296.740173	134.102005
275	388.252563	1258.159790	88.127754	160.359909	0.000000	0.000000	7.125000	-174.497086	-464.879730
276	930.625732	-845.532959	150.534149	-133.187531	0.000000	0.000000	7.125000	-387.739410	298.639130
277	747.318481	164.717712	177.011200	57.111954	0.000000	0.000000	7.125000	-300.967316	-84.914688
278	917.353027	405.989258	152.198105	84.331078	0.000000	0.000000	7.125000	-354.132507	-134.314575
279	708.176697	456.571838	134.782532	105.235878	0.000000	0.000000	7.125000	-218.941849	-188.301758
280	-1084.019043	-176.926270	-154.740036	-57.222778	0.000000	0.000000	7.125000	417.853638	92.310410
281	-260.672882	1095.903198	-44.540535	161.982086	0.000000	0.000000	7.125000	50.064861	-385.262146
282	776.555420	403.762146	175.392410	70.416641	0.000000	0.000000	7.125000	-397.787201	-153.566589
283	-459.913574	-561.408630	-102.191208	-137.103409	0.000000	0.000000	7.125000	350.609711	391.337799
284	-858.281372	397.625793	-172.830551	68.703430	0.000000	0.000000	7.125000	517.556091	-157.557510
285	-389.922516	37.511044	-188.965759	-2.400597	0.000000	0.000000	7.125000	252.969360	-9.735293
286	1086.702148	-108.256470	221.531708	13.992666	0.000000	0.000000	7.125000	-407.580505	41.338009
287	-726.365906	47.224319	-196.840515	21.273712	0.000000	0.000000	7.125000	378.237183	-77.796387
288	594.969421	621.630127	157.302719	134.553772	0.000000	0.000000	7.125000	-286.577423	-253.159149
289	-900.257568	991.550903	-118.767632	147.010834	0.000000	0.000000	7.125000	223.750488	-358.479736
290	-1144.968750	934.133972	-131.985107	122.392136	0.000000	0.000000	7.125000	349.875183	-314.427032
291	739.201965	1109.259399	141.130325	147.287582	0.000000	0.000000	7.125000	-324.270599	-298.052948
292	-1047.416870	225.369415	-171.010941	45.648224	0.000000	0.000000	7.125000	560.282410	-181.102829
293	-127.045975	-1073.390503	-14.353630	-164.370728	0.000000	0.000000	7.125000	9.445581	441.396881
294	-596.708252	-939.100586	-108.746017	-183.147278	0.000000	0.000000	7.125000	140.346375	308.221436
295	92.077629	-424.362366	158.058594	-124.167946	0.000000	0.000000	7.125000	-322.126404	241.405075
296	-236.342621	-990.701660	0.533576	-167.993210	0.000000	0.000000	7.125000	-37.566597	427.783569
297	-494.730042	-764.622559	-108.402985	-151.143295	0.000000	0.000000	7.125000	382.035339	484.515991
298	83.380142	448.880890	152.584351	106.366661	0.000000	0.000000	7.125000	-253.776306	-186.340408
299	-409.801392	726.229797	-38.111107	191.234833	0.000000	0.000000	7.125000	42.755825	-294.861328
300	-744.880798	771.035767	-132.296204	163.082458	0.000000	0.000000	7.125000	800.297302	-1166.646118
301	-1001.487488	-1198.906250	-120.259583	-186.597687	0.000000	0.000000	7.125000	224.909592	444.355896
302	-872.420532	-314.135803	-172.764435	-83.721680	0.000000	0.000000	7.125000	264.990997	104.926918
303	191.335999	-1307.254883	42.824265	-190.236481	0.000000	0.000000	7.125000	-108.051460	475.701141
304	-1136.947266	732.194824	-151.636902	107.670776	0.000000	0.000000	7.125000	1334.103394	-658.258240
305	982.252991	-1119.867188	150.566498	-150.660889	0.000000	0.000000	7.125000	-368.646088	285.933655
306	727.140259	928.185120	150.319153	146.642670	0.000000	0.000000	7.125000	-296.906311	-287.216370
307	1228.750488	1218.822510	175.358597	145.714569	0.000000	0.000000	7.125000	-455.836029	-344.655304
308	-569.342651	-278.791199	-190.454895	-95.278404	0.000000	0.000000	7.125000	140.434677	69.438522
309	1117.335693	523.523499	196.225891	74.778763	0.000000	0.000000	7.125000	-528.340942	-144.718430
310	7.903435	118.425087	147.421921	108.423813	0.000000	0.000000	7.125000	-164.213806	-121.982666
311	-1355.501587	-997.888977	-159.065933	-137.102325	0.000000	0.000000	7.125000	445.522064	332.386627
312	136.811829	-660.986572	119.512642	-183.481506	0.000000	0.000000	7.125000	-146.899200	183.960953
313	-669.085510	-601.983582	-109.866158	-150.084488	0.000000	0.000000	7.125000	20.884619	113.673943
314	882.001709	760.589539	142.555420	88.881042	0.000000	0.000000	7.125000	-389.734009	-192.777878
315	1209.192627	-886.452454	179.368958	-114.827011	0.000000	0.000000	7.125000	-560.547607	246.705566
316	-77.188248	-871.838684	33.495049	-179.907791	0.000000	0.000000	7.125000	-80.554497	350.460052
317	-542.971558	676.416870	-74.901192	119.450714	0.000000	0.000000	7.125000	155.413528	-432.946503
318	-13.752111	1117.398560	45.140060	171.124939	0.000000	0.000000	7.125000	-50.171749	-409.899902
319	917.313843	596.558167	186.287018	90.248520	0.000000	0.000000	7.125000	-394.687836	-161.427460
320	304.138062	944.710510	94.125374	163.892120	0.000000	0.000000	7.125000	-178.472565	-376.127319
321	716.538818	-246.269974	201.510590	-47.350464	0.000000	0.000000	7.125000	-544.571594	118.871262
322	-132.815094	758.220276	29.637136	159.235840	0.000000	0.000000	7.125000	-27.438293	-287.864960
323	-626.461182	1067.518799	-75.979378	179.573318	0.000000	0.000000	7.125000	134.350189	-451.244507
324	-893.323486	-694.290771	-135.057037	-118.992920	0.000000	0.000000	7.125000	127.657433	113.428665
325	-63.504662	1101.859619	42.758389	211.701569	0.000000	0.000000	7.125000	-24.787615	-333.287354
326	621.921814	137.648438	193.250626	55.267403	0.000000	0.000000	7.125000	-421.390442	-107.082687
327	657.629395	-454.506714	183.739700	-55.686172	0.000000	0.000000	7.125000	-353.407593	63.081333
328	780.163635	-725.103638	130.331406	-106.002686	0.000000	0.000000	7.125000	-368.780365	247.346817
329	239.073425	1000.730835	71.364265	181.417404	0.000000	0.000000	7.125000	-88.104919	-532.852844
330	1212.907349	234.219757	200.534637	51.326866	0.000000	0.000000	7.125000	-334.401794	-64.935326
331	-1404.419434	5.748384	-194.956940	-4.064379	0.000000	0.000000	7.125000	553.030701	16.405882
332	581.651001	-747.943481	157.111633	-110.362625	0.000000	0.000000	7.125000	-344.681702	226.845657
333	-478.794037	-158.560104	-150.726288	-92.762482	0.000000	0.000000	7.125000	162.874619	110.679329
334	-954.530640	-581.556641	-143.988495	-102.933502	0.000000	0.000000	7.125000	334.278076	218.425674
335	-1044.354004	836.057495	-140.643616	117.080811	0.000000	0.000000	7.125000	462.036530	-333.805267
336	-1261.188721	938.123901	-148.731812	130.700378	0.000000	0.000000	7.125000	389.281738	-333.585785
337	-841.053101	434.223724	-173.363510	75.269249	0.000000	0.000000	7.125000	319.471375	-140.518188
338	103.917213	229.735809	144.610092	79.453171	0.000000	0.000000	7.125000	-240.276840	-113.724007
339	-131.911453	1126.655151	5.384673	203.921448	0.000000	0.000000	7.125000	-85.202904	-508.610748
340	370.312286	-1028.845581	96.860748	-140.919327	0.000000	0.000000	7.125000	-366.412506	591.253540
341	17.913416	234.561584	151.589066	131.991119	0.000000	0.000000	7.125000	-152.841110	-120.436562
342	130.733810	-162.913330	184.548828	-62.928871	0.000000	0.000000	7.125000	-226.749741	68.297432
343	1275.558350	88.585876	188.009369	19.320702	0.000000	0.000000	7.125000	-474.994812	-33.443359
344	-53.939487	162.689743	118.196274	119.385574	0.000000	0.000000	7.125000	-126.868607	-168.244034
345	-704.089172	218.559875	-184.058746	80.483551	0.000000	0.000000	7.125000	339.601044	-222.836090
346	-851.632202	-179.284546	-168.759064	-62.601177	0.000000	0.000000	7.125000	252.107742	69.330734
347	-1353.243896	-1202.599854	-158.314743	-159.874237	0.000000	0.000000	7.125000	301.803741	355.089020
348	154.334122	-437.110382	153.526154	-87.982758	0.000000	0.000000	7.125000	-302.897400	105.976715
349	-457.759705	1107.130127	-28.828102	208.005463	0.000000	0.000000	7.125000	49.766983	-501.406281
350	250.331100	233.804779	194.333130	79.587242	0.000000	0.000000	7.125000	-286.192139	-121.254784
351	382.429993	535.055725	125.953659	148.859085	0.000000	0.000000	7.125000	-308.488129	-375.803925
352	-397.531189	1324.486450	-19.496052	218.109604	0.000000	0.000000	7.125000	3.331329	-571.785706
353	-724.316772	-1062.536133	-94.646347	-184.084290	0.000000	0.000000	7.125000	164.111404	434.235748
354	-90.372986	923.780457	5.537966	188.918610	0.000000	0.000000	7.125000	-27.058596	-383.342377
355	909.078430	-401.163269	158.252686	-64.769867	0.000000	0.000000	7.125000	-351.134979	111.947304
356	788.115479	63.256725	172.780396	20.565022	0.000000	0.000000	7.125000	-350.611938	-28.910204
357	983.529053	-24.139685	185.973328	2.357864	0.000000	0.000000	7.125000	-415.966461	51.797283
358	702.868347	756.963989	114.851067	86.860565	0.000000	0.000000	7.125000	-380.045197	-255.036316
359	-1355.846191	348.836487	-198.645798	46.389244	0.000000	0.000000	7.125000	517.678101	-62.385204
360	-351.053528	-182.177429	-23.190752	-211.495819	0.000000	0.000000	7.125000	-16.668022	94.762566
361	-1142.202759	568.474121	-168.536667	103.905502	0.000000	0.000000	7.125000	399.757721	-196.503326
362	672.181702	-842.528931	146.134277	-133.597839	0.000000	0.000000	7.125000	-395.071991	323.999115
363	609.510864	48.829536	188.802765	8.461493	0.000000	0.000000	7.125000	-332.037201	58.218197
364	167.074127	-830.275391	60.564110	-210.458298	0.000000	0.000000	7.125000	-129.596268	423.033356
365	-762.042358	-879.749756	-88.438820	-166.956726	0.000000	0.000000	7.125000	17.546654	230.039200
366	467.128357	-1140.982910	85.386955	-161.850342	0.000000	0.000000	7.125000	-204.355896	455.727783
367	860.279602	-779.893311	152.707947	-100.841751	0.000000	0.000000	7.125000	-380.590729	221.672394
368	875.055115	-648.139282	146.445251	-93.950302	0.000000	0.000000	7.125000	-351.490265	156.512756
369	-408.503296	-133.235275	-202.726059	-65.031906	0.000000	0.000000	7.125000	312.614441	14.551204
370	-1140.088745	-429.834656	-153.169846	-68.975067	0.000000	0.000000	7.125000	432.814850	118.235451
371	477.848114	1177.911743	105.729141	163.839584	0.000000	0.000000	7.125000	-222.786957	-409.724609
372	642.638306	388.510803	168.390518	78.994064	0.000000	0.000000	7.125000	-301.277588	-110.165962
373	-462.714111	677.243835	-53.951508	165.412323	0.000000	0.000000	7.125000	83.570427	-314.571625
374	-181.987839	-214.829895	93.111710	-157.539185	0.000000	0.000000	7.125000	-65.476364	40.146683
375	-332.366272	-1237.368896	-32.921177	-192.199005	0.000000	0.000000	7.125000	88.940514	453.472992
376	819.822144	319.746429	171.069824	31.792768	0.000000	0.000000	7.125000	-435.260254	-62.500618
377	425.703705	506.213898	105.186905	102.687271	0.000000	0.000000	7.125000	-237.622833	-250.030838
378	634.824097	131.718704	212.631775	-12.306866	0.000000	0.000000	7.125000	-334.266327	25.526745
379	-1002.399536	-387.818451	-183.272797	-102.450134	0.000000	0.000000	7.125000	360.994232	138.967087
380	766.521851	354.769958	182.385712	84.477402	0.000000	0.000000	7.125000	-510.226807	-223.884796
381	199.580078	-213.193771	181.268311	-99.921219	0.000000	0.000000	7.125000	-160.012344	62.737347
382	121.848610	43.251114	164.990265	-1.788977	0.000000	0.000000	7.125000	-143.649918	-46.356770
383	405.750153	229.747742	186.344925	31.566517	0.000000	0.000000	7.125000	-263.910278	-65.182564
384	333.260925	-1274.079102	75.026237	-173.465775	0.000000	0.000000	7.125000	-182.025543	493.075745
385	1047.531494	639.799438	164.533066	80.078964	0.000000	0.000000	7.125000	-459.997040	-165.419617
386	-870.697693	779.418640	-144.697723	148.012177	0.000000	0.000000	7.125000	787.403992	-698.163208
387	130.413116	-1147.686768	57.361980	-186.371780	0.000000	0.000000	7.125000	-129.341476	427.254547
388	-382.527710	-1113.600952	-43.535557	-171.560883	0.000000	0.000000	7.125000	97.977020	466.825836
389	801.532288	1032.531982	131.987854	126.759796	0.000000	0.000000	7.125000	-420.200195	-388.955566
390	-478.965820	-435.606293	-37.017467	-191.453857	0.000000	0.000000	7.125000	42.192783	231.465088
391	963.294861	-395.316467	168.164444	-55.222614	0.000000	0.000000	7.125000	-477.873016	140.084152
392	1111.420410	488.105896	191.489182	70.327072	0.000000	0.000000	7.125000	-652.974060	-217.237030
393	-1187.368286	377.622375	-176.534454	75.494919	0.000000	0.000000	7.125000	407.940826	-144.865860
394	-1195.827026	-268.016327	-188.086716	-86.408966	0.000000	0.000000	7.125000	363.120514	41.420536
395	-946.098694	592.173584	-121.420288	82.835457	0.000000	0.000000	7.125000	305.859711	-107.861755
396	1020.473145	467.554291	172.057220	41.517994	0.000000	0.000000	7.125000	-733.441589	-92.031616
397	-587.788391	62.444046	-191.217682	17.251110	0.000000	0.000000	7.125000	376.123474	-47.209881
398	-819.173828	878.333374	-100.125641	119.613998	0.000000	0.000000	7.125000	229.635239	-378.265167
399	-1248.423706	583.398560	-166.134354	113.070450	0.000000	0.000000	7.125000	805.835266	-325.599609
400	1058.503662	-1103.152466	139.218903	-140.789047	0.000000	0.000000	7.125000	-371.989655	346.783813
401	392.395355	-653.730530	45.301903	-208.117767	0.000000	0.000000	7.125000	-72.704056	311.438629
402	699.267700	-1184.114502	127.810532	-170.391541	0.000000	0.000000	7.125000	-238.692764	310.212585
403	-309.769043	-1031.931641	-59.546272	-169.858963	0.000000	0.000000	7.125000	76.042114	279.391083
404	-869.694824	-665.277344	-161.876511	-114.011139	0.000000	0.000000	7.125000	254.450638	172.581528
405	-1312.865479	411.507416	-185.027313	61.562096	0.000000	0.000000	7.125000	513.178589	-134.099350
406	374.237183	1038.625977	47.530632	182.922577	0.000000	0.000000	7.125000	-72.338455	-454.173889
407	-1114.410767	-98.974472	-185.644592	11.442738	0.000000	0.000000	7.125000	500.631714	-63.894676
408	422.776459	-1216.910034	46.631676	-195.515945	0.000000	0.000000	7.125000	-114.726471	425.375397
409	-673.530212	627.304565	-148.425995	117.006897	0.000000	0.000000	7.125000	238.211746	-159.148621
410	-127.127403	-813.593323	-39.110897	-187.962204	0.000000	0.000000	7.125000	13.941408	308.574554
411	320.725616	-723.057861	81.109276	-167.379593	0.000000	0.000000	7.125000	-102.675591	206.265976
412	1006.181335	832.012512	143.040558	149.616013	0.000000	0.000000	7.125000	-302.714111	-291.983765
413	983.477478	1106.053467	138.261688	162.016144	0.000000	0.000000	7.125000	-312.607056	-441.325165
414	809.073669	1009.280273	109.022438	146.975754	0.000000	0.000000	7.125000	-247.792862	-374.707794
415	576.662109	1012.625854	133.682358	154.091858	0.000000	0.000000	7.125000	-242.010513	-325.237457
416	1176.486450	-443.158020	184.586655	-79.550774	0.000000	0.000000	7.125000	-381.378265	156.298721
417	-1172.548096	684.657288	-191.493713	78.597656	0.000000	0.000000	7.125000	507.748657	-163.595963
418	-254.870941	-70.684387	-23.502859	-187.450928	0.000000	0.000000	7.125000	-8.151459	199.730743
419	689.235474	571.617249	162.158142	97.058136	0.000000	0.000000	7.125000	-330.227753	-221.094757
420	589.195007	804.722900	100.607178	170.533493	0.000000	0.000000	7.125000	-182.907928	-333.576691
421	-703.464355	-738.095764	-148.756363	-168.757599	0.000000	0.000000	7.125000	401.786865	359.334290
422	566.196716	-360.661041	145.904831	-77.039932	0.000000	0.000000	7.125000	-336.781403	134.256180
423	953.621399	-408.614685	166.035370	-69.504723	0.000000	0.000000	7.125000	-355.246155	127.698647
424	-151.417084	-1147.846436	-11.751115	-173.602478	0.000000	0.000000	7.125000	28.982939	482.307587
425	-960.260254	1073.393311	-139.673981	140.338776	0.000000	0.000000	7.125000	331.416626	-350.101318
426	-658.788452	396.366943	-166.969879	111.885124	0.000000	0.000000	7.125000	293.649902	-155.466629
427	-630.752441	-1214.294312	-110.554367	-189.045135	0.000000	0.000000	7.125000	220.389725	377.958038
428	-59.555626	-961.454285	6.598442	-182.880936	0.000000	0.000000	7.125000	-14.645440	374.442657
429	-1011.596252	-259.670563	-167.043869	-58.470558	0.000000	0.000000	7.125000	439.193817	92.656868
430	-992.215149	760.270752	-147.124893	98.337616	0.000000	0.000000	7.125000	400.251740	-140.199890
431	-978.269348	-1058.831055	-115.793503	-149.372787	0.000000	0.000000	7.125000	280.904907	414.472931
432	-1058.958130	-727.390503	-149.066559	-120.997147	0.000000	0.000000	7.125000	497.233582	339.530151
433	764.213867	349.041962	156.464462	68.984314	0.000000	0.000000	7.125000	-279.523285	-111.180260
434	229.486588	69.014275	208.091003	43.043640	0.000000	0.000000	7.125000	-182.255493	-189.168457
435	-700.722534	-470.109192	-127.018250	-118.912529	0.000000	0.000000	7.125000	356.185730	263.571381
436	-285.241516	312.363495	-163.035568	106.978363	0.000000	0.000000	7.125000	259.048096	-164.058502
437	162.988403	-1049.026611	40.920174	-184.514786	0.000000	0.000000	7.125000	-46.890690	378.145020
438	1404.111572	-26.434553	219.355072	-34.164593	0.000000	0.000000	7.125000	-529.421143	71.508377
439	-318.594238	-56.230968	-117.026276	-181.550934	0.000000	0.000000	7.125000	72.408905	82.330322
440	193.538269	-9.802704	-96.914307	151.532227	0.000000	0.000000	7.125000	62.610580	-127.487846
441	-292.629944	828.023071	-111.208008	167.432617	0.000000	0.000000	7.125000	192.308273	-292.561371
442	-922.066589	332.351746	-167.267944	66.441711	0.000000	0.000000	7.125000	476.735291	-179.609940
443	1023.499695	671.118591	178.480896	116.237923	0.000000	0.000000	7.125000	-377.693085	-270.906677
444	519.200134	951.587891	93.640923	135.854202	0.000000	0.000000	7.125000	-210.885223	-331.217834
445	-1164.927490	803.212341	-150.080429	109.856262	0.000000	0.000000	7.125000	449.963928	-255.747208
446	357.296143	-748.872192	93.967056	-174.279770	0.000000	0.000000	7.125000	-205.584259	339.477783
447	806.326172	837.219360	145.626389	115.707993	0.000000	0.000000	7.125000	-363.757874	-229.794037
448	-541.984375	100.561302	-189.189972	83.831436	0.000000	0.000000	7.125000	232.269989	-128.877457
449	-179.164398	1058.054321	-49.763954	169.860275	0.000000	0.000000	7.125000	68.894951	-347.930389
450	-1077.742554	423.612427	-187.894028	62.447956	0.000000	0.000000	7.125000	530.456299	-165.698746
451	-729.759033	-154.879471	-206.850769	-62.074638	0.000000	0.000000	7.125000	316.063049	-5.556748
452	-621.265625	730.618774	-98.545471	120.932419	0.000000	0.000000	7.125000	158.472412	-169.417526
453	-60.266247	-758.333679	7.904434	-179.821503	0.000000	0.000000	7.125000	-51.102047	329.444702
454	-786.013916	1339.841553	-103.727432	189.437866	0.000000	0.000000	7.125000	283.026093	-776.921875
455	542.003174	444.498352	95.364502	130.955902	0.000000	0.000000	7.125000	-199.062958	-288.705200
456	129.143173	1412.793579	5.922788	197.910950	0.000000	0.000000	7.125000	1.435042	-527.757446
457	-48.365719	794.444824	-60.108986	210.581467	0.000000	0.000000	7.125000	83.017189	-328.758331
458	616.291870	-653.978149	90.385521	-192.871368	0.000000	0.000000	7.125000	-209.251282	573.648499
459	-82.374207	-587.133362	-102.333954	-200.253693	0.000000	0.000000	7.125000	134.784210	183.180145
460	-1089.173950	70.344269	-206.913269	-5.902563	0.000000	0.000000	7.125000	378.038361	2.387233
461	-537.994751	918.459534	-118.436920	131.534943	0.000000	0.000000	7.125000	214.116333	-269.015503
462	328.412292	-1150.793213	60.478989	-166.345718	0.000000	0.000000	7.125000	-143.538544	471.952515
463	435.271118	-1350.878906	44.207733	-202.218689	0.000000	0.000000	7.125000	-68.138474	594.521851
464	461.172180	1399.215210	47.652431	204.500519	0.000000	0.000000	7.125000	-49.426186	-460.205292
465	1289.661011	673.171753	187.894241	79.440125	0.000000	0.000000	7.125000	-476.794739	-188.243835
466	502.662598	-663.769104	54.900372	-142.805618	0.000000	0.000000	7.125000	-105.955284	289.847992
467	-1053.573975	841.540161	-133.978455	124.651131	0.000000	0.000000	7.125000	411.203644	-321.332581
468	1271.657349	396.448029	187.324661	42.025475	0.000000	0.000000	7.125000	-510.996857	-52.577229
469	-1024.758667	-734.780823	-165.889938	-113.487976	0.000000	0.000000	7.125000	433.340515	203.511688
470	504.500336	766.394348	61.053284	178.867065	0.000000	0.000000	7.125000	-105.902214	-235.930023
471	1133.637085	-1082.020142	160.857574	-152.989151	0.000000	0.000000	7.125000	-397.239044	346.969818
472	512.363831	-198.416183	152.509918	-95.606918	0.000000	0.000000	7.125000	-426.358673	278.733368
473	912.627441	-507.374207	173.334290	-89.316376	0.000000	0.000000	7.125000	-528.513611	283.822021
474	541.610229	-571.461670	96.428253	-179.763824	0.000000	0.000000	7.125000	-128.436066	197.644028
475	502.136902	903.575806	106.956047	155.824585	0.000000	0.000000	7.125000	-224.547180	-339.098541
476	645.437744	1202.796387	106.191338	177.669586	0.000000	0.000000	7.125000	-192.761047	-445.586853
477	518.208679	-183.937561	176.315216	-129.816589	0.000000	0.000000	7.125000	-244.950653	118.561211
478	1353.128906	-702.796143	182.252060	-104.273857	0.000000	0.000000	7.125000	-458.951263	178.950668
479	-118.949448	348.734833	-154.156906	151.227341	0.000000	0.000000	7.125000	187.250656	-282.069366
480	-782.649719	-338.629761	-179.310638	-76.501801	0.000000	0.000000	7.125000	383.020233	62.743874
481	-471.302490	1008.831177	-107.806870	162.445541	0.000000	0.000000	7.125000	197.916412	-393.295532
482	-96.343201	-302.574036	68.543182	-201.606323	0.000000	0.000000	7.125000	-109.101807	203.560379
483	491.501709	195.299530	182.385742	14.963298	0.000000	0.000000	7.125000	-264.905884	-41.407944
484	1267.102783	713.532654	166.995087	100.659454	0.000000	0.000000	7.125000	-528.170654	-233.281845
485	565.983521	586.696289	213.897583	59.412117	0.000000	0.000000	7.125000	-361.698273	-105.812233
486	-40.229614	472.984344	41.471924	178.232269	0.000000	0.000000	7.125000	-20.574306	-190.686783
487	557.560608	-786.983154	123.634247	-173.423737	0.000000	0.000000	7.125000	-254.186844	313.005829
488	-1224.005493	147.453598	-191.868881	-7.089130	0.000000	0.000000	7.125000	518.646362	5.898837
489	357.735962	503.685730	105.800964	156.589554	0.000000	0.000000	7.125000	-101.714973	-207.704041
490	611.330078	-520.414795	149.583679	-125.076416	0.000000	0.000000	7.125000	-245.082397	175.975220
491	-164.550690	-58.955429	-203.096161	-38.869350	0.000000	0.000000	7.125000	194.661758	-30.794292
492	-528.782227	-919.675659	-93.207474	-139.765869	0.000000	0.000000	7.125000	178.725647	390.770966
493	1208.595703	-1012.668213	159.638031	-141.009735	0.000000	0.000000	7.125000	-391.551331	305.669708
494	-306.195282	-446.784454	-143.591400	-122.873940	0.000000	0.000000	7.125000	273.818207	188.117432
495	744.156799	-27.494362	209.973099	-3.146718	0.000000	0.000000	7.125000	-267.339111	-11.995939
496	395.468628	1385.623779	65.676849	186.776428	0.000000	0.000000	7.125000	-106.710243	-473.711731
497	-241.510315	-763.826111	-96.923920	-165.724304	0.000000	0.000000	7.125000	35.926640	210.688644
498	-443.714417	-1179.878662	-52.038086	-181.692932	0.000000	0.000000	7.125000	108.784248	479.494415
499	572.553772	-294.757935	173.302902	-107.618988	0.000000	0.000000	7.125000	-177.293900	84.294350
500	729.425842	4.455385	179.225479	-16.630720	0.000000	0.000000	7.125000	-373.749542	64.573997
501	1107.105225	-201.779190	198.936966	-57.203697	0.000000	0.000000	7.125000	-517.158264	119.256142
502	-1184.717896	408.334778	-190.669556	40.867081	0.000000	0.000000	7.125000	881.918091	-139.383148
503	221.428131	-1054.466187	72.211403	-187.580643	0.000000	0.000000	7.125000	-207.310684	580.765076
504	-1418.895630	-513.725464	-189.708954	-109.378342	0.000000	0.000000	7.125000	520.935059	220.054199
505	635.102966	868.109253	124.059380	138.582733	0.000000	0.000000	7.125000	-272.691864	-305.038757
506	-119.776230	-979.595215	26.958336	-217.334229	0.000000	0.000000	7.125000	-65.277390	476.357635
507	-858.437927	574.498413	-135.997787	147.997101	0.000000	0.000000	7.125000	90.310173	-231.478683
508	-811.207581	-822.603027	-115.637512	-153.270889	0.000000	0.000000	7.125000	335.453613	472.278259
509	978.615540	319.122833	197.234467	17.390816	0.000000	0.000000	7.125000	-542.214722	-49.343861
510	-291.282898	361.879272	-30.450783	159.008820	0.000000	0.000000	7.125000	55.556026	-169.048676
511	-1113.240601	-566.548035	-137.151855	-97.011230	0.000000	0.000000	7.125000	409.103333	229.371109
512	14.064882	-78.067368	114.975510	-142.366730	0.000000	0.000000	7.125000	-198.233276	180.926514
513	-375.352966	1648.755981	-55.527542	233.471832	0.000000	0.000000	7.125000	72.922562	-558.305481
514	-395.281219	-879.638306	-45.588432	-186.501770	0.000000	0.000000	7.125000	78.317093	443.170593
515	-611.808472	-672.848572	-108.261230	-165.759613	0.000000	0.000000	7.125000	110.135445	210.976120
516	120.306053	-625.518066	69.522911	-194.974609	0.000000	0.000000	7.125000	-183.744415	488.884552
517	296.029480	667.808228	108.457626	179.813354	0.000000	0.000000	7.125000	-129.707169	-156.533493
518	929.906799	-593.125671	161.777527	-114.154968	0.000000	0.000000	7.125000	-357.803528	196.472122
519	917.677124	1073.722046	133.146027	154.555542	0.000000	0.000000	7.125000	-267.916840	-368.465027
520	-21.830923	468.073395	-1.376079	194.714279	0.000000	0.000000	7.125000	117.861465	-283.143768
521	402.360779	-1400.655029	82.643623	-199.563049	0.000000	0.000000	7.125000	-217.703354	577.147217
522	833.540405	1217.773682	113.501602	176.675568	0.000000	0.000000	7.125000	-214.960220	-438.264709
523	731.082581	-1222.689453	118.258842	-187.877625	0.000000	0.000000	7.125000	-166.468933	324.979095
524	-1141.612549	550.233093	-180.101318	82.249466	0.000000	0.000000	7.125000	489.576080	-188.048691
525	69.313927	506.874786	125.734001	168.190216	0.000000	0.000000	7.125000	-182.671753	-200.353439
526	-784.048218	519.448669	-174.493149	99.765167	0.000000	0.000000	7.125000	265.547119	-148.353714
527	563.783691	1004.111572	107.335922	148.206970	0.000000	0.000000	7.125000	-235.566422	-398.600342
528	1387.045654	-829.421814	180.844513	-118.006607	0.000000	0.000000	7.125000	-354.302948	187.947266
529	1019.540405	-344.575287	189.752563	-56.550514	0.000000	0.000000	7.125000	-427.698425	139.421783
530	-993.176453	-652.472473	-113.702667	-162.097809	0.000000	0.000000	7.125000	228.255569	322.579498
531	213.352814	1065.466309	62.689754	181.457245	0.000000	0.000000	7.125000	-93.069572	-462.956635
532	-365.252991	-583.929626	-35.831135	-173.293976	0.000000	0.000000	7.125000	-7.050176	274.887573
533	284.905823	-722.922058	73.526825	-193.494843	0.000000	0.000000	7.125000	-156.496155	500.235046
534	-206.012695	-112.955750	72.299461	-197.133118	0.000000	0.000000	7.125000	-58.990475	100.540382
535	-771.739502	-993.479309	-98.992821	-139.427109	0.000000	0.000000	7.125000	191.142029	322.225861
536	-1215.215454	741.006348	-151.207825	113.379929	0.000000	0.000000	7.125000	433.462708	-265.314636
537	-1104.853638	798.909546	-146.876892	118.945618	0.000000	0.000000	7.125000	422.617554	-319.095825
538	725.553223	964.375488	131.061264	144.385864	0.000000	0.000000	7.125000	-359.530762	-418.367645
539	967.048096	1341.828857	137.066849	163.021667	0.000000	0.000000	7.125000	-238.754196	-433.347504
540	-140.230728	174.234344	198.710022	22.443050	0.000000	0.000000	7.125000	-220.661804	-185.284164
541	78.031509	1007.943359	58.490753	186.017487	0.000000	0.000000	7.125000	-93.224213	-351.685669
542	-1064.726196	-195.886566	-175.355713	-52.312881	0.000000	0.000000	7.125000	553.501465	116.523323
543	261.059509	-1043.871460	85.883522	-171.720428	0.000000	0.000000	7.125000	-170.357986	358.237732
544	32.483749	346.428986	131.136292	152.328415	0.000000	0.000000	7.125000	-124.577805	-171.609695
545	-208.323242	992.645874	1.195581	203.996262	0.000000	0.000000	7.125000	-17.671150	-436.165710
546	560.233093	-1146.316040	122.192604	-170.789001	0.000000	0.000000	7.125000	-249.085526	311.011292
547	643.027588	-977.542725	121.328308	-160.240875	0.000000	0.000000	7.125000	-268.992859	345.843719
548	-600.883423	-485.849274	-97.165688	-179.372070	0.000000	0.000000	7.125000	134.427933	259.384735
549	-316.740143	1099.292603	-7.545804	185.837311	0.000000	0.000000	7.125000	-27.604338	-467.984833
550	603.921997	674.188965	176.112427	108.776810	0.000000	0.000000	7.125000	-304.067688	-208.864197
551	1129.526978	829.859741	173.870148	100.835236	0.000000	0.000000	7.125000	-427.094055	-180.832977
552	-75.973976	-1081.246948	-0.302316	-188.997528	0.000000	0.000000	7.125000	-16.423571	485.474457
553	318.317749	-311.788574	104.057724	-161.345352	0.000000	0.000000	7.125000	-143.672073	213.015930
554	923.098999	135.603561	167.913223	5.223012	0.000000	0.000000	7.125000	-487.454376	4.911004
555	-879.500488	3.036337	-192.023499	-77.160538	0.000000	0.000000	7.125000	297.719208	65.594124
556	-1101.743774	847.805908	-143.267426	113.847794	0.000000	0.000000	7.125000	388.047150	-260.135773
557	-661.432556	-1136.496582	-118.615555	-150.976593	0.000000	0.000000	7.125000	269.209625	367.569061
558	-498.180695	1252.297607	-104.953522	195.611816	0.000000	0.000000	7.125000	219.702377	-513.713806
559	-618.061157	946.543213	-108.501617	147.343201	0.000000	0.000000	7.125000	206.604889	-429.681244
560	-320.538147	638.050476	-22.010365	187.713959	0.000000	0.000000	7.125000	24.571218	-375.539520
561	403.408508	-587.056702	98.882629	-153.983978	0.000000	0.000000	7.125000	-144.762375	248.347641
562	1289.688721	-240.744705	225.647766	-61.951256	0.000000	0.000000	7.125000	-534.314209	110.338196
563	-360.521362	-377.076172	-53.823166	-187.413910	0.000000	0.000000	7.125000	35.770638	342.039734
564	306.994080	1261.915894	81.634842	173.775024	0.000000	0.000000	7.125000	-158.514465	-418.357574
565	-1053.213867	-54.487671	-187.734222	-40.079144	0.000000	0.000000	7.125000	384.276154	18.745932
566	7.562243	-875.955505	29.518661	-174.519165	0.000000	0.000000	7.125000	-49.617348	389.149353
567	-837.671143	-1134.015259	-102.431297	-158.762665	0.000000	0.000000	7.125000	491.358948	1017.062378
568	-831.398804	891.560059	-135.371063	136.143265	0.000000	0.000000	7.125000	306.005402	-265.211334
569	-491.043182	-1114.396973	-53.096348	-184.510757	0.000000	0.000000	7.125000	117.609184	434.220551
570	-742.148499	636.966797	-140.317627	139.694794	0.000000	0.000000	7.125000	221.365112	-196.691772
571	-149.186066	-243.020645	5.004674	-209.816360	0.000000	0.000000	7.125000	-69.474533	271.102386
572	-125.616257	491.167267	49.820930	169.827942	0.000000	0.000000	7.125000	-38.926472	-344.393768
573	-335.527588	1010.665283	-11.793712	203.658768	0.000000	0.000000	7.125000	6.278694	-482.923340
574	159.658005	605.711731	82.122200	160.159668	0.000000	0.000000	7.125000	-115.849617	-291.529144
575	306.954559	-1066.024658	69.007347	-162.993408	0.000000	0.000000	7.125000	-186.451691	411.609680
576	-33.686028	-657.787170	-23.129822	-223.802124	0.000000	0.000000	7.125000	-1.465773	255.459381
577	-275.999756	-337.661224	-139.261642	-99.224915	0.000000	0.000000	7.125000	256.496399	171.614578
578	532.955017	857.034729	128.437759	142.714264	0.000000	0.000000	7.125000	-255.319122	-301.624634
579	378.639587	-35.250435	172.043106	-70.670479	0.000000	0.000000	7.125000	-228.331161	84.734978
580	221.491959	922.780823	74.479004	157.251495	0.000000	0.000000	7.125000	-266.000610	-569.088379
581	953.588074	-699.656555	166.272476	-118.164963	0.000000	0.000000	7.125000	-398.037354	233.387131
582	-1221.269165	-910.377808	-140.817520	-130.514145	0.000000	0.000000	7.125000	291.177032	284.415009
583	-663.516907	-579.326782	-111.450424	-141.332504	0.000000	0.000000	7.125000	172.519470	176.208832
584	939.299866	573.630127	184.707199	79.200676	0.000000	0.000000	7.125000	-401.735229	-155.833359
585	-748.740784	-597.487488	-106.599258	-173.894379	0.000000	0.000000	7.125000	268.525177	640.589294
586	-551.652161	771.250671	-82.092339	163.549149	0.000000	0.000000	7.125000	159.392593	-393.718719
587	45.432716	1021.939697	18.993912	182.008698	0.000000	0.000000	7.125000	-31.581955	-434.893982
588	-109.491150	-1260.846069	10.559165	-197.713943	0.000000	0.000000	7.125000	-46.243645	506.964081
589	626.422485	-866.033142	105.591232	-153.113937	0.000000	0.000000	7.125000	-143.252090	290.902679
590	893.599609	-48.333698	177.398697	-55.896130	0.000000	0.000000	7.125000	-232.151978	72.216171
591	-803.428589	-521.955017	-121.128433	-120.701546	0.000000	0.000000	7.125000	179.124359	186.463959
592	665.223328	309.632812	169.820099	37.906452	0.000000	0.000000	7.125000	-336.287262	-52.406059
593	580.260742	-5.902492	188.880234	5.070893	0.000000	0.000000	7.125000	-167.611099	-95.961197
594	-562.587891	-647.618347	-121.356377	-152.619644	0.000000	0.000000	7.125000	174.467590	198.405701
595	1099.113647	1130.920044	129.488510	149.781586	0.000000	0.000000	7.125000	-270.125916	-404.372894
596	-944.899780	767.325073	-142.805115	114.420197	0.000000	0.000000	7.125000	383.851898	-219.222672
597	-780.915527	-850.207153	-112.166344	-140.775452	0.000000	0.000000	7.125000	305.487549	398.271545
598	959.825195	69.919235	182.864838	6.633036	0.000000	0.000000	7.125000	-406.964142	35.385868
599	-371.717957	1046.660156	-101.998901	213.911240	0.000000	0.000000	7.125000	211.591125	-374.253723
600	-817.056396	590.618530	-155.817841	95.945107	0.000000	0.000000	7.125000	268.663147	-115.620178
601	1287.649292	22.741436	188.671753	11.082258	0.000000	0.000000	7.125000	-486.580322	9.629002
602	76.882759	-33.175156	97.522644	-166.144943	0.000000	0.000000	7.125000	-0.138167	8.563502
603	-0.392567	-1371.473267	-25.939281	-190.239639	0.000000	0.000000	7.125000	75.087936	519.987061
604	-91.164551	-931.010742	10.247034	-197.734650	0.000000	0.000000	7.125000	-23.133057	385.457581
605	-981.032288	-566.888489	-150.254150	-104.460342	0.000000	0.000000	7.125000	642.713013	351.281555
606	432.082458	-393.398041	141.594559	-115.918716	0.000000	0.000000	7.125000	-192.917480	137.754013
607	-6.874803	-210.556274	15.663144	-170.256714	0.000000	0.000000	7.125000	-33.340240	227.556168
608	1209.004883	-697.769043	145.208344	-116.231293	0.000000	0.000000	7.125000	-406.029510	292.185486
609	1057.034058	-642.685974	170.297577	-94.986069	0.000000	0.000000	7.125000	-430.674896	214.724304
610	-167.539093	1082.108765	-72.378723	197.132629	0.000000	0.000000	7.125000	151.293076	-505.442657
611	-735.911194	157.594666	-208.237305	26.609991	0.000000	0.000000	7.125000	255.763809	-87.485313
612	534.411072	129.520798	203.670914	35.713493	0.000000	0.000000	7.125000	-208.722290	-120.827484
613	418.039642	-187.292877	168.651123	-28.245220	0.000000	0.000000	7.125000	-227.404816	48.366776
614	-1081.333374	-992.721069	-141.985718	-129.243851	0.000000	0.000000	7.125000	452.474365	400.043701
615	-856.646973	-858.966858	-149.429306	-147.549240	0.000000	0.000000	7.125000	387.427002	376.279327
616	753.773682	-977.782349	116.246063	-145.193817	0.000000	0.000000	7.125000	-269.357727	271.160126
617	520.109009	-842.613037	142.472046	-128.706482	0.000000	0.000000	7.125000	-290.353149	173.155243
618	519.123352	-978.343445	83.630630	-172.817368	0.000000	0.000000	7.125000	-157.370758	269.230591
619	-445.410400	-943.228149	-108.495384	-193.663147	0.000000	0.000000	7.125000	176.064743	427.839294
620	-543.137878	56.556061	-172.554688	-22.358828	0.000000	0.000000	7.125000	272.567139	27.230604
621	40.245869	1262.771606	-23.257591	184.537170	0.000000	0.000000	7.125000	31.211285	-483.840820
622	909.526489	954.344177	111.726379	129.442123	0.000000	0.000000	7.125000	-267.127350	-356.893982
623	-318.050537	988.300232	-69.730492	169.177368	0.000000	0.000000	7.125000	124.954636	-426.002899
624	-890.709167	-699.869324	-143.901810	-92.356750	0.000000	0.000000	7.125000	409.942810	196.188873
625	-766.405090	-115.092728	-175.570068	-22.451035	0.000000	0.000000	7.125000	402.082886	27.196629
626	-1264.037476	-194.590958	-199.377655	-25.486172	0.000000	0.000000	7.125000	543.775696	46.603535
627	1108.170410	38.017704	162.720093	41.777622	0.000000	0.000000	7.125000	-431.868774	-73.551216
628	1154.807861	254.093353	164.212219	57.526367	0.000000	0.000000	7.125000	-517.734558	-106.499947
629	-1032.190918	1278.708008	-132.058014	159.393555	0.000000	0.000000	7.125000	298.285187	-447.152313
630	624.344482	-578.507568	137.466919	-111.467918	0.000000	0.000000	7.125000	-252.793045	179.123840
631	-751.947632	8.852128	-182.996490	1.111701	0.000000	0.000000	7.125000	298.649353	-5.748253
632	-110.057892	990.577087	-12.431684	173.549545	0.000000	0.000000	7.125000	1.097291	-501.136505
633	873.046265	-1244.875122	126.546707	-175.047592	0.000000	0.000000	7.125000	-373.064972	339.359436
634	-906.481873	-1080.243530	-126.273834	-140.622437	0.000000	0.000000	7.125000	289.312439	407.664398
635	-711.690735	107.012711	-185.906677	-5.824576	0.000000	0.000000	7.125000	306.515869	-8.638559
636	183.179123	584.883179	48.872498	157.594711	0.000000	0.000000	7.125000	-19.237358	-229.340118
637	-154.336395	27.083424	-125.269333	-124.813858	0.000000	0.000000	7.125000	29.407164	7.651875
638	341.770294	592.698120	74.653107	143.751465	0.000000	0.000000	7.125000	-121.672485	-332.988251
639	-397.108826	293.783325	-91.517014	122.611450	0.000000	0.000000	7.125000	167.703690	-203.928085
640	-1228.759888	22.429485	-203.773987	-9.552479	0.000000	0.000000	7.125000	592.128235	-21.143253
641	-595.407593	-1094.597290	-104.847260	-153.631104	0.000000	0.000000	7.125000	206.740662	314.117157
642	1060.533447	-902.507935	148.804108	-116.511902	0.000000	0.000000	7.125000	-383.736450	225.558853
643	458.129974	1213.365723	80.027435	177.799713	0.000000	0.000000	7.125000	-70.045570	-285.646942
644	957.993408	791.603638	155.742645	127.063843	0.000000	0.000000	7.125000	-223.052490	-233.640350
645	945.554321	179.148849	177.410736	30.417505	0.000000	0.000000	7.125000	-313.778046	-25.618866
646	-1041.327148	-1057.546387	-129.772888	-137.401367	0.000000	0.000000	7.125000	324.637634	381.947174
647	-931.666138	286.102325	-194.427750	14.862496	0.000000	0.000000	7.125000	350.093079	23.577972
648	1333.438721	757.362915	165.977173	113.366356	0.000000	0.000000	7.125000	-459.373993	-269.564606
649	362.693207	-839.866577	60.411015	-147.073212	0.000000	0.000000	7.125000	-118.581032	267.479523
650	909.467957	859.720520	111.824295	113.031807	0.000000	0.000000	7.125000	-303.689636	-305.627258
651	482.639984	-211.301895	170.860336	-6.648398	0.000000	0.000000	7.125000	-170.956390	68.858406
652	443.149261	-1227.124756	66.517670	-183.302994	0.000000	0.000000	7.125000	-152.417603	498.320557
653	1330.843262	-406.260498	187.749924	-71.756516	0.000000	0.000000	7.125000	-384.389191	108.062035
654	807.861694	-517.762451	129.146515	-70.208069	0.000000	0.000000	7.125000	-418.064026	191.108383
655	-1071.362305	1117.866089	-146.517380	137.599594	0.000000	0.000000	7.125000	356.758911	-351.157227
656	779.777832	-813.403748	156.134979	-149.254578	0.000000	0.000000	7.125000	-309.749329	254.900177
657	1211.913940	573.059937	179.182556	68.952728	0.000000	0.000000	7.125000	-526.034241	-159.067673
658	-191.821976	316.819336	-91.157959	141.116318	0.000000	0.000000	7.125000	122.644569	-186.610580
659	65.703506	-567.564270	31.010742	-158.993073	0.000000	0.000000	7.125000	-5.379312	374.598541
660	-393.270294	-189.678680	-133.371338	-125.222588	0.000000	0.000000	7.125000	228.656219	129.646698
661	909.238525	-27.764080	185.380753	-15.027735	0.000000	0.000000	7.125000	-322.524872	56.605228
662	-31.770580	870.643066	-18.269123	160.966553	0.000000	0.000000	7.125000	51.258850	-408.377228
663	-1044.828857	-199.547455	-167.269440	-15.650470	0.000000	0.000000	7.125000	370.253632	30.813890
664	786.469849	436.620758	138.409363	119.697220	0.000000	0.000000	7.125000	-326.924225	-316.857758
665	329.297638	386.373779	86.368858	154.448273	0.000000	0.000000	7.125000	-99.049019	-228.185333
666	65.912155	-740.877930	55.137627	-161.865128	0.000000	0.000000	7.125000	-139.278656	371.421356
667	-1127.365234	-715.875061	-172.349884	-109.122604	0.000000	0.000000	7.125000	430.094116	213.328613
668	-501.038788	-956.373596	-78.428062	-141.746964	0.000000	0.000000	7.125000	166.215958	348.991058
669	92.047119	-979.636475	43.167953	-187.083328	0.000000	0.000000	7.125000	-76.998123	407.080231
670	-416.498199	398.954712	-139.788696	144.425461	0.000000	0.000000	7.125000	218.434418	-200.508698
671	-1100.256226	-965.505371	-150.969711	-128.103363	0.000000	0.000000	7.125000	376.211823	282.437836
672	887.924011	-1039.818481	108.877518	-131.858398	0.000000	0.000000	7.125000	-291.280548	377.467377
673	814.790161	-665.512329	153.893616	-99.010162	0.000000	0.000000	7.125000	-339.474609	183.274948
674	516.990112	-271.861542	155.471191	-107.444954	0.000000	0.000000	7.125000	-232.229462	137.575745
675	56.094009	-1426.542358	16.808350	-221.359406	0.000000	0.000000	7.125000	-56.990711	483.346863
676	902.429749	-406.627258	163.630722	-100.443069	0.000000	0.000000	7.125000	-334.560913	185.419189
677	169.090561	-889.780823	51.622711	-206.647736	0.000000	0.000000	7.125000	-107.932945	433.945801
678	-993.999817	78.102257	-191.115601	51.692764	0.000000	0.000000	7.125000	450.115906	-158.433884
679	417.664062	987.071167	76.512444	156.266739	0.000000	0.000000	7.125000	-148.472137	-417.256500
680	-678.577576	-555.504150	-134.010971	-120.132431	0.000000	0.000000	7.125000	833.739136	510.435150
681	197.294754	987.536987	9.569502	182.746216	0.000000	0.000000	7.125000	-54.574139	-431.227997
682	-61.266247	512.659363	-61.377075	200.802246	0.000000	0.000000	7.125000	166.799515	-314.796814
683	-1107.559204	701.558105	-168.817825	97.587723	0.000000	0.000000	7.125000	429.812561	-207.715942
684	783.902222	624.739868	146.048904	124.634010	0.000000	0.000000	7.125000	-283.791107	-255.119415
685	1213.754761	-1220.926025	153.393036	-160.482086	0.000000	0.000000	7.125000	-392.213623	493.137177
686	-311.084167	1246.201538	-63.989182	177.826172	0.000000	0.000000	7.125000	102.348122	-470.240753
687	-703.038513	-777.777222	-117.412582	-128.414368	0.000000	0.000000	7.125000	214.292267	242.406235
688	-995.396240	-1032.408447	-132.202423	-117.691315	0.000000	0.000000	7.125000	300.707489	249.389038
689	41.916267	491.525665	5.258001	203.893951	0.000000	0.000000	7.125000	-52.611084	-263.306458
690	-161.757767	-1369.057861	-31.279455	-189.429398	0.000000	0.000000	7.125000	82.839394	429.295898
691	637.785034	-841.628357	130.714172	-144.702026	0.000000	0.000000	7.125000	-283.599884	292.013885
692	-329.989288	-400.970978	-116.135406	-137.518311	0.000000	0.000000	7.125000	177.537338	180.349701
693	11.351221	254.484253	-147.536041	122.820030	0.000000	0.000000	7.125000	79.474297	-128.460205
694	1056.495605	-907.751465	140.286072	-122.122787	0.000000	0.000000	7.125000	-437.314270	306.161896
695	-170.154343	-1198.323608	-34.753696	-182.712540	0.000000	0.000000	7.125000	21.091864	364.724457
696	-228.608047	1321.471924	-38.572479	200.303192	0.000000	0.000000	7.125000	62.014156	-587.546509
697	-1233.576294	840.667053	-158.886261	118.131416	0.000000	0.000000	7.125000	420.843536	-245.262573
698	320.723755	-1168.429443	52.084099	-209.626358	0.000000	0.000000	7.125000	-77.827484	366.438995
699	369.915924	-649.963806	84.617569	-165.635406	0.000000	0.000000	7.125000	-142.558609	303.981934
700	808.696655	-268.848969	155.543930	-11.863264	0.000000	0.000000	7.125000	-328.201050	54.404938
701	-184.603439	-1067.973511	-41.826241	-181.234161	0.000000	0.000000	7.125000	77.906090	403.260101
702	50.620811	394.254608	-74.609818	173.623291	0.000000	0.000000	7.125000	105.351173	-222.426361
703	-534.765259	-312.572266	-193.403900	-81.417610	0.000000	0.000000	7.125000	461.287598	70.862968
704	589.057739	1026.946899	88.128822	156.949677	0.000000	0.000000	7.125000	-177.439392	-390.403137
705	-1118.179443	-956.290344	-146.185196	-137.937210	0.000000	0.000000	7.125000	328.701843	289.512939
706	1145.009155	937.662842	144.870834	139.330872	0.000000	0.000000	7.125000	-281.596069	-268.029663
707	-476.570190	-796.447388	-90.885361	-144.782333	0.000000	0.000000	7.125000	224.693390	478.351959
708	-829.235779	711.912109	-133.058975	129.966370	0.000000	0.000000	7.125000	279.099182	-281.369873
709	633.590942	-933.302246	98.378281	-124.908859	0.000000	0.000000	7.125000	-299.746124	271.133331
710	1110.211670	-686.005493	157.550476	-98.820198	0.000000	0.000000	7.125000	-1078.353760	474.928894
711	-502.911224	-598.677246	-150.266083	-114.611717	0.000000	0.000000	7.125000	302.478271	164.507065
712	-1130.214111	-703.344482	-186.795792	-114.273308	0.000000	0.000000	7.125000	475.053955	216.825729
713	-685.249817	511.401642	-133.916092	115.721207	0.000000	0.000000	7.125000	367.774994	-227.141266
714	-140.239975	848.955750	-42.021118	171.932220	0.000000	0.000000	7.125000	63.491283	-341.626373
715	-875.167542	-635.494873	-147.345276	-86.748451	0.000000	0.000000	7.125000	365.192902	152.990997
716	-550.045471	-204.751511	-191.825745	7.895627	0.000000	0.000000	7.125000	286.729523	-53.775829
717	-337.780884	574.121216	-74.303612	157.332321	0.000000	0.000000	7.125000	160.531052	-294.344177
718	-792.822815	610.274292	-137.437378	106.691711	0.000000	0.000000	7.125000	350.018890	-199.688583
719	-850.971619	809.013306	-118.193237	119.390381	0.000000	0.000000	7.125000	423.228241	-415.365265
720	434.026672	-618.441528	99.969223	-167.362106	0.000000	0.000000	7.125000	-141.646942	170.228897
721	1387.012085	127.740517	200.716431	10.587565	0.000000	0.000000	7.125000	-512.631348	15.721959
722	-952.297668	-554.854248	-170.544281	-74.145889	0.000000	0.000000	7.125000	273.508606	38.245453
723	942.015320	-353.482117	174.946472	-92.721458	0.000000	0.000000	7.125000	-427.378510	194.047577
724	-1217.479248	210.911133	-215.017822	41.512745	0.000000	0.000000	7.125000	440.828735	-52.839523
725	-60.685204	-1204.603394	-10.769855	-182.679764	0.000000	0.000000	7.125000	3.726275	263.223083
726	751.355896	662.039001	130.002975	106.410538	0.000000	0.000000	7.125000	-290.237640	-246.226074
727	-319.759766	1429.504150	-53.060066	193.867722	0.000000	0.000000	7.125000	92.092026	-445.369019
728	-1206.064697	54.580982	-184.289551	25.163391	0.000000	0.000000	7.125000	448.856720	-62.013203
729	847.107422	-141.046738	190.572479	-23.041145	0.000000	0.000000	7.125000	-285.893890	65.617859
730	-409.123016	915.041016	-73.100204	171.016357	0.000000	0.000000	7.125000	144.366989	-467.073944
731	445.950928	448.499390	132.780396	69.758041	0.000000	0.000000	7.125000	-216.298920	-132.156113
732	-443.666504	-1143.322021	-73.251472	-180.715454	0.000000	0.000000	7.125000	148.026276	436.419678
733	-554.644836	-122.517250	-185.608368	11.648176	0.000000	0.000000	7.125000	223.673691	-67.461861
734	975.900818	-145.311859	172.968994	-18.868328	0.000000	0.000000	7.125000	-403.059509	72.482079
735	-204.722229	-93.693649	-180.010437	57.253723	0.000000	0.000000	7.125000	233.246826	-119.240295
736	590.660217	-350.647095	160.451050	-94.062279	0.000000	0.000000	7.125000	-290.364349	128.137436
737	-1192.096558	897.986267	-153.802338	124.693054	0.000000	0.000000	7.125000	408.049438	-308.311005
738	737.036743	918.181702	103.830276	175.599701	0.000000	0.000000	7.125000	-260.499298	-408.309998
739	-773.446411	914.722900	-140.149704	152.338486	0.000000	0.000000	7.125000	248.766434	-270.115814
740	-331.233765	510.921570	-79.954460	177.833206	0.000000	0.000000	7.125000	361.755035	-557.856323
741	892.326965	-783.172058	154.096649	-114.526299	0.000000	0.000000	7.125000	-371.468323	270.162598
742	-95.067963	-618.008057	-42.076126	-159.543640	0.000000	0.000000	7.125000	61.032871	334.966644
743	-669.019592	24.885826	-167.322601	-15.041558	0.000000	0.000000	7.125000	298.644287	9.375129
744	611.421082	1046.253418	84.030052	141.989639	0.000000	0.000000	7.125000	-363.129578	-838.148132
745	1183.816772	-952.135132	155.729416	-127.076591	0.000000	0.000000	7.125000	-409.993378	319.706085
746	831.786133	448.901428	149.412628	83.166847	0.000000	0.000000	7.125000	-283.200989	-157.183060
747	892.005859	-1097.880859	129.785202	-180.110168	0.000000	0.000000	7.125000	-206.497131	262.806610
748	638.002258	-804.191956	86.522049	-122.530907	0.000000	0.000000	7.125000	-125.747704	355.680878
749	485.559967	550.144714	120.265503	149.666534	0.000000	0.000000	7.125000	-153.257782	-277.596619
750	214.242630	-1150.445679	11.092276	-182.659744	0.000000	0.000000	7.125000	-45.547375	481.760315
751	-620.433289	-540.878662	-116.184700	-117.154099	0.000000	0.000000	7.125000	491.643036	476.830017
752	-42.147854	-731.074524	-73.582642	-167.512390	0.000000	0.000000	7.125000	69.284920	320.869354
753	-772.116211	-1122.102783	-143.621735	-136.294266	0.000000	0.000000	7.125000	330.346893	285.105316
754	-947.143738	-514.832581	-170.491531	-94.620346	0.000000	0.000000	7.125000	355.735687	133.173569
755	1244.151245	254.581253	207.301727	33.429741	0.000000	0.000000	7.125000	-573.153503	-16.300522
756	974.923218	531.418884	128.811584	76.840996	0.000000	0.000000	7.125000	-455.665527	-187.399475
757	856.017395	-130.934372	193.797852	-63.691971	0.000000	0.000000	7.125000	-431.963806	193.506577
758	-996.574219	-1081.850708	-132.491516	-130.544495	0.000000	0.000000	7.125000	322.325500	329.232635
759	838.077271	692.859070	136.732895	107.610947	0.000000	0.000000	7.125000	-287.254852	-248.833054
760	1252.042725	694.616943	158.761795	102.531082	0.000000	0.000000	7.125000	-333.205170	-185.499161
761	1153.643188	748.208984	162.288452	113.430313	0.000000	0.000000	7.125000	-387.297180	-279.693878
762	108.328430	439.876160	-5.188417	170.919800	0.000000	0.000000	7.125000	19.048952	-320.069366
763	1246.482910	-559.744507	178.769379	-77.885109	0.000000	0.000000	7.125000	-343.832916	116.178329
764	614.720581	368.725067	165.513397	84.852272	0.000000	0.000000	7.125000	-252.045166	-151.431747
765	-1181.030273	-634.629272	-166.261124	-76.426605	0.000000	0.000000	7.125000	449.902161	144.881012
766	543.268494	-529.694397	98.790756	-154.042618	0.000000	0.000000	7.125000	-123.749176	219.818405
767	60.256432	-1171.205566	4.050007	-185.954498	0.000000	0.000000	7.125000	-21.398684	414.381561
768	238.509033	527.089722	75.670013	153.345428	0.000000	0.000000	7.125000	-70.239586	-163.593292
769	-792.168579	599.132202	-165.991699	107.938477	0.000000	0.000000	7.125000	220.985596	-101.746117
770	1127.132690	-884.366211	140.993073	-130.323547	0.000000	0.000000	7.125000	-380.531464	322.642700
771	-430.051361	1087.542725	-98.303535	175.298050	0.000000	0.000000	7.125000	183.985687	-409.593872
772	808.304810	-853.876831	111.951706	-112.905907	0.000000	0.000000	7.125000	-317.046631	366.565430
773	-594.475281	1314.874023	-91.032021	185.886780	0.000000	0.000000	7.125000	155.608231	-472.802429
774	-910.995911	-931.197021	-138.923309	-119.116493	0.000000	0.000000	7.125000	359.746887	285.143097
775	648.600464	-923.356995	74.309441	-137.163727	0.000000	0.000000	7.125000	-160.468414	385.005402
776	1328.018311	283.499146	192.666290	57.253746	0.000000	0.000000	7.125000	-520.401184	-98.365189
777	1167.984863	51.620293	185.631592	-11.613687	0.000000	0.000000	7.125000	-398.349762	61.217438
778	-491.678772	1053.405762	-90.575150	179.434204	0.000000	0.000000	7.125000	136.961578	-321.418823
779	644.601929	-1051.142334	98.028961	-154.528976	0.000000	0.000000	7.125000	-145.928940	330.395416
780	-293.647827	827.897278	-18.487526	188.093353	0.000000	0.000000	7.125000	-6.747499	-573.445251
781	-426.042084	-1023.340454	-79.741470	-174.649582	0.000000	0.000000	7.125000	169.589340	400.131348
782	-1232.610352	802.245300	-164.707245	115.171127	0.000000	0.000000	7.125000	496.722595	-242.335693
783	-825.013000	208.598236	-190.208862	54.955666	0.000000	0.000000	7.125000	379.720581	-127.168671
784	-248.122040	-397.848145	-89.595123	-156.049576	0.000000	0.000000	7.125000	152.401611	123.982643
785	-437.916260	-325.628540	-155.217789	-107.817909	0.000000	0.000000	7.125000	272.054749	156.781906
786	48.225174	93.339012	34.769516	167.422943	0.000000	0.000000	7.125000	-57.027328	-68.515121
787	-838.603027	-74.308098	-194.767334	-49.435707	0.000000	0.000000	7.125000	331.066681	29.531116
788	615.174561	64.931221	193.822174	21.400030	0.000000	0.000000	7.125000	-234.876785	-48.825283
789	-515.599304	795.972656	-96.327515	166.086441	0.000000	0.000000	7.125000	175.071671	-320.558746
790	514.582520	-1358.706177	83.656952	-202.391800	0.000000	0.000000	7.125000	-210.543961	514.305786
791	1213.904053	485.126434	186.359131	82.971497	0.000000	0.000000	7.125000	-807.435669	-288.787354
792	754.623047	747.641846	131.790405	151.757202	0.000000	0.000000	7.125000	-231.793747	-321.072937
793	-878.068115	-1141.143311	-120.346786	-153.432587	0.000000	0.000000	7.125000	262.758392	364.132660
794	189.601486	1170.861938	41.271236	187.490021	0.000000	0.000000	7.125000	-37.187202	-482.001526
795	-954.318665	-925.439697	-121.556168	-132.753448	0.000000	0.000000	7.125000	291.194366	356.742584
796	680.377136	-220.756485	184.574249	-62.905159	0.000000	0.000000	7.125000	-270.398773	76.696808
797	-769.572571	622.632751	-143.880463	108.139557	0.000000	0.000000	7.125000	166.208908	-122.699677
798	-628.155701	-136.258667	-148.686615	-56.237892	0.000000	0.000000	7.125000	301.189758	59.769070
799	-638.113953	574.400085	-140.771423	155.829300	0.000000	0.000000	7.125000	254.589783	-261.178986
800	1008.783020	25.264767	185.026154	61.549850	0.000000	0.000000	7.125000	-432.457886	-145.799728
801	-1198.991211	-296.465698	-174.755188	-71.943863	0.000000	0.000000	7.125000	463.541992	129.445465
802	-859.851929	-389.546295	-156.413681	-94.964645	0.000000	0.000000	7.125000	411.690552	191.105133
803	449.935150	720.170288	94.080444	124.436798	0.000000	0.000000	7.125000	-203.010803	-288.764954
804	928.090637	-1073.390991	119.877045	-161.339417	0.000000	0.000000	7.125000	-365.629211	561.591675
805	179.627975	-85.350075	198.014633	-49.049835	0.000000	0.000000	7.125000	-138.789444	67.755814
806	-963.415405	-115.076355	-181.897568	-38.718174	0.000000	0.000000	7.125000	367.930756	30.045595
807	-987.203247	919.450623	-133.736176	141.909760	0.000000	0.000000	7.125000	300.716858	-363.895874
808	-1027.585815	-558.545593	-155.890823	-101.443207	0.000000	0.000000	7.125000	586.074158	312.388184
809	1166.561523	674.193481	158.951630	102.251175	0.000000	0.000000	7.125000	-746.004272	-454.923859
810	-674.670715	-1242.021973	-106.581345	-173.921600	0.000000	0.000000	7.125000	181.344604	433.931732
811	891.854370	931.102783	109.187637	131.589020	0.000000	0.000000	7.125000	-228.284698	-287.995789
812	-4.199599	-1240.312012	-20.624243	-184.852982	0.000000	0.000000	7.125000	56.530048	448.067261
813	361.162842	659.212341	95.406235	166.616180	0.000000	0.000000	7.125000	-122.684822	-296.839722
814	-356.820923	1330.271118	-26.918232	214.316116	0.000000	0.000000	7.125000	31.316866	-540.264587
815	-66.004288	-676.131775	-58.156948	-208.018494	0.000000	0.000000	7.125000	69.900970	319.328003
816	216.038010	-135.532181	174.202164	-73.263115	0.000000	0.000000	7.125000	-144.646851	23.279760
817	240.291367	565.515198	47.305199	170.553528	0.000000	0.000000	7.125000	-18.508383	-250.793015
818	808.546509	-656.267151	149.384354	-110.806290	0.000000	0.000000	7.125000	-277.048157	135.564682
819	67.054092	332.318420	14.871240	197.365005	0.000000	0.000000	7.125000	58.504627	-142.470261
820	-3.710599	-1036.270874	-49.246216	-179.358322	0.000000	0.000000	7.125000	75.869209	445.006317
821	-896.822144	17.233135	-164.121735	16.923512	0.000000	0.000000	7.125000	339.369354	-52.068970
822	172.992142	-747.845581	-0.129902	-179.997437	0.000000	0.000000	7.125000	-12.224909	302.525543
823	-316.466858	381.470001	-77.185783	142.368668	0.000000	0.000000	7.125000	151.483398	-176.915634
824	163.687103	-355.768158	-11.219995	-152.572891	0.000000	0.000000	7.125000	-13.564328	230.317093
825	-247.822632	581.344788	-75.880356	211.811615	0.000000	0.000000	7.125000	100.020493	-376.867340
826	-375.767242	-524.199646	-82.968483	-128.538422	0.000000	0.000000	7.125000	132.020706	219.617142
827	260.863861	673.056885	38.640690	151.136719	0.000000	0.000000	7.125000	-50.461872	-258.563568
828	-351.922424	-799.125732	-106.116089	-163.597809	0.000000	0.000000	7.125000	175.921143	261.935364
829	154.239441	933.841614	7.379701	206.844116	0.000000	0.000000	7.125000	7.753211	-704.622253
830	-887.093445	1233.770630	-127.419441	159.286713	0.000000	0.000000	7.125000	242.049927	-431.410248
831	1313.607788	406.214905	181.615402	62.265671	0.000000	0.000000	7.125000	-527.563110	-126.951157
832	-330.868927	254.945938	-163.630936	116.665588	0.000000	0.000000	7.125000	201.371658	-195.273941
833	-368.206879	-947.379089	-79.951790	-194.158966	0.000000	0.000000	7.125000	96.504875	391.392578
834	744.431946	952.190369	109.069351	119.782425	0.000000	0.000000	7.125000	-225.793304	-247.054779
835	719.002930	-747.417236	133.034271	-129.989059	0.000000	0.000000	7.125000	-304.242767	268.147034
836	1079.877930	842.995728	141.989548	105.678505	0.000000	0.000000	7.125000	-394.081757	-296.217285
837	810.824036	16.068748	194.498459	-36.937790	0.000000	0.000000	7.125000	-307.739990	81.249222
838	-1200.822510	-812.895935	-165.504791	-114.041702	0.000000	0.000000	7.125000	439.506378	231.691910
839	-905.156677	194.035843	-155.523682	12.180131	0.000000	0.000000	7.125000	567.153931	-112.094803
840	-30.027834	119.752396	26.463234	205.051788	0.000000	0.000000	7.125000	22.722528	-130.607895
841	-641.942383	919.585022	-123.115067	151.220551	0.000000	0.000000	7.125000	227.799423	-273.169769
842	746.426147	912.525024	125.248688	111.967331	0.000000	0.000000	7.125000	-257.294617	-250.298721
843	341.721588	-824.355103	61.818535	-146.478073	0.000000	0.000000	7.125000	-150.028595	294.869171
844	1321.345337	-783.876343	176.298996	-119.525063	0.000000	0.000000	7.125000	-409.798279	209.109818
845	987.081970	-896.582581	137.991364	-133.499603	0.000000	0.000000	7.125000	-350.055481	336.152039
846	-821.996277	855.980042	-125.784714	120.224533	0.000000	0.000000	7.125000	273.544495	-279.259277
847	1185.923584	18.483902	230.261444	18.340149	0.000000	0.000000	7.125000	-476.340576	-17.061136
848	-53.427956	-951.500854	-44.117775	-202.243774	0.000000	0.000000	7.125000	77.521255	398.246002
849	485.628174	-777.716187	136.331512	-139.410583	0.000000	0.000000	7.125000	-212.147461	254.046936
850	-1275.302002	25.132751	-209.996445	1.154073	0.000000	0.000000	7.125000	395.941132	14.334637
851	225.398499	-1257.638550	1.171169	-188.994934	0.000000	0.000000	7.125000	-8.675475	479.255646
852	-222.688019	-552.018005	-108.727829	-158.246613	0.000000	0.000000	7.125000	180.524048	247.708771
853	17.153885	-281.147156	-58.861389	-176.437988	0.000000	0.000000	7.125000	33.891857	191.473053
854	-239.826477	268.032257	-100.607208	163.512650	0.000000	0.000000	7.125000	89.853210	-233.888458
855	1035.863892	1141.334229	136.599701	151.512451	0.000000	0.000000	7.125000	-277.354614	-381.487274
856	-869.808960	-1067.224731	-137.201401	-142.755386	0.000000	0.000000	7.125000	174.449829	268.739105
857	927.469543	1289.421997	124.359200	183.897095	0.000000	0.000000	7.125000	-314.707367	-527.777527
858	1237.676270	-247.889587	197.202271	-17.726273	0.000000	0.000000	7.125000	-473.768372	64.030853
859	-832.528381	1068.884888	-122.107590	119.710930	0.000000	0.000000	7.125000	512.605225	-440.322174
860	245.372040	1369.720703	53.568386	199.944672	0.000000	0.000000	7.125000	-99.299896	-466.544983
861	-1158.635498	592.015259	-170.030258	82.503868	0.000000	0.000000	7.125000	464.633850	-155.111343
862	726.965088	979.771118	127.778610	122.472778	0.000000	0.000000	7.125000	-359.522308	-302.409729
863	-670.870728	-686.661987	-140.304794	-126.590225	0.000000	0.000000	7.125000	160.729416	122.769318
864	-1079.225342	1104.511841	-140.368820	139.643616	0.000000	0.000000	7.125000	335.632111	-357.661560
865	210.299454	-1115.765137	21.802557	-184.716614	0.000000	0.000000	7.125000	-68.810005	465.639343
866	196.005997	-1230.630127	-5.824589	-194.911438	0.000000	0.000000	7.125000	15.036179	688.941345
867	-872.055420	756.090576	-135.987579	103.673370	0.000000	0.000000	7.125000	365.632355	-207.506546
868	-755.795654	154.985641	-207.411835	48.016659	0.000000	0.000000	7.125000	287.054932	-140.663483
869	-850.915649	561.464600	-142.250214	128.943512	0.000000	0.000000	7.125000	259.839081	-268.874115
870	-889.981323	-911.195374	-130.526047	-128.265076	0.000000	0.000000	7.125000	270.142212	277.515411
871	765.018494	-1030.551758	163.029358	-180.186829	0.000000	0.000000	7.125000	-293.538452	350.466705
872	-871.281372	178.964294	-203.947052	34.971790	0.000000	0.000000	7.125000	288.394836	-101.659409
873	-715.561523	-799.490601	-129.053009	-150.154968	0.000000	0.000000	7.125000	289.385895	311.820099
874	-1089.858276	-384.283997	-163.133026	-60.456261	0.000000	0.000000	7.125000	440.084961	80.087715
875	-1240.998901	272.578613	-184.278900	53.878525	0.000000	0.000000	7.125000	450.723083	-82.506279
876	-736.371033	-1200.772949	-96.626869	-176.242645	0.000000	0.000000	7.125000	205.886581	414.396698
877	-445.839905	-1136.877197	-67.156471	-186.256165	0.000000	0.000000	7.125000	742.242188	2597.869629
878	1058.938721	232.602219	153.180267	42.619202	0.000000	0.000000	7.125000	-322.653107	-89.319206
879	-304.120117	1404.471802	-44.437939	202.172318	0.000000	0.000000	7.125000	87.442001	-472.541504
880	171.503510	1368.399292	43.245071	196.281708	0.000000	0.000000	7.125000	-33.669174	-378.505829
881	-1090.417236	-871.738037	-140.540588	-117.191940	0.000000	0.000000	7.125000	379.518616	264.477936
882	-1142.677734	-896.218018	-147.290588	-118.412056	0.000000	0.000000	7.125000	371.460266	236.191895
883	1310.305664	-443.181732	181.607498	-78.882896	0.000000	0.000000	7.125000	-730.719421	244.484055
884	466.056671	-1026.406250	60.410484	-179.085327	0.000000	0.000000	7.125000	-151.480103	449.557404
885	-1081.039551	624.978271	-160.876190	93.332550	0.000000	0.000000	7.125000	436.377625	-188.498749
886	-552.900024	760.351318	-106.623550	133.685013	0.000000	0.000000	7.125000	141.462158	-265.007019
887	-1250.742065	224.877899	-179.983154	2.224775	0.000000	0.000000	7.125000	275.237183	-34.375732
888	-382.810608	-698.442139	-88.257690	-167.068680	0.000000	0.000000	7.125000	125.026009	446.858429
889	381.994385	-322.022614	138.687164	-128.401154	0.000000	0.000000	7.125000	-223.149582	217.652588
890	165.103073	678.392334	19.519663	181.952042	0.000000	0.000000	7.125000	-3.057275	-336.028137
891	1157.150391	951.362976	167.138733	106.151123	0.000000	0.000000	7.125000	-789.247131	-406.672821
892	841.080383	-354.830872	151.453644	-72.695839	0.000000	0.000000	7.125000	-284.947144	107.732742
893	1035.909912	906.319763	159.222656	101.828796	0.000000	0.000000	7.125000	-274.095703	-167.501801
894	1411.763306	-348.075897	200.517258	-71.717255	0.000000	0.000000	7.125000	-553.989746	124.851219
895	567.913818	185.989899	180.212616	45.969978	0.000000	0.000000	7.125000	-394.194794	-70.575264
896	-567.712708	697.680786	-132.513885	143.055328	0.000000	0.000000	7.125000	218.054077	-149.080658
897	233.042709	-616.517395	107.892181	-155.119354	0.000000	0.000000	7.125000	-159.930450	186.227753
898	818.445801	138.677109	161.671677	32.901386	0.000000	0.000000	7.125000	-368.695831	-94.065651
899	269.391724	-280.792877	206.051727	-90.335297	0.000000	0.000000	7.125000	-238.911224	96.049744
900	278.099670	717.934082	143.445374	140.776611	0.000000	0.000000	7.125000	-249.081177	-281.809967
901	-627.535583	1122.271118	-95.560219	145.390289	0.000000	0.000000	7.125000	163.904572	-388.767181
902	-34.872952	-753.628723	-8.410392	-194.815521	0.000000	0.000000	7.125000	4.006828	368.913910
903	-242.152618	912.633728	-32.442635	186.191620	0.000000	0.000000	7.125000	66.720222	-357.591919
904	-137.143280	-830.069885	-30.329464	-165.232376	0.000000	0.000000	7.125000	33.516804	368.750305
905	-660.261902	1321.704590	-118.497261	169.713638	0.000000	0.000000	7.125000	251.132614	-465.459076
906	933.247986	-814.925781	127.239090	-127.319351	0.000000	0.000000	7.125000	-378.604370	373.140411
907	507.134003	561.876160	141.536560	101.209648	0.000000	0.000000	7.125000	-215.697754	-147.834427
908	118.902153	586.082764	-11.920449	203.651398	0.000000	0.000000	7.125000	42.951221	-333.248383
909	-77.602692	-153.074722	-95.309517	-123.482864	0.000000	0.000000	7.125000	54.641502	103.776413
910	-1109.355957	-767.199646	-161.935654	-103.128342	0.000000	0.000000	7.125000	444.848419	204.737015
911	-1223.419434	-517.281982	-174.676498	-72.099121	0.000000	0.000000	7.125000	489.857727	115.277557
912	1412.973022	474.822571	220.074142	79.508034	0.000000	0.000000	7.125000	-412.220520	-121.786461
913	340.799072	649.642700	47.477074	189.127594	0.000000	0.000000	7.125000	-126.548836	-466.738251
914	-556.266663	-1102.165405	-130.017426	-157.198135	0.000000	0.000000	7.125000	217.901016	280.637115
915	-491.113983	989.513611	-100.191956	142.245209	0.000000	0.000000	7.125000	210.146454	-384.686615
916	1303.549072	-295.171265	206.648254	-51.525982	0.000000	0.000000	7.125000	-437.329651	52.517426
917	1004.725342	-472.820526	175.732452	-84.511002	0.000000	0.000000	7.125000	-391.618286	162.860214
918	565.694458	-672.695251	100.912407	-177.273544	0.000000	0.000000	7.125000	-311.338806	345.572662
919	-775.977905	-1033.329712	-104.349449	-142.968994	0.000000	0.000000	7.125000	304.599701	505.431458
920	-58.663639	-482.261810	-85.676025	-133.902176	0.000000	0.000000	7.125000	130.798325	164.903854
921	1381.745361	-664.409790	188.289124	-92.952072	0.000000	0.000000	7.125000	-491.546112	167.753525
922	224.080872	536.341797	-4.532065	155.927490	0.000000	0.000000	7.125000	11.371218	-268.260590
923	898.804810	981.986572	113.487671	127.910553	0.000000	0.000000	7.125000	-398.953308	-469.912628
924	138.340027	-267.186066	-104.707092	-153.496918	0.000000	0.000000	7.125000	221.054993	136.163239
925	14.876534	-102.808815	-140.489883	-107.497253	0.000000	0.000000	7.125000	167.008209	61.688099
926	339.553101	-278.926392	143.990936	-131.492554	0.000000	0.000000	7.125000	-166.642273	94.397293
927	711.002075	-111.507233	194.650146	-11.182339	0.000000	0.000000	7.125000	-262.483215	57.510395
928	-1046.200562	-598.156860	-194.292023	-94.320267	0.000000	0.000000	7.125000	471.856964	148.741104
929	-530.649658	-451.445740	-139.096497	-99.398392	0.000000	0.000000	7.125000	287.375183	153.768250
930	70.000565	-262.046631	-134.672760	-127.768318	0.000000	0.000000	7.125000	139.559097	43.021469
931	-601.715820	-529.861816	-155.677704	-107.109535	0.000000	0.000000	7.125000	316.615692	160.528976
932	868.462341	-997.563782	116.454941	-141.163879	0.000000	0.000000	7.125000	-278.984589	370.222870
933	497.285400	-252.408829	194.537277	-36.857582	0.000000	0.000000	7.125000	-216.584717	19.337847
934	-400.026550	971.132751	-89.220360	180.113022	0.000000	0.000000	7.125000	139.953430	-270.518890
935	95.114716	576.778015	9.569363	158.711777	0.000000	0.000000	7.125000	-0.533331	-233.034180
936	-713.419006	23.907238	-155.959167	3.568696	0.000000	0.000000	7.125000	465.868042	28.620108
937	-1143.988037	370.129395	-174.459991	44.285419	0.000000	0.000000	7.125000	505.543335	-87.117622
938	-498.640747	1156.495605	-91.816635	172.002045	0.000000	0.000000	7.125000	228.970581	-682.377136
939	412.033173	540.094971	100.305214	167.223984	0.000000	0.000000	7.125000	-232.093491	-353.733978
940	-331.904419	-1069.883789	-59.486588	-163.510254	0.000000	0.000000	7.125000	123.513214	436.750519
941	-926.386902	1202.278442	-141.133942	155.494858	0.000000	0.000000	7.125000	306.579041	-409.172424
942	96.540100	1018.651001	-9.871079	191.744308	0.000000	0.000000	7.125000	1.865565	-465.571594
943	-91.881935	66.410919	-134.822327	95.008888	0.000000	0.000000	7.125000	204.826477	-205.566269
944	-846.325012	475.716125	-184.451065	71.982986	0.000000	0.000000	7.125000	475.354919	-152.989746
945	1086.175659	414.034729	184.488037	53.175560	0.000000	0.000000	7.125000	-427.550934	-109.764771
946	-762.663330	-897.719360	-124.636139	-121.415947	0.000000	0.000000	7.125000	306.192169	297.921326
947	949.930481	930.510132	117.379456	128.444397	0.000000	0.000000	7.125000	-314.228882	-275.388062
948	-792.271118	317.974243	-184.803223	21.018230	0.000000	0.000000	7.125000	413.708313	-65.638809
949	95.276802	105.534439	-171.863342	41.379250	0.000000	0.000000	7.125000	100.985603	-67.589745
950	-242.754517	1097.680420	-61.913788	162.596939	0.000000	0.000000	7.125000	88.398521	-443.032410
951	-493.920746	69.762413	-189.686584	-29.641060	0.000000	0.000000	7.125000	318.245148	23.936413
952	199.725754	-634.361450	-43.483116	-186.976944	0.000000	0.000000	7.125000	5.812903	263.040100
953	-1011.853516	479.988312	-169.946106	82.695534	0.000000	0.000000	7.125000	461.291840	-186.404968
954	-803.609558	609.959595	-170.336166	122.804085	0.000000	0.000000	7.125000	547.505249	-272.432434
955	-172.507446	41.700123	-151.136200	79.731949	0.000000	0.000000	7.125000	180.791168	-136.545624
956	662.093811	247.574265	164.218124	15.907776	0.000000	0.000000	7.125000	-378.040680	-100.194702
957	52.954361	-925.312073	-32.812737	-219.513885	0.000000	0.000000	7.125000	-5.650806	335.297058
958	-197.257812	912.656433	-57.510368	173.718307	0.000000	0.000000	7.125000	93.528297	-426.487640
959	1002.827637	75.747749	205.097260	27.906555	0.000000	0.000000	7.125000	-330.864410	-41.511852
960	67.512695	577.293396	-23.927116	196.516571	0.000000	0.000000	7.125000	47.100334	-197.591904
961	-891.954468	144.833832	-200.338165	38.478500	0.000000	0.000000	7.125000	403.760040	-81.642189
962	634.911926	-1025.964478	91.323433	-151.604965	0.000000	0.000000	7.125000	-142.492661	375.435333
963	41.501526	1392.623779	6.719409	221.898102	0.000000	0.000000	7.125000	-26.581882	-564.788696
964	327.892517	1006.584106	33.186764	170.762558	0.000000	0.000000	7.125000	-4.727441	-528.633484
965	-38.076416	1143.737305	-24.494011	193.452515	0.000000	0.000000	7.125000	114.194313	-501.103210
966	1065.280151	670.578125	178.705078	110.254173	0.000000	0.000000	7.125000	-545.081543	-373.791870
967	-309.086334	-333.513367	-86.022156	-133.708694	0.000000	0.000000	7.125000	141.782272	180.803528
968	-1121.623047	-220.265503	-182.704407	-10.358019	0.000000	0.000000	7.125000	467.118713	64.284256
969	-1267.695068	-896.026550	-181.207245	-100.036575	0.000000	0.000000	7.125000	388.205322	148.444962
970	-851.998596	-535.033325	-202.178986	-56.674618	0.000000	0.000000	7.125000	1131.663330	155.378540
971	634.346313	997.162292	93.721115	146.588562	0.000000	0.000000	7.125000	-192.482681	-394.517517
972	1095.228516	-707.680176	148.715912	-90.282753	0.000000	0.000000	7.125000	-361.218109	169.117477
973	-917.535828	-442.639038	-167.328033	-87.728256	0.000000	0.000000	7.125000	551.797058	159.203751
974	-901.863525	943.859924	-118.270973	127.623413	0.000000	0.000000	7.125000	306.197083	-342.614716
975	1082.826660	213.163666	206.502045	38.108913	0.000000	0.000000	7.125000	-567.686157	-165.858368
976	476.802063	1162.938599	45.158493	174.237366	0.000000	0.000000	7.125000	-78.190895	-480.117798
977	-1136.414185	-198.510544	-215.989380	-51.207806	0.000000	0.000000	7.125000	582.649536	43.609135
978	-1108.414429	216.024094	-174.874954	53.919811	0.000000	0.000000	7.125000	296.320770	-35.008137
979	-396.415314	378.072418	-136.699326	121.662209	0.000000	0.000000	7.125000	244.792404	-191.536148
980	163.536942	751.925842	40.811852	172.200806	0.000000	0.000000	7.125000	-50.639446	-394.171875
981	287.881805	-187.879242	146.525497	-137.493088	0.000000	0.000000	7.125000	-66.515953	66.201363
982	200.828796	1163.190796	5.169466	203.934387	0.000000	0.000000	7.125000	-0.541862	-538.685181
983	737.340027	107.138519	185.665863	11.136825	0.000000	0.000000	7.125000	-277.132385	-21.453909
984	-96.351929	588.910400	-50.255428	179.073822	0.000000	0.000000	7.125000	62.768414	-387.041992
985	687.138000	269.510284	160.461594	67.281509	0.000000	0.000000	7.125000	-199.609100	-84.443054
986	-608.055908	33.595306	-167.725739	9.593850	0.000000	0.000000	7.125000	351.424835	-20.046486
987	336.884949	-1113.215454	13.723454	-203.535492	0.000000	0.000000	7.125000	-37.928658	465.134766
988	628.434998	337.473816	132.246063	93.566650	0.000000	0.000000	7.125000	-392.860107	-324.210968
989	-208.113647	748.133850	-40.723328	153.691544	0.000000	0.000000	7.125000	72.511787	-362.407898
990	552.983337	-731.520264	79.273949	-154.876755	0.000000	0.000000	7.125000	-39.386219	154.662811
991	-140.454086	-712.373230	-79.453468	-178.054474	0.000000	0.000000	7.125000	84.674522	326.060516
992	-782.070923	95.259506	-224.143250	19.247473	0.000000	0.000000	7.125000	337.631012	-69.340797
993	575.010864	-527.517883	110.975609	-130.084229	0.000000	0.000000	7.125000	-217.556198	221.088287
994	-723.203918	-1199.592651	-107.122284	-155.703949	0.000000	0.000000	7.125000	214.116577	401.630035
995	1374.172729	526.487122	189.111130	98.000031	0.000000	0.000000	7.125000	-333.265106	-115.119606
996	997.608643	-77.384781	191.977722	0.100566	0.000000	0.000000	7.125000	-469.348236	43.122952
997	-736.786072	-615.309692	-176.095612	-96.774315	0.000000	0.000000	7.125000	709.200378	213.768265
998	134.086823	917.246338	-15.725923	143.138107	0.000000	0.000000	7.125000	20.465561	-273.207062
999	743.187622	754.382812	109.504616	127.396271	0.000000	0.000000	7.125000	-178.061783	-241.004318
