node	a_force.x	a_force.y	g_force.x	g_force.y	r_force.x	r_force.y	global_speed	move_node.x	move_node.y
0	-461.360168	514.423706	-81.307831	75.564735	0.000000	0.000000	7.125000	297.748901	-248.132080
1	-56.925301	-599.885315	-42.587738	-86.029831	0.000000	0.000000	7.125000	92.255684	289.037598
2	-95.813065	399.738892	-1.550455	98.981430	0.000000	0.000000	7.125000	-71.344566	-268.750031
3	-436.815704	-178.923813	-95.215080	-12.251051	0.000000	0.000000	7.125000	248.857376	47.686260
4	-670.223022	-392.824402	-98.099167	-51.936653	0.000000	0.000000	7.125000	295.244171	129.846481
5	-103.276390	778.151733	-9.602367	113.593735	0.000000	0.000000	7.125000	-14.471686	-238.461731
6	-466.601807	664.539185	-65.452042	85.902435	0.000000	0.000000	7.125000	157.620834	-279.203857
7	6.345350	-627.679443	-18.648716	-115.503952	0.000000	0.000000	7.125000	67.669518	378.521545
8	-234.169479	-211.006393	-72.122749	-20.561985	0.000000	0.000000	7.125000	113.695595	53.244556
9	-729.623901	237.492554	-107.288712	38.529850	0.000000	0.000000	7.125000	210.237335	-54.236309
10	-252.398514	-425.766846	-55.839989	-81.737312	0.000000	0.000000	7.125000	105.871216	250.113739
11	80.470444	431.753876	25.819155	86.215126	0.000000	0.000000	7.125000	-86.225868	-229.650742
12	-418.518555	-310.633484	-67.500839	-54.883507	0.000000	0.000000	7.125000	190.935349	184.256912
13	-217.905899	-17.798428	-113.019081	-14.835531	0.000000	0.000000	7.125000	97.423988	46.729885
14	147.686615	-20.145851	83.453201	90.328522	0.000000	0.000000	7.125000	-147.782578	-96.547020
15	-457.242249	235.295746	-78.791710	54.831650	0.000000	0.000000	7.125000	234.565994	-113.937691
16	-210.316193	-291.596680	-58.320282	-90.530396	0.000000	0.000000	7.125000	-52.778694	118.888412
17	559.273438	647.610474	72.659966	95.499985	0.000000	0.000000	7.125000	-189.624908	-300.989685
18	-126.641609	-569.419434	-37.615215	-81.755859	0.000000	0.000000	7.125000	70.635254	287.525269
19	-37.734184	-402.820007	-45.510323	-94.618256	0.000000	0.000000	7.125000	62.989429	182.523727
20	-269.187561	429.600739	-46.313744	73.645096	0.000000	0.000000	7.125000	134.869858	-191.343491
21	-385.898438	53.791096	-105.004608	-25.252888	0.000000	0.000000	7.125000	156.146240	65.827133
22	356.278625	174.139435	71.087997	44.744438	0.000000	0.000000	7.125000	-162.616379	-84.422783
23	122.124786	-301.117004	19.237133	-72.490883	0.000000	0.000000	7.125000	-15.752564	199.216354
24	-615.397949	126.832794	-87.570457	39.330093	0.000000	0.000000	7.125000	270.747559	-79.003242
25	310.260010	-111.661194	82.770729	-14.289110	0.000000	0.000000	7.125000	-231.967941	70.118683
26	546.888916	-172.630798	96.418144	-22.455824	0.000000	0.000000	7.125000	-222.366928	39.958199
27	-183.600525	-717.336365	-33.213661	-109.052444	0.000000	0.000000	7.125000	53.020409	256.249115
28	339.986328	488.525391	71.655052	96.246109	0.000000	0.000000	7.125000	-207.205963	-200.134705
29	112.865013	-289.936279	50.433128	-88.659409	0.000000	0.000000	7.125000	-122.280373	217.075653
30	-48.896004	376.247620	-44.603970	95.050591	0.000000	0.000000	7.125000	68.850700	-143.946854
31	-650.865845	249.031647	-77.600052	56.514645	0.000000	0.000000	7.125000	225.858292	-110.425667
32	-479.921448	471.054932	-60.767120	78.155151	0.000000	0.000000	7.125000	150.230698	-217.810577
33	524.468079	-67.273842	110.408905	-11.407290	0.000000	0.000000	7.125000	-218.485489	53.888824
34	509.355408	-434.697449	80.830704	-62.211288	0.000000	0.000000	7.125000	-252.700958	168.272476
35	531.993164	-556.246582	77.873947	-87.318321	0.000000	0.000000	7.125000	-177.831833	230.684402
36	-508.931396	-619.433472	-72.828560	-75.637077	0.000000	0.000000	7.125000	287.730011	290.703430
37	236.142197	452.088776	36.607674	91.982964	0.000000	0.000000	7.125000	-100.203934	-248.342636
38	375.326019	-561.476196	75.380806	-97.187241	0.000000	0.000000	7.125000	-214.850296	306.198608
39	607.215271	519.824646	83.434319	63.745697	0.000000	0.000000	7.125000	-270.412994	-180.894806
40	526.006531	168.156921	91.094078	52.215828	0.000000	0.000000	7.125000	-184.117752	-63.049942
41	-369.595123	355.786591	-57.688171	87.732773	0.000000	0.000000	7.125000	139.397812	-240.447327
42	-626.780579	271.448059	-101.506485	51.875923	0.000000	0.000000	7.125000	297.915955	-101.908424
43	620.584961	469.383484	88.945709	66.397598	0.000000	0.000000	7.125000	-240.402390	-107.670265
44	-242.002823	-23.710062	-76.693214	71.641731	0.000000	0.000000	7.125000	-0.870073	-72.759750
45	-543.078369	524.630920	-91.280365	77.882599	0.000000	0.000000	7.125000	192.536346	-113.282890
46	-225.494690	-388.451630	-36.331993	-62.158134	0.000000	0.000000	7.125000	82.094093	204.449234
47	52.016434	-25.460541	89.979881	-0.862952	0.000000	0.000000	7.125000	-141.822937	27.676983
48	-771.824036	-196.752319	-118.702782	-17.596889	0.000000	0.000000	7.125000	371.123444	42.085514
49	564.599121	455.857819	65.651855	65.869446	0.000000	0.000000	7.125000	-189.671890	-228.463150
50	218.240677	392.800415	43.052727	92.448723	0.000000	0.000000	7.125000	-84.775269	-104.308517
51	-466.262756	211.328537	-90.143631	40.926956	0.000000	0.000000	7.125000	410.079254	-173.911713
52	321.745911	550.166870	73.751015	82.956459	0.000000	0.000000	7.125000	-163.318527	-178.982742
53	-46.791924	-155.005646	-37.989128	-67.598289	0.000000	0.000000	7.125000	-52.968563	-42.662067
54	-785.329773	-118.434479	-113.002518	-15.044941	0.000000	0.000000	7.125000	277.244934	48.883553
55	-186.753983	390.307739	-25.700230	67.254105	0.000000	0.000000	7.125000	14.214267	-154.355194
56	-387.143768	110.965004	-78.175018	30.719234	0.000000	0.000000	7.125000	137.590805	-45.456467
57	518.078796	-513.818420	116.937851	-93.944313	0.000000	0.000000	7.125000	-270.902039	216.038727
58	-220.138351	127.315315	-65.891083	61.302696	0.000000	0.000000	7.125000	129.266037	-95.538345
59	-364.739532	359.389526	-65.548897	47.574699	0.000000	0.000000	7.125000	199.081558	-101.284538
60	-373.310852	-216.478302	-57.129753	-48.590591	0.000000	0.000000	7.125000	125.456696	131.864777
61	194.102737	-150.550827	118.917801	14.732124	0.000000	0.000000	7.125000	-208.172806	63.710838
62	22.614559	-395.000885	-27.674089	-91.924011	0.000000	0.000000	7.125000	58.191299	166.487671
63	-881.110291	50.147507	-128.966751	-2.916951	0.000000	0.000000	7.125000	389.094666	21.191870
64	145.232452	694.818115	36.355560	92.082756	0.000000	0.000000	7.125000	-106.936707	-290.393921
65	-219.310577	-208.416412	-14.768478	-94.853081	0.000000	0.000000	7.125000	-9.499688	151.030243
66	278.687927	97.924110	73.099220	41.378330	0.000000	0.000000	7.125000	-172.534485	-74.365105
67	612.684937	-22.185669	98.954727	2.992916	0.000000	0.000000	7.125000	-262.604218	-2.191181
68	-145.465729	-65.734192	-73.928673	-82.654205	0.000000	0.000000	7.125000	7.752656	82.593727
69	661.085205	-106.635231	98.939835	-3.448414	0.000000	0.000000	7.125000	-324.484772	17.429832
70	495.876953	-133.292496	76.432861	-34.833069	0.000000	0.000000	7.125000	-236.726944	73.460320
71	-83.906876	-395.109711	-10.129362	-59.138023	0.000000	0.000000	7.125000	33.009457	214.502609
72	535.128357	-399.175049	69.843002	-51.872467	0.000000	0.000000	7.125000	-247.414444	150.445312
73	-218.009872	-263.918182	-52.436863	-87.481621	0.000000	0.000000	7.125000	95.238411	235.091125
74	355.014191	-125.796341	83.998917	-0.412785	0.000000	0.000000	7.125000	-239.722885	13.995592
75	-648.224182	-605.615540	-81.898483	-83.556198	0.000000	0.000000	7.125000	233.953110	235.939926
76	193.764496	95.479782	62.532295	35.683273	0.000000	0.000000	7.125000	-135.541061	-60.399220
77	22.253750	-568.491089	20.287275	-118.270462	0.000000	0.000000	7.125000	-21.741596	285.112335
78	707.916748	166.379471	121.179977	21.053223	0.000000	0.000000	7.125000	-352.224030	-25.558313
79	6.036051	216.209396	91.285248	51.797985	0.000000	0.000000	7.125000	-183.664108	-29.688601
80	-5.665638	-518.197327	16.511799	-91.518639	0.000000	0.000000	7.125000	-12.830742	264.393463
81	558.464539	-354.522217	106.579056	-48.261982	0.000000	0.000000	7.125000	-256.184601	72.837952
82	430.640778	504.098633	61.937431	81.041588	0.000000	0.000000	7.125000	-155.174850	-205.107422
83	364.545898	-450.672363	80.309792	-67.641190	0.000000	0.000000	7.125000	-216.678558	182.708267
84	-379.028595	450.352325	-52.429565	90.958366	0.000000	0.000000	7.125000	63.390045	-268.396240
85	148.152145	-486.437042	57.068108	-84.538101	0.000000	0.000000	7.125000	-80.496025	170.565079
86	-323.205444	-364.492432	-54.173759	-56.113579	0.000000	0.000000	7.125000	99.282768	150.336807
87	-414.009674	-594.081238	-58.570770	-97.783043	0.000000	0.000000	7.125000	109.889687	347.682922
88	-395.824646	165.443390	-109.194305	56.587059	0.000000	0.000000	7.125000	168.827332	-38.208981
89	-80.133011	-409.732880	-25.490231	-76.882263	0.000000	0.000000	7.125000	63.731441	221.531631
90	-582.508179	-262.021515	-96.958366	-19.999828	0.000000	0.000000	7.125000	294.339600	61.385502
91	-490.682495	491.816925	-71.862251	76.555641	0.000000	0.000000	7.125000	190.456100	-220.742935
92	-491.116638	143.221008	-81.185165	38.834049	0.000000	0.000000	7.125000	278.183655	-78.563614
93	-661.689514	609.130737	-78.237778	82.914337	0.000000	0.000000	7.125000	228.187317	-279.766571
94	-423.396637	414.525726	-88.642731	89.505074	0.000000	0.000000	7.125000	163.196747	-50.991901
95	123.011635	503.794922	22.383259	96.435440	0.000000	0.000000	7.125000	-64.424019	-231.591064
96	427.573242	-41.041679	83.968834	-2.227344	0.000000	0.000000	7.125000	-171.797455	42.594681
97	-326.671204	212.088089	-79.831306	34.572929	0.000000	0.000000	7.125000	143.223846	-59.627377
98	-264.257172	787.507019	-33.626492	121.424713	0.000000	0.000000	7.125000	53.690853	-334.850647
99	561.247925	183.965637	98.502907	44.272995	0.000000	0.000000	7.125000	-286.872162	-73.276001
100	425.417816	94.726562	95.529854	25.970303	0.000000	0.000000	7.125000	-249.507385	-31.864397
101	493.069885	501.302643	62.640862	76.660316	0.000000	0.000000	7.125000	-234.980499	-330.995636
102	146.243164	-639.732117	51.223732	-91.656586	0.000000	0.000000	7.125000	-149.511810	301.728516
103	-534.035889	-526.698914	-67.630379	-72.298508	0.000000	0.000000	7.125000	168.889328	205.841141
104	291.299622	-203.216125	86.096268	-35.160767	0.000000	0.000000	7.125000	-188.696945	93.340675
105	-513.338379	350.701782	-69.234650	62.092995	0.000000	0.000000	7.125000	58.629398	-113.351295
106	396.977417	-322.858215	74.762520	-50.105339	0.000000	0.000000	7.125000	-165.040802	127.683640
107	370.332062	475.364777	42.652733	82.641731	0.000000	0.000000	7.125000	-127.567062	-229.476654
108	634.057556	354.547089	94.005859	46.760689	0.000000	0.000000	7.125000	-263.853821	-81.441887
109	305.336426	-156.519745	61.794601	-36.951542	0.000000	0.000000	7.125000	-195.461884	104.420990
110	-220.365540	-63.472214	-43.158138	-98.837135	0.000000	0.000000	7.125000	-39.778549	79.614227
111	-421.696228	-275.563660	-82.600777	-35.736691	0.000000	0.000000	7.125000	267.154266	116.051178
112	627.729980	-231.604370	90.117706	-40.983261	0.000000	0.000000	7.125000	-438.166779	178.818054
113	753.552795	-257.532074	103.314613	-40.570244	0.000000	0.000000	7.125000	-350.535370	96.277565
114	-338.561157	504.707214	-50.194866	85.331551	0.000000	0.000000	7.125000	170.059006	-286.087311
115	664.152893	-562.642456	91.755745	-77.319839	0.000000	0.000000	7.125000	-324.467529	173.189651
116	-107.773857	451.543213	-14.437996	107.025528	0.000000	0.000000	7.125000	-24.881134	-275.337158
117	-532.700745	-373.532410	-73.350288	-52.150490	0.000000	0.000000	7.125000	262.501007	160.680023
118	576.854797	-677.642944	85.270012	-80.112068	0.000000	0.000000	7.125000	-165.122665	163.994370
119	-386.542358	103.463745	-81.214020	45.307858	0.000000	0.000000	7.125000	276.169647	-123.786972
120	140.019379	-356.473328	-8.622602	-104.633560	0.000000	0.000000	7.125000	-19.098236	184.722549
121	-35.490097	-430.993347	13.746078	-119.203209	0.000000	0.000000	7.125000	-50.674747	172.098816
122	215.123398	-390.920349	26.287556	-89.206841	0.000000	0.000000	7.125000	-47.923798	199.595108
123	-504.106018	210.869217	-110.645233	27.434042	0.000000	0.000000	7.125000	244.045731	-34.245216
124	473.891266	-526.830017	66.714371	-60.408405	0.000000	0.000000	7.125000	-155.554474	119.601768
125	412.053375	-13.341085	74.197830	-10.938932	0.000000	0.000000	7.125000	-261.124695	44.209599
126	-22.463371	562.357971	3.860197	89.917091	0.000000	0.000000	7.125000	-8.515142	-270.522308
127	506.038086	-115.069534	118.913254	-16.094919	0.000000	0.000000	7.125000	-230.111771	54.405815
128	-335.401947	367.149048	-62.510914	80.596779	0.000000	0.000000	7.125000	124.663231	-155.147324
129	391.287079	226.842651	104.680527	26.490435	0.000000	0.000000	7.125000	-270.898956	-7.229186
130	153.015625	312.761047	52.376354	83.991180	0.000000	0.000000	7.125000	-155.561447	-154.331451
131	436.817993	-686.212585	49.208988	-125.707565	0.000000	0.000000	7.125000	-13.907520	336.098053
132	214.307175	134.637955	41.973610	96.225456	0.000000	0.000000	7.125000	-94.579582	-151.851181
133	-405.916565	-21.363537	-109.773621	16.348228	0.000000	0.000000	7.125000	135.387054	13.560216
134	316.352112	-95.743362	75.906494	-17.932125	0.000000	0.000000	7.125000	-183.000366	75.208389
135	-332.150635	-276.915283	-59.588490	-54.853668	0.000000	0.000000	7.125000	117.330086	143.618805
136	306.305267	271.877563	69.656082	70.349136	0.000000	0.000000	7.125000	-195.758942	-199.954529
137	181.450226	-167.546768	29.402866	-88.229233	0.000000	0.000000	7.125000	-62.757954	151.041779
138	681.491821	356.279419	87.240845	46.741394	0.000000	0.000000	7.125000	-267.077332	-96.651344
139	584.495850	632.382812	76.682549	84.355026	0.000000	0.000000	7.125000	-192.614914	-232.190613
140	461.766449	357.103638	78.925087	59.752937	0.000000	0.000000	7.125000	-267.519226	-134.790924
141	42.469994	-33.397499	-58.843140	-79.597168	0.000000	0.000000	7.125000	49.852264	145.527374
142	449.068390	-526.750549	59.442783	-79.167328	0.000000	0.000000	7.125000	-149.255402	229.917496
143	326.979401	-523.489258	47.937706	-72.598885	0.000000	0.000000	7.125000	-126.296799	248.195587
144	740.526367	153.835831	109.472099	18.341593	0.000000	0.000000	7.125000	-349.507782	-28.302374
145	196.948303	327.367798	89.422653	79.856216	0.000000	0.000000	7.125000	-144.131592	-13.491138
146	-166.747635	-323.636261	-60.342628	-78.483902	0.000000	0.000000	7.125000	81.471901	123.086403
147	355.474121	432.455444	41.717209	86.461098	0.000000	0.000000	7.125000	-103.861641	-242.709885
148	641.704346	522.545837	74.672287	73.817551	0.000000	0.000000	7.125000	-150.943497	-143.193665
149	-119.548706	298.046204	-24.053234	96.031982	0.000000	0.000000	7.125000	35.669407	-135.411850
150	-203.460907	158.055771	-52.813648	80.131332	0.000000	0.000000	7.125000	721.867493	-538.604553
151	604.053101	-598.229004	91.685524	-67.740799	0.000000	0.000000	7.125000	-294.588715	157.909500
152	44.274559	-159.022522	-107.630356	45.802101	0.000000	0.000000	7.125000	72.104378	-24.857300
153	-65.399902	-359.408295	-34.267345	-118.104340	0.000000	0.000000	7.125000	12.003163	160.312271
154	-285.400513	-130.961823	-78.124817	-55.789444	0.000000	0.000000	7.125000	218.728760	126.683258
155	-209.158142	-608.887390	-51.711922	-101.591507	0.000000	0.000000	7.125000	106.679649	285.449188
156	-468.527039	206.416946	-69.896103	34.605789	0.000000	0.000000	7.125000	187.549942	-63.345783
157	-248.780685	433.624512	-3.532763	95.929291	0.000000	0.000000	7.125000	-25.610979	-278.937378
158	542.837463	-401.036621	105.551811	-57.080997	0.000000	0.000000	7.125000	-293.500000	129.322021
159	415.771820	143.043701	60.224289	49.564140	0.000000	0.000000	7.125000	-225.783936	-133.882767
160	284.754333	-155.837616	89.991013	-1.261544	0.000000	0.000000	7.125000	-302.715271	-33.874935
161	119.730507	-481.266785	-23.811346	-99.181602	0.000000	0.000000	7.125000	28.002615	250.420868
162	414.435455	-604.355835	62.558617	-91.691177	0.000000	0.000000	7.125000	-162.672409	268.888306
163	-652.975586	145.556946	-110.871124	59.849098	0.000000	0.000000	7.125000	329.681030	-130.595764
164	-368.002594	-20.084251	-68.744675	5.930383	0.000000	0.000000	7.125000	207.090805	-15.753074
165	-12.822536	-48.137360	-84.647682	-38.362289	0.000000	0.000000	7.125000	-10.344222	-30.149309
166	-354.337036	-109.681641	-88.067329	-18.531506	0.000000	0.000000	7.125000	234.235672	66.501549
167	253.150726	138.023224	84.345131	72.044708	0.000000	0.000000	7.125000	-126.622688	-32.496891
168	688.362732	-678.613159	95.096939	-82.651825	0.000000	0.000000	7.125000	-219.620499	144.554550
169	490.363770	-372.352570	87.424988	-39.659241	0.000000	0.000000	7.125000	-255.679367	86.404404
170	-50.501740	-219.587799	-17.457388	-57.403961	0.000000	0.000000	7.125000	28.815014	88.317276
171	-264.180664	53.276527	-76.343880	41.680805	0.000000	0.000000	7.125000	22.630884	-16.509319
172	602.765198	355.082031	69.731506	56.891647	0.000000	0.000000	7.125000	-248.181992	-143.419968
173	-29.769146	593.382202	-30.548590	116.045181	0.000000	0.000000	7.125000	85.582497	-334.395630
174	-269.126526	-250.269867	-85.321945	-55.892780	0.000000	0.000000	7.125000	169.393616	133.242783
175	199.507645	-698.131470	43.610039	-108.552673	0.000000	0.000000	7.125000	-57.164917	292.674042
176	437.242004	-439.863647	61.052208	-81.710266	0.000000	0.000000	7.125000	-157.691589	226.600952
177	-271.957825	76.249313	-99.581276	22.067902	0.000000	0.000000	7.125000	235.230225	-59.333294
178	-235.301239	-64.665970	-45.490410	-23.056906	0.000000	0.000000	7.125000	76.908852	42.206837
179	-313.900421	-553.567749	-90.434502	-78.873962	0.000000	0.000000	7.125000	133.526733	137.953491
180	580.997864	212.148041	93.401627	54.222271	0.000000	0.000000	7.125000	-211.434967	-89.943649
181	484.745209	-809.991760	70.612244	-100.711319	0.000000	0.000000	7.125000	-197.257355	317.004974
182	-453.718903	-226.916443	-88.890991	-27.338112	0.000000	0.000000	7.125000	218.784561	69.210190
183	191.505096	-658.962708	62.627987	-109.329681	0.000000	0.000000	7.125000	-175.066101	385.621002
184	-44.385170	207.366531	-12.633872	80.000343	0.000000	0.000000	7.125000	38.315887	-60.551186
185	-142.444855	571.937134	-16.006847	103.772614	0.000000	0.000000	7.125000	53.411827	-317.049225
186	663.197021	380.966705	93.499771	70.330002	0.000000	0.000000	7.125000	-254.894287	-121.683601
187	-97.486473	726.518921	-12.071630	122.405739	0.000000	0.000000	7.125000	24.795214	-262.553467
188	411.595032	608.168152	64.702568	93.859322	0.000000	0.000000	7.125000	-145.562347	-217.071259
189	395.522095	651.735107	57.477219	87.867447	0.000000	0.000000	7.125000	-113.593163	-228.246735
190	-387.051727	-75.772469	-98.687927	-7.778111	0.000000	0.000000	7.125000	286.541473	57.259708
191	-601.625305	562.963135	-78.324905	74.357285	0.000000	0.000000	7.125000	278.177826	-233.282059
192	-86.625153	-304.718323	30.433416	-78.290924	0.000000	0.000000	7.125000	-74.358337	150.029053
193	261.649384	456.203491	6.207909	128.846771	0.000000	0.000000	7.125000	-47.633854	-261.721375
194	274.875854	354.771942	43.078827	82.408524	0.000000	0.000000	7.125000	-92.594147	-129.131012
195	-510.599396	133.627090	-95.399979	10.715797	0.000000	0.000000	7.125000	215.970398	-20.099699
196	106.669540	471.146057	5.494252	95.841217	0.000000	0.000000	7.125000	-36.077698	-270.094788
197	149.045212	325.577332	61.167244	81.609741	0.000000	0.000000	7.125000	-146.386063	-127.122940
198	-110.442139	-234.562012	-80.379364	-62.793110	0.000000	0.000000	7.125000	141.201706	105.727135
199	290.515717	344.962219	68.712181	53.351700	0.000000	0.000000	7.125000	-247.968811	-129.170593
200	-702.304504	-325.610199	-112.348389	-50.055264	0.000000	0.000000	7.125000	393.624786	111.225723
201	320.891205	737.439941	44.067364	118.041443	0.000000	0.000000	7.125000	-92.326485	-353.409973
202	-399.579742	-405.055817	-61.699265	-61.334435	0.000000	0.000000	7.125000	228.266541	271.724121
203	649.382324	485.034302	83.057076	73.629166	0.000000	0.000000	7.125000	-293.501282	-179.190323
204	-593.671875	252.847321	-95.857430	42.837841	0.000000	0.000000	7.125000	292.135620	-75.284126
205	363.098297	-439.390533	64.204956	-63.069176	0.000000	0.000000	7.125000	-182.954666	191.067490
206	-434.588379	538.543396	-78.918312	94.344185	0.000000	0.000000	7.125000	183.123596	-226.911133
207	-476.156860	526.303040	-83.900177	63.112328	0.000000	0.000000	7.125000	237.505051	-107.404884
208	-392.101013	132.592514	-83.631424	33.253075	0.000000	0.000000	7.125000	168.053650	-38.545597
209	81.003296	365.050659	24.749535	73.967590	0.000000	0.000000	7.125000	-97.273743	-228.969345
210	-217.496674	219.311737	-28.440426	91.688675	0.000000	0.000000	7.125000	17.370893	-93.915108
211	20.458826	513.768494	-30.227753	81.578400	0.000000	0.000000	7.125000	63.055004	-256.386963
212	340.538666	616.409485	25.048523	105.053223	0.000000	0.000000	7.125000	-90.609772	-291.485565
213	134.505142	550.260071	30.435375	84.697594	0.000000	0.000000	7.125000	-94.798485	-258.090118
214	-173.771179	-74.889771	-104.817108	-6.022546	0.000000	0.000000	7.125000	136.471512	49.164284
215	220.835648	-283.591827	68.715485	-62.662807	0.000000	0.000000	7.125000	-134.823715	114.008034
216	248.252106	-108.968948	88.832558	-43.700539	0.000000	0.000000	7.125000	-240.160065	122.460945
217	-427.179382	467.766968	-38.985100	87.720863	0.000000	0.000000	7.125000	104.571991	-304.458527
218	-52.936863	-565.083069	2.592956	-98.963104	0.000000	0.000000	7.125000	-24.536102	216.048996
219	611.741211	-91.698837	113.930824	3.945880	0.000000	0.000000	7.125000	-146.933884	-1.794645
220	656.233154	88.725052	84.037598	22.504906	0.000000	0.000000	7.125000	-267.944733	-58.431255
221	250.192032	-483.250244	47.349056	-86.935608	0.000000	0.000000	7.125000	-97.728363	239.028885
222	-80.354935	455.486847	-4.350729	101.888336	0.000000	0.000000	7.125000	14.784011	-203.062210
223	765.308228	155.940109	124.987961	31.896797	0.000000	0.000000	7.125000	-354.298431	-40.143936
224	-94.300865	-151.958374	-74.897018	108.122955	0.000000	0.000000	7.125000	-45.698528	-66.715187
225	-47.619843	579.696655	-26.584286	110.856979	0.000000	0.000000	7.125000	54.639965	-308.543060
226	-262.275085	310.229034	-73.998596	70.185303	0.000000	0.000000	7.125000	165.754944	-28.848133
227	291.969818	477.304810	57.625816	61.116158	0.000000	0.000000	7.125000	-145.371414	-120.101059
228	486.750610	16.107483	95.867104	-4.861865	0.000000	0.000000	7.125000	-181.387390	41.810928
229	327.515656	-608.801147	48.722374	-86.177025	0.000000	0.000000	7.125000	-112.445541	275.868591
230	614.093079	-135.421982	98.671272	-8.060805	0.000000	0.000000	7.125000	-307.280396	26.702436
231	-121.640930	285.768005	-51.245636	84.701080	0.000000	0.000000	7.125000	100.002640	-167.576019
232	495.908051	303.883118	105.489357	50.575649	0.000000	0.000000	7.125000	-258.498138	-64.328651
233	204.427002	-235.620621	68.376923	-71.589378	0.000000	0.000000	7.125000	-123.140930	160.668808
234	433.572083	-66.482361	83.506393	-9.085247	0.000000	0.000000	7.125000	-243.103348	41.804249
235	453.997253	590.946228	78.722046	86.553780	0.000000	0.000000	7.125000	-176.938004	-200.163498
236	-581.543762	42.406979	-98.847641	5.458464	0.000000	0.000000	7.125000	274.534973	-5.320981
237	-689.612366	-40.684872	-109.904144	15.541885	0.000000	0.000000	7.125000	324.230164	-18.231838
238	-175.446655	-948.122070	-39.748032	-125.869644	0.000000	0.000000	7.125000	69.529114	335.245575
239	-690.513367	516.294556	-95.599571	91.020447	0.000000	0.000000	7.125000	176.589172	-162.753006
240	192.682846	75.868195	47.327675	90.340462	0.000000	0.000000	7.125000	-10.344748	-27.404087
241	316.892487	366.330872	47.796631	76.244560	0.000000	0.000000	7.125000	-220.698456	-212.019348
242	-157.883148	24.195484	-96.844002	20.516605	0.000000	0.000000	7.125000	162.948471	-52.785328
243	39.551830	-727.068115	35.239601	-95.701294	0.000000	0.000000	7.125000	-52.578430	331.178497
244	-618.820312	-79.921143	-107.601570	-9.262232	0.000000	0.000000	7.125000	307.631958	18.980139
245	-605.924316	-623.876465	-78.793388	-86.487007	0.000000	0.000000	7.125000	207.051987	292.764404
246	671.338989	-181.418686	110.684891	-27.290291	0.000000	0.000000	7.125000	-313.525848	59.101620
247	396.164337	337.687256	88.825981	80.682968	0.000000	0.000000	7.125000	-203.215866	-146.813049
248	-692.066956	12.854816	-124.381042	-20.111990	0.000000	0.000000	7.125000	279.997498	68.448128
249	-508.651581	548.329468	-68.849350	75.256813	0.000000	0.000000	7.125000	187.891083	-251.682831
250	529.610474	473.386078	75.674660	81.205551	0.000000	0.000000	7.125000	-208.576233	-240.241989
251	284.706329	459.531555	44.587822	63.997932	0.000000	0.000000	7.125000	-127.763428	-233.440094
252	-172.664688	662.832520	-19.708927	133.551132	0.000000	0.000000	7.125000	29.754789	-274.013641
253	166.715118	233.936722	18.363602	109.441193	0.000000	0.000000	7.125000	-76.115173	-192.784103
254	524.516846	150.926300	87.757095	51.977116	0.000000	0.000000	7.125000	-484.314056	-191.032547
255	170.514969	-131.833588	74.934830	-64.683960	0.000000	0.000000	7.125000	-127.465851	72.043571
256	-141.089722	-649.364563	-69.742699	-93.929726	0.000000	0.000000	7.125000	83.197464	208.781219
257	-424.525726	243.417831	-91.235550	51.955002	0.000000	0.000000	7.125000	253.725388	-85.894417
258	301.325073	413.283386	41.724045	58.677418	0.000000	0.000000	7.125000	-107.653587	-233.445221
259	426.064850	348.902924	55.374615	96.193726	0.000000	0.000000	7.125000	-122.087250	-131.885223
260	-280.251068	367.917603	-50.138847	92.225281	0.000000	0.000000	7.125000	93.051987	-96.029053
261	601.669495	-369.308838	105.509415	-63.219604	0.000000	0.000000	7.125000	-248.547607	136.107361
262	-609.699829	195.677872	-121.494629	33.363178	0.000000	0.000000	7.125000	405.584015	-60.708458
263	-495.421387	-361.428894	-71.900505	-48.981243	0.000000	0.000000	7.125000	411.268433	237.680481
264	-658.817444	-514.279236	-85.629288	-70.630096	0.000000	0.000000	7.125000	246.188812	190.000473
265	-347.387390	493.313995	-64.725845	78.830841	0.000000	0.000000	7.125000	167.605743	-253.255951
266	-533.052246	485.452087	-66.815758	68.932175	0.000000	0.000000	7.125000	225.806976	-226.204727
267	559.543457	-62.756767	101.804985	-6.283463	0.000000	0.000000	7.125000	-283.502258	29.026974
268	417.622559	-44.973221	88.756302	-14.893085	0.000000	0.000000	7.125000	-203.887161	60.764790
269	-384.263855	319.941467	-79.270660	77.698479	0.000000	0.000000	7.125000	86.094231	-133.968719
270	-406.203064	552.491333	-77.338211	79.622253	0.000000	0.000000	7.125000	188.859650	-204.277557
271	-474.290924	207.434631	-86.958580	-2.530861	0.000000	0.000000	7.125000	152.224945	48.780621
272	-618.408508	-360.890533	-128.664703	-29.483200	0.000000	0.000000	7.125000	397.790833	100.592300
273	-391.442993	551.624146	-76.998184	88.092300	0.000000	0.000000	7.125000	169.526596	-227.780090
274	-93.216995	358.653198	-41.584873	83.177940	0.000000	0.000000	7.125000	62.402092	-249.093872
275	517.367126	324.235229	78.651512	69.548637	0.000000	0.000000	7.125000	-193.250641	-73.845558
276	206.628082	-26.661865	58.602604	64.254349	0.000000	0.000000	7.125000	-31.050438	8.489987
277	-587.123779	280.208771	-92.657661	34.844612	0.000000	0.000000	7.125000	286.562347	-50.132004
278	-313.878510	-537.052429	-58.725044	-83.390747	0.000000	0.000000	7.125000	110.228523	250.305450
279	436.012939	-319.821838	64.623184	-48.834534	0.000000	0.000000	7.125000	-190.913467	141.171310
280	-416.251038	-582.966003	-52.533150	-76.738190	0.000000	0.000000	7.125000	133.700974	292.367004
281	-432.005035	-588.026733	-75.875763	-63.585491	0.000000	0.000000	7.125000	171.800125	155.677734
282	-619.541016	-541.363403	-81.746880	-75.089005	0.000000	0.000000	7.125000	278.666748	237.192551
283	346.886841	438.196533	45.574894	91.251892	0.000000	0.000000	7.125000	-111.056572	-208.754120
284	-152.086472	557.174377	-3.108310	104.951614	0.000000	0.000000	7.125000	-3.333829	-294.298218
285	215.605515	173.050201	60.132442	89.692513	0.000000	0.000000	7.125000	-118.976685	-119.746643
286	317.720642	367.064362	59.969570	58.818779	0.000000	0.000000	7.125000	-165.136307	-141.167984
287	-470.412140	546.740967	-69.097260	75.030334	0.000000	0.000000	7.125000	188.825638	-214.075424
288	-418.315186	-292.460022	-80.928131	-51.638237	0.000000	0.000000	7.125000	137.465652	66.627502
289	418.281464	56.239040	98.933289	3.565375	0.000000	0.000000	7.125000	-217.651382	-26.058578
290	-672.265747	-140.000153	-134.883148	5.506818	0.000000	0.000000	7.125000	301.108521	43.139927
291	-367.066986	206.748856	-87.915085	57.396645	0.000000	0.000000	7.125000	343.823822	-151.108856
292	-517.376221	-315.936249	-80.568199	-52.196674	0.000000	0.000000	7.125000	172.142563	112.709984
293	-291.012817	-384.540283	-46.954727	-90.537415	0.000000	0.000000	7.125000	61.757088	219.977753
294	-146.700363	-481.581970	-60.745323	-70.416565	0.000000	0.000000	7.125000	184.306122	213.028122
295	-118.059189	-60.931252	-26.718475	-113.079323	0.000000	0.000000	7.125000	-78.779716	93.255974
296	-374.403870	339.630463	-98.254509	51.595959	0.000000	0.000000	7.125000	221.083878	-50.980850
297	241.272247	-235.791534	49.716454	-71.394608	0.000000	0.000000	7.125000	-87.669380	131.091843
298	293.975922	-312.657562	77.425522	-75.287743	0.000000	0.000000	7.125000	-225.618301	170.421387
299	-444.890991	-593.464844	-76.798340	-75.929298	0.000000	0.000000	7.125000	93.164047	121.252403
300	-227.319901	414.694641	-81.309227	88.252411	0.000000	0.000000	7.125000	164.205063	-151.065796
301	451.037567	-786.083374	72.188751	-106.908920	0.000000	0.000000	7.125000	-159.031036	211.003632
302	48.475761	591.965332	3.314530	98.941856	0.000000	0.000000	7.125000	-33.010750	-236.730103
303	805.174683	353.512878	118.224564	51.590950	0.000000	0.000000	7.125000	-418.141846	-108.869881
304	-318.769226	192.800385	-69.483025	57.159019	0.000000	0.000000	7.125000	192.258621	-66.813980
305	-359.732971	-131.679398	-104.537994	-45.467785	0.000000	0.000000	7.125000	250.608658	133.082611
306	-503.914154	-238.067444	-115.402405	-32.862114	0.000000	0.000000	7.125000	164.015244	46.147476
307	-701.924438	-557.454346	-119.980423	-47.383076	0.000000	0.000000	7.125000	341.917389	103.309090
308	267.553131	-125.516769	80.207291	-33.698452	0.000000	0.000000	7.125000	-92.444832	22.863831
309	125.271378	546.847778	15.913516	76.358917	0.000000	0.000000	7.125000	-40.997082	-211.990616
310	364.716217	-484.178131	35.644157	-82.640213	0.000000	0.000000	7.125000	-59.562180	231.942566
311	8.055281	595.664062	-23.566704	102.321014	0.000000	0.000000	7.125000	56.676273	-296.278137
312	184.817322	-657.241394	39.154774	-90.927147	0.000000	0.000000	7.125000	-67.784752	202.956161
313	-744.634949	-234.080658	-121.789368	-64.893509	0.000000	0.000000	7.125000	492.760986	303.306671
314	-281.707825	-179.482040	-66.221062	-73.497498	0.000000	0.000000	7.125000	80.238411	157.904541
315	95.355431	104.174301	9.188469	101.568718	0.000000	0.000000	7.125000	-28.104630	-50.587772
316	-527.805481	-256.710999	-83.682510	-40.573727	0.000000	0.000000	7.125000	230.216446	114.491058
317	161.489532	28.850420	71.318840	44.364578	0.000000	0.000000	7.125000	-185.625122	-64.918015
318	-273.676575	199.187302	-102.658325	62.129593	0.000000	0.000000	7.125000	207.224792	-87.511986
319	-394.254913	-114.315079	-127.919342	16.662050	0.000000	0.000000	7.125000	125.754593	-6.027263
320	-287.842468	-341.875366	-105.166885	24.516001	0.000000	0.000000	7.125000	91.522827	-52.068264
321	552.266541	-31.534344	102.565323	22.475510	0.000000	0.000000	7.125000	-363.280396	-55.055004
322	669.469238	578.973267	81.059898	80.157860	0.000000	0.000000	7.125000	-297.321381	-227.181351
323	657.830078	101.107239	115.585236	32.233150	0.000000	0.000000	7.125000	-444.696838	-74.619125
324	-226.670776	-24.172386	-77.982170	1.657537	0.000000	0.000000	7.125000	64.554276	8.393997
325	227.340271	-641.432861	15.653721	-115.945763	0.000000	0.000000	7.125000	-15.878787	372.585449
326	44.727043	621.457397	17.870634	106.510757	0.000000	0.000000	7.125000	-46.378120	-224.084839
327	-471.845276	-264.733093	-70.162163	-34.073906	0.000000	0.000000	7.125000	347.581696	109.435211
328	-690.611572	-205.898804	-93.013565	-41.859093	0.000000	0.000000	7.125000	274.318909	99.627846
329	280.606812	-52.479118	78.232330	-65.438278	0.000000	0.000000	7.125000	-128.722137	96.934128
330	342.248169	-651.017456	48.724464	-116.191414	0.000000	0.000000	7.125000	-142.088013	129.570389
331	-551.429199	265.342285	-79.985458	47.437202	0.000000	0.000000	7.125000	252.246674	-90.337097
332	-171.437164	522.692993	-19.186869	133.624573	0.000000	0.000000	7.125000	-100.043861	-1128.097656
333	-111.750351	218.928757	-37.878242	94.700333	0.000000	0.000000	7.125000	79.356781	-153.630722
334	7.507191	237.365036	-41.165249	90.018951	0.000000	0.000000	7.125000	90.935463	-127.067299
335	-281.477539	442.752686	-83.557724	86.128395	0.000000	0.000000	7.125000	188.808716	-158.720306
336	-181.210327	-374.392975	-49.409744	-75.220024	0.000000	0.000000	7.125000	112.134773	249.745087
337	-359.309998	-369.406311	-47.387901	-83.474243	0.000000	0.000000	7.125000	85.843796	255.903336
338	-619.340881	-294.823181	-86.495064	-54.056835	0.000000	0.000000	7.125000	277.380280	134.584793
339	272.616547	-57.979149	98.994690	-0.989519	0.000000	0.000000	7.125000	-287.533600	2.912803
340	332.565247	-177.412094	78.489555	-29.920601	0.000000	0.000000	7.125000	-204.494995	101.160721
341	122.346039	-369.897064	50.647873	-118.615005	0.000000	0.000000	7.125000	-97.500816	187.201141
342	-244.641693	215.895035	-81.753281	60.990410	0.000000	0.000000	7.125000	98.960045	-78.813095
343	443.336670	-255.906021	70.997284	-100.440933	0.000000	0.000000	7.125000	-97.325424	156.906143
344	674.217285	-521.611267	93.411720	-65.339851	0.000000	0.000000	7.125000	-306.067261	178.820541
345	484.443115	146.476898	128.246826	13.723389	0.000000	0.000000	7.125000	-239.517609	29.643335
346	-47.023621	555.515076	-40.183090	93.750587	0.000000	0.000000	7.125000	94.267342	-226.811432
347	-355.437012	252.214417	-47.523445	83.408325	0.000000	0.000000	7.125000	88.140823	-283.614685
348	-11.484180	383.871185	29.050970	122.600357	0.000000	0.000000	7.125000	-110.558693	-208.051743
349	139.938187	792.022949	18.479130	118.568192	0.000000	0.000000	7.125000	-90.879356	-413.195984
350	62.503956	513.588928	-15.993388	109.838280	0.000000	0.000000	7.125000	37.556648	-175.517990
351	342.855774	338.017944	70.481659	77.828766	0.000000	0.000000	7.125000	-204.039383	-181.564133
352	660.260620	-521.900940	75.451591	-73.020920	0.000000	0.000000	7.125000	-217.082657	235.232574
353	622.727295	-595.767273	83.528320	-77.582138	0.000000	0.000000	7.125000	-333.479584	340.720093
354	-282.127716	367.724487	-54.882092	75.079620	0.000000	0.000000	7.125000	137.320358	-163.077774
355	194.282852	-443.396698	11.669680	-68.004471	0.000000	0.000000	7.125000	-19.630035	243.978577
356	-216.452515	-624.772034	-60.851196	-70.324753	0.000000	0.000000	7.125000	189.965302	272.066803
357	-154.741211	-31.534119	-89.038574	35.887180	0.000000	0.000000	7.125000	151.145432	-81.427986
358	241.847244	746.730408	54.347237	100.211227	0.000000	0.000000	7.125000	-153.379196	-329.109436
359	538.519470	210.414886	99.900726	32.324089	0.000000	0.000000	7.125000	-256.718506	-75.348694
360	-451.251129	120.652603	-82.517754	42.887394	0.000000	0.000000	7.125000	294.088104	-122.277428
361	-445.502136	60.185883	-84.973595	18.653694	0.000000	0.000000	7.125000	290.611786	-32.275349
362	-149.892258	-30.944689	-92.092560	-61.913223	0.000000	0.000000	7.125000	-12.873329	56.983982
363	-51.900406	602.497131	-14.302560	82.773361	0.000000	0.000000	7.125000	31.028990	-242.889404
364	-387.358643	769.475708	-70.443169	108.067413	0.000000	0.000000	7.125000	153.040710	-286.545654
365	581.947815	157.380142	89.220840	26.238756	0.000000	0.000000	7.125000	-274.818787	-57.270645
366	339.673859	121.857529	68.466827	30.603664	0.000000	0.000000	7.125000	-195.287766	-52.482677
367	-64.004417	321.854797	-37.147202	71.979759	0.000000	0.000000	7.125000	90.479881	-188.727798
368	365.384888	-299.765472	65.193138	-74.504059	0.000000	0.000000	7.125000	-68.856575	80.486748
369	417.172394	486.161438	57.888016	72.785164	0.000000	0.000000	7.125000	-160.312271	-240.570969
370	-590.926697	103.176254	-113.347382	-12.176311	0.000000	0.000000	7.125000	300.154083	17.722683
371	-526.764893	-283.710663	-79.764282	-34.714520	0.000000	0.000000	7.125000	292.095856	87.957443
372	321.186310	-68.268379	59.587509	-67.448624	0.000000	0.000000	7.125000	-62.703266	92.554283
373	386.369354	-189.500366	75.000702	-30.589367	0.000000	0.000000	7.125000	-240.625793	68.860123
374	-85.080109	423.181458	-45.747417	70.439194	0.000000	0.000000	7.125000	117.579933	-104.379509
375	742.063843	60.169071	101.565399	9.398495	0.000000	0.000000	7.125000	-314.597900	-13.984807
376	-3.816932	-398.991760	-26.258316	-89.215866	0.000000	0.000000	7.125000	71.342033	198.754303
377	-293.895691	360.221008	-59.172874	55.313385	0.000000	0.000000	7.125000	143.619522	-128.620270
378	52.882317	-25.805738	101.811142	25.282333	0.000000	0.000000	7.125000	-151.567993	21.095387
379	433.047546	495.742371	76.668045	67.273735	0.000000	0.000000	7.125000	-198.886414	-146.340179
380	86.502960	324.790161	5.149695	65.795815	0.000000	0.000000	7.125000	-47.309925	-106.185242
381	90.218552	-335.064148	-27.415813	-82.567261	0.000000	0.000000	7.125000	28.335133	129.483307
382	-126.861725	471.015137	-21.801842	105.776382	0.000000	0.000000	7.125000	22.362438	-248.635910
383	-404.146698	-680.193970	-78.000496	-78.973206	0.000000	0.000000	7.125000	205.862518	229.720703
384	-437.287140	638.378296	-64.697159	78.854134	0.000000	0.000000	7.125000	173.357269	-270.330872
385	-649.024902	-306.100037	-89.714851	-70.336578	0.000000	0.000000	7.125000	240.453217	196.261337
386	51.000286	-461.505859	-10.789749	-95.389847	0.000000	0.000000	7.125000	14.414733	265.084137
387	-36.962433	-405.480377	-6.623653	-65.666313	0.000000	0.000000	7.125000	16.225927	253.851761
388	128.534241	-300.133942	-15.528940	-115.964661	0.000000	0.000000	7.125000	5.602614	242.919098
389	-171.116379	576.115479	-27.160954	110.716904	0.000000	0.000000	7.125000	53.609768	-241.270157
390	-615.453369	-37.963142	-94.587326	-16.407230	0.000000	0.000000	7.125000	273.598999	46.480434
391	-190.039886	-105.748917	-105.141769	-57.789845	0.000000	0.000000	7.125000	98.718277	102.061623
392	78.838242	-30.190083	109.803177	-16.223198	0.000000	0.000000	7.125000	-129.483719	48.203865
393	-306.781677	-473.635834	-60.106331	-82.393768	0.000000	0.000000	7.125000	106.817902	224.382812
394	-383.405029	-396.036041	-59.382118	-45.811142	0.000000	0.000000	7.125000	220.525803	149.771896
395	-780.656433	5.321654	-110.492096	10.605485	0.000000	0.000000	7.125000	325.823151	-22.930410
396	574.633423	-83.327248	101.574036	-9.308586	0.000000	0.000000	7.125000	-303.079376	37.440247
397	632.794250	-127.715927	93.510834	-32.504021	0.000000	0.000000	7.125000	-283.810730	71.400925
398	-320.868958	619.343872	-41.564709	86.530678	0.000000	0.000000	7.125000	82.937988	-261.530060
399	-43.372055	4.851867	-6.327825	-80.732582	0.000000	0.000000	7.125000	-26.978941	126.304413
400	825.318237	117.486000	124.802544	17.326805	0.000000	0.000000	7.125000	-366.860901	-34.584843
401	237.381470	-48.617111	39.507080	-90.647568	0.000000	0.000000	7.125000	-73.656067	90.612244
402	132.618851	534.516113	28.037155	82.358292	0.000000	0.000000	7.125000	-89.675652	-274.022705
403	161.880234	-651.467102	1.956912	-113.981308	0.000000	0.000000	7.125000	-10.401274	349.860809
404	-180.441452	553.539307	-45.114693	81.322632	0.000000	0.000000	7.125000	96.615891	-239.346725
405	622.116455	-313.581207	92.412674	-43.172371	0.000000	0.000000	7.125000	-369.241699	199.914215
406	-49.134850	-266.858948	-54.732544	-67.607147	0.000000	0.000000	7.125000	69.152573	155.303131
407	332.983124	654.556274	50.337204	98.929855	0.000000	0.000000	7.125000	-126.651024	-276.699951
408	391.847656	505.527191	45.135445	74.374344	0.000000	0.000000	7.125000	-141.943909	-283.208435
409	-321.977325	540.199341	-73.755646	66.037598	0.000000	0.000000	7.125000	175.793869	-49.674641
410	-591.575500	-515.567627	-85.146820	-80.243477	0.000000	0.000000	7.125000	225.886658	225.551453
411	-94.589218	-412.128540	-22.068832	-81.048569	0.000000	0.000000	7.125000	57.346306	263.517395
412	277.173126	-241.216843	38.237370	-84.772743	0.000000	0.000000	7.125000	-63.478470	186.384140
413	-25.294071	462.610321	-20.596252	99.898880	0.000000	0.000000	7.125000	50.440205	-221.979462
414	-396.399780	558.809814	-58.562328	97.807755	0.000000	0.000000	7.125000	122.375252	-235.333176
415	-400.794586	-452.037415	-82.405792	-74.354729	0.000000	0.000000	7.125000	160.227203	188.332504
416	-83.003143	267.719910	-5.151424	77.799576	0.000000	0.000000	7.125000	-134.182251	-319.724945
417	255.737366	-456.990479	39.001461	-74.391495	0.000000	0.000000	7.125000	-77.255577	201.546906
418	365.259155	-439.315338	61.260033	-88.944687	0.000000	0.000000	7.125000	-93.887398	139.301865
419	-317.275635	719.197388	-47.291042	100.418053	0.000000	0.000000	7.125000	99.881485	-299.238190
420	-526.659424	-378.564575	-94.421661	-69.090271	0.000000	0.000000	7.125000	279.440460	199.744339
421	-284.207977	-21.531208	-101.096497	-13.520047	0.000000	0.000000	7.125000	157.001099	46.934380
422	-23.550638	623.575745	9.167963	101.587021	0.000000	0.000000	7.125000	-26.483385	-278.160858
423	-107.346405	-117.991447	-60.618050	-92.945839	0.000000	0.000000	7.125000	30.090967	106.206734
424	743.114807	-22.692228	113.809662	6.584289	0.000000	0.000000	7.125000	-316.565948	-11.215254
425	-433.057556	-554.963440	-68.988358	-86.950073	0.000000	0.000000	7.125000	155.838470	282.462524
426	246.632202	80.349442	95.040970	27.534779	0.000000	0.000000	7.125000	-186.533905	-0.309172
427	-403.921692	-158.265457	-74.156624	-45.494164	0.000000	0.000000	7.125000	206.030655	118.217499
428	252.109940	66.597618	63.892567	16.527643	0.000000	0.000000	7.125000	-164.212616	-18.030970
429	-348.025757	-589.952332	-64.740334	-82.665047	0.000000	0.000000	7.125000	134.820084	228.506958
430	88.055702	-163.131027	-1.044400	-110.868973	0.000000	0.000000	7.125000	-66.038925	78.664574
431	-258.153778	562.996582	-33.783802	86.645279	0.000000	0.000000	7.125000	69.644699	-251.735764
432	-450.149567	-715.548462	-70.328217	-89.715897	0.000000	0.000000	7.125000	167.246658	306.839752
433	-615.399536	428.680908	-103.436508	81.968536	0.000000	0.000000	7.125000	406.048004	-205.948685
434	-388.359161	-212.944382	-89.861969	-33.775742	0.000000	0.000000	7.125000	231.525513	99.375504
435	426.172119	-263.985413	92.594948	-55.585655	0.000000	0.000000	7.125000	-172.310135	105.932564
436	299.099426	-599.636902	24.340393	-99.051041	0.000000	0.000000	7.125000	-57.636925	350.267395
437	510.928925	-509.600281	76.144989	-88.829269	0.000000	0.000000	7.125000	-193.866119	255.389282
438	-610.528198	-161.681976	-75.967278	-48.256924	0.000000	0.000000	7.125000	268.904541	137.444336
439	146.415558	687.511353	0.845522	107.996613	0.000000	0.000000	7.125000	4.165165	-308.962830
440	504.661682	245.389557	102.356552	83.328613	0.000000	0.000000	7.125000	-227.802658	-129.994324
441	-704.772888	-70.249390	-110.348373	-28.612141	0.000000	0.000000	7.125000	305.496765	114.108856
442	-274.540161	-369.085327	-81.685402	-79.494408	0.000000	0.000000	7.125000	221.212601	341.158508
443	231.022797	-648.081421	39.375946	-97.325043	0.000000	0.000000	7.125000	0.048245	277.719849
444	664.343201	539.830872	86.384804	87.558304	0.000000	0.000000	7.125000	-315.069092	-306.268646
445	-532.951416	-107.243607	-87.924545	-38.538418	0.000000	0.000000	7.125000	277.197968	115.487419
446	-340.971985	-36.494179	-90.319374	-22.159460	0.000000	0.000000	7.125000	178.860840	55.528675
447	-239.091690	-97.723785	-72.701752	-67.181213	0.000000	0.000000	7.125000	143.378464	197.723160
448	46.531090	1.146658	-59.555122	-86.391220	0.000000	0.000000	7.125000	8.270939	172.184860
449	-567.422974	230.254333	-109.621826	40.849213	0.000000	0.000000	7.125000	268.406189	-45.000935
450	374.666870	528.851379	61.265106	85.273575	0.000000	0.000000	7.125000	-207.137634	-246.422974
451	847.002563	-87.844566	121.264526	-20.589037	0.000000	0.000000	7.125000	-360.332794	68.718704
452	654.015381	204.465378	89.300095	49.285698	0.000000	0.000000	7.125000	-220.465302	-80.625626
453	-75.390732	755.394958	16.894953	106.670319	0.000000	0.000000	7.125000	-47.109112	-333.450867
454	586.579102	-630.301270	82.250717	-74.531281	0.000000	0.000000	7.125000	-384.848572	239.787613
455	842.391846	252.027283	113.178223	39.868416	0.000000	0.000000	7.125000	-359.840576	-78.667007
456	499.127197	-804.578064	67.725479	-109.785233	0.000000	0.000000	7.125000	-150.956757	306.048767
457	-714.481750	-744.281677	-81.811981	-95.820801	0.000000	0.000000	7.125000	209.838531	337.744598
458	-193.989304	260.207153	-47.871387	72.641434	0.000000	0.000000	7.125000	115.765228	-142.363312
459	-747.900879	-355.681030	-96.237076	-71.682816	0.000000	0.000000	7.125000	304.611755	232.791763
460	138.396271	-390.486267	26.476692	-82.872627	0.000000	0.000000	7.125000	-35.173988	113.218712
461	-119.177345	528.052917	1.798008	101.978180	0.000000	0.000000	7.125000	-43.432121	-215.431427
462	256.646881	482.308044	35.483948	98.822075	0.000000	0.000000	7.125000	-92.325432	-229.669922
463	-481.423645	-777.687866	-78.997002	-101.979477	0.000000	0.000000	7.125000	185.305283	300.627045
464	-432.630188	-326.411377	-94.504135	-73.951836	0.000000	0.000000	7.125000	215.834915	188.741806
465	293.025177	-644.463562	37.347073	-94.914520	0.000000	0.000000	7.125000	-60.056229	73.586945
466	-438.897430	114.777267	-85.133919	44.350914	0.000000	0.000000	7.125000	293.858215	-96.965881
467	-55.879089	-264.313751	-10.033669	-68.266136	0.000000	0.000000	7.125000	20.427547	184.162292
468	33.601738	-594.727661	-16.060772	-91.602478	0.000000	0.000000	7.125000	28.181881	275.575409
469	-345.716766	-248.637756	-106.074585	-41.762619	0.000000	0.000000	7.125000	234.087891	100.796738
470	-308.440430	-502.686279	-69.482071	-61.816086	0.000000	0.000000	7.125000	203.694443	166.633057
471	-616.906311	432.374054	-81.193420	66.572182	0.000000	0.000000	7.125000	278.476807	-162.597549
472	-351.169159	-539.306396	-57.707359	-84.097893	0.000000	0.000000	7.125000	107.613060	234.746460
473	535.205444	75.749100	103.625061	16.930748	0.000000	0.000000	7.125000	-519.573975	-66.682480
474	283.788361	534.315308	56.464951	66.186928	0.000000	0.000000	7.125000	-149.705917	-187.365219
475	267.156189	-135.381058	95.625229	-8.449162	0.000000	0.000000	7.125000	-177.881027	30.419413
476	-521.370422	-325.771057	-74.249008	-50.862881	0.000000	0.000000	7.125000	209.621490	148.624573
477	-311.691284	294.406647	-69.075645	79.078621	0.000000	0.000000	7.125000	124.219269	-170.349579
478	-579.225098	-142.178467	-110.308380	-12.367011	0.000000	0.000000	7.125000	333.312958	27.516642
479	371.951599	-244.507462	57.356972	-48.323589	0.000000	0.000000	7.125000	-96.463539	83.243843
480	532.220764	58.468235	106.291145	-19.022964	0.000000	0.000000	7.125000	-184.962692	80.170013
481	-375.687866	731.928101	-51.195541	115.128815	0.000000	0.000000	7.125000	103.123260	-292.861816
482	-537.180847	270.568542	-85.739120	55.240639	0.000000	0.000000	7.125000	246.681259	-111.047104
483	-385.616821	61.559589	-86.649353	7.801418	0.000000	0.000000	7.125000	214.359238	17.920847
484	659.574707	-290.536987	117.691925	-82.965256	0.000000	0.000000	7.125000	-227.331741	144.819351
485	562.452942	464.730835	77.601746	75.110931	0.000000	0.000000	7.125000	-182.016571	-129.594589
486	113.453537	409.350281	-8.069344	71.543854	0.000000	0.000000	7.125000	23.371153	-167.347961
487	468.278015	281.193665	77.564590	51.296890	0.000000	0.000000	7.125000	-166.564667	-88.486824
488	-535.436401	114.437080	-87.808357	30.615652	0.000000	0.000000	7.125000	695.860107	-96.409584
489	-353.583038	666.062988	-58.626083	104.701515	0.000000	0.000000	7.125000	123.913475	-300.866241
490	-27.906227	669.295410	19.962540	96.965187	0.000000	0.000000	7.125000	-65.648514	-238.784531
491	-90.732552	104.968407	-35.253784	95.701523	0.000000	0.000000	7.125000	87.097656	-99.284317
492	-524.062744	296.590820	-80.285370	62.883858	0.000000	0.000000	7.125000	215.322006	-106.533501
493	-59.569031	-465.845337	-20.745281	-90.647964	0.000000	0.000000	7.125000	37.095791	224.414703
494	-602.761536	-472.424530	-92.229843	-81.368637	0.000000	0.000000	7.125000	180.291092	211.264526
495	-0.278042	656.344788	10.222439	113.535660	0.000000	0.000000	7.125000	-56.948338	-293.917419
496	349.679016	447.884735	48.435791	89.766174	0.000000	0.000000	7.125000	-100.614952	-139.839600
497	631.776245	448.680939	92.523659	76.403107	0.000000	0.000000	7.125000	-360.342072	-213.348495
498	-27.380293	763.067078	20.880611	115.121368	0.000000	0.000000	7.125000	-107.620811	-445.475067
499	-308.741943	-323.858521	-83.944382	-67.884102	0.000000	0.000000	7.125000	83.544777	135.200684
500	-440.483643	-379.987885	-73.073547	-87.499329	0.000000	0.000000	7.125000	108.528641	170.736603
501	-242.048386	260.710358	-56.725266	53.529621	0.000000	0.000000	7.125000	104.782036	-28.089798
502	-209.676697	-596.502930	-54.866035	-82.397186	0.000000	0.000000	7.125000	120.700790	300.895874
503	-153.282074	-336.264130	-30.120815	-87.985405	0.000000	0.000000	7.125000	43.096512	201.149765
504	323.627045	228.565796	85.910927	70.261742	0.000000	0.000000	7.125000	-203.839890	-104.280876
505	-252.060364	-302.028809	-63.941593	-44.668991	0.000000	0.000000	7.125000	186.010315	150.089615
506	268.284271	187.924881	79.924873	63.321678	0.000000	0.000000	7.125000	-132.218033	-47.583790
507	-749.601318	332.252869	-94.801071	68.556244	0.000000	0.000000	7.125000	306.611816	-140.661194
508	-351.497803	-218.541077	-99.221382	-34.344440	0.000000	0.000000	7.125000	92.882202	55.171124
509	-413.347260	-63.628242	-89.883148	4.525284	0.000000	0.000000	7.125000	188.874176	-4.099776
510	290.113525	437.064117	85.092140	80.260590	0.000000	0.000000	7.125000	-151.527939	-74.961166
511	-132.522751	-253.638306	-40.882999	-90.158882	0.000000	0.000000	7.125000	32.143993	118.060478
512	-75.175323	-266.254120	-0.245321	-101.988777	0.000000	0.000000	7.125000	-38.415268	213.694672
513	-642.873718	-629.896057	-77.355881	-91.733986	0.000000	0.000000	7.125000	207.299561	305.740417
514	-531.902954	-36.117142	-113.368675	-11.961233	0.000000	0.000000	7.125000	208.871567	1.367161
515	-252.120514	3.570105	-89.562378	65.568871	0.000000	0.000000	7.125000	-37.507591	0.916625
516	432.761536	336.280884	75.658325	77.062668	0.000000	0.000000	7.125000	-142.677139	-103.422951
517	-359.491852	651.814209	-63.282974	105.471603	0.000000	0.000000	7.125000	136.235916	-236.003403
518	359.888519	229.318512	91.063919	63.449940	0.000000	0.000000	7.125000	-209.766830	-101.382706
519	-488.120544	-249.785126	-97.703079	-15.970245	0.000000	0.000000	7.125000	272.190765	34.007221
520	-425.549042	-294.031189	-82.404419	-87.187828	0.000000	0.000000	7.125000	117.478462	201.674423
521	288.912018	751.314819	48.464615	103.182144	0.000000	0.000000	7.125000	-125.217255	-336.396637
522	673.015991	115.838493	91.140625	45.779694	0.000000	0.000000	7.125000	-344.248169	-99.817947
523	455.364685	-416.279419	81.632797	-44.547546	0.000000	0.000000	7.125000	-245.217911	88.129654
524	-411.397400	424.686157	-45.811802	70.407280	0.000000	0.000000	7.125000	192.880707	-402.267120
525	380.133392	281.401245	50.953075	55.033989	0.000000	0.000000	7.125000	-145.727463	-175.981659
526	113.244812	-251.611145	46.780376	-80.376175	0.000000	0.000000	7.125000	-92.089355	187.628693
527	-406.640808	-450.387543	-61.060879	-74.067238	0.000000	0.000000	7.125000	104.543808	202.227554
528	55.462341	-234.224457	28.056854	-113.553040	0.000000	0.000000	7.125000	-71.666809	135.443771
529	-481.137573	361.209595	-73.815941	78.836586	0.000000	0.000000	7.125000	193.551697	-192.916458
530	486.132874	32.729874	73.769897	40.162636	0.000000	0.000000	7.125000	-191.883896	-50.910477
531	-70.349083	-46.902336	-107.456436	10.723825	0.000000	0.000000	7.125000	101.948074	6.503617
532	-222.104187	289.488770	-80.564774	71.907127	0.000000	0.000000	7.125000	60.241032	-72.881935
533	-77.105576	-644.032471	-30.339268	-125.378204	0.000000	0.000000	7.125000	54.272953	301.585358
534	-378.066986	-91.337524	-119.995087	26.978394	0.000000	0.000000	7.125000	87.182526	11.913229
535	286.174622	304.530548	74.252258	105.485603	0.000000	0.000000	7.125000	-71.377586	-62.537258
536	488.945007	-172.770920	86.874268	-40.844700	0.000000	0.000000	7.125000	-208.052689	69.992218
537	136.389053	406.717041	28.858238	97.832230	0.000000	0.000000	7.125000	-102.105148	-316.937408
538	-511.302887	2.506851	-98.534912	-9.558442	0.000000	0.000000	7.125000	343.872894	11.917840
539	-527.837891	-524.754944	-87.766357	-67.955223	0.000000	0.000000	7.125000	217.054199	183.062546
540	-201.274506	554.037292	-13.258272	98.108101	0.000000	0.000000	7.125000	16.042501	-212.375748
541	-448.406403	-513.834473	-63.031445	-64.241577	0.000000	0.000000	7.125000	207.845352	236.174637
542	-295.281189	-104.345741	-54.952320	-46.511341	0.000000	0.000000	7.125000	129.219482	160.931152
543	-248.546326	547.440002	-80.284523	76.646263	0.000000	0.000000	7.125000	241.247650	-166.655273
544	216.028595	-126.089241	92.192154	-43.638340	0.000000	0.000000	7.125000	-144.907516	97.308449
545	182.862411	-131.100357	64.836601	-62.417770	0.000000	0.000000	7.125000	-47.983017	74.733421
546	-500.819885	441.324188	-66.695343	69.048042	0.000000	0.000000	7.125000	252.610870	-251.212479
547	680.936035	115.167587	104.994034	0.473249	0.000000	0.000000	7.125000	-338.780670	23.410345
548	-40.010544	-272.343140	-0.332979	-104.939850	0.000000	0.000000	7.125000	-38.740440	134.474915
549	290.122620	457.484070	50.836216	91.854836	0.000000	0.000000	7.125000	-123.615791	-147.358414
550	606.693481	-366.366364	78.070625	-50.531643	0.000000	0.000000	7.125000	-277.202393	146.203232
551	-342.585388	487.603973	-33.027443	90.139763	0.000000	0.000000	7.125000	67.864647	-214.833496
552	13.173497	601.404114	7.191055	89.712204	0.000000	0.000000	7.125000	-20.597059	-285.259674
553	235.040436	173.660599	92.511414	49.627808	0.000000	0.000000	7.125000	-149.866333	-23.970068
554	-76.024994	206.560059	-15.217489	85.657623	0.000000	0.000000	7.125000	21.955276	-159.597595
555	282.859436	516.711182	58.225121	68.627426	0.000000	0.000000	7.125000	-157.381866	-203.775421
556	364.641693	440.516998	52.397255	73.174088	0.000000	0.000000	7.125000	-115.492249	-179.254166
557	501.147949	-627.527100	74.914368	-77.792923	0.000000	0.000000	7.125000	-199.161469	240.341248
558	-400.809570	-464.124939	-67.988838	-71.956650	0.000000	0.000000	7.125000	151.170517	209.066696
559	374.861359	397.461548	79.546242	81.657959	0.000000	0.000000	7.125000	-215.615097	-176.200272
560	326.814514	-366.328613	68.476471	-75.591965	0.000000	0.000000	7.125000	-95.257790	97.715836
561	-260.996826	308.808228	-69.149742	62.166862	0.000000	0.000000	7.125000	200.299484	-104.648720
562	-346.201691	-483.228943	-69.399612	-90.433685	0.000000	0.000000	7.125000	127.502098	224.222229
563	-315.974701	546.557007	-82.713516	82.747864	0.000000	0.000000	7.125000	189.246475	-158.748032
564	205.357468	474.408905	15.189762	88.708405	0.000000	0.000000	7.125000	-54.440025	-285.619049
565	54.056656	-146.891510	70.128754	-33.851902	0.000000	0.000000	7.125000	-86.828003	15.702611
566	-517.091797	595.439514	-73.426094	79.199799	0.000000	0.000000	7.125000	175.543732	-212.229660
567	-313.198212	-26.359413	-80.353485	57.829994	0.000000	0.000000	7.125000	140.626541	-89.447708
568	520.224121	642.905884	74.522751	82.263611	0.000000	0.000000	7.125000	-221.600922	-280.003387
569	-540.845642	-262.866730	-93.236313	-54.487511	0.000000	0.000000	7.125000	150.401016	122.754913
570	429.383759	-574.371948	56.035351	-95.811340	0.000000	0.000000	7.125000	-120.917763	296.125397
571	-423.764008	-80.335037	-106.019058	20.566864	0.000000	0.000000	7.125000	197.813965	-23.467016
572	497.803284	-454.508453	82.489227	-54.735023	0.000000	0.000000	7.125000	-275.091949	135.469482
573	239.437317	-566.451294	25.508385	-108.025604	0.000000	0.000000	7.125000	-19.223507	271.943420
574	-50.362148	-430.258331	-82.286674	-69.939941	0.000000	0.000000	7.125000	94.372360	106.038704
575	552.095459	664.439270	77.215454	79.739532	0.000000	0.000000	7.125000	-220.726578	-233.902008
576	430.059723	-485.940796	57.127693	-65.614670	0.000000	0.000000	7.125000	-145.923523	191.076111
577	308.875946	-600.923218	38.538986	-87.923126	0.000000	0.000000	7.125000	-94.764214	300.200348
578	-116.382462	803.199097	-22.044260	117.957703	0.000000	0.000000	7.125000	47.434258	-361.990356
579	512.630127	593.711487	53.651127	93.729095	0.000000	0.000000	7.125000	-149.347656	-324.433746
580	421.333649	-251.300964	84.236000	-46.035236	0.000000	0.000000	7.125000	-310.362976	99.267189
581	-41.700417	830.181641	-10.760396	134.568878	0.000000	0.000000	7.125000	24.125540	-212.412811
582	-340.559448	244.107635	-62.085640	56.572556	0.000000	0.000000	7.125000	172.193283	-102.025879
583	22.515188	-464.427979	24.567619	-86.581703	0.000000	0.000000	7.125000	-58.745125	238.420822
584	186.661362	323.545959	47.789421	79.778557	0.000000	0.000000	7.125000	-119.859604	-168.755875
585	67.180145	-132.857132	-14.124320	-70.147469	0.000000	0.000000	7.125000	-38.693066	26.018333
586	541.906982	169.302094	74.443207	38.895874	0.000000	0.000000	7.125000	-251.974411	-75.005531
587	-639.379578	366.725769	-81.141075	61.801540	0.000000	0.000000	7.125000	289.515137	-152.364868
588	256.592072	101.276428	61.105484	15.332502	0.000000	0.000000	7.125000	-168.903946	-33.422630
589	-526.176331	-205.852448	-72.430992	-36.258709	0.000000	0.000000	7.125000	204.895432	93.591255
590	426.660706	529.550415	62.931099	64.340317	0.000000	0.000000	7.125000	-191.568939	-183.232620
591	-572.427490	340.104126	-82.826599	73.881943	0.000000	0.000000	7.125000	84.398003	-41.581059
592	-301.451447	512.748596	-41.459309	66.067703	0.000000	0.000000	7.125000	93.663597	-235.237137
593	322.761566	233.280792	105.368858	50.839672	0.000000	0.000000	7.125000	-527.898010	-175.494370
594	513.768799	-26.192419	104.736931	7.415283	0.000000	0.000000	7.125000	-296.680603	-5.306540
595	-13.278986	306.877716	46.563183	110.590866	0.000000	0.000000	7.125000	-191.475037	-287.631348
596	364.566925	-501.903076	58.957977	-75.761925	0.000000	0.000000	7.125000	-165.459686	242.643997
597	204.476608	-617.948303	46.213818	-97.611191	0.000000	0.000000	7.125000	-130.680237	328.984497
598	364.634277	-347.468597	88.088913	-51.416359	0.000000	0.000000	7.125000	-208.576431	99.390732
599	-656.333130	-19.212816	-107.759109	7.193768	0.000000	0.000000	7.125000	178.981857	-10.090126
600	-551.887695	269.019470	-84.216896	46.075806	0.000000	0.000000	7.125000	273.093597	-118.339684
601	636.519409	-542.135986	84.361847	-76.674438	0.000000	0.000000	7.125000	-287.263824	262.465057
602	-151.461517	-685.981628	-17.500429	-97.440445	0.000000	0.000000	7.125000	41.712788	314.175995
603	497.986389	-133.858673	85.397079	-36.821049	0.000000	0.000000	7.125000	-243.270523	40.629612
604	29.774706	654.473511	24.744156	105.124954	0.000000	0.000000	7.125000	-82.940063	-274.036682
605	16.059803	-76.677895	70.539589	81.723831	0.000000	0.000000	7.125000	-122.215714	-44.762547
606	446.269165	241.932556	69.551476	47.085701	0.000000	0.000000	7.125000	-281.400757	-108.695244
607	-243.938965	-356.550568	-39.277481	-77.624855	0.000000	0.000000	7.125000	89.691223	262.833740
608	208.766235	-572.151978	53.952248	-83.006943	0.000000	0.000000	7.125000	-129.086456	220.993942
609	382.440247	289.399567	86.958611	53.281208	0.000000	0.000000	7.125000	-329.356232	-92.471611
610	249.686554	-232.530136	73.031830	-66.814087	0.000000	0.000000	7.125000	-111.393982	83.666016
611	-56.089481	61.430321	-81.516273	-66.165512	0.000000	0.000000	7.125000	69.161903	84.429108
612	-125.612511	-385.700592	-7.578693	-74.612305	0.000000	0.000000	7.125000	-0.890797	218.065186
613	-17.074675	-375.348175	11.685927	-113.376984	0.000000	0.000000	7.125000	-56.298061	184.325226
614	-220.355118	409.434875	-17.648539	97.393852	0.000000	0.000000	7.125000	-7.569869	-146.701080
615	424.684692	42.317673	104.438339	37.596458	0.000000	0.000000	7.125000	-228.486649	-60.577045
616	-252.606873	501.972778	-28.684202	94.751114	0.000000	0.000000	7.125000	57.464405	-208.239990
617	217.473465	427.715576	41.434326	79.892899	0.000000	0.000000	7.125000	-188.143021	-293.388824
618	420.227356	144.400528	111.158615	36.504353	0.000000	0.000000	7.125000	-231.994553	-59.108677
619	-737.085022	-141.545944	-106.448357	-31.459255	0.000000	0.000000	7.125000	255.723160	83.563217
620	29.414169	246.328735	19.851803	72.313538	0.000000	0.000000	7.125000	-63.357498	-72.314980
621	624.241211	-68.153885	104.987091	1.614997	0.000000	0.000000	7.125000	-314.636078	4.542398
622	-45.784237	-324.086975	14.611292	-88.783508	0.000000	0.000000	7.125000	-42.751755	102.225815
623	197.214661	-462.000153	79.845253	-93.553520	0.000000	0.000000	7.125000	-180.798279	219.938522
624	-442.056732	127.142311	-118.853241	-41.695374	0.000000	0.000000	7.125000	66.422722	79.865517
625	505.091309	-699.489746	75.260574	-77.458565	0.000000	0.000000	7.125000	-219.489410	244.528854
626	411.598602	-218.790924	105.351807	-23.760752	0.000000	0.000000	7.125000	-261.371490	62.002911
627	-243.619339	-512.271545	-30.730509	-128.360550	0.000000	0.000000	7.125000	31.055607	212.787811
628	-20.268501	707.391479	14.681698	106.997375	0.000000	0.000000	7.125000	-19.987555	-331.182404
629	38.842918	-586.841919	17.891266	-88.201180	0.000000	0.000000	7.125000	-26.850349	280.611481
630	293.724335	-191.203094	85.566353	-43.523251	0.000000	0.000000	7.125000	-183.652359	108.024124
631	-8.491919	-474.767792	25.343571	-76.931320	0.000000	0.000000	7.125000	-57.156673	323.559845
632	-643.460938	-313.888153	-95.786194	-61.814014	0.000000	0.000000	7.125000	324.901459	233.662125
633	576.754944	503.502563	72.925011	79.659317	0.000000	0.000000	7.125000	-204.723770	-267.534058
634	311.636902	-432.486267	52.764305	-57.444874	0.000000	0.000000	7.125000	-189.432938	206.191742
635	-305.989410	-94.976433	-91.327820	-38.196934	0.000000	0.000000	7.125000	76.295128	72.449028
636	293.307129	-329.957794	104.072083	-53.454552	0.000000	0.000000	7.125000	-257.485504	102.726845
637	640.326111	-268.039886	100.200012	-40.277504	0.000000	0.000000	7.125000	-426.735138	98.177582
638	163.994995	191.007874	83.617661	63.464828	0.000000	0.000000	7.125000	-188.329208	-68.569046
639	148.092697	-874.430298	31.802652	-131.195892	0.000000	0.000000	7.125000	-71.862160	373.372833
640	-737.876282	161.667419	-117.042465	26.467541	0.000000	0.000000	7.125000	361.177551	-36.411442
641	-532.862915	470.373627	-66.907822	68.842712	0.000000	0.000000	7.125000	213.159302	-222.475739
642	-683.567200	-202.701019	-101.960487	2.824806	0.000000	0.000000	7.125000	280.315460	-1.471731
643	-484.672058	72.983612	-90.551003	31.880661	0.000000	0.000000	7.125000	153.206436	-47.034687
644	-191.085388	542.459351	-2.216800	98.970062	0.000000	0.000000	7.125000	-24.668739	-241.838470
645	15.799000	-406.098938	26.185013	-82.964523	0.000000	0.000000	7.125000	-65.615074	342.175110
646	-455.110199	-490.288269	-70.215073	-85.964043	0.000000	0.000000	7.125000	81.901192	207.827103
647	-436.436127	9.717527	-91.154938	-18.390232	0.000000	0.000000	7.125000	121.315369	61.066494
648	-42.549084	-229.713196	8.201301	-74.548218	0.000000	0.000000	7.125000	-38.379509	175.547348
649	-63.479675	-59.091461	-51.185844	-62.775578	0.000000	0.000000	7.125000	99.282204	144.527954
650	-395.065063	294.296021	-53.636608	86.754936	0.000000	0.000000	7.125000	112.787575	-268.943817
651	326.843475	-444.578766	60.130188	-66.965004	0.000000	0.000000	7.125000	-157.709900	211.114807
652	-589.711853	322.217621	-70.585602	65.066147	0.000000	0.000000	7.125000	217.170197	-143.201752
653	-336.448730	579.707581	-32.562183	109.249619	0.000000	0.000000	7.125000	82.038124	-284.402802
654	-184.597137	-514.660034	-9.638083	-92.499146	0.000000	0.000000	7.125000	19.660753	337.868866
655	416.319946	108.963196	86.450325	9.758310	0.000000	0.000000	7.125000	-298.351776	-21.631071
656	188.989166	541.051758	27.343107	104.480209	0.000000	0.000000	7.125000	-102.365013	-314.336792
657	-151.462769	126.214737	0.147517	98.970100	0.000000	0.000000	7.125000	-15.112543	-45.305347
658	-228.796280	451.898926	-21.800694	117.999649	0.000000	0.000000	7.125000	-26.903755	-184.906479
659	-506.407715	560.716187	-56.516853	84.908012	0.000000	0.000000	7.125000	103.804665	-167.795349
660	169.507751	249.015900	41.180504	83.378860	0.000000	0.000000	7.125000	-86.449402	-169.340973
661	-501.964050	559.552979	-67.607986	76.373161	0.000000	0.000000	7.125000	170.189804	-224.200302
662	-719.445923	-10.732695	-100.344025	-18.289127	0.000000	0.000000	7.125000	282.340546	76.931442
663	-419.925629	145.888046	-105.807899	62.691864	0.000000	0.000000	7.125000	64.056938	-49.957130
664	120.435600	531.186096	51.016392	105.290436	0.000000	0.000000	7.125000	-179.766449	-371.973175
665	418.095245	617.346069	69.830284	65.872482	0.000000	0.000000	7.125000	-252.054749	-176.929077
666	157.141602	462.176544	31.989202	90.513474	0.000000	0.000000	7.125000	-114.065025	-288.206696
667	-527.201294	329.816071	-76.522331	47.367653	0.000000	0.000000	7.125000	244.958817	-103.026718
668	127.921089	-54.844082	102.579468	-22.364956	0.000000	0.000000	7.125000	-159.749054	58.538193
669	97.413246	-616.658142	22.883331	-96.306885	0.000000	0.000000	7.125000	-38.030510	304.471619
670	-57.245720	-87.107864	-49.182350	-112.066147	0.000000	0.000000	7.125000	-96.014648	-3.701944
671	217.906158	-597.369629	35.787590	-89.079956	0.000000	0.000000	7.125000	42.035351	108.705925
672	-276.712433	-518.091248	-26.244286	-92.342216	0.000000	0.000000	7.125000	36.281189	184.660202
673	136.073776	410.961395	48.485207	75.820343	0.000000	0.000000	7.125000	-139.215363	-182.005692
674	424.618958	353.570526	59.875198	58.914856	0.000000	0.000000	7.125000	-152.481720	-150.878906
675	475.223755	94.499908	98.362289	26.962231	0.000000	0.000000	7.125000	-206.747971	-18.856216
676	343.124756	581.198608	50.908348	88.387413	0.000000	0.000000	7.125000	-134.498871	-238.382172
677	-14.596148	390.392456	3.168604	89.933350	0.000000	0.000000	7.125000	-41.250362	-183.523087
678	-180.882935	478.582642	-41.890560	96.275070	0.000000	0.000000	7.125000	83.749969	-302.585999
679	-153.244919	623.487732	-30.334471	91.079468	0.000000	0.000000	7.125000	80.848801	-280.004883
680	493.032074	-329.188141	87.613098	-72.937943	0.000000	0.000000	7.125000	-186.116013	158.649597
681	613.113464	-221.184998	84.668449	-30.506557	0.000000	0.000000	7.125000	-271.954132	45.433743
682	-390.975647	-621.835632	-55.119026	-85.817825	0.000000	0.000000	7.125000	114.076469	266.845123
683	-647.918640	462.045105	-89.981995	79.388306	0.000000	0.000000	7.125000	166.930923	-124.939964
684	107.841301	213.904526	-12.896454	86.032936	0.000000	0.000000	7.125000	-16.624361	-239.796616
685	521.397644	410.306458	63.007553	59.987480	0.000000	0.000000	7.125000	-163.180130	-131.244354
686	-418.639557	81.308243	-89.656540	34.280327	0.000000	0.000000	7.125000	240.000427	-2.150035
687	-662.391846	9.958944	-97.542122	16.924736	0.000000	0.000000	7.125000	268.908936	-29.703400
688	464.224121	354.017120	82.389008	74.382431	0.000000	0.000000	7.125000	-152.407974	-112.879951
689	-37.970970	213.895126	-32.697639	102.930695	0.000000	0.000000	7.125000	62.421242	-140.292572
690	260.443817	-564.395996	52.518776	-80.353348	0.000000	0.000000	7.125000	-54.594440	189.247726
691	-232.058853	-319.140747	-103.026382	-41.294373	0.000000	0.000000	7.125000	200.322906	103.302330
692	-557.180664	331.614441	-89.216667	70.931145	0.000000	0.000000	7.125000	188.004028	-75.534889
693	-405.065552	-209.418793	-85.718102	-14.879733	0.000000	0.000000	7.125000	169.273819	33.879742
694	291.394897	-269.500092	97.930450	14.375610	0.000000	0.000000	7.125000	-199.433960	8.545491
695	29.135925	-271.917603	-68.437859	-79.629639	0.000000	0.000000	7.125000	63.216034	99.565140
696	701.484314	-286.286102	115.697540	-41.744633	0.000000	0.000000	7.125000	-289.294952	77.871101
697	417.074127	-742.583740	54.501213	-103.525757	0.000000	0.000000	7.125000	-117.051529	317.390228
698	-103.641235	445.072815	-29.644554	84.977180	0.000000	0.000000	7.125000	63.179928	-225.127792
699	607.924072	463.085693	87.418671	77.756210	0.000000	0.000000	7.125000	-311.186310	-209.198227
700	182.952515	310.243073	24.396538	105.206009	0.000000	0.000000	7.125000	-65.534065	-228.942596
701	462.488953	487.685974	88.709717	76.243576	0.000000	0.000000	7.125000	-229.762527	-156.552444
702	57.456619	374.942139	-7.891454	86.635986	0.000000	0.000000	7.125000	-8.915114	-151.528244
703	-205.653839	-253.747253	-49.073074	-75.426727	0.000000	0.000000	7.125000	88.472626	237.474564
704	202.831238	322.319366	38.281372	107.377426	0.000000	0.000000	7.125000	-106.851578	-215.303970
705	496.812561	-275.257721	73.666580	-33.677811	0.000000	0.000000	7.125000	-148.624115	83.470978
706	829.043945	-355.954529	123.427361	-54.683762	0.000000	0.000000	7.125000	-253.741455	43.010696
707	300.517517	-619.953613	49.099754	-96.188576	0.000000	0.000000	7.125000	-111.305771	303.168457
708	-369.636353	577.714966	-68.704666	67.041084	0.000000	0.000000	7.125000	214.204254	-158.316010
709	-6.497810	367.524597	16.938828	91.423965	0.000000	0.000000	7.125000	-86.735138	-190.086960
710	-183.351425	684.209473	-13.251409	104.155838	0.000000	0.000000	7.125000	24.675762	-395.974609
711	-280.836731	-437.855469	-85.067841	-61.550465	0.000000	0.000000	7.125000	200.553192	162.887283
712	-224.222351	860.291016	-39.578327	122.771317	0.000000	0.000000	7.125000	54.777363	-360.435974
713	-193.938232	207.066284	-63.893211	75.606163	0.000000	0.000000	7.125000	106.276794	-105.215675
714	500.703613	-306.326080	75.454170	-68.631805	0.000000	0.000000	7.125000	-679.149231	528.859009
715	191.232819	-254.189667	58.154541	-98.049797	0.000000	0.000000	7.125000	-75.703293	116.463211
716	-590.158691	-440.992035	-99.482819	-33.583469	0.000000	0.000000	7.125000	325.060211	78.483231
717	-433.119019	90.470131	-101.999725	0.211162	0.000000	0.000000	7.125000	196.138824	21.456190
718	-486.886993	47.854492	-101.999321	-0.364077	0.000000	0.000000	7.125000	212.482742	21.070635
719	406.326721	276.606384	69.019028	70.973907	0.000000	0.000000	7.125000	-165.246414	-196.977951
720	-357.580994	368.274414	-67.852470	67.911942	0.000000	0.000000	7.125000	75.560364	-65.248451
721	-489.301758	-356.769104	-78.569885	-43.894127	0.000000	0.000000	7.125000	255.153030	122.014145
722	-809.746643	204.774353	-117.455025	60.214546	0.000000	0.000000	7.125000	329.548584	-103.408554
723	-224.836975	-572.544800	-37.396049	-94.897125	0.000000	0.000000	7.125000	97.689056	283.812500
724	387.657043	473.010529	33.970577	86.573532	0.000000	0.000000	7.125000	-111.307495	-254.606201
725	528.794861	-824.258728	91.726486	-90.703522	0.000000	0.000000	7.125000	-294.981354	268.443848
726	552.920349	-607.893860	78.570343	-78.404831	0.000000	0.000000	7.125000	-247.236206	199.416443
727	-41.363213	-438.084869	-31.666651	-77.799065	0.000000	0.000000	7.125000	73.145241	224.968628
728	-480.259552	152.225403	-89.034973	43.272224	0.000000	0.000000	7.125000	286.226318	-89.032974
729	488.836792	565.215698	76.184349	72.244598	0.000000	0.000000	7.125000	-341.178772	-207.845642
730	523.336060	143.281906	86.967834	-2.365463	0.000000	0.000000	7.125000	-261.916412	8.587001
731	-314.904755	609.410217	-37.062164	95.027496	0.000000	0.000000	7.125000	182.259735	-657.097839
732	640.992737	-300.716095	116.918602	-4.155739	0.000000	0.000000	7.125000	-182.508789	101.367783
733	-55.927170	471.746399	-10.484529	83.342201	0.000000	0.000000	7.125000	15.375522	-234.147614
734	624.497070	-346.460876	79.072395	-48.948841	0.000000	0.000000	7.125000	-282.722198	119.143829
735	573.701660	-388.480957	76.700111	-71.708183	0.000000	0.000000	7.125000	-669.127380	610.095459
736	593.952209	289.441956	78.459274	55.306870	0.000000	0.000000	7.125000	-302.956482	-127.314850
737	80.070663	636.974304	0.210973	101.997948	0.000000	0.000000	7.125000	-11.058426	-471.371918
738	233.829422	580.397522	21.740355	124.110191	0.000000	0.000000	7.125000	-54.315128	-319.813202
739	-713.388428	-425.506927	-95.743454	-61.879662	0.000000	0.000000	7.125000	232.243240	120.859276
740	338.471649	547.389771	42.011799	82.968384	0.000000	0.000000	7.125000	-117.346970	-278.335510
741	-378.597534	218.432892	-105.868301	62.616516	0.000000	0.000000	7.125000	297.784393	-154.380249
742	-563.771973	177.774750	-84.629272	38.536034	0.000000	0.000000	7.125000	248.258286	-48.915699
743	441.973938	-422.647583	76.683121	-71.726479	0.000000	0.000000	7.125000	-148.835724	143.358063
744	-119.648331	379.775665	-41.029789	103.138412	0.000000	0.000000	7.125000	138.476242	-364.307190
745	-584.656128	-438.604218	-90.349129	-47.338760	0.000000	0.000000	7.125000	276.397186	124.118523
746	-460.453674	-45.892090	-109.367981	-31.891239	0.000000	0.000000	7.125000	255.082153	165.517426
747	-225.189972	-465.178467	-40.640587	-63.028416	0.000000	0.000000	7.125000	73.620811	200.506912
748	903.216919	141.497223	123.665840	46.148338	0.000000	0.000000	7.125000	-356.240814	-83.976753
749	-468.086761	666.318542	-80.243004	80.974976	0.000000	0.000000	7.125000	229.288910	-207.561844
750	650.697815	496.660950	81.736435	79.465042	0.000000	0.000000	7.125000	-258.534668	-202.167404
751	-346.525146	452.515686	-84.353806	72.143021	0.000000	0.000000	7.125000	238.926743	-141.378494
752	508.245697	128.966187	73.759094	78.873871	0.000000	0.000000	7.125000	-144.690460	-127.259377
753	507.843079	-668.997925	82.145172	-103.310493	0.000000	0.000000	7.125000	-217.921066	375.871429
754	222.271362	347.143524	5.083682	77.833351	0.000000	0.000000	7.125000	-0.968112	-165.519150
755	-87.144951	-266.436462	-20.515234	-75.251198	0.000000	0.000000	7.125000	9.162384	121.522278
756	309.944397	185.728287	58.326431	51.785904	0.000000	0.000000	7.125000	-88.494904	-85.165207
757	659.013367	393.782471	75.679688	72.783493	0.000000	0.000000	7.125000	-249.635651	-217.041473
758	-83.658707	340.939178	-36.558659	98.407425	0.000000	0.000000	7.125000	65.496964	-46.539249
759	-511.056854	325.666809	-83.683723	58.298435	0.000000	0.000000	7.125000	322.369232	-135.330826
760	-1.610580	-515.041016	-5.118021	-89.849388	0.000000	0.000000	7.125000	-24.833366	338.482239
761	-436.345276	258.689056	-74.645706	44.678677	0.000000	0.000000	7.125000	227.669510	-91.908920
762	169.514252	-474.613281	58.449387	-94.363251	0.000000	0.000000	7.125000	-117.634636	189.426712
763	501.282867	-91.748962	95.690437	7.700625	0.000000	0.000000	7.125000	-290.852020	-9.191287
764	-520.166260	405.521423	-69.637413	57.010529	0.000000	0.000000	7.125000	277.142761	-168.810501
765	126.646370	612.426941	-16.379200	109.783646	0.000000	0.000000	7.125000	27.138941	-226.730408
766	516.078369	111.617104	85.078522	37.535637	0.000000	0.000000	7.125000	-118.402367	-45.364445
767	258.993927	-154.135651	59.483452	-34.967377	0.000000	0.000000	7.125000	-68.551430	45.190403
768	-328.202576	-183.853027	-77.354698	-46.002483	0.000000	0.000000	7.125000	162.511032	87.622169
769	245.484741	438.487244	36.860096	85.383041	0.000000	0.000000	7.125000	-118.258232	-240.305344
770	-511.775604	-734.905945	-71.809380	-96.128250	0.000000	0.000000	7.125000	214.765320	397.665283
771	-527.137573	570.833801	-76.578720	76.154739	0.000000	0.000000	7.125000	242.207840	-226.258804
772	372.186707	631.067566	60.769619	89.280640	0.000000	0.000000	7.125000	-175.236542	-292.136047
773	346.076599	-409.814148	62.079765	-56.587021	0.000000	0.000000	7.125000	-178.185379	162.099274
774	216.779617	315.383057	30.318556	68.598709	0.000000	0.000000	7.125000	-91.371635	-203.631088
775	-635.243103	-693.247131	-101.908997	-83.896095	0.000000	0.000000	7.125000	374.258881	303.628479
776	-712.212097	-570.510376	-99.734085	-66.728416	0.000000	0.000000	7.125000	313.713226	173.234802
777	406.253113	65.334419	66.497162	18.414490	0.000000	0.000000	7.125000	-213.430481	-48.338654
778	114.639252	471.009125	7.795762	113.699486	0.000000	0.000000	7.125000	-54.021786	-137.150131
779	-446.594879	-213.894684	-95.957443	2.598992	0.000000	0.000000	7.125000	180.010132	26.424500
780	350.124969	100.301727	102.668961	67.331787	0.000000	0.000000	7.125000	-121.999001	24.143658
781	-59.365303	-358.136841	-64.124039	-75.424271	0.000000	0.000000	7.125000	48.009552	50.023609
782	-180.654633	-607.779358	-48.113266	-76.052467	0.000000	0.000000	7.125000	102.766380	324.524323
783	534.738342	-54.609638	98.756607	-6.927986	0.000000	0.000000	7.125000	-235.549530	15.070003
784	-84.151138	-284.535217	-83.997673	-81.393600	0.000000	0.000000	7.125000	86.656197	138.597916
785	-336.487000	69.366158	-95.068771	27.620697	0.000000	0.000000	7.125000	165.307938	-28.134647
786	72.463074	-328.388702	-21.572981	-102.739227	0.000000	0.000000	7.125000	-3.841783	168.322525
787	116.253738	-516.403198	-2.809604	-116.965866	0.000000	0.000000	7.125000	-6.065249	193.700043
788	-246.513794	-426.034424	-85.969963	-92.106934	0.000000	0.000000	7.125000	159.705948	183.823990
789	196.972839	605.630066	0.257848	104.999336	0.000000	0.000000	7.125000	-15.033143	-204.219635
790	-449.286560	-96.286102	-109.820915	16.117344	0.000000	0.000000	7.125000	372.627930	-60.884132
791	-441.448486	-502.777069	-72.675323	-62.723808	0.000000	0.000000	7.125000	207.887756	191.062363
792	480.791901	584.694702	46.675259	97.391876	0.000000	0.000000	7.125000	-110.681274	-296.122192
793	291.397522	-470.756744	65.453690	-74.273972	0.000000	0.000000	7.125000	-48.134506	135.097000
794	178.455307	598.979248	43.834759	118.129120	0.000000	0.000000	7.125000	-111.323502	-275.590424
795	588.343567	-319.233368	74.270996	-82.489304	0.000000	0.000000	7.125000	-174.917480	151.092270
796	-326.604614	-542.681641	-14.937584	-103.930313	0.000000	0.000000	7.125000	21.667112	280.608368
797	260.150238	226.793793	71.328758	103.864510	0.000000	0.000000	7.125000	-107.206467	-129.559616
798	-433.700500	-239.750885	-81.262787	-31.070217	0.000000	0.000000	7.125000	241.063446	92.239311
799	-656.278381	15.029606	-134.560364	10.858989	0.000000	0.000000	7.125000	269.336578	-1.355774
800	321.575928	-223.066086	72.975113	-27.542526	0.000000	0.000000	7.125000	-223.524216	95.079872
801	-401.955627	-422.805115	-89.879318	-59.880104	0.000000	0.000000	7.125000	178.302643	92.716675
802	501.635498	-94.304039	96.485497	33.081955	0.000000	0.000000	7.125000	-209.938873	-70.425995
803	-7.658709	-641.335693	0.135802	-95.999718	0.000000	0.000000	7.125000	17.636557	455.059235
804	498.595520	-684.293152	66.593948	-88.801285	0.000000	0.000000	7.125000	-160.516144	275.912018
805	-356.996277	-395.082092	-49.015465	-48.564213	0.000000	0.000000	7.125000	199.816849	188.465088
806	-78.563187	-675.547058	13.745611	-110.143944	0.000000	0.000000	7.125000	-17.797709	328.782166
807	-479.318085	-420.667786	-89.809692	-59.985107	0.000000	0.000000	7.125000	208.346115	144.451599
808	-722.867981	460.602112	-88.665871	76.334198	0.000000	0.000000	7.125000	295.795715	-204.036728
809	19.403791	36.534184	-3.421453	119.948898	0.000000	0.000000	7.125000	4.174648	-107.880356
810	320.531555	-485.624878	68.636414	-67.119606	0.000000	0.000000	7.125000	-165.183273	172.297195
811	432.599365	-458.391846	83.934715	-57.955132	0.000000	0.000000	7.125000	-287.356049	175.674698
812	-172.406418	-92.347420	-113.972443	1.884512	0.000000	0.000000	7.125000	95.782829	27.577200
813	558.745789	-155.289688	86.952011	-2.802441	0.000000	0.000000	7.125000	-116.936966	-25.883057
814	656.019531	673.770630	76.000961	96.704269	0.000000	0.000000	7.125000	-183.410080	-314.642334
815	-759.360474	8.409840	-113.035706	30.185043	0.000000	0.000000	7.125000	333.625122	-55.330517
816	-200.068451	-592.421326	-34.109688	-92.937767	0.000000	0.000000	7.125000	75.716339	275.312714
817	395.739563	-542.236694	71.920807	-76.500755	0.000000	0.000000	7.125000	-181.479309	194.817642
818	167.528610	-72.393837	52.767952	-34.416851	0.000000	0.000000	7.125000	-155.135971	106.094658
819	-524.944763	140.404388	-98.557236	26.276249	0.000000	0.000000	7.125000	290.279572	-54.693253
820	-234.505997	-588.320801	-43.096485	-102.289482	0.000000	0.000000	7.125000	100.401627	324.571289
821	210.098892	540.957031	23.594381	96.146973	0.000000	0.000000	7.125000	-85.024422	-298.602295
822	-373.356079	370.740723	-64.805008	74.840477	0.000000	0.000000	7.125000	175.587769	-190.932861
823	-523.023193	-244.361481	-101.566788	-58.069466	0.000000	0.000000	7.125000	318.736664	149.509720
824	255.657349	236.614578	78.566948	90.688522	0.000000	0.000000	7.125000	-203.766235	-154.665359
825	714.277649	-139.881012	106.750908	-16.377964	0.000000	0.000000	7.125000	-353.002014	55.360073
826	657.279358	619.972046	88.277977	85.648376	0.000000	0.000000	7.125000	-315.929291	-243.758499
827	359.764404	-257.333282	52.077263	-87.700226	0.000000	0.000000	7.125000	-90.939827	195.679276
828	-91.571541	-81.350777	-105.885101	-21.227264	0.000000	0.000000	7.125000	69.197266	23.633272
829	263.706665	-298.038757	71.569122	-59.386898	0.000000	0.000000	7.125000	-169.071640	125.641602
830	-80.255836	500.384949	-19.902489	103.092529	0.000000	0.000000	7.125000	9.035938	-69.728989
831	567.423401	469.815002	82.915596	59.395546	0.000000	0.000000	7.125000	-305.628723	-138.650208
832	491.397949	203.536606	70.400398	45.814964	0.000000	0.000000	7.125000	-260.976410	-100.462906
833	775.514282	163.592407	106.818542	30.173775	0.000000	0.000000	7.125000	-165.911865	-33.941685
834	-390.204254	-667.414978	-73.679428	-83.020035	0.000000	0.000000	7.125000	192.748199	241.585999
835	-400.637878	-1.294169	-92.994987	-0.681239	0.000000	0.000000	7.125000	147.489914	21.549145
836	-200.728455	366.568939	-55.117729	74.906845	0.000000	0.000000	7.125000	142.727463	-168.792877
837	-18.370026	20.090332	-85.071800	56.157646	0.000000	0.000000	7.125000	27.284988	-50.686565
838	-84.695892	142.940735	66.223701	107.190826	0.000000	0.000000	7.125000	-59.482914	-76.613869
839	667.598267	-579.461487	97.834091	-74.548492	0.000000	0.000000	7.125000	-311.869507	231.033478
840	-230.882996	318.227173	-42.269257	72.589729	0.000000	0.000000	7.125000	126.221268	-192.587311
841	242.763412	-400.689941	39.205528	-81.009956	0.000000	0.000000	7.125000	-78.723618	204.267929
842	339.943604	-205.331619	77.448380	-61.665863	0.000000	0.000000	7.125000	-130.137802	90.720802
843	-112.707382	-717.712646	-6.773955	-125.809631	0.000000	0.000000	7.125000	-32.366589	313.337708
844	496.205627	-300.383362	79.346001	-77.620323	0.000000	0.000000	7.125000	-123.797211	153.890900
845	-172.917358	-568.295349	-10.987928	-113.467606	0.000000	0.000000	7.125000	-1.804860	306.992920
846	-548.731567	-221.387863	-84.208282	-21.861353	0.000000	0.000000	7.125000	261.315094	71.671448
847	-494.951294	494.356781	-69.525414	61.764847	0.000000	0.000000	7.125000	270.628815	-193.155350
848	-587.014099	723.914124	-79.846779	97.466583	0.000000	0.000000	7.125000	192.474380	-298.179749
849	256.743683	-323.671692	31.382730	-100.200417	0.000000	0.000000	7.125000	-62.524555	218.082016
850	-740.952942	550.049072	-107.998932	58.851768	0.000000	0.000000	7.125000	305.524109	-111.154716
851	323.919922	-179.370285	57.420799	-43.437714	0.000000	0.000000	7.125000	-123.834030	79.649940
852	235.432571	-391.294495	25.864880	-95.558014	0.000000	0.000000	7.125000	-34.619190	218.376511
853	444.359131	-729.365540	88.148491	-94.185112	0.000000	0.000000	7.125000	-204.871979	221.433624
854	604.666443	206.081726	96.487503	60.703987	0.000000	0.000000	7.125000	-229.462753	-101.554382
855	-53.365688	-570.086548	-28.541571	-88.509956	0.000000	0.000000	7.125000	61.532417	268.053467
856	34.206203	-890.605896	14.318243	-119.140137	0.000000	0.000000	7.125000	-14.437788	359.184814
857	-151.852142	-390.595184	-89.425835	-75.437965	0.000000	0.000000	7.125000	251.718170	243.434372
858	-257.056427	251.268982	-58.442055	79.907669	0.000000	0.000000	7.125000	159.807556	-223.949432
859	90.121490	-670.122742	5.195259	-95.859039	0.000000	0.000000	7.125000	-6.285624	308.111237
860	-470.399902	591.690491	-68.290855	71.675323	0.000000	0.000000	7.125000	217.690735	-240.623215
861	-417.526123	-695.728210	-51.371323	-94.982697	0.000000	0.000000	7.125000	85.444748	310.304077
862	-178.037857	-213.920197	-37.385277	-75.208916	0.000000	0.000000	7.125000	53.043358	209.507385
863	-837.418213	-31.949600	-116.811523	6.635055	0.000000	0.000000	7.125000	347.845154	-8.193235
864	-417.166931	132.373260	-84.822136	19.318705	0.000000	0.000000	7.125000	220.806580	-20.272238
865	374.576385	-445.195587	72.120384	-72.127747	0.000000	0.000000	7.125000	-182.777496	222.508667
866	-124.973694	189.832565	-98.833038	68.053154	0.000000	0.000000	7.125000	127.823212	-58.505638
867	-160.436218	600.304993	-8.003256	116.721176	0.000000	0.000000	7.125000	2.903959	-330.556946
868	275.136200	-402.205444	77.877274	-50.834297	0.000000	0.000000	7.125000	-159.438370	89.562592
869	-675.846375	90.996429	-98.353149	27.022022	0.000000	0.000000	7.125000	303.188263	-48.139133
870	557.176086	-130.309891	89.484741	-9.616767	0.000000	0.000000	7.125000	-295.853241	36.023411
871	424.373169	83.072891	122.208893	30.591198	0.000000	0.000000	7.125000	-174.892105	-6.977165
872	-61.630711	-587.899231	-6.640006	-80.726097	0.000000	0.000000	7.125000	11.131215	244.881226
873	542.710388	272.751923	78.766312	49.442711	0.000000	0.000000	7.125000	-263.553711	-114.299850
874	510.504822	-85.269829	106.765160	-30.352421	0.000000	0.000000	7.125000	-254.148300	84.489655
875	448.728485	451.516907	69.513184	74.645271	0.000000	0.000000	7.125000	-163.446045	-173.811615
876	-149.893921	-644.950928	-18.512667	-94.197990	0.000000	0.000000	7.125000	68.286873	316.402222
877	600.465698	387.388367	92.148239	67.107208	0.000000	0.000000	7.125000	-329.048828	-160.496948
878	-361.576019	609.316406	-44.190346	98.541977	0.000000	0.000000	7.125000	119.642479	-366.461090
879	-171.244553	85.721664	-110.929268	-3.846705	0.000000	0.000000	7.125000	119.621391	-8.832130
880	-49.583061	-620.101379	-6.603820	-113.804977	0.000000	0.000000	7.125000	-2.540154	307.030762
881	232.868301	439.472687	48.236855	86.452629	0.000000	0.000000	7.125000	-119.783722	-140.820999
882	303.174927	-351.124573	53.466690	-79.731102	0.000000	0.000000	7.125000	-137.515411	246.646484
883	616.693909	42.208645	124.157608	21.395641	0.000000	0.000000	7.125000	-280.132019	6.070463
884	-48.185486	380.215881	-15.496082	94.740601	0.000000	0.000000	7.125000	60.975761	-261.115906
885	-732.342285	-164.817535	-135.752731	-24.784744	0.000000	0.000000	7.125000	281.784485	75.436668
886	-433.739655	523.916687	-58.930031	104.533279	0.000000	0.000000	7.125000	104.721970	-212.644775
887	583.247192	94.227730	75.841873	36.097092	0.000000	0.000000	7.125000	-228.681885	-66.487038
888	588.148621	408.914124	78.954826	78.019989	0.000000	0.000000	7.125000	-263.326782	-274.917450
889	-11.527523	168.447998	-3.818828	98.926270	0.000000	0.000000	7.125000	-7.775967	-114.442955
890	-302.146423	-373.652069	-56.507812	-62.135559	0.000000	0.000000	7.125000	130.993668	235.602158
891	26.545223	224.488831	6.575190	71.689117	0.000000	0.000000	7.125000	-81.438805	-230.171600
892	-92.127396	-181.078674	-77.725365	-51.058266	0.000000	0.000000	7.125000	106.758865	96.712868
893	114.590141	153.559998	11.568274	134.427521	0.000000	0.000000	7.125000	-89.468536	-155.925278
894	-222.742096	381.245667	-42.568584	72.413010	0.000000	0.000000	7.125000	54.825649	-94.970497
895	-396.861481	340.317230	-71.524506	59.433060	0.000000	0.000000	7.125000	147.180466	-104.545158
896	706.123047	419.533936	89.570419	65.526093	0.000000	0.000000	7.125000	-326.235260	-154.269852
897	248.842148	397.334229	58.821625	104.579254	0.000000	0.000000	7.125000	-108.324570	-139.925568
898	708.297729	-167.266403	101.547180	-26.700108	0.000000	0.000000	7.125000	-319.847687	65.994911
899	-219.840515	-134.582352	-78.973953	-18.002325	0.000000	0.000000	7.125000	157.582809	50.501686
900	-379.321014	-176.527237	-100.422386	-30.653807	0.000000	0.000000	7.125000	224.131851	76.918961
901	559.117554	-128.050430	92.972794	-2.236268	0.000000	0.000000	7.125000	-266.054688	26.818169
902	-176.286911	464.696594	-38.384087	71.325226	0.000000	0.000000	7.125000	88.692123	-210.887543
903	-341.741852	-531.544556	-70.783714	-85.491615	0.000000	0.000000	7.125000	120.800941	209.914856
904	572.094788	348.654419	100.601349	80.672256	0.000000	0.000000	7.125000	-329.855652	-176.920670
905	411.822021	-430.224030	55.979904	-62.627007	0.000000	0.000000	7.125000	-191.100677	275.377350
906	-716.344971	-8.512847	-111.297974	-24.670582	0.000000	0.000000	7.125000	333.020355	76.863907
907	389.274200	-167.545349	91.790695	-37.085098	0.000000	0.000000	7.125000	-237.316635	82.028671
908	554.650452	-207.725418	84.179214	-52.098595	0.000000	0.000000	7.125000	-161.678757	101.302460
909	-402.110352	-478.889404	-63.171234	-55.365372	0.000000	0.000000	7.125000	197.761749	194.552307
910	-445.414825	-549.080505	-80.189163	-63.036072	0.000000	0.000000	7.125000	230.034378	191.997711
911	504.691803	-607.168335	73.126801	-75.348557	0.000000	0.000000	7.125000	-329.765289	307.096161
912	-601.750610	-12.673115	-101.995316	-0.906458	0.000000	0.000000	7.125000	291.395325	11.306012
913	472.497772	-563.131287	59.905766	-89.860390	0.000000	0.000000	7.125000	-91.639595	273.396393
914	609.227661	-808.956421	79.945641	-101.237755	0.000000	0.000000	7.125000	-179.874237	277.630035
915	116.443771	-597.010864	0.272424	-107.999435	0.000000	0.000000	7.125000	10.802425	280.080048
916	-11.974237	-41.596031	-30.870884	-84.515656	0.000000	0.000000	7.125000	25.018280	107.969116
917	244.978256	503.333313	31.924555	118.769081	0.000000	0.000000	7.125000	-102.618599	-209.005325
918	-352.601685	418.724060	-73.109436	91.341988	0.000000	0.000000	7.125000	215.828079	-232.914902
919	545.434326	-696.043274	77.492233	-83.610489	0.000000	0.000000	7.125000	-188.433960	245.905258
920	93.866791	533.354614	10.028696	107.522171	0.000000	0.000000	7.125000	-50.187595	-183.318817
921	-516.098633	-120.141426	-104.096481	13.723958	0.000000	0.000000	7.125000	157.830902	-30.310884
922	-395.201599	574.234863	-54.940029	78.723694	0.000000	0.000000	7.125000	129.234268	-207.267517
923	573.803711	-544.566040	66.362083	-77.457718	0.000000	0.000000	7.125000	-167.834076	255.380920
924	-334.011322	577.345642	-48.898361	86.078094	0.000000	0.000000	7.125000	138.723419	-318.765045
925	-457.683075	-131.659134	-76.359497	-27.022673	0.000000	0.000000	7.125000	238.431793	84.555435
926	-366.240845	-683.869629	-51.403095	-84.596733	0.000000	0.000000	7.125000	96.737686	293.602478
927	52.277557	-262.513672	-17.141184	-115.730034	0.000000	0.000000	7.125000	20.407450	339.295380
928	74.486542	-433.635071	1.999397	-107.977509	0.000000	0.000000	7.125000	-31.414379	210.919159
929	-230.254440	-259.000885	-94.794952	-68.577148	0.000000	0.000000	7.125000	117.651169	80.151917
930	-306.339172	410.105072	-59.360023	93.793465	0.000000	0.000000	7.125000	198.876114	-248.156296
931	-150.113983	321.213318	-21.162979	87.476326	0.000000	0.000000	7.125000	59.076904	-115.503525
932	-195.143173	-472.261749	-36.238430	-62.208656	0.000000	0.000000	7.125000	65.837936	237.570129
933	-74.466362	-217.952408	26.062092	-96.718826	0.000000	0.000000	7.125000	-80.643585	24.782158
934	392.874023	-86.462463	87.908081	-19.285593	0.000000	0.000000	7.125000	-203.713379	64.504883
935	50.546989	-226.533386	3.042156	-104.941177	0.000000	0.000000	7.125000	-27.665716	157.929840
936	-416.075928	56.127312	-92.994865	41.872734	0.000000	0.000000	7.125000	240.056885	-52.993668
937	561.001465	-53.858162	92.279922	-11.542837	0.000000	0.000000	7.125000	-239.698669	40.654102
938	169.049088	447.824097	15.908342	121.947525	0.000000	0.000000	7.125000	-70.385529	-226.918167
939	-130.847275	217.824219	-10.591021	89.355148	0.000000	0.000000	7.125000	-50.781281	-140.363220
940	240.614426	200.684433	80.715195	23.252926	0.000000	0.000000	7.125000	-131.533569	-22.451071
941	-427.584412	437.994141	-52.606277	65.485092	0.000000	0.000000	7.125000	154.530212	-254.636383
942	79.088432	100.212875	50.781754	46.563599	0.000000	0.000000	7.125000	-65.976593	0.934919
943	-363.764832	-475.943390	-55.290264	-82.117065	0.000000	0.000000	7.125000	114.093575	261.353180
944	639.209167	80.157677	128.328552	13.136694	0.000000	0.000000	7.125000	-278.876221	-63.728573
945	-42.352909	-468.855896	-10.091744	-80.368874	0.000000	0.000000	7.125000	8.486161	173.146057
946	-174.708801	464.996979	-32.028118	87.306747	0.000000	0.000000	7.125000	57.324768	-253.929153
947	581.503479	51.654125	92.224190	11.972238	0.000000	0.000000	7.125000	-255.582077	-11.189080
948	544.980103	-204.678482	101.794174	-25.743595	0.000000	0.000000	7.125000	-372.539429	84.643082
949	-733.661926	205.858383	-100.373146	39.854134	0.000000	0.000000	7.125000	304.981110	-74.002335
950	434.802277	-105.490677	107.760925	7.174302	0.000000	0.000000	7.125000	-238.742264	13.816771
951	-603.935791	-574.211548	-88.778778	-76.205444	0.000000	0.000000	7.125000	277.278961	220.485962
952	-518.308044	565.364807	-77.310699	83.779526	0.000000	0.000000	7.125000	218.661545	-222.780258
953	114.964630	99.694267	19.612791	78.571068	0.000000	0.000000	7.125000	-101.325554	-106.138382
954	201.654587	-657.559998	32.934689	-90.166031	0.000000	0.000000	7.125000	-58.159157	284.130707
955	-73.467697	-237.672745	-97.512627	-58.963547	0.000000	0.000000	7.125000	61.285267	13.566157
956	90.953758	79.245056	101.577744	63.359001	0.000000	0.000000	7.125000	-96.754135	46.224628
957	69.370476	-346.933411	-15.982091	-67.123306	0.000000	0.000000	7.125000	78.018410	413.019501
958	-185.634888	229.224716	-64.477348	24.559498	0.000000	0.000000	7.125000	445.167084	-47.089314
959	-228.124039	801.947754	-51.433350	105.086288	0.000000	0.000000	7.125000	134.529495	-347.091858
960	-324.458282	90.849731	-75.809906	48.501110	0.000000	0.000000	7.125000	258.524414	-133.830490
961	-366.460815	34.064384	-86.806198	5.803816	0.000000	0.000000	7.125000	345.374146	2.949529
962	125.921143	-448.141388	14.315519	-64.427101	0.000000	0.000000	7.125000	-8.015355	208.487839
963	-554.272827	-58.978901	-104.998680	0.059892	0.000000	0.000000	7.125000	263.874573	12.637942
964	61.538990	-614.895142	-15.842075	-97.724083	0.000000	0.000000	7.125000	42.542110	263.013977
965	-418.132904	-411.435211	-104.996323	-79.991425	0.000000	0.000000	7.125000	218.557251	202.838867
966	176.112488	-548.039062	38.680614	-91.128906	0.000000	0.000000	7.125000	-66.360344	200.815231
967	25.574230	308.401184	-37.246647	68.532211	0.000000	0.000000	7.125000	91.390327	-146.482971
968	-573.067200	624.443420	-85.137955	84.562683	0.000000	0.000000	7.125000	245.894318	-213.832397
969	-50.651489	437.307495	-23.621700	108.454742	0.000000	0.000000	7.125000	234.294189	-463.202454
970	493.935791	356.906891	64.004028	58.922707	0.000000	0.000000	7.125000	-233.660599	-158.900787
971	-239.057327	-100.088768	-77.885292	-4.203156	0.000000	0.000000	7.125000	137.971619	13.116243
972	22.230640	175.114105	-37.575958	91.541130	0.000000	0.000000	7.125000	108.617661	-63.977051
973	342.997131	-12.263107	91.669739	44.579525	0.000000	0.000000	7.125000	-162.798584	10.059005
974	-180.295837	444.127197	-36.531330	78.958466	0.000000	0.000000	7.125000	85.977570	-166.616470
975	348.096558	-203.461075	94.720413	-28.551022	0.000000	0.000000	7.125000	-100.278435	69.122414
976	355.442932	86.544861	55.365646	89.207130	0.000000	0.000000	7.125000	-145.507568	-166.037338
977	-553.155823	-369.015289	-87.141418	-46.980003	0.000000	0.000000	7.125000	272.189606	117.366005
978	333.139191	-555.796021	41.258736	-73.166183	0.000000	0.000000	7.125000	-103.984200	251.813568
979	309.947540	-458.629913	49.887939	-71.271530	0.000000	0.000000	7.125000	-100.518082	206.371643
980	-281.397186	562.372070	-53.053558	72.698570	0.000000	0.000000	7.125000	135.869156	-204.129501
981	-86.801971	435.996399	-16.669418	97.579514	0.000000	0.000000	7.125000	2.139488	-196.174240
982	-431.087677	205.732803	-59.933060	49.914024	0.000000	0.000000	7.125000	174.461182	-92.951660
983	157.008209	-349.423370	29.012091	-104.030136	0.000000	0.000000	7.125000	-52.542175	203.562637
984	148.865921	-368.965057	25.563896	-64.088219	0.000000	0.000000	7.125000	-61.024799	238.151886
985	-531.485962	236.993851	-93.892021	20.001900	0.000000	0.000000	7.125000	291.195007	-42.420979
986	566.847168	-311.636505	94.992203	-51.383598	0.000000	0.000000	7.125000	-280.630554	141.402084
987	-519.984009	-262.588501	-88.141258	-38.039612	0.000000	0.000000	7.125000	274.878052	100.396591
988	544.859924	250.365814	77.364082	39.794807	0.000000	0.000000	7.125000	-188.272400	-73.957199
989	664.407043	-241.869934	83.371475	-47.592758	0.000000	0.000000	7.125000	-304.394165	162.287064
990	138.221893	-67.600624	85.411736	-16.509254	0.000000	0.000000	7.125000	-122.311928	48.975704
991	315.277039	-268.531189	68.725159	-62.648758	0.000000	0.000000	7.125000	-168.851761	183.438232
992	-502.385529	284.793030	-78.177452	60.723709	0.000000	0.000000	7.125000	246.431030	-137.234695
993	132.692749	482.550354	1.830784	95.981499	0.000000	0.000000	7.125000	-22.266331	-296.036957
994	427.407623	-332.354248	71.633957	-54.483776	0.000000	0.000000	7.125000	-176.944855	136.782394
995	-442.828217	-580.342041	-68.430016	-79.636993	0.000000	0.000000	7.125000	191.002625	276.586029
996	-380.383728	71.727440	-98.550041	9.425473	0.000000	0.000000	7.125000	229.012390	-20.489483
997	362.800323	-157.377670	70.839798	-39.266983	0.000000	0.000000	7.125000	-163.565399	59.817638
998	-187.275436	-62.396587	-79.724915	-47.880508	0.000000	0.000000	7.125000	155.853012	104.240685
999	9.231294	-635.300232	12.563951	-101.220016	0.000000	0.000000	7.125000	-12.061183	342.899750
