node	a_force.x	a_force.y	g_force.x	g_force.y	r_force.x	r_force.y	global_speed	move_node.x	move_node.y
0	-129.736542	629.395752	-23.950867	117.583862	0.000000	0.000000	3.750000	52.936996	-242.266129
1	-119.306366	-36.440193	-99.116455	101.617416	0.000000	0.000000	3.750000	176.090530	-65.926109
2	-373.495056	23.668877	-127.953690	61.566448	0.000000	0.000000	3.750000	566.733826	-113.091057
3	-224.195526	-848.577148	-37.000847	-126.708038	0.000000	0.000000	3.750000	376.410522	1140.658936
4	390.713318	-491.418457	94.241066	-95.260803	0.000000	0.000000	3.750000	-669.187195	685.803467
5	260.204102	-871.265991	51.860332	-123.557335	0.000000	0.000000	3.750000	-364.241821	1341.237183
6	-49.368950	371.975403	10.126051	143.642395	0.000000	0.000000	3.750000	-129.301453	-566.326599
7	-14.244950	-20.378639	12.700549	153.468628	0.000000	0.000000	3.750000	18.075287	-277.416351
8	307.714935	-277.490051	116.676804	-57.316978	0.000000	0.000000	3.750000	-403.884827	414.395813
9	-507.774780	471.139099	-89.115685	97.377487	0.000000	0.000000	3.750000	683.635742	-680.290344
10	771.040283	-495.053101	114.468765	-57.277317	0.000000	0.000000	3.750000	-1023.992737	256.965515
11	551.571655	468.758789	93.647545	81.277969	0.000000	0.000000	3.750000	-750.293457	-551.992126
12	-885.143311	685.252319	-109.988884	99.027458	0.000000	0.000000	3.750000	870.562073	-726.766602
13	527.832825	746.566406	81.254776	118.885002	0.000000	0.000000	3.750000	-557.239258	-923.050049
14	-718.093628	447.386597	-112.472649	93.090759	0.000000	0.000000	3.750000	899.544128	-648.190247
15	-241.541687	88.621201	-86.760941	129.644043	0.000000	0.000000	3.750000	134.380737	-250.490753
16	187.630356	588.232788	31.804688	107.389175	0.000000	0.000000	3.750000	-277.345551	-724.406860
17	-752.494019	759.593201	-90.708954	116.943939	0.000000	0.000000	3.750000	622.163147	-857.468933
18	33.221291	-60.788464	-135.176605	44.996082	0.000000	0.000000	3.750000	18.728878	40.141518
19	1029.953369	-516.617432	131.878571	-75.576859	0.000000	0.000000	3.750000	-1185.698853	445.310608
20	426.593262	376.078552	102.915642	72.693581	0.000000	0.000000	3.750000	-536.721619	-423.858063
21	-529.096802	-466.161926	-107.111588	-105.009796	0.000000	0.000000	3.750000	656.845520	546.013672
22	-198.018250	438.135498	-52.760300	116.620529	0.000000	0.000000	3.750000	319.199066	-745.537659
23	489.602905	-898.528381	83.424316	-114.910316	0.000000	0.000000	3.750000	-688.435120	943.856750
24	-513.297729	-661.447205	-73.081131	-100.175522	0.000000	0.000000	3.750000	592.352539	938.535278
25	588.466309	-684.322571	91.963684	-100.192963	0.000000	0.000000	3.750000	-546.433533	731.938538
26	-600.655029	394.357300	-94.966743	100.126495	0.000000	0.000000	3.750000	459.697571	-506.971069
27	861.346680	-121.638763	139.639328	-35.163673	0.000000	0.000000	3.750000	-1036.029053	43.151299
28	191.544159	449.258484	47.339699	131.753326	0.000000	0.000000	3.750000	-181.420563	-497.559570
29	-485.302002	453.947754	-88.392509	108.566803	0.000000	0.000000	3.750000	509.467316	-590.952026
30	-78.975891	580.138611	-14.765406	149.270355	0.000000	0.000000	3.750000	-6.267632	-688.864014
31	-193.990433	-780.727783	-43.760086	-124.535210	0.000000	0.000000	3.750000	264.403412	1007.948120
32	321.343262	-63.392838	147.977844	-0.345636	0.000000	0.000000	3.750000	-75.475655	36.495049
33	-724.985657	-630.554626	-97.320381	-89.178108	0.000000	0.000000	3.750000	747.023926	630.695190
34	-666.957214	-675.217407	-86.320663	-83.359085	0.000000	0.000000	3.750000	849.193298	743.933838
35	-360.908600	469.074158	-77.356522	104.479355	0.000000	0.000000	3.750000	403.130890	-616.840088
36	312.742401	95.331757	116.787842	41.650368	0.000000	0.000000	3.750000	-167.764832	-110.993927
37	-752.736084	-704.045044	-99.972366	-86.194214	0.000000	0.000000	3.750000	931.362732	557.420898
38	-375.422424	660.390747	-63.397369	127.062073	0.000000	0.000000	3.750000	374.059052	-778.611877
39	-808.529541	18.188080	-145.918457	4.871949	0.000000	0.000000	3.750000	822.479919	-95.249092
40	750.941406	853.610474	100.299156	114.210625	0.000000	0.000000	3.750000	-723.343567	-916.387756
41	310.303528	-506.567749	56.240021	-99.161163	0.000000	0.000000	3.750000	-259.694275	645.401306
42	148.639435	113.816711	112.849030	64.535080	0.000000	0.000000	3.750000	-605.554932	-482.877747
43	176.142822	-748.341492	58.815086	-131.438568	0.000000	0.000000	3.750000	-129.803864	785.115417
44	-395.471436	820.007080	-62.798790	125.124825	0.000000	0.000000	3.750000	367.993622	-1102.276855
45	759.081787	446.505463	111.384445	63.067352	0.000000	0.000000	3.750000	-1050.619751	-513.935730
46	202.743576	-309.355682	76.519653	-97.510071	0.000000	0.000000	3.750000	-44.755226	100.659431
47	635.155701	-397.946075	110.655869	-71.967163	0.000000	0.000000	3.750000	-648.509460	395.563354
48	452.259491	595.600708	79.211670	100.546051	0.000000	0.000000	3.750000	-566.389587	-777.568848
49	-269.551270	600.047241	-52.830048	118.781219	0.000000	0.000000	3.750000	333.175018	-699.717957
50	815.397705	281.239319	135.810089	53.586910	0.000000	0.000000	3.750000	-1044.168945	-310.841553
51	150.737396	222.883484	68.452316	110.513100	0.000000	0.000000	3.750000	-126.427246	-358.648987
52	-604.495911	20.602077	-117.535538	39.512718	0.000000	0.000000	3.750000	642.236633	-112.218735
53	434.201233	90.846893	123.982620	39.051029	0.000000	0.000000	3.750000	-258.582794	-25.989386
54	-300.324554	659.867432	-33.943710	158.403931	0.000000	0.000000	3.750000	213.634964	-841.781982
55	-697.417114	-286.653198	-113.319946	-45.179054	0.000000	0.000000	3.750000	199.944962	56.941345
56	715.048218	485.405212	117.950195	92.669952	0.000000	0.000000	3.750000	-630.210266	-555.991394
57	139.262451	-261.984985	89.321320	-91.664581	0.000000	0.000000	3.750000	-117.223778	322.538788
58	-338.067078	-726.794983	-79.114746	-115.502380	0.000000	0.000000	3.750000	392.467834	697.734558
59	352.866882	224.916504	123.130684	82.091103	0.000000	0.000000	3.750000	-273.654480	-324.135010
60	-722.965210	144.747070	-130.120712	32.008240	0.000000	0.000000	3.750000	939.227234	-138.770157
61	-241.807419	574.606750	-56.004093	106.129822	0.000000	0.000000	3.750000	359.201782	-659.078613
62	883.738831	-619.925049	120.118118	-89.842239	0.000000	0.000000	3.750000	-916.235474	627.787537
63	-700.284058	350.721741	-107.056335	54.212006	0.000000	0.000000	3.750000	925.858521	-458.494232
64	-894.573853	-164.472427	-149.155426	-29.268595	0.000000	0.000000	3.750000	1101.874512	182.828156
65	20.489029	-964.622559	13.413431	-145.382523	0.000000	0.000000	3.750000	-105.891685	1188.338867
66	-716.940186	-747.687622	-108.842087	-100.286392	0.000000	0.000000	3.750000	793.713745	623.796509
67	283.411835	-357.853638	87.590271	-106.636497	0.000000	0.000000	3.750000	-262.693115	514.685059
68	417.253082	-231.421356	108.995804	-81.335884	0.000000	0.000000	3.750000	-461.422760	487.783813
69	685.883728	-697.418518	101.658142	-93.325325	0.000000	0.000000	3.750000	-763.041016	739.281006
70	-672.425415	935.009155	-88.270348	126.191330	0.000000	0.000000	3.750000	526.365356	-1010.693176
71	-23.896675	802.585022	-6.164572	125.849091	0.000000	0.000000	3.750000	13.926554	-1001.820190
72	261.926636	-904.431519	60.480793	-139.447952	0.000000	0.000000	3.750000	-222.955750	1076.411499
73	-107.444183	928.019531	-32.358624	134.152161	0.000000	0.000000	3.750000	166.452301	-1676.087524
74	-331.235596	-841.605591	-55.523712	-117.545654	0.000000	0.000000	3.750000	342.526337	1269.855835
75	166.807907	-271.535370	87.601357	-104.016243	0.000000	0.000000	3.750000	-139.102951	340.703400
76	286.455902	692.558594	27.178368	116.881714	0.000000	0.000000	3.750000	-222.180237	-991.402466
77	-659.578857	-52.451309	-137.992554	1.433730	0.000000	0.000000	3.750000	861.081543	-9.119717
78	-706.433899	-432.182922	-108.907104	-67.254211	0.000000	0.000000	3.750000	714.194336	315.733154
79	-547.156616	-579.374390	-94.497139	-95.006622	0.000000	0.000000	3.750000	667.434875	580.396667
80	287.562012	531.355225	70.003746	99.917038	0.000000	0.000000	3.750000	-576.501404	-665.517517
81	-532.153748	467.742096	-100.684792	108.473495	0.000000	0.000000	3.750000	623.877075	-586.030579
82	728.747131	578.012817	93.276672	93.399414	0.000000	0.000000	3.750000	-767.939514	-697.516357
83	-852.436340	156.248917	-135.966232	33.362976	0.000000	0.000000	3.750000	1004.565857	-132.203461
84	-407.296265	847.255005	-62.305454	116.369644	0.000000	0.000000	3.750000	370.811798	-1143.712646
85	447.079132	-218.420395	109.561821	-43.820164	0.000000	0.000000	3.750000	-759.129028	296.571869
86	677.315491	-421.433136	97.208527	-59.552475	0.000000	0.000000	3.750000	-718.882019	454.673767
87	-338.517212	345.314575	-86.567230	99.647812	0.000000	0.000000	3.750000	249.561447	-421.536438
88	-505.343201	500.551392	-90.592773	96.004929	0.000000	0.000000	3.750000	437.769867	-443.820587
89	324.503632	-17.638283	151.353943	37.776279	0.000000	0.000000	3.750000	-355.020508	-35.455799
90	348.220642	-543.308228	81.964066	-87.645523	0.000000	0.000000	3.750000	-389.837524	560.034058
91	886.771667	-370.545929	134.661285	-45.057854	0.000000	0.000000	3.750000	-963.667847	187.979263
92	-731.471436	-681.900818	-101.483597	-104.962219	0.000000	0.000000	3.750000	697.489746	663.791504
93	766.058594	-448.743591	141.423584	-86.920410	0.000000	0.000000	3.750000	-1030.508667	449.218994
94	-186.328339	-887.130676	-28.056496	-137.159729	0.000000	0.000000	3.750000	110.088287	859.982666
95	-33.537201	-869.536621	1.462745	-143.992294	0.000000	0.000000	3.750000	-100.475517	972.364380
96	495.327026	334.903656	85.986710	61.986172	0.000000	0.000000	3.750000	-833.035278	-589.197815
97	823.797607	402.815796	126.032303	77.587341	0.000000	0.000000	3.750000	-989.093201	-502.310852
98	264.870483	862.395142	38.067924	132.645477	0.000000	0.000000	3.750000	-280.315552	-1159.851318
99	-343.397858	774.521667	-58.048695	127.398384	0.000000	0.000000	3.750000	400.696564	-918.168823
100	893.107910	-583.518921	103.493195	-94.282211	0.000000	0.000000	3.750000	-1105.880737	841.389282
101	-223.062714	662.345825	-48.630852	94.186157	0.000000	0.000000	3.750000	371.305786	-768.162964
102	-450.567078	149.611130	-102.667175	65.904587	0.000000	0.000000	3.750000	513.464233	-291.733490
103	254.756195	50.082100	104.755539	66.331192	0.000000	0.000000	3.750000	-36.148060	-41.119640
104	-209.947815	-483.617004	-55.788475	-117.420364	0.000000	0.000000	3.750000	204.403702	567.840820
105	-638.177002	-594.155762	-93.974213	-86.907074	0.000000	0.000000	3.750000	561.484924	482.278137
106	-35.002567	-917.628723	-6.185810	-139.862930	0.000000	0.000000	3.750000	-77.282730	1026.718262
107	-92.831116	307.514832	-21.298508	130.269379	0.000000	0.000000	3.750000	107.954605	-334.216370
108	-567.298035	-382.824036	-120.929016	-66.484390	0.000000	0.000000	3.750000	1120.657471	570.835449
109	684.841492	4.994144	110.650711	27.429939	0.000000	0.000000	3.750000	-869.162354	-145.467072
110	-160.885483	-273.218567	-118.727791	-98.078857	0.000000	0.000000	3.750000	333.854645	310.296326
111	301.924713	-445.362152	78.081970	-96.327431	0.000000	0.000000	3.750000	-300.245697	516.448914
112	-579.609619	-20.601217	-118.639893	28.434286	0.000000	0.000000	3.750000	860.407715	-119.792328
113	755.752869	453.694855	104.538193	66.691376	0.000000	0.000000	3.750000	-1044.388550	-540.239624
114	-37.354610	-400.516235	33.365677	-111.097099	0.000000	0.000000	3.750000	-79.528053	510.180176
115	387.611542	7.893013	142.377304	21.554390	0.000000	0.000000	3.750000	-538.848022	-41.024761
116	-297.871796	826.944580	-32.483234	127.940399	0.000000	0.000000	3.750000	133.622330	-998.392456
117	14.810329	494.647980	-31.209053	136.476776	0.000000	0.000000	3.750000	148.847626	-475.466156
118	214.877289	-732.851196	25.149271	-121.422852	0.000000	0.000000	3.750000	-185.520386	1033.843262
119	-389.847626	751.914185	-63.612816	111.073807	0.000000	0.000000	3.750000	483.115082	-1013.630310
120	-412.670319	-313.440277	-93.144653	-78.791138	0.000000	0.000000	3.750000	519.120789	384.744537
121	-812.386475	471.118896	-116.913452	80.592972	0.000000	0.000000	3.750000	884.888550	-540.462219
122	-389.567322	86.557327	-117.312317	68.757431	0.000000	0.000000	3.750000	314.531372	10.790671
123	-197.711243	14.186214	-109.099495	81.173691	0.000000	0.000000	3.750000	318.573547	-60.570965
124	543.467834	-139.615753	98.359268	-39.514217	0.000000	0.000000	3.750000	-966.175476	209.381790
125	-544.314819	-364.730499	-104.764786	-58.516853	0.000000	0.000000	3.750000	672.171326	250.022156
126	496.322815	679.976257	79.478874	115.252350	0.000000	0.000000	3.750000	-620.765503	-948.802917
127	193.924377	754.436951	18.372070	122.631371	0.000000	0.000000	3.750000	-67.056076	-883.401001
128	-31.871796	125.402328	-91.230133	89.760803	0.000000	0.000000	3.750000	194.709976	-97.914978
129	407.159790	-945.818237	63.595512	-131.421188	0.000000	0.000000	3.750000	-414.047821	1186.483887
130	589.854553	-113.643539	130.725906	-29.439129	0.000000	0.000000	3.750000	-929.511108	112.985397
131	78.620316	-643.914551	19.951214	-136.549774	0.000000	0.000000	3.750000	-45.649426	691.511536
132	-345.842102	834.297607	-31.817736	126.046143	0.000000	0.000000	3.750000	200.651672	-886.031677
133	640.964966	773.728516	90.146530	101.831215	0.000000	0.000000	3.750000	-1313.143555	-1579.067871
134	-804.179199	-526.955566	-109.640663	-87.056534	0.000000	0.000000	3.750000	979.098999	580.866150
135	793.007874	-199.667130	124.977707	-42.479469	0.000000	0.000000	3.750000	-1181.892944	260.192719
136	19.090908	-820.091431	-7.918225	-133.765579	0.000000	0.000000	3.750000	-42.266125	1017.714722
137	-623.063660	444.814484	-86.581177	80.172928	0.000000	0.000000	3.750000	685.314575	-660.811523
138	84.021332	54.990677	113.066872	40.180565	0.000000	0.000000	3.750000	-299.194855	-17.501747
139	-273.800171	-36.512344	-134.498566	30.808926	0.000000	0.000000	3.750000	385.761078	41.977657
140	601.559753	102.710030	107.611610	22.796936	0.000000	0.000000	3.750000	-896.454041	-100.459480
141	543.667725	211.839539	107.731804	43.009590	0.000000	0.000000	3.750000	-861.122009	-253.196823
142	74.632645	-347.119446	-62.078659	-134.350952	0.000000	0.000000	3.750000	194.457428	382.493195
143	106.552582	582.450378	18.245739	116.580734	0.000000	0.000000	3.750000	-85.279900	-913.266541
144	801.371521	-230.195541	119.124634	-52.049797	0.000000	0.000000	3.750000	-1058.387207	261.872650
145	765.272705	468.073090	117.669708	86.427841	0.000000	0.000000	3.750000	-1047.120605	-613.571716
146	453.709137	78.943832	137.275162	-27.481720	0.000000	0.000000	3.750000	-610.578735	202.121384
147	-760.036621	-705.709290	-105.443390	-95.108459	0.000000	0.000000	3.750000	1154.439697	776.379578
148	-82.674240	909.526489	-12.774632	137.407394	0.000000	0.000000	3.750000	46.580582	-1075.468506
149	-918.365540	-8.273828	-145.974426	2.724685	0.000000	0.000000	3.750000	829.348572	-6.875981
150	-713.285950	793.531250	-88.739456	113.407471	0.000000	0.000000	3.750000	656.564209	-1060.088623
151	617.032532	162.957596	124.965744	27.703718	0.000000	0.000000	3.750000	-904.238464	-114.214798
152	-832.292725	841.691040	-105.002701	109.901901	0.000000	0.000000	3.750000	1014.430725	-1087.415527
153	-125.549210	371.204865	-69.579300	137.382111	0.000000	0.000000	3.750000	299.281281	-403.159851
154	65.653030	604.938843	10.874800	133.557709	0.000000	0.000000	3.750000	5.046185	-827.597961
155	-774.366699	-228.729630	-138.308350	-40.084896	0.000000	0.000000	3.750000	870.476929	248.366104
156	-143.497177	-941.190735	-21.868153	-130.175781	0.000000	0.000000	3.750000	77.352768	1018.125854
157	-689.459534	620.565247	-96.641640	77.694046	0.000000	0.000000	3.750000	958.182007	-624.314575
158	-176.921173	421.187195	-103.359650	116.839912	0.000000	0.000000	3.750000	213.647919	-175.295761
159	639.470459	-338.635376	133.966522	-67.471390	0.000000	0.000000	3.750000	-642.787842	206.642273
160	787.939270	499.835480	136.927582	65.988907	0.000000	0.000000	3.750000	-627.050293	-217.585953
161	-635.228271	303.741547	-119.662125	45.441620	0.000000	0.000000	3.750000	794.864624	-238.848404
162	-652.747070	-645.988831	-110.268021	-89.469711	0.000000	0.000000	3.750000	534.015625	341.653931
163	483.975220	193.097305	108.995300	54.808147	0.000000	0.000000	3.750000	-341.198975	-237.233337
164	-608.672852	596.752014	-110.324341	98.653633	0.000000	0.000000	3.750000	589.799561	-561.725098
165	-673.250000	-236.426590	-108.965057	-59.182434	0.000000	0.000000	3.750000	773.119263	323.906372
166	639.320496	999.808716	80.704361	138.154587	0.000000	0.000000	3.750000	-508.533142	-1179.376587
167	578.411743	557.177979	97.755531	82.630539	0.000000	0.000000	3.750000	-846.138428	-574.399902
168	922.179443	-345.030762	134.119492	-57.686722	0.000000	0.000000	3.750000	-1133.345581	271.502258
169	-210.181137	-8.023390	-134.697891	-36.992882	0.000000	0.000000	3.750000	80.091423	100.791061
170	-835.899536	316.468170	-144.206985	54.040195	0.000000	0.000000	3.750000	691.328247	-215.981140
171	770.317078	73.785446	127.013046	15.860939	0.000000	0.000000	3.750000	-987.853638	11.307002
172	284.957031	829.924622	43.472164	130.973907	0.000000	0.000000	3.750000	-361.967163	-1006.194397
173	-142.094910	-751.271606	-23.359226	-133.978851	0.000000	0.000000	3.750000	125.339470	1004.123230
174	44.289345	-795.653748	20.880875	-152.577393	0.000000	0.000000	3.750000	-52.721134	866.854126
175	-208.355438	-78.286736	-112.787811	-64.632645	0.000000	0.000000	3.750000	470.769409	151.096725
176	800.267700	248.807312	145.299530	28.142353	0.000000	0.000000	3.750000	-1053.694824	-119.915337
177	-758.808716	-737.925659	-97.766998	-102.983551	0.000000	0.000000	3.750000	803.495178	890.417847
178	628.538635	630.032471	100.218613	100.599335	0.000000	0.000000	3.750000	-655.916138	-656.291260
179	350.257568	1087.850342	50.972046	149.552063	0.000000	0.000000	3.750000	-336.841705	-1226.707397
180	201.712906	609.626831	37.191742	130.815460	0.000000	0.000000	3.750000	-293.532990	-754.113525
181	-416.382721	-431.456238	-112.820129	-68.523949	0.000000	0.000000	3.750000	615.237000	292.374847
182	384.055969	-621.317688	79.535797	-107.842575	0.000000	0.000000	3.750000	-505.997742	811.544250
183	-633.052368	447.031189	-111.174377	78.334259	0.000000	0.000000	3.750000	832.871582	-571.399109
184	-44.137684	296.278015	-50.987251	128.235138	0.000000	0.000000	3.750000	212.775284	-475.285370
185	-599.196533	267.849762	-135.064148	36.840271	0.000000	0.000000	3.750000	930.643616	-74.685257
186	-381.184265	-654.582336	-68.704193	-119.681580	0.000000	0.000000	3.750000	444.062164	973.124146
187	-579.290710	693.384827	-84.306107	96.314461	0.000000	0.000000	3.750000	674.353149	-707.496643
188	-795.426697	253.356567	-131.155487	14.907492	0.000000	0.000000	3.750000	1050.807007	-146.913849
189	908.600769	199.838882	137.229156	27.715237	0.000000	0.000000	3.750000	-1088.945801	-154.066330
190	415.075317	-329.394226	119.245590	-51.773445	0.000000	0.000000	3.750000	-729.331299	304.862366
191	-702.223633	429.309937	-112.104706	36.830563	0.000000	0.000000	3.750000	870.716797	-180.459763
192	826.301270	-634.955200	108.957108	-87.910980	0.000000	0.000000	3.750000	-906.532593	652.277466
193	396.593964	550.978210	84.842911	106.260330	0.000000	0.000000	3.750000	-134.481522	-122.465271
194	779.864563	-298.591370	125.979980	-39.406723	0.000000	0.000000	3.750000	-1010.291199	148.017105
195	513.545715	-41.147720	125.994278	0.401569	0.000000	0.000000	3.750000	-359.845154	-87.765015
196	-566.503601	-830.489319	-80.812881	-111.862747	0.000000	0.000000	3.750000	711.183167	990.699951
197	754.016602	752.410217	95.775131	110.195847	0.000000	0.000000	3.750000	-737.023010	-822.189880
198	-564.607178	-798.518311	-79.979065	-109.996857	0.000000	0.000000	3.750000	545.983643	929.789673
199	380.697845	327.745361	114.867973	86.837524	0.000000	0.000000	3.750000	-435.961182	-437.416565
200	398.123810	698.006226	65.939308	132.499054	0.000000	0.000000	3.750000	-466.572052	-872.892700
201	-605.175903	746.662170	-73.541260	107.199020	0.000000	0.000000	3.750000	543.886292	-1027.811279
202	873.697876	-248.904449	121.188278	-47.044975	0.000000	0.000000	3.750000	-1103.668335	203.643616
203	685.952881	-706.221802	89.230438	-107.879166	0.000000	0.000000	3.750000	-685.252930	930.569397
204	681.818726	711.845337	97.518768	97.642418	0.000000	0.000000	3.750000	-770.861023	-645.272888
205	199.394058	290.226562	101.005341	88.045578	0.000000	0.000000	3.750000	-307.854156	-456.138031
206	-459.917908	304.658936	-104.738892	77.002579	0.000000	0.000000	3.750000	150.889633	-88.169319
207	-477.590454	-413.820374	-90.895325	-106.480225	0.000000	0.000000	3.750000	472.325409	622.973694
208	461.467407	932.818359	76.525452	119.615288	0.000000	0.000000	3.750000	-547.170837	-1043.441406
209	887.424561	412.234924	124.179611	55.456436	0.000000	0.000000	3.750000	-1062.545532	-418.922211
210	-337.267334	494.287476	-88.947197	125.715530	0.000000	0.000000	3.750000	518.093384	-769.889038
211	-595.979370	17.138687	-145.826965	-7.105474	0.000000	0.000000	3.750000	673.476501	58.020451
212	526.375000	-857.053467	79.264458	-134.361938	0.000000	0.000000	3.750000	-485.015045	931.142090
213	-154.505707	893.968018	-33.311779	138.037399	0.000000	0.000000	3.750000	189.615997	-944.515381
214	-668.921875	-745.240234	-83.761581	-99.418289	0.000000	0.000000	3.750000	695.236328	885.799805
215	-11.293320	602.190186	7.716823	127.767082	0.000000	0.000000	3.750000	-10.103425	-724.664917
216	843.361084	428.748962	134.056366	67.296288	0.000000	0.000000	3.750000	-673.922485	-364.737762
217	310.855896	691.404358	66.982285	101.967209	0.000000	0.000000	3.750000	-371.432312	-747.547180
218	-1109.149414	291.619293	-152.145844	42.608086	0.000000	0.000000	3.750000	1321.845459	-171.753952
219	623.267944	682.069824	93.950378	83.960106	0.000000	0.000000	3.750000	-856.404175	-640.289246
220	77.336929	-16.598927	2.315892	137.968979	0.000000	0.000000	3.750000	45.448692	-183.738174
221	180.318085	438.020447	-5.400629	127.886002	0.000000	0.000000	3.750000	22.394268	-599.157532
222	-427.457703	560.360107	-108.094894	101.091019	0.000000	0.000000	3.750000	711.235413	-544.561218
223	838.088623	-667.826050	98.526215	-96.625893	0.000000	0.000000	3.750000	-837.467346	994.062744
224	419.864166	765.133057	56.167427	119.453842	0.000000	0.000000	3.750000	-466.899536	-1031.141968
225	420.674072	-877.359741	68.960693	-124.129791	0.000000	0.000000	3.750000	-346.283966	972.656738
226	508.058044	850.188843	56.077789	130.457840	0.000000	0.000000	3.750000	-400.418396	-1167.583130
227	10.278468	-42.001198	93.314804	-114.824860	0.000000	0.000000	3.750000	-93.654541	299.504456
228	-758.890015	782.401733	-103.610962	100.003799	0.000000	0.000000	3.750000	939.127075	-839.057251
229	-143.850739	-847.722778	-55.122288	-141.649429	0.000000	0.000000	3.750000	72.013756	279.811371
230	816.323486	732.302490	114.828430	90.168060	0.000000	0.000000	3.750000	-1307.781128	-692.060242
231	729.397583	580.046265	94.077286	80.780212	0.000000	0.000000	3.750000	-942.379028	-666.692993
232	107.529984	486.460632	50.698616	121.874138	0.000000	0.000000	3.750000	-289.875092	-477.561829
233	505.073181	181.303223	109.186974	39.168564	0.000000	0.000000	3.750000	-525.869141	-220.570801
234	-265.109741	390.720154	-87.281128	104.296661	0.000000	0.000000	3.750000	351.418488	-549.619385
235	-88.394730	682.037598	-11.387701	141.542572	0.000000	0.000000	3.750000	24.542912	-848.501038
236	-508.347229	767.529846	-66.578484	118.588715	0.000000	0.000000	3.750000	231.028473	-477.165161
237	175.420929	-26.763639	130.064728	-39.623867	0.000000	0.000000	3.750000	-129.329926	224.238129
238	631.655518	201.544373	127.793289	46.527977	0.000000	0.000000	3.750000	-454.512451	-174.415497
239	198.555176	20.220341	6.082756	-131.859650	0.000000	0.000000	3.750000	-6.214559	310.121704
240	-28.478148	-428.378540	22.534128	-121.935272	0.000000	0.000000	3.750000	-141.132172	735.277527
241	45.296913	-490.374634	-5.064577	-129.900742	0.000000	0.000000	3.750000	-62.363373	846.648682
242	-584.327637	-984.405151	-81.157913	-135.563080	0.000000	0.000000	3.750000	546.015198	1131.150635
243	369.009460	-363.226562	90.055603	-109.788307	0.000000	0.000000	3.750000	-287.250519	554.503418
244	844.041931	-546.485962	99.686996	-92.512154	0.000000	0.000000	3.750000	-747.788086	739.069397
245	-210.062500	1025.957764	-26.450459	147.649170	0.000000	0.000000	3.750000	75.289078	-1158.993652
246	806.761108	-205.981171	128.491104	-38.022774	0.000000	0.000000	3.750000	-1044.338745	69.630867
247	710.644043	119.813766	137.604065	10.443712	0.000000	0.000000	3.750000	-912.823242	-6.803472
248	-672.606323	179.862961	-118.008484	30.951166	0.000000	0.000000	3.750000	1129.181885	-213.779633
249	-634.681885	-88.599083	-132.275314	-31.610603	0.000000	0.000000	3.750000	892.446655	183.828568
250	-345.360779	253.350723	-133.282776	64.340363	0.000000	0.000000	3.750000	602.992004	-264.735046
251	-389.600403	72.442932	-137.924744	24.001331	0.000000	0.000000	3.750000	695.065247	25.708466
252	111.355026	738.267212	22.040295	138.253815	0.000000	0.000000	3.750000	-46.776184	-849.475952
253	-974.153320	-341.333435	-139.236328	-65.796234	0.000000	0.000000	3.750000	1232.741821	411.623810
254	-211.093536	75.355469	-151.123993	38.521362	0.000000	0.000000	3.750000	360.091492	88.353134
255	473.751404	813.614014	52.351627	121.174614	0.000000	0.000000	3.750000	-362.504364	-1002.208740
256	514.430542	-645.808044	95.675385	-107.620499	0.000000	0.000000	3.750000	-571.859863	739.510742
257	-538.957581	786.494141	-65.284286	114.725418	0.000000	0.000000	3.750000	452.736053	-1038.712524
258	-495.329468	857.263306	-79.191162	120.269516	0.000000	0.000000	3.750000	649.523254	-978.243042
259	-383.698608	-652.360779	-85.946983	-105.398819	0.000000	0.000000	3.750000	367.091675	640.321228
260	1004.172485	233.295410	135.866440	47.710068	0.000000	0.000000	3.750000	-1240.628540	-333.106415
261	-603.636475	893.404907	-101.315346	123.835381	0.000000	0.000000	3.750000	675.471741	-861.726013
262	-728.578979	707.251709	-87.205353	93.697372	0.000000	0.000000	3.750000	646.032410	-859.850403
263	5.160675	-903.919434	-18.912952	-148.802795	0.000000	0.000000	3.750000	72.682587	1092.848267
264	364.383484	108.710114	121.682022	80.677795	0.000000	0.000000	3.750000	-282.298401	-280.525269
265	42.742653	769.324829	4.404346	129.924988	0.000000	0.000000	3.750000	125.899818	-1461.941162
266	-724.593628	467.731873	-112.674927	89.666229	0.000000	0.000000	3.750000	737.439026	-392.414734
267	20.953062	450.296509	-21.583015	122.103439	0.000000	0.000000	3.750000	24.899714	-276.460022
268	250.157928	-52.719353	124.788338	-28.397572	0.000000	0.000000	3.750000	-156.611816	137.863770
269	850.807495	-637.590210	99.450623	-92.763313	0.000000	0.000000	3.750000	-237.328156	226.969437
270	910.725708	349.785095	129.917404	52.167397	0.000000	0.000000	3.750000	-1099.744263	-345.696350
271	-821.146851	524.273560	-122.515793	67.748108	0.000000	0.000000	3.750000	1006.170837	-388.915375
272	648.868164	-296.561066	94.785660	-63.337635	0.000000	0.000000	3.750000	-747.296814	416.137695
273	518.457825	-631.310425	77.682693	-114.058662	0.000000	0.000000	3.750000	-558.204285	929.898926
274	-620.198730	-819.787720	-79.604279	-112.725571	0.000000	0.000000	3.750000	390.589752	759.497253
275	-323.705566	-857.154175	-69.351692	-139.736633	0.000000	0.000000	3.750000	436.505157	994.613525
276	228.165695	-177.396347	128.204544	-21.495188	0.000000	0.000000	3.750000	-637.719360	348.680511
277	-760.394287	200.696564	-109.719864	53.343288	0.000000	0.000000	3.750000	874.622375	-319.637665
278	-39.807655	-54.244717	-123.205673	8.376824	0.000000	0.000000	3.750000	41.525597	14.639159
279	686.228394	-823.587280	92.556412	-120.570709	0.000000	0.000000	3.750000	-490.037750	636.092957
280	-856.495728	-317.971161	-133.149414	-49.315407	0.000000	0.000000	3.750000	253.645462	71.176147
281	871.563599	-331.005371	117.477219	-60.190800	0.000000	0.000000	3.750000	-1050.964233	305.353729
282	-667.078735	-39.532238	-123.075974	-15.109612	0.000000	0.000000	3.750000	716.775330	91.387009
283	909.586914	334.578064	135.875671	63.543659	0.000000	0.000000	3.750000	-1086.944458	-469.483490
284	688.754517	814.405396	98.853973	107.442505	0.000000	0.000000	3.750000	-820.089905	-835.690002
285	308.877502	710.192993	66.310623	107.139435	0.000000	0.000000	3.750000	-427.442169	-869.697693
286	481.819183	551.851807	70.897003	120.720726	0.000000	0.000000	3.750000	-235.061462	-488.132446
287	541.614624	107.923431	143.731094	42.892105	0.000000	0.000000	3.750000	-405.221558	-26.925573
288	-823.180176	-133.787689	-123.396439	-12.219454	0.000000	0.000000	3.750000	1338.058350	153.027878
289	283.300476	-658.209717	64.711456	-119.617676	0.000000	0.000000	3.750000	-259.240845	481.767456
290	-65.880013	950.732300	-9.749416	135.650040	0.000000	0.000000	3.750000	21.462406	-1203.079102
291	-397.495605	-678.321167	-69.242775	-123.973511	0.000000	0.000000	3.750000	422.111389	826.958008
292	-79.463745	-328.191956	-33.722755	-146.159180	0.000000	0.000000	3.750000	86.082588	240.481461
293	639.154297	604.728271	77.806587	93.968719	0.000000	0.000000	3.750000	-657.958923	-928.612183
294	798.489990	257.085815	121.223648	61.650818	0.000000	0.000000	3.750000	-911.920959	-440.878448
295	-723.633484	702.296570	-97.884445	88.558472	0.000000	0.000000	3.750000	991.825745	-727.688660
296	-802.901367	-820.234741	-98.959595	-101.838051	0.000000	0.000000	3.750000	848.702942	966.968689
297	-469.950806	-569.402893	-78.559067	-93.340637	0.000000	0.000000	3.750000	975.190491	1162.269531
298	-18.239132	-696.920837	-15.444279	-137.132416	0.000000	0.000000	3.750000	-17.121553	771.628479
299	758.985229	-192.228271	137.038361	-44.230648	0.000000	0.000000	3.750000	-867.507019	162.133102
300	-848.447510	253.136139	-146.253021	41.399242	0.000000	0.000000	3.750000	991.252563	-157.859283
301	-483.427673	541.760254	-70.707214	106.698105	0.000000	0.000000	3.750000	401.264069	-652.593872
302	-306.752045	-808.590881	-26.583122	-119.068283	0.000000	0.000000	3.750000	100.396347	1075.162842
303	-283.967224	-151.351547	-110.313736	-68.781189	0.000000	0.000000	3.750000	430.589172	288.956207
304	-88.903778	-831.579651	-12.012115	-135.467377	0.000000	0.000000	3.750000	-29.260687	692.214722
305	151.344513	899.696045	25.186779	147.870300	0.000000	0.000000	3.750000	-186.964828	-1071.428955
306	-805.288208	569.727539	-109.272797	84.281509	0.000000	0.000000	3.750000	1067.973999	-598.514282
307	-995.347168	25.987638	-149.916092	-5.008900	0.000000	0.000000	3.750000	1093.192871	114.681419
308	-593.393188	883.378052	-80.081100	126.834297	0.000000	0.000000	3.750000	453.645111	-908.279297
309	-193.679794	-678.098267	-22.545643	-119.898438	0.000000	0.000000	3.750000	81.154335	1077.012817
310	282.109406	-90.681328	112.533142	-65.068832	0.000000	0.000000	3.750000	-219.392044	238.169952
311	-894.030518	333.013977	-134.832794	37.682995	0.000000	0.000000	3.750000	1162.279053	-169.490616
312	-137.994644	-564.942688	-26.337040	-141.570343	0.000000	0.000000	3.750000	29.523882	706.930298
313	458.833008	608.358948	61.940063	98.078400	0.000000	0.000000	3.750000	-405.922455	-854.029358
314	-133.130249	219.580124	-105.822060	85.425621	0.000000	0.000000	3.750000	258.869263	-198.533340
315	-607.370178	-107.508553	-153.786987	-7.998660	0.000000	0.000000	3.750000	571.143799	164.429657
316	-486.822052	121.611176	-124.184029	44.744644	0.000000	0.000000	3.750000	169.778976	-43.948387
317	-448.955200	237.318756	-124.281517	55.227459	0.000000	0.000000	3.750000	696.737305	-265.904327
318	193.554703	216.235291	74.752426	83.400429	0.000000	0.000000	3.750000	-248.628204	-379.094482
319	-879.299927	-735.758667	-111.480522	-97.344757	0.000000	0.000000	3.750000	1030.436035	673.055115
320	265.271088	185.420395	118.661934	62.252155	0.000000	0.000000	3.750000	-396.185699	-228.572510
321	850.848572	310.360168	125.371994	41.300194	0.000000	0.000000	3.750000	-987.552185	-157.317505
322	-64.050369	-786.483521	-16.861464	-145.023071	0.000000	0.000000	3.750000	91.269791	1039.906494
323	-886.856262	396.310242	-155.531250	78.013000	0.000000	0.000000	3.750000	822.222229	-407.472260
324	933.502319	67.937202	128.656036	18.643141	0.000000	0.000000	3.750000	-1218.928955	-48.113018
325	500.470764	259.709534	125.899445	39.664944	0.000000	0.000000	3.750000	-793.905884	-212.415207
326	-750.976013	492.327759	-105.968140	64.395142	0.000000	0.000000	3.750000	1085.489868	-538.213135
327	-757.173340	-90.090126	-147.961426	-24.641800	0.000000	0.000000	3.750000	960.250916	289.588776
328	-868.120728	709.899109	-102.752914	100.885277	0.000000	0.000000	3.750000	1742.638184	-1654.629883
329	-398.878235	-259.777313	-107.487061	-86.547775	0.000000	0.000000	3.750000	414.183441	350.520233
330	420.115234	427.898743	59.722832	117.716393	0.000000	0.000000	3.750000	-233.303833	-491.987915
331	649.960938	527.094971	96.915367	74.103775	0.000000	0.000000	3.750000	-802.681702	-497.090912
332	-346.569092	-543.752441	-68.469589	-98.548874	0.000000	0.000000	3.750000	442.168854	778.397522
333	-194.843338	620.993591	-36.080750	120.723511	0.000000	0.000000	3.750000	254.877930	-759.799133
334	520.039062	-366.565918	128.612549	-50.028091	0.000000	0.000000	3.750000	-816.223328	307.689087
335	861.400879	-84.911469	133.592194	-25.473616	0.000000	0.000000	3.750000	-1043.413940	14.614689
336	637.339478	709.000854	89.800980	79.597580	0.000000	0.000000	3.750000	-883.308472	-684.155884
337	-755.713989	-180.797760	-131.400085	-26.268105	0.000000	0.000000	3.750000	1116.382324	203.480042
338	913.547607	-497.838562	127.371078	-75.369278	0.000000	0.000000	3.750000	-4592.987305	2060.200684
339	-721.824280	771.166992	-95.503677	102.367004	0.000000	0.000000	3.750000	649.476624	-609.941833
340	588.374268	713.628784	89.664719	110.110115	0.000000	0.000000	3.750000	-668.210693	-821.667358
341	0.607658	522.916992	10.067690	131.615448	0.000000	0.000000	3.750000	-28.146301	-783.992188
342	176.333099	491.592957	79.910378	117.376633	0.000000	0.000000	3.750000	-313.553131	-286.156647
343	-499.118286	255.891479	-98.044052	69.172287	0.000000	0.000000	3.750000	121.846420	-97.770493
344	504.431396	209.809937	126.288864	69.174896	0.000000	0.000000	3.750000	-434.929657	-474.825348
345	-831.028137	-267.948547	-130.202072	-61.509247	0.000000	0.000000	3.750000	1053.642700	418.220093
346	-368.957703	833.750183	-66.169510	127.896561	0.000000	0.000000	3.750000	353.700287	-927.947205
347	-697.357056	136.051376	-125.707184	8.585102	0.000000	0.000000	3.750000	990.501831	-74.499718
348	-654.729004	-18.338366	-117.781387	-7.177876	0.000000	0.000000	3.750000	830.305481	-16.576567
349	-197.368286	558.968201	-28.751772	104.101807	0.000000	0.000000	3.750000	58.203907	-729.484802
350	523.480042	-398.411713	110.680679	-51.318630	0.000000	0.000000	3.750000	-786.114624	214.312164
351	-500.308228	662.376221	-78.992760	125.156387	0.000000	0.000000	3.750000	557.264709	-807.953552
352	-520.353149	-249.301605	-129.406616	-67.600739	0.000000	0.000000	3.750000	727.134094	310.539246
353	-445.402954	-555.925720	-82.618958	-97.765518	0.000000	0.000000	3.750000	579.669495	751.575928
354	89.486580	-185.246780	67.352234	-118.150116	0.000000	0.000000	3.750000	-191.948486	510.450897
355	-634.299133	-374.883972	-115.916069	-38.045551	0.000000	0.000000	3.750000	730.611694	235.188522
356	-454.893616	260.136749	-112.877998	64.486862	0.000000	0.000000	3.750000	682.365356	-384.192535
357	-658.751892	702.465271	-95.160309	110.727219	0.000000	0.000000	3.750000	694.211670	-823.922119
358	-159.235031	118.130859	-110.146408	-72.743919	0.000000	0.000000	3.750000	269.357910	192.208466
359	139.282578	-805.710327	18.373840	-154.914078	0.000000	0.000000	3.750000	-162.547867	960.276245
360	-915.877686	312.801849	-145.733841	35.518169	0.000000	0.000000	3.750000	1047.083740	-141.701508
361	-239.858734	-458.887207	-57.214424	-123.379395	0.000000	0.000000	3.750000	225.614197	544.348816
362	219.032471	27.657761	143.859344	6.033587	0.000000	0.000000	3.750000	-158.630005	34.470810
363	904.808594	246.026367	144.906830	62.970398	0.000000	0.000000	3.750000	-368.515198	-171.704575
364	783.367920	-294.225006	102.881500	-53.584145	0.000000	0.000000	3.750000	-977.896301	272.290833
365	-88.479469	784.667847	9.169786	143.707031	0.000000	0.000000	3.750000	56.647190	-853.746460
366	125.521790	599.105286	32.929146	131.952637	0.000000	0.000000	3.750000	-271.517029	-671.110413
367	483.331787	806.241089	78.865616	136.908844	0.000000	0.000000	3.750000	-1407.321899	-1842.343750
368	-538.618225	896.625366	-85.866379	115.598236	0.000000	0.000000	3.750000	722.911316	-1082.244263
369	-926.759583	476.475769	-129.096909	72.373764	0.000000	0.000000	3.750000	1205.981323	-567.706543
370	-359.363342	-695.395752	-71.291992	-106.308022	0.000000	0.000000	3.750000	398.933441	751.226929
371	-763.129150	21.112207	-153.845825	-6.889362	0.000000	0.000000	3.750000	923.285034	24.515804
372	651.515320	-262.908203	115.250198	-55.689346	0.000000	0.000000	3.750000	-809.004639	272.581818
373	-158.483948	-352.847961	-64.577576	-108.192947	0.000000	0.000000	3.750000	397.035370	610.901367
374	493.324463	751.148804	87.955307	126.411484	0.000000	0.000000	3.750000	-631.099792	-926.000793
375	-270.988495	744.082275	-51.931114	136.451935	0.000000	0.000000	3.750000	293.118591	-891.228455
376	-6.364007	575.928223	1.550480	135.990555	0.000000	0.000000	3.750000	97.798233	-882.473022
377	-618.523682	-697.196777	-79.929016	-102.524857	0.000000	0.000000	3.750000	638.020630	779.346130
378	-234.222778	-1092.546021	-58.201313	-140.415588	0.000000	0.000000	3.750000	341.692871	1147.864624
379	370.072998	-490.913208	75.714920	-82.530121	0.000000	0.000000	3.750000	-606.517151	768.225220
380	-502.740295	-473.940979	-87.316391	-96.310913	0.000000	0.000000	3.750000	440.328766	435.570770
381	-732.715698	650.426331	-102.233681	89.689713	0.000000	0.000000	3.750000	899.978821	-676.352234
382	-752.302368	386.498230	-113.473099	74.965424	0.000000	0.000000	3.750000	1053.030884	-563.003845
383	245.055725	-505.931152	59.617218	-108.727943	0.000000	0.000000	3.750000	-273.458344	569.146790
384	528.351379	503.673920	103.165955	79.098305	0.000000	0.000000	3.750000	-472.584991	-490.417542
385	895.393555	-803.078491	106.212685	-105.919037	0.000000	0.000000	3.750000	-726.091309	843.392029
386	678.227783	-782.333313	106.988586	-110.767502	0.000000	0.000000	3.750000	-684.827576	756.272766
387	-52.356720	451.246460	-0.717157	145.991058	0.000000	0.000000	3.750000	31.960596	-225.062759
388	1.643859	591.540466	-9.483370	111.597755	0.000000	0.000000	3.750000	55.646416	-1039.418213
389	744.185547	-362.262054	111.080978	-63.598625	0.000000	0.000000	3.750000	-614.192932	240.217010
390	541.478149	-278.582062	110.568298	-82.575119	0.000000	0.000000	3.750000	-647.213196	483.486115
391	-679.025574	-402.211243	-103.644188	-60.479866	0.000000	0.000000	3.750000	977.314087	410.976929
392	-847.112915	-523.358215	-125.495605	-85.758827	0.000000	0.000000	3.750000	1111.626221	470.007782
393	-316.140930	-127.298286	-112.448631	-56.843628	0.000000	0.000000	3.750000	543.715393	346.883240
394	-264.474182	-867.567627	-63.468590	-118.015579	0.000000	0.000000	3.750000	391.953979	995.520264
395	568.041260	116.616989	133.961105	-3.156504	0.000000	0.000000	3.750000	-363.044464	54.313541
396	-536.930176	734.917664	-102.057190	120.616409	0.000000	0.000000	3.750000	674.916016	-833.197021
397	-241.878510	-531.379578	-90.178513	-112.264954	0.000000	0.000000	3.750000	151.300140	232.441864
398	210.587509	961.838257	27.931030	137.185333	0.000000	0.000000	3.750000	-143.695862	-1173.890747
399	151.943878	-230.181351	9.898068	-141.654602	0.000000	0.000000	3.750000	-34.914589	468.231110
400	274.624146	55.805649	125.938736	-3.681634	0.000000	0.000000	3.750000	-315.294281	83.261795
401	-410.416626	-61.156883	-162.807312	19.708065	0.000000	0.000000	3.750000	475.599335	37.521080
402	487.402466	764.411255	52.598274	140.475464	0.000000	0.000000	3.750000	-402.907288	-897.797913
403	-541.067017	-582.969971	-75.044601	-103.693298	0.000000	0.000000	3.750000	501.776276	765.918640
404	414.868530	-783.155029	73.591133	-123.775177	0.000000	0.000000	3.750000	-404.412811	817.949463
405	-241.922653	-220.770126	-131.575806	-41.593330	0.000000	0.000000	3.750000	476.420105	341.273468
406	-172.999359	-248.389709	-55.926567	-139.171204	0.000000	0.000000	3.750000	40.714775	160.785919
407	489.465698	289.324188	121.043678	47.406277	0.000000	0.000000	3.750000	-345.478363	-268.610565
408	274.539917	-813.441467	38.930725	-126.127960	0.000000	0.000000	3.750000	-183.530594	1300.932861
409	758.652222	595.956604	99.423935	80.615593	0.000000	0.000000	3.750000	-784.649841	-568.199036
410	-884.035889	240.225769	-127.058517	42.568684	0.000000	0.000000	3.750000	1016.232910	-247.706116
411	-352.344025	-475.391663	-64.963409	-128.513580	0.000000	0.000000	3.750000	302.914062	555.470215
412	-163.699966	474.371338	-27.812042	131.077789	0.000000	0.000000	3.750000	126.473114	-271.298737
413	245.142197	-856.886230	21.233982	-136.356583	0.000000	0.000000	3.750000	-191.397095	1157.955078
414	379.434326	-897.176331	67.779564	-140.504776	0.000000	0.000000	3.750000	-279.180908	1126.396240
415	-358.312469	-254.031982	-88.378494	-105.986938	0.000000	0.000000	3.750000	342.099457	394.339600
416	167.798096	557.942261	43.479050	137.278992	0.000000	0.000000	3.750000	-261.941010	-668.915833
417	577.677368	-449.004211	91.441772	-68.076355	0.000000	0.000000	3.750000	-860.395447	562.263184
418	206.441437	-855.681458	35.098869	-139.656815	0.000000	0.000000	3.750000	-173.634369	991.938782
419	-346.007263	-245.942352	-82.574020	-84.294281	0.000000	0.000000	3.750000	474.748932	458.243927
420	-511.409546	314.621826	-102.586960	66.029488	0.000000	0.000000	3.750000	632.607178	-318.231323
421	340.634125	569.420410	83.369537	71.760132	0.000000	0.000000	3.750000	-561.491516	-505.743988
422	-701.454468	-177.098907	-133.531647	-11.193762	0.000000	0.000000	3.750000	1067.259521	78.450089
423	-357.562592	395.286011	-94.847061	110.995377	0.000000	0.000000	3.750000	566.962769	-566.582764
424	25.173370	-301.152771	-15.892715	-147.144196	0.000000	0.000000	3.750000	84.912598	665.953735
425	320.996735	102.227341	127.809723	6.907600	0.000000	0.000000	3.750000	-180.240936	-47.211361
426	723.148010	-885.330566	96.498932	-106.882767	0.000000	0.000000	3.750000	-797.429504	1049.462158
427	592.536438	-187.904999	135.553528	-48.591705	0.000000	0.000000	3.750000	-776.551514	208.378311
428	446.589600	-428.113525	112.874863	-72.216667	0.000000	0.000000	3.750000	-366.449799	210.758286
429	-58.032684	-131.694580	-77.880249	-104.063103	0.000000	0.000000	3.750000	206.368668	141.812119
430	-107.706360	794.744690	-27.677944	149.452927	0.000000	0.000000	3.750000	22.572792	-332.789520
431	516.738159	-871.281189	72.774727	-117.251007	0.000000	0.000000	3.750000	-531.516968	1060.325562
432	307.255371	358.563477	60.328003	126.330872	0.000000	0.000000	3.750000	-434.298309	-517.268555
433	-456.447876	-474.970642	-81.882843	-90.438766	0.000000	0.000000	3.750000	612.933411	789.724792
434	645.501099	135.332993	137.215897	14.688744	0.000000	0.000000	3.750000	-850.344482	-38.478748
435	-81.540222	-897.830505	0.118344	-143.999649	0.000000	0.000000	3.750000	-136.823761	1166.969360
436	-474.427063	-330.479858	-102.939690	-79.393600	0.000000	0.000000	3.750000	769.901245	448.844208
437	450.301331	-403.044800	99.504791	-83.658691	0.000000	0.000000	3.750000	-810.084167	742.927307
438	435.874817	-823.178589	62.349274	-118.610153	0.000000	0.000000	3.750000	-284.125031	913.815125
439	-792.840942	-473.387726	-111.568245	-66.726997	0.000000	0.000000	3.750000	933.392822	437.432007
440	-236.917328	396.787903	-116.143448	104.147385	0.000000	0.000000	3.750000	417.511688	-369.228760
441	554.393311	-513.464172	107.101288	-102.143555	0.000000	0.000000	3.750000	-614.797729	573.120850
442	361.593536	-38.830112	143.478424	-12.030518	0.000000	0.000000	3.750000	-258.561127	121.501564
443	622.273743	-172.662628	133.080322	-88.822586	0.000000	0.000000	3.750000	-528.033752	419.118317
444	739.170166	-558.285645	102.729889	-103.742577	0.000000	0.000000	3.750000	-773.260986	673.626953
445	540.710205	-598.520386	104.478729	-77.357498	0.000000	0.000000	3.750000	-689.807739	454.000000
446	1023.285767	153.858276	144.750061	30.844696	0.000000	0.000000	3.750000	-1187.760864	-185.136276
447	-422.461548	69.793068	-124.007385	50.773777	0.000000	0.000000	3.750000	603.347229	-158.547852
448	-373.676147	46.436123	-139.915710	4.857874	0.000000	0.000000	3.750000	200.906326	13.673739
449	544.760315	-687.799683	77.326935	-111.877350	0.000000	0.000000	3.750000	-624.055969	954.301453
450	-899.088379	-498.026917	-131.802002	-62.802731	0.000000	0.000000	3.750000	1215.470581	449.217072
451	-766.803223	-457.107391	-110.113251	-83.179428	0.000000	0.000000	3.750000	724.547607	350.484253
452	70.667557	783.751892	12.261765	131.429108	0.000000	0.000000	3.750000	-13.333924	-938.120667
453	49.154121	-466.638184	0.275509	-143.999451	0.000000	0.000000	3.750000	-58.184521	661.981140
454	997.580933	2.294886	147.997498	0.861236	0.000000	0.000000	3.750000	-1198.556763	-5.855802
455	-201.173706	-218.658661	-28.633865	-122.702477	0.000000	0.000000	3.750000	81.525528	241.829041
456	-759.676514	-622.270691	-102.196915	-89.731644	0.000000	0.000000	3.750000	799.112671	620.520874
457	193.857544	485.811371	74.133827	128.094116	0.000000	0.000000	3.750000	-289.143463	-579.195862
458	272.102539	-302.322144	110.406784	-98.559067	0.000000	0.000000	3.750000	-357.261230	431.759094
459	-670.851624	91.554810	-137.971436	2.807076	0.000000	0.000000	3.750000	1091.928711	-24.642271
460	-67.111053	981.516724	2.329737	155.982483	0.000000	0.000000	3.750000	33.908741	-1075.568604
461	660.961487	34.060715	147.979187	2.472218	0.000000	0.000000	3.750000	-712.506653	-38.565800
462	108.219940	-803.975891	13.653400	-137.322845	0.000000	0.000000	3.750000	-156.751312	989.573242
463	-744.361633	531.292603	-105.659691	88.769501	0.000000	0.000000	3.750000	891.058838	-695.678406
464	140.026169	725.483704	24.797886	119.453186	0.000000	0.000000	3.750000	-126.533516	-733.368896
465	927.661987	256.456421	131.487778	34.741081	0.000000	0.000000	3.750000	-1071.018188	-221.215225
466	-591.958618	-652.421631	-80.730568	-96.739708	0.000000	0.000000	3.750000	704.986633	786.714905
467	555.270508	326.293396	96.192413	53.357460	0.000000	0.000000	3.750000	-740.390747	-424.511780
468	-806.898438	-218.982208	-112.789001	-34.678680	0.000000	0.000000	3.750000	1091.236816	229.888123
469	689.513611	769.393372	90.907906	98.446701	0.000000	0.000000	3.750000	-859.302917	-954.539978
470	712.319275	-221.408966	130.838257	-28.935970	0.000000	0.000000	3.750000	-901.138428	114.334946
471	-240.992035	931.278931	-43.407452	135.202789	0.000000	0.000000	3.750000	281.815216	-923.254517
472	104.486694	-944.289795	26.429928	-137.482574	0.000000	0.000000	3.750000	-210.020630	1191.307251
473	489.976440	-638.582458	85.547684	-84.152153	0.000000	0.000000	3.750000	-589.570984	611.343811
474	-190.420303	746.746338	-43.961418	115.945534	0.000000	0.000000	3.750000	240.697098	-801.458923
475	442.532593	685.430115	74.827454	101.374786	0.000000	0.000000	3.750000	-626.196289	-797.009277
476	570.817566	54.181366	144.107086	23.432993	0.000000	0.000000	3.750000	-854.591248	-88.586647
477	-195.935043	-277.232025	-90.847267	-98.502502	0.000000	0.000000	3.750000	454.364349	444.938904
478	254.056137	-252.877380	111.880119	-37.500999	0.000000	0.000000	3.750000	-179.538040	138.186584
479	-653.837769	-497.054749	-103.305519	-103.169617	0.000000	0.000000	3.750000	680.740662	660.134277
480	-253.755615	-722.396240	-55.922352	-121.772934	0.000000	0.000000	3.750000	301.114014	823.219727
481	591.983032	-58.801537	127.844940	-6.298375	0.000000	0.000000	3.750000	-794.969299	35.406841
482	-634.302917	232.516891	-119.807129	68.485321	0.000000	0.000000	3.750000	665.381653	-362.989594
483	-607.037415	-510.839539	-96.780197	-83.771065	0.000000	0.000000	3.750000	711.442871	569.631836
484	-905.844971	-530.555115	-114.020630	-84.635681	0.000000	0.000000	3.750000	1081.955688	569.176208
485	-436.038696	618.195496	-76.716217	94.861053	0.000000	0.000000	3.750000	615.843018	-781.612488
486	177.393997	315.859711	88.148125	98.249886	0.000000	0.000000	3.750000	-79.953697	-141.939301
487	744.500793	-554.832642	93.644829	-98.623749	0.000000	0.000000	3.750000	-856.092285	916.097778
488	59.992157	172.906509	81.783203	106.122955	0.000000	0.000000	3.750000	-67.621307	-233.818863
489	-373.241730	1072.760376	-37.160122	176.121323	0.000000	0.000000	3.750000	74.566971	-1158.618530
490	36.021545	-501.076355	-19.124981	-138.686600	0.000000	0.000000	3.750000	-31.679552	735.571838
491	667.822205	-378.745605	114.078857	-94.286865	0.000000	0.000000	3.750000	-538.933655	442.409241
492	513.671875	-685.771118	73.116180	-112.294304	0.000000	0.000000	3.750000	-473.981537	801.367310
493	205.487137	-217.744965	91.736099	-110.995026	0.000000	0.000000	3.750000	-246.920944	443.878693
494	189.454102	758.360596	50.069252	147.745209	0.000000	0.000000	3.750000	-468.370941	-851.724854
495	194.304565	656.652710	12.845922	113.273788	0.000000	0.000000	3.750000	-25.987717	-920.386963
496	806.210938	-258.599945	123.007248	-35.397606	0.000000	0.000000	3.750000	-957.651428	68.893005
497	-325.571411	-653.136414	-33.013588	-142.218216	0.000000	0.000000	3.750000	136.865784	912.640686
498	-862.976624	193.631546	-127.207001	26.801567	0.000000	0.000000	3.750000	1024.724365	-107.168533
499	-89.668640	-1015.700623	-31.647110	-144.576828	0.000000	0.000000	3.750000	228.344482	1108.098389
500	442.466858	322.234863	106.393700	51.031929	0.000000	0.000000	3.750000	-515.563965	-325.657013
501	733.954651	-269.060364	99.991486	-54.750980	0.000000	0.000000	3.750000	-845.502747	362.673096
502	-531.935242	359.912598	-96.585518	64.242966	0.000000	0.000000	3.750000	639.539246	-318.100952
503	-218.066711	464.980072	-34.779305	127.335770	0.000000	0.000000	3.750000	169.211700	-513.260193
504	-238.131439	605.056091	-67.558578	115.723068	0.000000	0.000000	3.750000	422.093384	-778.711182
505	224.204208	593.493408	80.710495	138.149292	0.000000	0.000000	3.750000	-205.173630	-474.851562
506	-832.975708	-51.045227	-122.628830	-18.389378	0.000000	0.000000	3.750000	1125.542969	170.337814
507	-641.167664	496.492188	-99.069366	52.241249	0.000000	0.000000	3.750000	952.620117	-283.423279
508	338.163635	334.174744	64.884644	121.794693	0.000000	0.000000	3.750000	-303.772003	-633.993896
509	-709.939636	-542.835938	-101.526779	-81.192871	0.000000	0.000000	3.750000	911.855408	614.136536
510	40.508099	538.830627	-27.146147	125.087761	0.000000	0.000000	3.750000	94.429810	-320.886108
511	-731.122314	-208.128662	-147.184555	-28.925102	0.000000	0.000000	3.750000	919.958740	118.133873
512	-921.362610	42.061146	-139.231979	14.643722	0.000000	0.000000	3.750000	1036.872559	-154.490326
513	172.284271	-711.902771	27.589542	-118.839447	0.000000	0.000000	3.750000	-245.542618	958.893066
514	-617.580139	-875.237915	-83.688171	-119.633698	0.000000	0.000000	3.750000	516.302795	948.045227
515	-682.632568	741.952209	-100.199768	91.956512	0.000000	0.000000	3.750000	858.289490	-728.677612
516	196.336075	803.804688	29.180315	122.574463	0.000000	0.000000	3.750000	-210.373962	-1121.161133
517	-625.625854	572.256287	-107.951859	92.251755	0.000000	0.000000	3.750000	671.087769	-520.684265
518	293.566772	270.496948	113.204720	63.903099	0.000000	0.000000	3.750000	-347.423645	-350.194458
519	-129.495773	776.825134	3.774622	129.945190	0.000000	0.000000	3.750000	-40.925457	-1125.056274
520	96.493187	-549.125000	-15.994051	-116.911011	0.000000	0.000000	3.750000	100.957268	1084.509033
521	577.493469	65.686295	163.451904	-13.374881	0.000000	0.000000	3.750000	-319.972137	43.048553
522	286.490173	505.388245	45.474277	128.171722	0.000000	0.000000	3.750000	-303.697418	-643.760254
523	-459.232361	-577.643127	-72.341713	-90.678772	0.000000	0.000000	3.750000	484.168945	750.666077
524	-329.102966	-414.562988	-79.439606	-129.588181	0.000000	0.000000	3.750000	415.025726	527.349060
525	-310.693848	715.858215	-49.607033	124.479477	0.000000	0.000000	3.750000	366.413025	-884.841736
526	913.395752	-10.989952	133.867706	-5.953049	0.000000	0.000000	3.750000	-1100.139404	49.730549
527	-421.961060	-739.591492	-49.378086	-115.921387	0.000000	0.000000	3.750000	338.054932	1107.869629
528	-671.351807	579.101746	-91.756203	77.335327	0.000000	0.000000	3.750000	1129.711670	-719.622070
529	-752.411072	-576.525940	-110.410049	-82.786194	0.000000	0.000000	3.750000	971.493896	571.068604
530	821.413818	-593.941162	107.776031	-92.457169	0.000000	0.000000	3.750000	-823.926575	685.323669
531	-832.817322	102.756500	-131.915680	4.699118	0.000000	0.000000	3.750000	714.513428	-106.691139
532	-671.512146	-510.033508	-112.031441	-80.578003	0.000000	0.000000	3.750000	874.808228	446.577087
533	-322.161194	648.562439	-69.903435	109.606079	0.000000	0.000000	3.750000	542.688049	-779.951233
534	642.456055	672.341370	104.279587	96.383415	0.000000	0.000000	3.750000	-699.521423	-601.079102
535	569.364746	-356.851166	107.566040	-73.003098	0.000000	0.000000	3.750000	-756.562805	383.012787
536	860.866760	25.978302	123.392242	12.259357	0.000000	0.000000	3.750000	-987.036621	13.031249
537	565.794189	117.970474	128.311340	30.986526	0.000000	0.000000	3.750000	-708.057556	-126.706306
538	-302.414948	-951.055359	-50.875183	-132.572754	0.000000	0.000000	3.750000	225.336334	1138.418335
539	614.545288	414.959747	103.817451	93.925133	0.000000	0.000000	3.750000	-613.008240	-581.796692
540	-246.366028	-703.875244	-43.537987	-116.105316	0.000000	0.000000	3.750000	273.662689	775.147766
541	26.819393	-343.648621	60.813087	-121.633316	0.000000	0.000000	3.750000	-39.057762	493.214264
542	202.720093	697.756653	21.122723	126.244240	0.000000	0.000000	3.750000	-2.445720	-869.448914
543	-316.321014	142.916565	-142.542542	92.558975	0.000000	0.000000	3.750000	283.604950	-42.877827
544	526.440857	-187.684998	126.765182	-28.819870	0.000000	0.000000	3.750000	-794.320618	156.964890
545	653.166748	402.381683	123.456230	81.624084	0.000000	0.000000	3.750000	-574.219666	-439.491547
546	265.268677	719.388245	37.224159	132.884766	0.000000	0.000000	3.750000	-327.220245	-1163.026978
547	-568.507812	663.820435	-125.543427	89.189880	0.000000	0.000000	3.750000	753.093445	-489.390228
548	-805.892456	-158.858261	-131.962418	-3.146112	0.000000	0.000000	3.750000	725.030090	-17.074924
549	15.620232	645.174500	11.054203	117.480865	0.000000	0.000000	3.750000	3.788293	-887.772949
550	-339.209839	-335.196594	-120.590736	-92.529259	0.000000	0.000000	3.750000	648.016602	372.250763
551	-450.033386	-486.246399	-100.841400	-72.158440	0.000000	0.000000	3.750000	692.136047	325.187988
552	571.943848	695.422119	86.203918	99.964355	0.000000	0.000000	3.750000	-824.737854	-1083.234131
553	581.288879	-535.993042	94.732239	-83.077042	0.000000	0.000000	3.750000	-777.708435	631.603333
554	890.360474	127.176949	148.165802	23.384342	0.000000	0.000000	3.750000	-1033.536621	-68.756180
555	777.155640	-507.042114	137.559555	-64.662277	0.000000	0.000000	3.750000	-985.258545	306.959320
556	70.370064	-130.894852	131.786087	-7.221651	0.000000	0.000000	3.750000	-260.823242	127.844002
557	162.796448	-571.217285	57.273224	-107.719788	0.000000	0.000000	3.750000	-356.086731	1178.860840
558	-208.258774	-760.552124	-29.792660	-112.108795	0.000000	0.000000	3.750000	206.904800	1014.112549
559	548.764526	-726.132751	100.064148	-111.745865	0.000000	0.000000	3.750000	-431.043671	505.742249
560	-324.771973	256.200104	-71.684044	122.576721	0.000000	0.000000	3.750000	167.570145	-232.790268
561	458.038818	-910.702454	80.603912	-114.467888	0.000000	0.000000	3.750000	-446.732361	836.852234
562	-180.106308	-752.919678	-20.010952	-116.290794	0.000000	0.000000	3.750000	140.115280	1278.707275
563	451.007935	-201.960785	137.390549	-12.942609	0.000000	0.000000	3.750000	-587.020691	131.140396
564	-7.268799	-422.842102	2.982556	-119.962692	0.000000	0.000000	3.750000	-40.811577	483.037323
565	-244.989151	584.217407	-48.382038	116.340775	0.000000	0.000000	3.750000	269.473358	-696.862976
566	224.622208	24.238302	127.705536	52.300003	0.000000	0.000000	3.750000	-827.355103	-320.238495
567	-827.789307	88.893707	-131.397247	12.598699	0.000000	0.000000	3.750000	941.881287	-156.888565
568	-91.109184	762.073181	5.051127	137.907425	0.000000	0.000000	3.750000	12.563481	-729.246277
569	405.418091	-167.596802	152.994827	-17.454290	0.000000	0.000000	3.750000	-276.093140	92.400711
570	10.792208	314.506866	-6.041771	137.864868	0.000000	0.000000	3.750000	-78.988251	-441.713318
571	447.067505	-702.739441	82.720497	-102.865471	0.000000	0.000000	3.750000	-529.936157	727.908691
572	-826.387207	-229.953568	-150.897049	-30.758368	0.000000	0.000000	3.750000	962.204041	181.584946
573	-373.643677	58.661385	-142.678925	19.400572	0.000000	0.000000	3.750000	437.239655	73.484428
574	-86.431503	-550.890015	-26.691860	-141.504150	0.000000	0.000000	3.750000	65.441139	812.303528
575	136.802582	703.164612	50.391518	119.836052	0.000000	0.000000	3.750000	-398.946686	-854.830200
576	405.648499	-87.715805	125.886703	-5.339703	0.000000	0.000000	3.750000	-578.431885	-1.749260
577	872.495178	-625.345032	129.311188	-90.788795	0.000000	0.000000	3.750000	-972.162720	627.718262
578	-105.196579	407.597839	3.444643	153.959442	0.000000	0.000000	3.750000	-21.887302	-259.233185
579	272.516663	-929.804626	45.118210	-130.415848	0.000000	0.000000	3.750000	-240.495987	1040.683228
580	773.024353	-748.820312	102.078964	-92.862549	0.000000	0.000000	3.750000	-285.027893	253.285339
581	554.116516	292.363525	120.167542	54.623798	0.000000	0.000000	3.750000	-746.861511	-352.666656
582	141.641800	668.156494	30.819202	115.974899	0.000000	0.000000	3.750000	-233.831039	-838.144287
583	-540.031738	-761.572876	-87.276749	-104.301331	0.000000	0.000000	3.750000	504.472107	619.941406
584	577.012695	843.019653	82.700897	112.962448	0.000000	0.000000	3.750000	-604.818848	-1004.103210
585	158.975983	-514.080078	72.556122	-151.521576	0.000000	0.000000	3.750000	-159.872498	571.941772
586	126.019852	-344.440735	82.590088	-134.689178	0.000000	0.000000	3.750000	-135.834030	444.519531
587	-130.999741	275.429352	-22.467726	109.720863	0.000000	0.000000	3.750000	81.198952	-246.706757
588	500.185150	663.130615	98.621780	107.655670	0.000000	0.000000	3.750000	-679.020935	-734.433105
589	-802.093201	-574.472107	-116.583221	-115.343689	0.000000	0.000000	3.750000	832.014160	635.198364
590	-748.070679	699.784729	-106.339966	91.059265	0.000000	0.000000	3.750000	848.440430	-612.187988
591	-700.922607	440.970886	-102.965630	85.755821	0.000000	0.000000	3.750000	853.602234	-630.099731
592	-237.108383	-823.683105	-32.124725	-132.151428	0.000000	0.000000	3.750000	238.018768	939.444946
593	777.192627	539.169983	99.963715	79.945175	0.000000	0.000000	3.750000	-1018.111816	-673.840576
594	500.077240	399.542114	113.310509	71.531143	0.000000	0.000000	3.750000	-756.430054	-447.771790
595	555.996887	461.894623	104.216599	67.192787	0.000000	0.000000	3.750000	-1076.650757	-576.269531
596	339.084961	427.858368	73.830139	76.059875	0.000000	0.000000	3.750000	-423.703522	-407.533966
597	-328.773987	-372.678986	-65.708549	-125.881752	0.000000	0.000000	3.750000	338.530426	513.711182
598	115.192429	106.982803	106.314789	84.797272	0.000000	0.000000	3.750000	-199.054077	-308.436859
599	-104.391106	-226.728470	-72.254951	-88.175758	0.000000	0.000000	3.750000	268.372864	262.879486
600	-49.142914	-1044.560181	3.697934	-153.955414	0.000000	0.000000	3.750000	-123.553642	1234.401611
601	318.420654	-697.812561	60.236626	-110.667816	0.000000	0.000000	3.750000	-269.135742	824.636353
602	-260.626373	-695.044312	-39.062717	-136.521439	0.000000	0.000000	3.750000	213.850113	799.577271
603	705.296143	-713.298340	113.707306	-103.858597	0.000000	0.000000	3.750000	-461.403046	392.679901
604	-715.406616	-655.348450	-91.802055	-83.356941	0.000000	0.000000	3.750000	894.716858	738.545105
605	-191.179810	-962.113403	-12.892254	-143.421600	0.000000	0.000000	3.750000	22.149130	1112.848999
606	737.311340	244.979538	113.696373	23.002726	0.000000	0.000000	3.750000	-1063.850342	-164.915848
607	665.266479	-297.357727	137.226593	-55.432274	0.000000	0.000000	3.750000	-941.606140	250.489334
608	144.811111	524.066772	55.353096	113.190247	0.000000	0.000000	3.750000	-390.212280	-761.421265
609	-402.871277	-72.568115	-107.778969	-30.457890	0.000000	0.000000	3.750000	739.839050	242.542435
610	-33.057186	-558.886414	2.788051	-109.964478	0.000000	0.000000	3.750000	-88.597542	770.065002
611	-527.884644	-513.676025	-92.934814	-85.082962	0.000000	0.000000	3.750000	608.340027	505.075928
612	839.315918	173.222153	139.380035	36.182362	0.000000	0.000000	3.750000	-986.682495	-184.351913
613	-122.516953	32.871857	151.383438	-10.182997	0.000000	0.000000	3.750000	-32.129387	102.561127
614	-457.847809	747.802551	-67.669907	103.907173	0.000000	0.000000	3.750000	413.941223	-922.551514
615	726.974609	229.768539	110.445175	51.825096	0.000000	0.000000	3.750000	-1025.941162	-401.093964
616	-830.240234	139.166183	-126.373413	38.128006	0.000000	0.000000	3.750000	980.425049	-241.384018
617	532.746643	-212.312592	134.630432	-38.400543	0.000000	0.000000	3.750000	-916.326233	198.251511
618	587.851929	211.092163	112.867630	34.422314	0.000000	0.000000	3.750000	-733.056458	-200.383499
619	256.321960	958.843628	57.979084	151.268555	0.000000	0.000000	3.750000	-504.390900	-933.712524
620	166.266647	-625.497803	41.355392	-108.377365	0.000000	0.000000	3.750000	-210.971329	911.960327
621	639.136902	277.243195	119.897255	38.737572	0.000000	0.000000	3.750000	-864.122864	-196.925537
622	301.524139	325.002716	79.143509	95.457642	0.000000	0.000000	3.750000	-458.132172	-420.276520
623	951.301636	-293.606232	135.648438	-41.991997	0.000000	0.000000	3.750000	-1137.380859	150.612442
624	114.200775	-507.292786	27.902576	-116.710915	0.000000	0.000000	3.750000	-207.625397	727.252930
625	534.024231	-720.072998	71.930878	-110.679466	0.000000	0.000000	3.750000	-546.747498	907.758484
626	-209.350433	892.614563	-24.345860	135.835083	0.000000	0.000000	3.750000	52.840298	-1158.842041
627	-327.327545	-432.906952	-100.316101	-94.766449	0.000000	0.000000	3.750000	547.927246	504.000488
628	149.291931	660.182556	29.510786	124.551628	0.000000	0.000000	3.750000	-149.835129	-730.869995
629	516.764404	493.639954	97.306854	86.205444	0.000000	0.000000	3.750000	-664.578735	-602.071777
630	526.733643	442.202087	124.114243	91.168282	0.000000	0.000000	3.750000	-694.440369	-504.220856
631	-95.192039	590.614319	-13.717476	125.250969	0.000000	0.000000	3.750000	35.631630	-749.749146
632	-130.726700	-385.349274	-59.867592	-115.394127	0.000000	0.000000	3.750000	370.395325	610.874329
633	-625.810181	-578.665527	-107.214325	-118.764771	0.000000	0.000000	3.750000	560.859375	672.669250
634	682.011536	659.050537	89.545181	91.463959	0.000000	0.000000	3.750000	-895.267944	-851.295837
635	-815.343140	99.680969	-139.955704	3.521213	0.000000	0.000000	3.750000	1047.637207	-41.427372
636	767.267334	786.442261	101.683975	96.230606	0.000000	0.000000	3.750000	-1007.429382	-809.829285
637	-698.225647	255.654327	-124.348770	44.282772	0.000000	0.000000	3.750000	515.609436	-95.385735
638	383.726044	-667.816833	49.828598	-128.689514	0.000000	0.000000	3.750000	-198.235031	829.638184
639	919.690369	-423.859100	118.050507	-71.470718	0.000000	0.000000	3.750000	-1121.157959	595.527039
640	-251.975800	668.547058	-62.317467	120.882103	0.000000	0.000000	3.750000	374.548157	-630.980164
641	-538.950623	513.402710	-97.386314	121.868332	0.000000	0.000000	3.750000	616.322815	-715.854553
642	463.064514	82.477585	123.249992	34.546200	0.000000	0.000000	3.750000	-506.848602	-139.423615
643	-750.643188	-334.254913	-124.561340	-54.593559	0.000000	0.000000	3.750000	1375.576050	535.746521
644	-96.454193	899.780151	-42.188316	154.337250	0.000000	0.000000	3.750000	128.485031	-801.375061
645	-823.182983	-662.471924	-123.516624	-88.586227	0.000000	0.000000	3.750000	1026.354858	549.884766
646	119.147079	204.096405	118.743195	52.910194	0.000000	0.000000	3.750000	-210.735504	-57.399746
647	-697.635864	699.250854	-91.690643	89.312912	0.000000	0.000000	3.750000	692.034607	-540.611572
648	673.845764	-503.612152	121.082367	-104.589218	0.000000	0.000000	3.750000	-609.917786	622.855042
649	-612.933167	285.191437	-117.419769	55.790604	0.000000	0.000000	3.750000	789.992004	-349.515381
650	-608.761108	-464.239838	-106.898911	-73.976746	0.000000	0.000000	3.750000	826.919800	461.608093
651	-609.960022	-871.683411	-89.887482	-120.084114	0.000000	0.000000	3.750000	660.388794	1057.380493
652	-676.404114	-365.033356	-126.706268	-72.535889	0.000000	0.000000	3.750000	847.670654	384.757416
653	539.552246	591.723938	68.521545	110.475037	0.000000	0.000000	3.750000	-511.214661	-688.371643
654	-131.908875	299.592773	-46.833027	95.092331	0.000000	0.000000	3.750000	257.818573	-414.804321
655	-582.066162	438.885162	-86.592918	50.016392	0.000000	0.000000	3.750000	990.816467	-432.393005
656	-184.953094	-335.245483	-41.085831	-119.113205	0.000000	0.000000	3.750000	198.464401	584.939819
657	-42.715282	-624.860107	24.978336	-129.615128	0.000000	0.000000	3.750000	-144.901794	795.462769
658	724.544739	297.948883	129.640381	52.847565	0.000000	0.000000	3.750000	-522.988708	-121.168327
659	18.090260	-520.378662	-10.479385	-125.563354	0.000000	0.000000	3.750000	53.271454	525.683472
660	21.771313	-12.434483	56.352406	130.339355	0.000000	0.000000	3.750000	-65.577225	-203.197983
661	21.712290	-675.868652	-19.715490	-132.541656	0.000000	0.000000	3.750000	108.390160	917.280762
662	-574.611145	17.194717	-119.294876	-12.987904	0.000000	0.000000	3.750000	997.233826	18.869905
663	-528.122864	574.070679	-74.827660	77.876938	0.000000	0.000000	3.750000	691.126770	-656.664490
664	391.117859	-609.161194	106.202805	-114.265991	0.000000	0.000000	3.750000	-345.459961	476.724915
665	129.543839	809.102112	30.214119	148.966751	0.000000	0.000000	3.750000	-311.459991	-1310.862183
666	-74.793640	470.327637	6.588912	127.830299	0.000000	0.000000	3.750000	-38.688007	-607.403992
667	440.529358	299.311554	101.781998	46.737408	0.000000	0.000000	3.750000	-724.416809	-395.967712
668	-949.544250	213.189789	-145.509033	11.962370	0.000000	0.000000	3.750000	1224.322632	-44.929764
669	24.940094	-220.103058	-82.988174	-115.196396	0.000000	0.000000	3.750000	208.062881	137.911880
670	-580.525574	-129.522812	-143.188004	-15.270252	0.000000	0.000000	3.750000	834.319763	123.734543
671	-436.703491	295.184998	-104.595490	50.157410	0.000000	0.000000	3.750000	802.306580	-335.110626
672	469.812500	551.646729	76.948608	89.458969	0.000000	0.000000	3.750000	-525.614441	-644.004272
673	623.226624	197.741470	137.529526	49.006363	0.000000	0.000000	3.750000	-676.674194	-218.889755
674	4.563750	-373.445953	-38.128967	-145.072449	0.000000	0.000000	3.750000	97.792000	652.647034
675	561.015930	950.450928	86.414017	115.189270	0.000000	0.000000	3.750000	-604.729187	-1002.430969
676	768.022888	-337.657501	126.463097	-76.882629	0.000000	0.000000	3.750000	-1024.553101	440.097504
677	-748.383545	841.419800	-99.399719	109.652367	0.000000	0.000000	3.750000	670.315369	-862.641357
678	501.451447	-444.063293	94.801247	-111.034294	0.000000	0.000000	3.750000	-515.085815	752.646973
679	676.953979	-57.641281	122.882469	-16.606182	0.000000	0.000000	3.750000	-850.713623	4.408135
680	-191.236359	-72.564171	-10.101651	-135.621201	0.000000	0.000000	3.750000	-17.588978	368.509888
681	-381.572723	-769.471191	-55.796982	-112.971840	0.000000	0.000000	3.750000	246.074066	700.843262
682	-508.570740	-596.683105	-73.535492	-79.098190	0.000000	0.000000	3.750000	695.518982	674.648804
683	338.338684	-663.153748	58.610069	-120.500671	0.000000	0.000000	3.750000	-179.191635	769.284119
684	341.586670	-867.827881	59.189308	-148.649185	0.000000	0.000000	3.750000	-433.091614	1314.788208
685	194.322784	840.331665	42.713207	141.701965	0.000000	0.000000	3.750000	-339.621277	-838.040833
686	75.675903	552.778442	31.241692	107.554214	0.000000	0.000000	3.750000	-259.228668	-634.268799
687	18.187233	-569.287048	-16.197475	-151.133057	0.000000	0.000000	3.750000	7.332249	415.831055
688	333.914307	-448.814850	75.575500	-131.878220	0.000000	0.000000	3.750000	-249.706528	700.864563
689	804.353699	-708.262634	100.069389	-95.026871	0.000000	0.000000	3.750000	-675.559509	734.319641
690	77.625244	662.249573	17.810509	112.599136	0.000000	0.000000	3.750000	7.739273	-620.805054
691	-832.263000	-90.391434	-128.098755	-31.853771	0.000000	0.000000	3.750000	1129.204712	184.501587
692	-690.082153	-663.403687	-103.125732	-94.683685	0.000000	0.000000	3.750000	1202.820801	829.097656
693	-333.620728	620.803284	-54.641724	111.311630	0.000000	0.000000	3.750000	381.563141	-809.570374
694	-244.176971	-589.429382	-67.006966	-134.201431	0.000000	0.000000	3.750000	387.430023	922.080505
695	-345.675232	654.081665	-66.800278	113.849518	0.000000	0.000000	3.750000	427.941589	-796.069092
696	126.899017	307.594727	129.733551	93.468437	0.000000	0.000000	3.750000	-35.544773	-36.522854
697	624.929993	460.270203	107.836426	72.603699	0.000000	0.000000	3.750000	-677.737488	-427.950317
698	383.622070	73.863808	137.971558	2.661092	0.000000	0.000000	3.750000	-286.384033	-32.415436
699	736.907776	-295.238831	117.739746	-55.111217	0.000000	0.000000	3.750000	-977.212646	294.574219
700	160.343613	-18.069740	149.594208	-10.643487	0.000000	0.000000	3.750000	-239.033936	150.003876
701	-518.855286	-535.547607	-98.837532	-81.331955	0.000000	0.000000	3.750000	695.578918	345.834045
702	-213.831177	266.585022	-92.640999	82.422928	0.000000	0.000000	3.750000	516.921326	-370.882446
703	200.188828	863.470703	21.982386	132.184540	0.000000	0.000000	3.750000	-112.250130	-1092.209106
704	875.777161	108.744080	133.663910	9.480993	0.000000	0.000000	3.750000	-1049.690308	30.199251
705	-842.613708	6.350786	-133.886108	-5.523424	0.000000	0.000000	3.750000	1193.701050	13.374701
706	-332.198303	-829.817688	-50.009933	-135.036987	0.000000	0.000000	3.750000	320.797516	1040.298584
707	866.331055	-28.228544	147.976379	-24.551342	0.000000	0.000000	3.750000	-1020.966309	31.590546
708	-536.486023	-585.464355	-93.982697	-95.515350	0.000000	0.000000	3.750000	761.832153	955.695923
709	-290.830994	125.133682	-126.505051	19.505707	0.000000	0.000000	3.750000	603.618469	-86.611900
710	-136.630829	336.295715	-115.015930	83.271637	0.000000	0.000000	3.750000	368.594421	-131.181381
711	-113.711960	836.260742	-40.292919	134.076385	0.000000	0.000000	3.750000	302.645691	-967.368652
712	-580.670227	-463.091431	-93.152809	-81.844688	0.000000	0.000000	3.750000	644.591064	534.616943
713	298.420990	547.242065	60.537689	108.218239	0.000000	0.000000	3.750000	-304.556122	-578.793823
714	460.977661	13.976948	128.107254	45.649277	0.000000	0.000000	3.750000	-209.192459	-80.245438
715	-792.733887	-292.286896	-117.594955	-55.419601	0.000000	0.000000	3.750000	834.621643	269.514801
716	-659.101440	-202.920914	-110.446136	-46.921169	0.000000	0.000000	3.750000	1030.422485	304.219971
717	233.657242	-22.368532	65.855118	-128.047821	0.000000	0.000000	3.750000	-61.021393	396.457306
718	749.504578	-541.445862	99.299301	-77.560387	0.000000	0.000000	3.750000	-1034.235474	647.894653
719	-268.517151	804.171021	-50.315590	132.786804	0.000000	0.000000	3.750000	348.745026	-1035.230713
720	321.778992	-301.846222	116.276901	-88.292068	0.000000	0.000000	3.750000	-351.141815	340.124084
721	-218.136642	-851.348633	-29.386444	-120.467484	0.000000	0.000000	3.750000	184.169220	1080.127686
722	-172.235321	-449.687653	-31.250366	-128.247162	0.000000	0.000000	3.750000	98.177750	713.652893
723	-213.092102	159.831940	-57.723164	125.345505	0.000000	0.000000	3.750000	360.587402	-536.298279
724	-6.810283	428.726044	-39.826679	132.123199	0.000000	0.000000	3.750000	213.381088	-350.422119
725	-578.701599	629.080750	-97.336189	86.172295	0.000000	0.000000	3.750000	752.124695	-676.029480
726	-421.875153	123.504982	-122.671753	18.097954	0.000000	0.000000	3.750000	503.291107	-24.781492
727	522.154419	-31.909634	123.871460	-5.643479	0.000000	0.000000	3.750000	-518.853088	-7.941957
728	424.047974	-150.498322	150.069794	-42.597923	0.000000	0.000000	3.750000	-629.368713	278.253937
729	-340.067291	-167.119354	-133.354187	-54.337402	0.000000	0.000000	3.750000	579.094727	284.708496
730	-920.207275	-167.394012	-137.487183	-11.885077	0.000000	0.000000	3.750000	1084.468140	45.442249
731	514.464783	-856.680542	71.603371	-120.303604	0.000000	0.000000	3.750000	-497.747772	856.896973
732	717.679321	-481.051514	130.229889	-89.464355	0.000000	0.000000	3.750000	-1012.916809	492.894775
733	-1.185947	450.559296	-20.243719	130.438232	0.000000	0.000000	3.750000	63.257313	-530.124023
734	-38.350185	644.559570	-20.899414	122.226074	0.000000	0.000000	3.750000	135.990616	-772.603149
735	185.008286	-758.959534	43.090622	-124.767776	0.000000	0.000000	3.750000	-138.337067	858.739197
736	-543.234619	-1016.215881	-84.094925	-131.392166	0.000000	0.000000	3.750000	509.122772	1129.885864
737	-846.591553	264.736023	-141.019592	44.915833	0.000000	0.000000	3.750000	995.117737	-249.785873
738	-587.926819	228.563477	-134.646484	30.237122	0.000000	0.000000	3.750000	725.107117	-105.498001
739	-451.049377	291.834198	-100.148239	76.460487	0.000000	0.000000	3.750000	385.557465	-404.888580
740	-460.918732	-97.402161	-109.623795	-43.664791	0.000000	0.000000	3.750000	590.571350	255.555786
741	32.020142	458.872070	-15.579237	135.104218	0.000000	0.000000	3.750000	2.433444	-286.115753
742	837.369202	-431.460144	117.186867	-69.015884	0.000000	0.000000	3.750000	-492.411255	286.971375
743	-526.372559	336.728851	-105.090622	44.180908	0.000000	0.000000	3.750000	858.797668	-317.387115
744	265.810699	-111.876808	115.128830	-51.196434	0.000000	0.000000	3.750000	-428.560883	278.836182
745	-840.528381	399.009644	-127.507507	57.808563	0.000000	0.000000	3.750000	880.530701	-366.230225
746	576.170776	339.098511	78.408722	71.330521	0.000000	0.000000	3.750000	-746.676514	-554.490601
747	449.239624	293.972839	126.340286	73.171921	0.000000	0.000000	3.750000	-691.845886	-406.034393
748	-619.128906	-462.137787	-99.127502	-80.979614	0.000000	0.000000	3.750000	584.618286	378.236420
749	-160.635391	118.428780	-102.449211	95.414871	0.000000	0.000000	3.750000	407.259125	-425.402069
750	-821.124390	-741.290955	-97.906410	-100.071579	0.000000	0.000000	3.750000	800.815857	928.003967
751	306.612305	-507.476898	78.000687	-101.488174	0.000000	0.000000	3.750000	-475.693909	754.573486
752	-860.953674	582.020081	-117.332443	83.480827	0.000000	0.000000	3.750000	1026.872070	-585.222229
753	796.718140	-365.484253	122.962204	-74.941269	0.000000	0.000000	3.750000	-859.454651	395.823120
754	-173.449371	-748.803894	-37.093102	-132.921417	0.000000	0.000000	3.750000	252.640945	985.680298
755	786.322144	238.182327	110.721573	40.801010	0.000000	0.000000	3.750000	-688.591003	-271.228882
756	25.785095	-44.608093	33.954464	-119.210526	0.000000	0.000000	3.750000	15.791426	169.506454
757	-349.669434	8.296283	-128.573395	-29.879284	0.000000	0.000000	3.750000	657.904602	201.718216
758	423.807220	-98.634331	115.392807	-55.392815	0.000000	0.000000	3.750000	-541.755005	330.358734
759	-799.684448	-353.966125	-141.482422	-43.436378	0.000000	0.000000	3.750000	891.080872	293.132141
760	474.055176	-346.513672	81.780876	-73.565506	0.000000	0.000000	3.750000	-797.741394	658.782043
761	-781.027954	321.937012	-119.516922	56.032898	0.000000	0.000000	3.750000	979.364502	-382.163513
762	-716.332031	517.434814	-100.180557	73.074188	0.000000	0.000000	3.750000	933.843262	-574.802979
763	-173.827209	-583.966125	-71.362862	-138.720352	0.000000	0.000000	3.750000	338.768707	704.217041
764	-829.157959	394.015930	-120.498734	63.055710	0.000000	0.000000	3.750000	1028.732422	-437.987244
765	643.258606	-833.560425	90.866081	-121.848846	0.000000	0.000000	3.750000	-454.458557	798.395081
766	395.560028	106.840988	124.955795	16.187786	0.000000	0.000000	3.750000	-676.754578	-76.298836
767	-286.127106	672.187073	-78.346779	113.603584	0.000000	0.000000	3.750000	476.858826	-656.686829
768	-176.352936	-709.940247	-46.402359	-125.708893	0.000000	0.000000	3.750000	226.357712	927.558105
769	-825.008545	537.679565	-126.424126	76.947464	0.000000	0.000000	3.750000	981.506165	-510.479523
770	-434.494995	-795.542725	-70.624619	-116.224289	0.000000	0.000000	3.750000	435.445343	960.643921
771	-93.622635	412.335388	-35.827686	120.798431	0.000000	0.000000	3.750000	227.916794	-593.818848
772	178.180450	412.572571	19.692562	154.750275	0.000000	0.000000	3.750000	-199.680038	-655.789368
773	-606.864014	-444.444427	-95.909805	-84.765457	0.000000	0.000000	3.750000	849.549866	526.697510
774	-736.406189	-370.325348	-118.640686	-57.864601	0.000000	0.000000	3.750000	808.117188	283.321472
775	303.593689	909.084106	35.028847	137.611664	0.000000	0.000000	3.750000	-237.446472	-1041.703369
776	146.239899	358.169800	18.477562	132.717880	0.000000	0.000000	3.750000	-140.028168	-455.350586
777	328.219513	274.165497	124.319092	64.378090	0.000000	0.000000	3.750000	-402.938110	-266.122681
778	28.362585	-886.131409	2.762076	-129.970612	0.000000	0.000000	3.750000	-70.067574	1157.234741
779	548.781677	217.979721	117.816010	22.789602	0.000000	0.000000	3.750000	-830.052917	-111.088387
780	547.844421	301.814819	122.585464	54.118416	0.000000	0.000000	3.750000	-572.020020	-264.161926
781	355.513367	-33.174393	119.975197	2.393079	0.000000	0.000000	3.750000	-225.917877	-13.289544
782	-518.556641	649.519409	-75.576553	90.621094	0.000000	0.000000	3.750000	767.658752	-944.719910
783	-410.323456	-59.381214	-129.960602	3.077812	0.000000	0.000000	3.750000	242.385132	36.888706
784	-823.909058	-147.167786	-135.243195	-36.183525	0.000000	0.000000	3.750000	1061.786499	206.722946
785	-537.429932	-384.555267	-116.518311	-94.462128	0.000000	0.000000	3.750000	878.387085	479.733429
786	-66.877045	220.763977	-37.715836	132.744568	0.000000	0.000000	3.750000	280.736328	-587.768433
787	-746.596069	793.079590	-99.210983	104.370392	0.000000	0.000000	3.750000	807.432190	-910.643372
788	-200.916962	-352.629669	-42.207802	-118.720230	0.000000	0.000000	3.750000	198.238297	633.877930
789	-577.174194	45.972511	-137.041199	16.238512	0.000000	0.000000	3.750000	882.535522	-60.562805
790	183.220657	571.723267	24.527550	127.664925	0.000000	0.000000	3.750000	-87.436012	-838.135925
791	95.419136	-886.432312	-4.959629	-135.909500	0.000000	0.000000	3.750000	3.719020	1214.080688
792	190.369339	-703.377686	2.401839	-139.979065	0.000000	0.000000	3.750000	-105.814888	887.756836
793	267.100983	-728.139587	36.584652	-107.969971	0.000000	0.000000	3.750000	-220.806671	1063.763794
794	-647.959717	-242.314102	-132.978180	-16.516535	0.000000	0.000000	3.750000	853.146118	74.655235
795	141.409027	767.894409	26.067053	139.586746	0.000000	0.000000	3.750000	-92.916779	-822.696045
796	-866.708130	-401.374176	-111.518661	-74.293030	0.000000	0.000000	3.750000	1043.722290	466.008240
797	-232.570801	-411.244476	-46.205563	-119.369347	0.000000	0.000000	3.750000	230.598404	659.599121
798	-632.273987	214.625092	-114.368149	57.479801	0.000000	0.000000	3.750000	1053.105103	-521.353760
799	465.360077	-406.480957	85.237648	-120.988770	0.000000	0.000000	3.750000	-400.744141	798.888367
800	-754.105164	726.393555	-91.062164	98.303986	0.000000	0.000000	3.750000	776.652588	-924.385254
801	-62.440266	108.025581	81.078735	102.744858	0.000000	0.000000	3.750000	-9.787786	148.559845
802	331.230042	-16.550287	135.431503	48.925705	0.000000	0.000000	3.750000	-377.692535	-103.535126
803	46.899231	-622.498169	-2.620332	-115.970329	0.000000	0.000000	3.750000	-49.401997	1014.827271
804	638.581482	371.513275	110.667389	71.949463	0.000000	0.000000	3.750000	-687.112183	-461.436462
805	209.090958	-74.488174	73.904709	-102.048431	0.000000	0.000000	3.750000	-265.439484	511.894836
806	79.945999	-799.539062	6.753476	-147.845520	0.000000	0.000000	3.750000	-142.074417	985.674988
807	-121.068268	-770.718445	-13.419392	-131.315948	0.000000	0.000000	3.750000	66.497406	692.204712
808	-449.950562	-656.408875	-84.932159	-116.286346	0.000000	0.000000	3.750000	542.320679	824.333557
809	-933.426025	-140.455841	-139.797791	-42.101498	0.000000	0.000000	3.750000	1303.761841	295.533264
810	298.909363	308.799927	63.256210	99.604630	0.000000	0.000000	3.750000	-81.136810	-389.238922
811	-473.367554	462.441254	-118.788788	62.009834	0.000000	0.000000	3.750000	846.441223	-431.735229
812	659.679993	325.437317	126.275452	50.502007	0.000000	0.000000	3.750000	-823.679565	-254.464462
813	530.570618	747.154663	75.999481	102.995300	0.000000	0.000000	3.750000	-546.562622	-947.068665
814	-361.936005	228.921082	-140.063797	33.438324	0.000000	0.000000	3.750000	622.202148	-132.338409
815	-480.943146	-89.462624	-120.280594	-43.778717	0.000000	0.000000	3.750000	711.534363	274.144196
816	117.589485	508.719513	10.646297	133.575165	0.000000	0.000000	3.750000	-303.597473	-1265.821411
817	838.062866	-521.751465	115.718918	-98.555199	0.000000	0.000000	3.750000	-831.446472	676.711182
818	-428.780792	-48.287827	-115.635651	-50.043381	0.000000	0.000000	3.750000	676.393433	221.145355
819	-381.123871	-768.504150	-62.358208	-109.486908	0.000000	0.000000	3.750000	337.010132	829.740417
820	-675.049805	685.501709	-109.064758	84.550835	0.000000	0.000000	3.750000	921.923523	-593.494812
821	-115.932266	319.997406	-99.091293	87.197052	0.000000	0.000000	3.750000	300.127167	-82.384735
822	538.280396	475.444550	82.830612	69.304115	0.000000	0.000000	3.750000	-818.584961	-547.239563
823	269.605896	-513.321228	35.383713	-110.471161	0.000000	0.000000	3.750000	-121.711823	800.420593
824	847.020874	243.365265	124.950012	42.561180	0.000000	0.000000	3.750000	-1053.177246	-260.944824
825	153.674011	138.642029	-29.603048	107.864273	0.000000	0.000000	3.750000	85.661819	-62.895073
826	-360.727142	520.240479	-84.350929	85.349625	0.000000	0.000000	3.750000	460.289825	-318.288269
827	-520.264893	-601.654846	-70.014198	-87.418594	0.000000	0.000000	3.750000	691.544128	891.228699
828	-230.585236	-784.438965	-34.197067	-123.347305	0.000000	0.000000	3.750000	250.396271	967.609863
829	-849.603394	382.762360	-128.977570	49.078751	0.000000	0.000000	3.750000	583.788513	-230.339722
830	127.821663	-568.635010	25.690573	-145.752869	0.000000	0.000000	3.750000	-191.049149	789.588318
831	-809.758911	-784.604187	-110.648895	-107.111259	0.000000	0.000000	3.750000	881.604187	867.888611
832	617.200500	812.220093	87.709763	103.937469	0.000000	0.000000	3.750000	-671.307922	-824.709412
833	-315.662720	-633.579346	-67.626434	-101.541107	0.000000	0.000000	3.750000	412.944305	862.326965
834	-289.278931	54.652641	-121.086807	-26.717762	0.000000	0.000000	3.750000	465.783966	157.385239
835	-702.162720	-94.360023	-127.401291	-34.538319	0.000000	0.000000	3.750000	765.058655	237.370758
836	-392.912598	-44.908920	-125.454391	11.707672	0.000000	0.000000	3.750000	566.198120	1.595361
837	978.694580	-435.293976	125.108215	-75.258873	0.000000	0.000000	3.750000	-1038.595459	513.897522
838	-196.438126	62.940941	-109.878372	93.073822	0.000000	0.000000	3.750000	353.710480	-277.211731
839	-278.068787	-458.038086	-97.731651	-100.242218	0.000000	0.000000	3.750000	480.385742	444.318481
840	-415.296204	712.498840	-76.982552	109.679749	0.000000	0.000000	3.750000	563.513306	-699.906799
841	713.280457	113.068588	123.203354	14.032152	0.000000	0.000000	3.750000	-972.263245	-47.247768
842	57.748806	-1045.986328	21.515308	-164.599777	0.000000	0.000000	3.750000	-179.091934	1200.297852
843	318.800842	811.643433	39.725159	130.068878	0.000000	0.000000	3.750000	-306.229156	-1003.820557
844	-834.280884	215.641418	-116.311676	42.982071	0.000000	0.000000	3.750000	478.205872	-127.396591
845	175.412476	210.675232	84.870972	81.965530	0.000000	0.000000	3.750000	-98.997276	-233.290146
846	719.067688	320.207550	115.524078	45.056896	0.000000	0.000000	3.750000	-952.663879	-257.531586
847	271.786224	681.444519	78.057831	123.381195	0.000000	0.000000	3.750000	-423.258545	-587.480469
848	221.078461	769.643066	30.619568	134.560181	0.000000	0.000000	3.750000	-191.783005	-861.497803
849	653.269287	782.326660	86.229767	102.569061	0.000000	0.000000	3.750000	-666.514709	-893.287170
850	-376.735016	969.772156	-45.974384	142.780792	0.000000	0.000000	3.750000	629.439209	-1914.114868
851	-308.754242	227.674530	-102.308945	73.544418	0.000000	0.000000	3.750000	515.317627	-302.557495
852	-128.804916	-420.081757	-5.538001	-131.883545	0.000000	0.000000	3.750000	58.486256	512.323486
853	578.454102	642.771545	92.203697	97.234131	0.000000	0.000000	3.750000	-745.553650	-814.277710
854	873.133423	-652.872253	119.707840	-93.669754	0.000000	0.000000	3.750000	-867.189880	623.832947
855	-603.752991	-465.550232	-89.609100	-88.578781	0.000000	0.000000	3.750000	540.405212	488.792053
856	826.307739	-664.580261	102.754433	-92.115921	0.000000	0.000000	3.750000	-670.448486	383.089722
857	535.436951	16.392044	131.908920	33.100906	0.000000	0.000000	3.750000	-589.764954	-50.765369
858	-812.445984	-319.824158	-142.365463	-47.244301	0.000000	0.000000	3.750000	806.956482	189.344467
859	34.745628	-802.881836	-6.477616	-149.859894	0.000000	0.000000	3.750000	-28.033236	989.168274
860	-771.713440	-591.895325	-93.851425	-84.070633	0.000000	0.000000	3.750000	928.517334	659.188782
861	456.482910	680.558044	55.779083	106.248192	0.000000	0.000000	3.750000	-396.787201	-885.258423
862	341.634644	-79.854988	95.616959	-54.381649	0.000000	0.000000	3.750000	-659.725464	309.502594
863	325.228546	-362.967590	87.442139	-98.817307	0.000000	0.000000	3.750000	-68.479912	88.875648
864	-336.003601	-114.156799	-97.999168	-0.311053	0.000000	0.000000	3.750000	644.663757	75.330994
865	-505.775665	247.496811	-132.653809	50.665062	0.000000	0.000000	3.750000	309.500732	-174.504456
866	57.403713	83.814133	-91.485672	103.193863	0.000000	0.000000	3.750000	140.069824	-24.045557
867	-421.084167	863.460693	-68.136436	124.583008	0.000000	0.000000	3.750000	157.446762	-514.078186
868	584.397461	-738.554626	88.180206	-108.739349	0.000000	0.000000	3.750000	-696.629822	810.681152
869	621.223267	518.404541	100.276260	79.552956	0.000000	0.000000	3.750000	-804.544617	-626.947693
870	-379.258209	-634.404114	-47.907158	-96.792938	0.000000	0.000000	3.750000	593.275452	1636.124268
871	998.618103	-633.677490	145.684753	-79.569565	0.000000	0.000000	3.750000	-1133.588867	315.031677
872	-730.938232	286.854309	-109.557503	43.830894	0.000000	0.000000	3.750000	872.736572	-300.759552
873	647.668152	-581.683716	90.477386	-104.198997	0.000000	0.000000	3.750000	-293.033264	484.628845
874	-776.799438	-367.312317	-117.265945	-51.308762	0.000000	0.000000	3.750000	1122.437866	300.529663
875	-469.456421	-806.336243	-65.849716	-121.275406	0.000000	0.000000	3.750000	395.088043	1054.111328
876	-188.504974	959.447388	-34.656464	135.642548	0.000000	0.000000	3.750000	207.484085	-1107.281006
877	796.169373	-634.203613	103.310211	-85.340385	0.000000	0.000000	3.750000	-1065.120483	747.667480
878	-236.941833	282.822784	-103.508331	91.266373	0.000000	0.000000	3.750000	603.707947	-378.561798
879	-244.014160	132.447067	-73.340759	97.494102	0.000000	0.000000	3.750000	192.563538	-218.071259
880	-811.925537	268.367004	-130.174484	51.522148	0.000000	0.000000	3.750000	639.570557	-307.004761
881	-587.840271	212.050507	-123.878845	45.584076	0.000000	0.000000	3.750000	152.854691	7.097672
882	-639.178955	-190.098404	-142.671265	-19.516785	0.000000	0.000000	3.750000	912.805603	137.807343
883	157.780334	-766.412476	16.620956	-116.823563	0.000000	0.000000	3.750000	-184.941727	1156.814941
884	36.844536	-271.402069	46.946808	-138.228363	0.000000	0.000000	3.750000	4.279773	377.418335
885	625.667969	580.904053	93.595062	101.409882	0.000000	0.000000	3.750000	-594.769836	-666.227600
886	-150.300995	397.857697	-42.447418	90.543533	0.000000	0.000000	3.750000	299.674164	-474.498535
887	-903.927917	-130.306229	-147.352188	-13.832296	0.000000	0.000000	3.750000	1293.977905	133.140121
888	-266.277466	814.806946	-39.990501	138.334930	0.000000	0.000000	3.750000	158.070938	-1173.044922
889	227.718353	-160.859177	114.403061	-80.654449	0.000000	0.000000	3.750000	-175.644440	330.199799
890	-563.524780	692.558960	-87.337891	93.573990	0.000000	0.000000	3.750000	725.334778	-746.762634
891	56.292168	98.882462	14.594834	157.318649	0.000000	0.000000	3.750000	-25.638792	-85.991653
892	780.116943	-46.997902	137.809235	-7.252192	0.000000	0.000000	3.750000	-987.569153	10.686710
893	110.561943	-476.094666	50.414738	-111.094818	0.000000	0.000000	3.750000	-164.981720	747.037109
894	-680.806519	-835.161865	-96.074341	-109.935043	0.000000	0.000000	3.750000	803.361877	855.720276
895	582.190186	-401.596344	94.101822	-77.645157	0.000000	0.000000	3.750000	-503.218628	350.645508
896	314.459381	-1078.084473	61.672737	-147.635803	0.000000	0.000000	3.750000	-326.057770	1180.421509
897	632.515991	774.382812	97.640060	105.841461	0.000000	0.000000	3.750000	-727.661926	-807.189697
898	-188.718689	-130.076202	-34.729462	-118.950058	0.000000	0.000000	3.750000	8.878216	105.198631
899	578.166016	-672.579224	73.320953	-89.888947	0.000000	0.000000	3.750000	-649.523315	946.773743
900	669.127930	365.905151	124.558037	68.185722	0.000000	0.000000	3.750000	-722.959045	-415.478912
901	604.872925	-629.461060	111.735603	-105.975708	0.000000	0.000000	3.750000	-538.567688	676.278259
902	-200.507889	847.334045	-46.055889	144.854187	0.000000	0.000000	3.750000	295.690002	-761.477783
903	426.517975	523.837036	70.965637	118.354599	0.000000	0.000000	3.750000	-265.686646	-373.612701
904	506.689056	-496.245361	100.139351	-106.245491	0.000000	0.000000	3.750000	-525.469604	577.398560
905	-488.572662	626.160400	-80.940933	106.792107	0.000000	0.000000	3.750000	586.484192	-856.666321
906	-528.940002	291.079254	-92.942581	55.006077	0.000000	0.000000	3.750000	759.012634	-403.747101
907	-210.316452	924.607178	-24.507450	135.806213	0.000000	0.000000	3.750000	66.059723	-771.634705
908	-449.655701	-835.651855	-73.528259	-109.624580	0.000000	0.000000	3.750000	540.701843	1030.430542
909	-673.497192	-274.325165	-119.308060	-69.351189	0.000000	0.000000	3.750000	1510.104004	886.579224
910	-544.077576	783.445801	-79.145599	98.040619	0.000000	0.000000	3.750000	731.978577	-1039.541138
911	78.813644	571.240234	22.835007	119.843697	0.000000	0.000000	3.750000	-73.841133	-748.997681
912	933.484253	-137.821411	130.065384	-22.515091	0.000000	0.000000	3.750000	-1075.617065	58.945438
913	364.466339	38.170582	144.568207	-20.384628	0.000000	0.000000	3.750000	-603.399536	174.458405
914	693.199280	157.360138	133.085236	36.497696	0.000000	0.000000	3.750000	-864.400330	-113.800690
915	6.823722	223.371475	-11.442354	127.486206	0.000000	0.000000	3.750000	-30.037319	-308.562805
916	-627.822937	-316.194092	-114.568237	-99.890434	0.000000	0.000000	3.750000	480.295074	428.381897
917	613.962036	256.753082	116.230385	48.643082	0.000000	0.000000	3.750000	-318.305908	-92.217575
918	-604.404785	-75.027084	-137.677582	9.426298	0.000000	0.000000	3.750000	883.100952	-110.094215
919	26.039806	633.559326	-22.796930	125.953178	0.000000	0.000000	3.750000	61.356266	-977.083984
920	573.314270	259.330597	107.317841	53.692444	0.000000	0.000000	3.750000	-667.382629	-334.191193
921	446.495270	772.536804	66.637138	116.255684	0.000000	0.000000	3.750000	-380.977325	-935.017944
922	-78.425209	-579.026611	-46.951973	-114.764252	0.000000	0.000000	3.750000	85.154022	219.535934
923	738.282776	132.287308	122.670425	18.108215	0.000000	0.000000	3.750000	-938.116394	-40.429970
924	-493.008148	-569.859497	-64.066910	-91.866249	0.000000	0.000000	3.750000	507.780457	895.922974
925	723.360779	-320.116669	127.996254	-61.488914	0.000000	0.000000	3.750000	-803.528137	285.819885
926	-740.014526	-84.200264	-116.652634	-17.780888	0.000000	0.000000	3.750000	969.900879	125.505371
927	-624.324646	-621.116333	-82.876572	-97.547256	0.000000	0.000000	3.750000	735.259033	807.551880
928	709.333008	484.750275	90.227600	85.058632	0.000000	0.000000	3.750000	-715.508484	-624.848511
929	127.774498	403.778900	32.256302	138.283722	0.000000	0.000000	3.750000	-230.193466	-462.528931
930	-212.850021	-709.036255	-18.621819	-110.440979	0.000000	0.000000	3.750000	108.336563	1079.287842
931	-268.034210	413.948029	-90.143997	93.669724	0.000000	0.000000	3.750000	445.697693	-424.380829
932	-324.174652	-610.598694	-60.598793	-108.184036	0.000000	0.000000	3.750000	365.440887	677.445862
933	-297.187347	-24.372480	-131.974503	-23.210178	0.000000	0.000000	3.750000	472.612183	112.883804
934	385.521393	501.660309	77.128098	102.149254	0.000000	0.000000	3.750000	-129.793915	-138.164215
935	-190.148773	-15.132431	-123.929260	-4.136395	0.000000	0.000000	3.750000	757.249451	168.566101
936	-206.207245	-755.983093	-27.016220	-127.161797	0.000000	0.000000	3.750000	207.107407	1050.669434
937	7.400175	413.928528	-37.306671	130.783035	0.000000	0.000000	3.750000	233.941223	-739.320251
938	-551.642456	-330.100800	-105.008194	-69.636185	0.000000	0.000000	3.750000	663.065552	342.629639
939	-332.242706	-96.661057	-136.278290	-39.889366	0.000000	0.000000	3.750000	447.460480	236.400192
940	-49.259380	-548.818176	-37.411278	-126.587486	0.000000	0.000000	3.750000	209.731750	746.532654
941	654.726624	-19.110977	139.641739	-10.004043	0.000000	0.000000	3.750000	-711.825562	95.415421
942	470.600464	800.431885	46.674000	131.990631	0.000000	0.000000	3.750000	-402.016510	-1042.384033
943	166.391464	-183.681702	144.035797	-40.954498	0.000000	0.000000	3.750000	-81.318825	149.695129
944	401.316193	-690.693420	59.948349	-106.255333	0.000000	0.000000	3.750000	-310.080566	604.596558
945	-584.870850	-547.778015	-86.790451	-91.342316	0.000000	0.000000	3.750000	778.211609	832.604858
946	-630.662903	17.232870	-109.986168	-1.744390	0.000000	0.000000	3.750000	706.606567	-3.756745
947	686.490051	-112.016418	125.773323	-23.769888	0.000000	0.000000	3.750000	-846.086548	78.122841
948	213.114731	-563.625793	54.318909	-104.753204	0.000000	0.000000	3.750000	-172.777222	494.964966
949	805.118530	-146.830185	128.441406	-38.191257	0.000000	0.000000	3.750000	-1017.119446	97.201851
950	812.795837	-484.296234	120.942947	-70.517944	0.000000	0.000000	3.750000	-1092.123779	522.227722
951	714.363892	-206.634216	114.755493	-46.977959	0.000000	0.000000	3.750000	-968.825867	168.613876
952	-344.967316	-315.027802	-90.495911	-109.426125	0.000000	0.000000	3.750000	161.927673	182.350143
953	-657.743164	156.914780	-107.940414	21.185387	0.000000	0.000000	3.750000	795.373535	-67.795250
954	216.690079	33.408596	117.795090	-44.659145	0.000000	0.000000	3.750000	-176.664108	185.937775
955	-607.750610	-574.610474	-78.556488	-76.999207	0.000000	0.000000	3.750000	815.230225	798.983154
956	396.794159	572.298523	61.348145	112.340492	0.000000	0.000000	3.750000	-376.417358	-785.459229
957	-80.575584	-371.322998	12.878745	-127.349861	0.000000	0.000000	3.750000	-129.224274	623.089844
958	356.997833	-805.201172	60.711376	-128.366333	0.000000	0.000000	3.750000	-299.889099	1102.167114
959	464.824402	-129.398300	103.852646	-21.227375	0.000000	0.000000	3.750000	-726.193604	91.915848
960	-677.825806	949.195923	-97.255539	132.050369	0.000000	0.000000	3.750000	681.495117	-1128.629150
961	229.762024	-416.584656	49.545700	-126.652939	0.000000	0.000000	3.750000	-157.094269	641.224060
962	-49.755505	-308.522522	-61.228985	-112.399902	0.000000	0.000000	3.750000	170.624039	208.216629
963	275.917969	-615.162537	58.816376	-104.597153	0.000000	0.000000	3.750000	-348.184570	856.317322
964	70.889191	252.950043	75.507454	93.263893	0.000000	0.000000	3.750000	-225.458084	-395.420288
965	-15.697962	18.678598	58.489769	113.412766	0.000000	0.000000	3.750000	-97.950188	7.064668
966	570.677246	-241.814880	123.890236	-39.383415	0.000000	0.000000	3.750000	-1006.760010	159.622375
967	648.054321	-489.532654	103.330276	-85.316208	0.000000	0.000000	3.750000	-817.467163	648.479614
968	281.401855	969.228027	47.655228	131.639496	0.000000	0.000000	3.750000	-349.827789	-1171.271118
969	365.818542	-443.238586	112.602699	-83.190216	0.000000	0.000000	3.750000	-520.456177	402.581024
970	-226.643402	593.175964	-24.305347	139.904434	0.000000	0.000000	3.750000	124.664513	-709.009644
971	-328.583191	-741.853943	-50.957832	-123.932549	0.000000	0.000000	3.750000	303.745514	886.842407
972	190.007690	730.485413	37.034157	137.085632	0.000000	0.000000	3.750000	-189.387070	-776.159668
973	-135.000122	-378.978790	-45.206242	-113.315392	0.000000	0.000000	3.750000	195.704437	548.032593
974	798.085266	-388.161407	110.223923	-72.626999	0.000000	0.000000	3.750000	-907.122986	551.667419
975	534.080017	-846.835693	77.081711	-133.320557	0.000000	0.000000	3.750000	-345.102753	765.363037
976	-445.920105	-306.437927	-113.365868	-59.429619	0.000000	0.000000	3.750000	601.365112	169.824402
977	-246.175842	328.547791	-112.467186	110.973450	0.000000	0.000000	3.750000	384.217255	-408.741455
978	453.572021	-741.450439	63.664368	-108.732872	0.000000	0.000000	3.750000	-434.042053	853.608948
979	602.914307	-344.939972	128.796082	-68.756760	0.000000	0.000000	3.750000	-456.039520	250.200241
980	360.418457	-404.619843	72.281105	-88.154358	0.000000	0.000000	3.750000	-264.823029	507.599060
981	606.162292	7.901484	113.574417	9.837975	0.000000	0.000000	3.750000	-905.512207	25.418245
982	458.523224	471.818512	83.855156	119.515419	0.000000	0.000000	3.750000	-577.715881	-594.217224
983	497.120117	-278.082001	112.275574	-73.144142	0.000000	0.000000	3.750000	-345.373505	265.795990
984	592.765686	-91.949951	139.944916	-3.925903	0.000000	0.000000	3.750000	-473.968994	-23.202831
985	289.149963	-733.555786	63.234596	-124.904968	0.000000	0.000000	3.750000	-284.008759	786.459717
986	-200.772461	718.927979	-45.098717	106.874084	0.000000	0.000000	3.750000	308.088501	-1038.791260
987	-286.182129	663.801575	-56.432411	112.656029	0.000000	0.000000	3.750000	420.448578	-887.602417
988	600.805176	358.753418	97.829163	62.333298	0.000000	0.000000	3.750000	-878.244629	-488.913086
989	-442.545319	513.779907	-85.450317	78.448380	0.000000	0.000000	3.750000	429.659973	-479.321564
990	760.636841	642.161743	91.836555	89.162979	0.000000	0.000000	3.750000	-616.724731	-639.599609
991	740.551147	-675.176270	99.883820	-100.931763	0.000000	0.000000	3.750000	-842.407227	844.866821
992	-517.139954	-572.843079	-94.996231	-116.082108	0.000000	0.000000	3.750000	223.022903	441.651093
993	502.850861	-812.748108	67.194199	-115.934845	0.000000	0.000000	3.750000	-471.501831	1047.452148
994	-379.333984	-12.058711	-126.171478	31.316093	0.000000	0.000000	3.750000	762.282654	-123.788116
995	-174.569870	778.431946	-33.458466	121.476456	0.000000	0.000000	3.750000	299.668243	-1136.240356
996	571.158630	-378.698853	106.104355	-75.112358	0.000000	0.000000	3.750000	-674.676025	468.045624
997	68.728012	12.846327	-91.147331	97.431236	0.000000	0.000000	3.750000	81.521095	-14.297074
998	-840.890808	-418.633728	-108.780296	-63.582451	0.000000	0.000000	3.750000	1316.695068	475.792419
999	715.269043	475.985962	108.172012	72.102783	0.000000	0.000000	3.750000	-838.849548	-526.525940
