node	a_force.x	a_force.y	g_force.x	g_force.y	r_force.x	r_force.y	global_speed	move_node.x	move_node.y
0	-191.451462	901.159302	-36.266594	176.306290	0.000000	0.000000	7.125000	91.191345	-237.318741
1	-189.077530	-55.412670	-154.519638	146.018845	0.000000	0.000000	7.125000	124.885078	-52.154999
2	-581.700867	31.926502	-193.804764	88.111450	0.000000	0.000000	7.125000	256.992065	-61.917465
3	-342.736115	-1287.898438	-55.954025	-189.928101	0.000000	0.000000	7.125000	174.830399	600.223022
4	600.326172	-756.732788	141.295319	-142.956680	0.000000	0.000000	7.125000	-254.269852	296.391754
5	389.481262	-1333.561035	75.970360	-186.068985	0.000000	0.000000	7.125000	7.045404	514.017029
6	-61.984184	571.383728	17.711864	215.241669	0.000000	0.000000	7.125000	-47.663773	-249.397980
7	-23.131222	-12.360438	15.526496	230.416748	0.000000	0.000000	7.125000	-2.014513	-172.023438
8	466.809631	-433.716522	172.389557	-90.799667	0.000000	0.000000	7.125000	-231.363571	196.383423
9	-773.232910	716.882874	-134.150970	145.625000	0.000000	0.000000	7.125000	273.286743	-288.051483
10	1170.098999	-732.901978	172.786469	-83.641014	0.000000	0.000000	7.125000	-445.105042	127.259682
11	836.298523	700.589111	141.059906	121.228790	0.000000	0.000000	7.125000	-374.042328	-289.817871
12	-1334.597900	1028.734985	-165.292206	148.195969	0.000000	0.000000	7.125000	426.036743	-357.022919
13	793.120361	1130.040771	121.254669	178.751587	0.000000	0.000000	7.125000	-302.175690	-460.955292
14	-1097.924805	678.438843	-169.365082	138.831879	0.000000	0.000000	7.125000	1093.773804	-755.287231
15	-363.159973	136.555298	-128.706787	195.405319	0.000000	0.000000	7.125000	128.293533	-306.884399
16	285.673431	882.372009	48.414707	160.869141	0.000000	0.000000	7.125000	-161.874268	-426.898773
17	-1131.004639	1140.898071	-135.765686	175.645660	0.000000	0.000000	7.125000	308.971252	-442.910034
18	63.306145	-90.546951	-204.701385	63.712540	0.000000	0.000000	7.125000	18.130619	62.752247
19	1565.435669	-767.903198	198.979736	-111.262070	0.000000	0.000000	7.125000	-447.545776	173.275116
20	644.418945	572.374512	153.996552	109.568237	0.000000	0.000000	7.125000	-301.383911	-227.970612
21	-805.477234	-705.558960	-161.554611	-156.594269	0.000000	0.000000	7.125000	365.120941	315.421783
22	-300.960175	678.371460	-78.865501	175.054413	0.000000	0.000000	7.125000	147.874344	-365.446381
23	740.724426	-1353.417725	125.179337	-172.334335	0.000000	0.000000	7.125000	-303.183350	446.319824
24	-769.457092	-1002.760010	-109.016693	-150.699127	0.000000	0.000000	7.125000	225.241165	374.851898
25	880.442322	-1032.063721	137.100952	-151.051849	0.000000	0.000000	7.125000	-239.907639	303.283905
26	-913.016785	603.447876	-142.197983	150.427689	0.000000	0.000000	7.125000	193.627457	-263.223114
27	1310.314697	-169.071594	210.122375	-49.865391	0.000000	0.000000	7.125000	-513.703857	15.747753
28	291.280548	681.473633	71.022430	197.625381	0.000000	0.000000	7.125000	-113.347099	-291.782410
29	-737.661560	690.913208	-132.908676	162.588196	0.000000	0.000000	7.125000	297.101471	-361.028168
30	-108.564240	893.704346	-20.124216	224.078674	0.000000	0.000000	7.125000	10.731897	-388.809326
31	-289.009125	-1185.865967	-64.608795	-187.155746	0.000000	0.000000	7.125000	154.078796	505.491302
32	468.978821	-100.603378	221.895508	-3.835566	0.000000	0.000000	7.125000	-263.205017	108.511536
33	-1089.782104	-947.564758	-146.251282	-133.469940	0.000000	0.000000	7.125000	362.952637	307.180878
34	-1005.093750	-1012.400635	-129.781708	-124.724991	0.000000	0.000000	7.125000	389.298920	345.282104
35	-543.969482	714.205688	-115.413811	157.173218	0.000000	0.000000	7.125000	299.998535	-399.696899
36	450.689514	141.091400	174.521927	64.250702	0.000000	0.000000	7.125000	-161.020752	-84.273972
37	-1139.376343	-1048.335571	-151.065582	-127.973198	0.000000	0.000000	7.125000	513.107178	284.950043
38	-566.550659	1000.379395	-94.913528	190.683868	0.000000	0.000000	7.125000	182.834152	-388.424194
39	-1220.859619	34.502945	-218.830368	8.457094	0.000000	0.000000	7.125000	371.357666	-47.082035
40	1124.990356	1287.433594	149.947266	171.752487	0.000000	0.000000	7.125000	-356.018127	-389.773804
41	465.317841	-769.618530	83.009628	-149.483994	0.000000	0.000000	7.125000	-133.693222	326.425323
42	252.658844	198.629089	167.508911	99.710320	0.000000	0.000000	7.125000	-209.852844	-220.346985
43	253.700165	-1140.492310	84.636925	-198.648926	0.000000	0.000000	7.125000	-57.555496	373.249176
44	-584.591614	1252.634033	-92.386108	188.564484	0.000000	0.000000	7.125000	199.032333	-738.698975
45	1152.086060	670.792603	167.433151	93.963013	0.000000	0.000000	7.125000	-421.442902	-201.188644
46	289.979309	-453.286438	112.932327	-147.690918	0.000000	0.000000	7.125000	-138.883804	327.350891
47	948.385071	-588.473145	166.153549	-107.688400	0.000000	0.000000	7.125000	-305.392578	184.038712
48	677.749329	894.041199	118.501312	151.066589	0.000000	0.000000	7.125000	-289.838165	-377.186401
49	-408.035309	907.079468	-79.546692	178.036774	0.000000	0.000000	7.125000	154.511520	-359.424927
50	1241.520386	420.663147	204.174713	79.185310	0.000000	0.000000	7.125000	-436.434113	-138.592957
51	225.575363	345.265717	99.921303	167.387543	0.000000	0.000000	7.125000	-97.647163	-248.898849
52	-916.456909	27.401075	-176.872253	57.489220	0.000000	0.000000	7.125000	1393.118164	-244.119568
53	637.583130	120.001450	186.606766	56.464153	0.000000	0.000000	7.125000	-152.990219	-50.573883
54	-462.894623	1020.119873	-51.558350	237.465454	0.000000	0.000000	7.125000	144.235443	-747.653687
55	-1012.450623	-421.908630	-169.866806	-68.058151	0.000000	0.000000	7.125000	274.246552	94.869011
56	1080.487061	737.713562	176.399246	139.666840	0.000000	0.000000	7.125000	-370.041473	-344.602478
57	205.617401	-408.959351	128.924026	-141.940094	0.000000	0.000000	7.125000	-92.303482	200.771500
58	-508.933655	-1106.157715	-117.669708	-173.927673	0.000000	0.000000	7.125000	218.953110	390.255005
59	534.242615	350.491333	181.793900	127.197952	0.000000	0.000000	7.125000	-152.195663	-165.909409
60	-1101.266235	215.265427	-195.492462	46.689362	0.000000	0.000000	7.125000	491.563446	-98.894371
61	-364.534119	866.590210	-84.148499	159.119370	0.000000	0.000000	7.125000	184.701004	-351.630035
62	1336.663696	-934.246704	180.526306	-134.292770	0.000000	0.000000	7.125000	-459.723755	286.724121
63	-1054.529541	530.001343	-160.627747	81.232452	0.000000	0.000000	7.125000	480.251953	-241.115707
64	-1366.122559	-246.912476	-223.826080	-43.421089	0.000000	0.000000	7.125000	552.223572	101.307350
65	31.435862	-1466.962280	20.066534	-218.078720	0.000000	0.000000	7.125000	-50.285538	579.011902
66	-1079.600342	-1124.013428	-163.899567	-149.730042	0.000000	0.000000	7.125000	329.716400	265.876495
67	423.457123	-552.147339	128.853561	-161.938766	0.000000	0.000000	7.125000	-379.434418	694.063416
68	630.219116	-360.149414	161.931198	-124.018951	0.000000	0.000000	7.125000	-310.231110	335.614746
69	1030.229736	-1052.127808	152.263428	-140.230591	0.000000	0.000000	7.125000	-339.362213	316.501099
70	-1002.959961	1417.032471	-130.966263	190.269867	0.000000	0.000000	7.125000	291.643646	-541.333679
71	-32.958229	1211.999023	-8.828646	188.792740	0.000000	0.000000	7.125000	24.423807	-463.341278
72	379.716736	-1374.193115	87.923080	-210.320526	0.000000	0.000000	7.125000	-120.808281	546.217651
73	-153.896713	1431.488403	-46.171543	201.755447	0.000000	0.000000	7.125000	64.589111	-462.290558
74	-488.806030	-1282.875977	-81.149063	-177.281250	0.000000	0.000000	7.125000	196.915924	581.162903
75	247.783051	-417.628143	127.285683	-159.235397	0.000000	0.000000	7.125000	-128.250336	276.029175
76	433.472290	1046.440674	40.669182	175.345367	0.000000	0.000000	7.125000	-94.153343	-436.827148
77	-1010.579651	-77.032219	-206.988708	2.161993	0.000000	0.000000	7.125000	391.548462	1.067655
78	-1064.098511	-643.379211	-164.090118	-99.670792	0.000000	0.000000	7.125000	390.492798	193.472763
79	-829.591187	-873.126831	-142.406479	-141.843521	0.000000	0.000000	7.125000	292.458557	318.924927
80	442.342163	803.464600	106.130798	149.068176	0.000000	0.000000	7.125000	-357.306671	-414.640533
81	-810.262329	703.402161	-151.769714	162.011627	0.000000	0.000000	7.125000	275.966095	-278.865021
82	1100.365967	864.739258	140.295380	139.716156	0.000000	0.000000	7.125000	-388.815887	-338.998901
83	-1294.563965	230.272400	-204.312805	48.487339	0.000000	0.000000	7.125000	485.147888	-69.112442
84	-597.653015	1284.709961	-91.529846	175.546783	0.000000	0.000000	7.125000	159.462875	-469.609039
85	689.225708	-335.746429	164.384628	-65.625206	0.000000	0.000000	7.125000	-353.685028	105.887695
86	1008.056641	-632.608826	145.740921	-89.445732	0.000000	0.000000	7.125000	-365.350739	176.497040
87	-502.536163	530.738098	-127.995384	151.025894	0.000000	0.000000	7.125000	159.440948	-253.564041
88	-757.866394	750.493225	-136.034546	143.869781	0.000000	0.000000	7.125000	290.424103	-249.113785
89	488.506287	-34.276073	227.570221	54.361778	0.000000	0.000000	7.125000	-208.383057	-20.106234
90	515.938599	-818.058899	121.853180	-132.465820	0.000000	0.000000	7.125000	-196.579224	262.834747
91	1342.626099	-553.011047	202.510071	-65.975388	0.000000	0.000000	7.125000	-380.178680	66.892853
92	-1101.209717	-1026.409302	-152.605286	-157.073364	0.000000	0.000000	7.125000	314.538910	269.982666
93	1186.203735	-677.280762	213.451385	-128.163559	0.000000	0.000000	7.125000	-502.190369	257.445129
94	-274.760101	-1339.630127	-41.179180	-205.918701	0.000000	0.000000	7.125000	56.759186	323.993317
95	-40.445843	-1320.398193	3.577899	-215.961212	0.000000	0.000000	7.125000	-45.398373	467.399292
96	751.513489	507.398132	129.039062	92.897247	0.000000	0.000000	7.125000	-331.868103	-220.069138
97	1255.821045	604.572693	189.709686	115.286026	0.000000	0.000000	7.125000	-517.496277	-250.040436
98	398.536774	1309.406006	56.534218	199.128525	0.000000	0.000000	7.125000	-117.142265	-508.372101
99	-519.355286	1177.182861	-86.868500	191.190384	0.000000	0.000000	7.125000	174.853363	-431.068756
100	1359.003418	-872.950012	156.004578	-140.569946	0.000000	0.000000	7.125000	-744.043762	606.647522
101	-329.583069	991.506592	-72.734802	141.387848	0.000000	0.000000	7.125000	117.045029	-292.520996
102	-683.822327	226.589859	-154.363220	98.285439	0.000000	0.000000	7.125000	362.466095	-161.065216
103	377.606110	69.387497	157.128799	99.513153	0.000000	0.000000	7.125000	-149.476639	-102.622078
104	-313.434448	-730.504883	-82.580513	-176.641876	0.000000	0.000000	7.125000	113.280777	283.314911
105	-950.841431	-888.711792	-141.173050	-130.130554	0.000000	0.000000	7.125000	311.469574	261.963287
106	-43.323162	-1390.804565	-7.657711	-209.847458	0.000000	0.000000	7.125000	-65.465858	634.365112
107	-145.818771	467.407104	-34.023830	195.030991	0.000000	0.000000	7.125000	52.256462	-220.955688
108	-885.627136	-584.932190	-181.668793	-99.220909	0.000000	0.000000	7.125000	820.985046	374.912079
109	1030.066895	1.965312	166.157745	40.390259	0.000000	0.000000	7.125000	-480.773376	-96.545250
110	-253.143372	-423.805542	-177.231308	-148.142181	0.000000	0.000000	7.125000	186.721741	158.624802
111	449.843231	-673.312134	115.829048	-145.512360	0.000000	0.000000	7.125000	-185.294571	299.751038
112	-881.371704	-33.720387	-178.243713	41.410629	0.000000	0.000000	7.125000	407.686432	-72.853226
113	1143.086060	678.897949	157.338455	99.189568	0.000000	0.000000	7.125000	-432.471344	-217.512787
114	-60.121479	-610.627136	48.360535	-167.125259	0.000000	0.000000	7.125000	-58.765255	316.316650
115	606.546387	11.799961	213.748291	31.050850	0.000000	0.000000	7.125000	-344.798920	16.303907
116	-441.457703	1250.994385	-47.334526	192.247772	0.000000	0.000000	7.125000	77.829613	-483.400879
117	19.677200	756.055176	-48.059307	204.418427	0.000000	0.000000	7.125000	59.200653	-224.561935
118	325.224243	-1112.129028	37.401379	-182.200195	0.000000	0.000000	7.125000	-89.123642	459.569977
119	-583.748413	1134.388794	-94.668297	167.034119	0.000000	0.000000	7.125000	168.310745	-405.246918
120	-626.663391	-474.475586	-140.237869	-117.562637	0.000000	0.000000	7.125000	241.251663	188.264359
121	-1230.332520	705.365723	-175.776566	120.293533	0.000000	0.000000	7.125000	418.527954	-259.402374
122	-590.042664	111.766975	-179.333023	96.639893	0.000000	0.000000	7.125000	238.174377	3.272716
123	-307.146362	12.996435	-167.783661	115.527283	0.000000	0.000000	7.125000	182.733627	-32.200031
124	823.826050	-201.385742	148.150574	-57.675301	0.000000	0.000000	7.125000	-411.275024	89.809143
125	-818.927551	-543.027832	-157.890961	-86.402496	0.000000	0.000000	7.125000	242.556198	113.967583
126	753.459412	1037.440308	118.921959	173.081787	0.000000	0.000000	7.125000	-255.177505	-383.785461
127	289.602448	1133.654053	26.774120	184.059418	0.000000	0.000000	7.125000	-38.525757	-411.572815
128	-55.276096	189.846481	-140.389145	130.741180	0.000000	0.000000	7.125000	154.007507	-89.575394
129	609.922974	-1432.519043	93.902473	-197.832703	0.000000	0.000000	7.125000	-189.613907	500.120972
130	903.805115	-167.566132	196.386978	-42.766666	0.000000	0.000000	7.125000	-478.999420	46.384888
131	115.176155	-982.988403	28.701313	-204.992706	0.000000	0.000000	7.125000	-26.457481	374.114258
132	-521.314209	1252.319336	-47.483311	189.130127	0.000000	0.000000	7.125000	124.992058	-329.343933
133	982.948303	1198.997070	134.814209	153.103027	0.000000	0.000000	7.125000	-239.500504	-287.632294
134	-1219.109253	-786.248657	-165.474396	-129.277313	0.000000	0.000000	7.125000	460.283539	267.512390
135	1215.029541	-299.293549	187.956879	-62.218327	0.000000	0.000000	7.125000	-1063.166016	220.193893
136	35.466793	-1240.093384	-10.594015	-200.712128	0.000000	0.000000	7.125000	-4.244708	591.076843
137	-937.355408	669.810669	-129.734436	120.407204	0.000000	0.000000	7.125000	311.541107	-297.975647
138	133.281479	77.726974	170.724319	56.782330	0.000000	0.000000	7.125000	-179.391922	-54.618206
139	-427.224762	-63.596313	-202.991776	39.156410	0.000000	0.000000	7.125000	202.357422	22.993605
140	910.048706	149.280792	161.628052	33.151859	0.000000	0.000000	7.125000	-445.636627	-57.811993
141	830.011353	316.287903	162.002899	63.470470	0.000000	0.000000	7.125000	-1755.755981	-497.454773
142	105.730049	-539.577332	-93.861702	-201.177872	0.000000	0.000000	7.125000	119.581070	182.714691
143	160.319763	882.084167	26.666756	174.976685	0.000000	0.000000	7.125000	-52.939911	-463.637970
144	1216.377808	-336.051544	179.496185	-76.138718	0.000000	0.000000	7.125000	-499.125183	123.248886
145	1166.779907	702.894226	177.376968	128.428345	0.000000	0.000000	7.125000	-457.428894	-260.760834
146	700.446045	111.747223	205.485443	-43.209309	0.000000	0.000000	7.125000	-610.317993	206.998016
147	-1163.555908	-1056.766357	-159.451630	-141.196533	0.000000	0.000000	7.125000	606.574585	311.132721
148	-122.364525	1377.201904	-18.494411	206.169922	0.000000	0.000000	7.125000	20.322672	-527.962830
149	-1382.320557	-13.969099	-218.965195	3.885388	0.000000	0.000000	7.125000	570.874329	-18.482813
150	-1069.162842	1207.798828	-132.029327	170.939972	0.000000	0.000000	7.125000	275.943298	-464.356110
151	939.788574	242.260620	187.705536	40.341743	0.000000	0.000000	7.125000	-439.354706	-68.997681
152	-1255.784180	1267.800903	-157.375732	164.975189	0.000000	0.000000	7.125000	380.538757	-408.545105
153	-204.993652	571.151611	-107.218246	204.555847	0.000000	0.000000	7.125000	259.268433	-302.070435
154	93.328461	918.753479	15.090561	200.424942	0.000000	0.000000	7.125000	-8.272898	-424.049957
155	-1179.403076	-349.939514	-207.479584	-60.068420	0.000000	0.000000	7.125000	410.118286	94.329422
156	-208.968079	-1410.137695	-31.739393	-195.433411	0.000000	0.000000	7.125000	28.689854	439.831146
157	-1039.893311	930.508362	-145.612213	115.718811	0.000000	0.000000	7.125000	435.146698	-284.321564
158	-267.033569	631.896973	-156.826263	173.631821	0.000000	0.000000	7.125000	206.030624	-142.292603
159	967.919983	-501.470459	201.955963	-99.132675	0.000000	0.000000	7.125000	-425.077759	179.801605
160	1175.631104	742.984070	205.954529	97.789558	0.000000	0.000000	7.125000	-489.870117	-159.609818
161	-962.555176	457.078369	-179.809708	67.310959	0.000000	0.000000	7.125000	359.215485	-141.946243
162	-977.164429	-966.007874	-166.100372	-133.330276	0.000000	0.000000	7.125000	528.818176	203.441559
163	726.192261	291.018188	162.888977	83.382103	0.000000	0.000000	7.125000	-303.001221	-197.290146
164	-910.735718	902.878296	-165.232178	148.263412	0.000000	0.000000	7.125000	323.997772	-301.101501
165	-1013.908569	-352.111938	-163.955856	-87.818298	0.000000	0.000000	7.125000	496.162598	190.839005
166	958.238220	1522.554810	119.393417	208.177124	0.000000	0.000000	7.125000	-221.721848	-507.773651
167	879.262512	834.684570	147.415314	123.002617	0.000000	0.000000	7.125000	-409.747040	-274.779114
168	1403.051392	-508.668213	202.108429	-84.266891	0.000000	0.000000	7.125000	-553.861206	132.017487
169	-317.518860	-17.686867	-197.324860	-68.263672	0.000000	0.000000	7.125000	107.721680	122.750473
170	-1259.353516	472.566376	-216.535751	80.451370	0.000000	0.000000	7.125000	462.383575	-140.262650
171	1171.803223	103.340408	190.717636	22.003021	0.000000	0.000000	7.125000	-505.578217	6.864676
172	435.314728	1256.274414	65.530190	196.353149	0.000000	0.000000	7.125000	-163.500778	-480.689514
173	-212.085693	-1135.476562	-34.409851	-201.074921	0.000000	0.000000	7.125000	83.078362	547.148376
174	64.051506	-1211.028564	29.945953	-229.041916	0.000000	0.000000	7.125000	-45.097260	425.697693
175	-334.130951	-118.733498	-171.346344	-92.844337	0.000000	0.000000	7.125000	377.619568	141.142288
176	1226.484741	373.109955	218.176758	40.984077	0.000000	0.000000	7.125000	-555.247864	-65.401398
177	-1141.528076	-1113.793945	-146.426102	-154.687439	0.000000	0.000000	7.125000	351.405304	395.140747
178	948.389282	953.244629	150.348892	150.878113	0.000000	0.000000	7.125000	-316.907349	-333.638397
179	525.907471	1653.456299	75.509956	224.644608	0.000000	0.000000	7.125000	-141.266006	-550.256165
180	314.312531	928.009033	57.181370	195.810959	0.000000	0.000000	7.125000	-167.995728	-444.821503
181	-638.597168	-652.572449	-169.964340	-101.547264	0.000000	0.000000	7.125000	314.094666	149.187012
182	576.724915	-944.033447	118.509148	-162.341003	0.000000	0.000000	7.125000	-257.229675	414.910217
183	-966.651733	683.652832	-166.860901	117.360039	0.000000	0.000000	7.125000	379.010956	-229.663773
184	-69.196259	460.444183	-77.218086	192.054749	0.000000	0.000000	7.125000	94.127197	-253.833679
185	-925.804688	396.799316	-203.393890	52.040501	0.000000	0.000000	7.125000	443.901001	-66.975243
186	-571.478394	-1001.501953	-101.913422	-180.164215	0.000000	0.000000	7.125000	196.856201	427.815948
187	-865.720215	1032.006226	-126.777298	144.191360	0.000000	0.000000	7.125000	296.684937	-320.173676
188	-1202.987183	386.703247	-196.694122	22.697731	0.000000	0.000000	7.125000	511.126923	-59.267342
189	1371.209839	297.558502	205.996674	40.792961	0.000000	0.000000	7.125000	-526.063843	-73.975456
190	642.089783	-498.729736	178.946121	-77.480392	0.000000	0.000000	7.125000	-397.951904	156.959198
191	-1054.682861	641.334106	-168.492569	54.191715	0.000000	0.000000	7.125000	544.915527	-137.666870
192	1247.729614	-949.083496	163.828522	-131.375061	0.000000	0.000000	7.125000	-423.455475	298.928711
193	573.825073	790.429321	128.625381	158.290070	0.000000	0.000000	7.125000	-121.532150	-141.075089
194	1185.428711	-439.292847	189.555435	-57.131351	0.000000	0.000000	7.125000	-481.824341	73.987167
195	767.064270	-54.033611	188.942276	2.960848	0.000000	0.000000	7.125000	-262.684357	-29.179789
196	-856.249023	-1254.491821	-121.210526	-167.800476	0.000000	0.000000	7.125000	371.775238	541.348267
197	1139.796021	1132.083618	143.809647	165.165710	0.000000	0.000000	7.125000	-339.099487	-363.439514
198	-843.489746	-1205.042969	-119.067436	-165.639465	0.000000	0.000000	7.125000	215.792618	371.922028
199	587.395935	512.771667	170.596863	132.425797	0.000000	0.000000	7.125000	-206.242996	-230.514465
200	612.663086	1060.842285	99.307320	198.548859	0.000000	0.000000	7.125000	-215.262848	-372.915741
201	-906.460266	1132.500610	-109.193291	161.549118	0.000000	0.000000	7.125000	246.685120	-467.351044
202	1325.466919	-362.331116	182.573029	-68.420494	0.000000	0.000000	7.125000	-504.437714	90.396042
203	1035.715088	-1070.255859	133.328278	-162.242569	0.000000	0.000000	7.125000	-314.983063	430.828064
204	1030.010864	1063.024902	147.029144	145.701981	0.000000	0.000000	7.125000	-305.682770	-246.895081
205	300.209900	453.546661	148.458771	135.344330	0.000000	0.000000	7.125000	-154.190231	-207.202713
206	-660.966980	440.999329	-157.146667	115.452866	0.000000	0.000000	7.125000	300.030823	-231.102692
207	-716.096191	-626.968506	-135.795105	-160.183197	0.000000	0.000000	7.125000	390.222565	527.431946
208	694.377808	1413.709229	113.837921	180.020416	0.000000	0.000000	7.125000	-232.121323	-454.276276
209	1343.353394	620.713684	186.492691	82.679222	0.000000	0.000000	7.125000	-480.208893	-176.590073
210	-524.529663	769.241577	-133.057068	188.829086	0.000000	0.000000	7.125000	170.535355	-303.035858
211	-907.169006	24.419773	-218.712067	-11.199410	0.000000	0.000000	7.125000	402.856750	38.214832
212	796.935303	-1296.662476	118.249405	-201.920609	0.000000	0.000000	7.125000	-151.592850	412.124908
213	-230.186951	1353.425659	-49.466606	207.175110	0.000000	0.000000	7.125000	88.606979	-508.482880
214	-1007.769836	-1121.375732	-125.357376	-149.366165	0.000000	0.000000	7.125000	309.958862	406.075928
215	-20.954916	913.894653	10.945414	191.685593	0.000000	0.000000	7.125000	-3.174103	-352.587433
216	1257.607788	643.142395	200.876953	101.355225	0.000000	0.000000	7.125000	-517.781860	-239.963425
217	459.440735	1042.440918	99.463989	153.599945	0.000000	0.000000	7.125000	-179.927490	-301.213898
218	-1689.659424	427.665009	-228.848068	61.522884	0.000000	0.000000	7.125000	592.541443	-103.324738
219	938.757080	1021.870117	141.536728	125.246170	0.000000	0.000000	7.125000	-386.058990	-276.537079
220	113.578758	-19.309137	-1.522023	206.862152	0.000000	0.000000	7.125000	24.269138	-145.282089
221	273.958679	664.993103	-8.031781	191.831894	0.000000	0.000000	7.125000	8.421148	-335.279572
222	-652.310913	848.613098	-163.157135	150.529388	0.000000	0.000000	7.125000	288.264496	-220.715744
223	1265.081299	-1013.634766	147.010193	-145.720734	0.000000	0.000000	7.125000	-451.429138	357.410034
224	625.834961	1156.431641	84.092857	179.254929	0.000000	0.000000	7.125000	-196.473495	-437.026794
225	621.802124	-1328.627686	101.585144	-187.190430	0.000000	0.000000	7.125000	-165.969650	440.311737
226	762.799683	1292.941040	83.106094	196.112030	0.000000	0.000000	7.125000	-414.904602	-1282.270874
227	16.219116	-80.352829	132.080048	-177.858627	0.000000	0.000000	7.125000	-64.249527	238.996429
228	-1145.306152	1177.392700	-155.748810	149.659058	0.000000	0.000000	7.125000	329.784698	-304.362213
229	-199.184158	-1254.216309	-81.667633	-212.862793	0.000000	0.000000	7.125000	133.889679	483.120636
230	1251.199097	1095.710938	173.825531	133.160400	0.000000	0.000000	7.125000	-501.191986	-280.501740
231	1104.224609	866.682434	141.753906	120.415298	0.000000	0.000000	7.125000	-370.509521	-272.571136
232	170.837967	738.202820	78.044563	181.942413	0.000000	0.000000	7.125000	-157.299438	-284.135345
233	756.930420	275.239075	163.590012	59.276012	0.000000	0.000000	7.125000	-261.296570	-94.957100
234	-402.713837	604.020081	-129.431900	157.656876	0.000000	0.000000	7.125000	202.736832	-311.356537
235	-132.827179	1038.206665	-16.324188	212.370758	0.000000	0.000000	7.125000	39.128029	-578.909973
236	-756.381042	1126.293945	-99.608963	178.027649	0.000000	0.000000	7.125000	223.782562	-381.136566
237	260.064026	-53.696503	191.188324	-69.421638	0.000000	0.000000	7.125000	-181.080856	315.718964
238	954.473877	304.711334	191.601974	70.032288	0.000000	0.000000	7.125000	-268.925629	-92.114326
239	303.787170	16.602945	8.551428	-197.813461	0.000000	0.000000	7.125000	-19.891779	252.320572
240	-39.521755	-656.011719	33.913986	-182.881958	0.000000	0.000000	7.125000	-96.441353	485.606689
241	77.749451	-760.202087	-5.684852	-194.897781	0.000000	0.000000	7.125000	-11.951109	389.264008
242	-876.471741	-1495.597168	-120.554108	-204.038910	0.000000	0.000000	7.125000	213.481720	504.672455
243	542.505554	-553.697144	132.969910	-166.351227	0.000000	0.000000	7.125000	-128.363068	259.822845
244	1278.356201	-826.024353	149.314301	-139.000122	0.000000	0.000000	7.125000	-415.299927	410.540680
245	-309.148682	1560.127930	-37.936741	221.764389	0.000000	0.000000	7.125000	38.252827	-773.740234
246	1222.135010	-296.682770	193.491760	-54.268250	0.000000	0.000000	7.125000	-426.192993	31.824198
247	1081.216064	176.639816	206.477219	14.625641	0.000000	0.000000	7.125000	-433.163635	1.895481
248	-1027.040283	269.417053	-177.235397	45.551586	0.000000	0.000000	7.125000	517.280640	-122.278870
249	-961.832520	-133.766968	-198.513504	-46.989220	0.000000	0.000000	7.125000	544.947205	109.708641
250	-531.903687	388.002258	-200.202896	95.926727	0.000000	0.000000	7.125000	293.132690	-129.951202
251	-602.469543	99.427841	-207.384659	32.680038	0.000000	0.000000	7.125000	359.093201	15.981040
252	163.764221	1123.701782	31.595936	207.598541	0.000000	0.000000	7.125000	-17.233927	-407.512360
253	-1486.269897	-509.354279	-209.633759	-96.992447	0.000000	0.000000	7.125000	542.570068	171.202301
254	-338.828369	103.378517	-228.852509	45.023540	0.000000	0.000000	7.125000	156.615570	61.769257
255	711.238770	1228.230469	77.858337	182.046661	0.000000	0.000000	7.125000	-124.885735	-309.671844
256	776.691589	-979.894226	142.778763	-162.074814	0.000000	0.000000	7.125000	-256.871338	318.273132
257	-807.287354	1192.187256	-96.857712	172.683319	0.000000	0.000000	7.125000	188.902939	-461.202118
258	-750.164673	1300.180420	-118.847412	180.364288	0.000000	0.000000	7.125000	320.567688	-505.056671
259	-562.734009	-984.157593	-127.433434	-159.277145	0.000000	0.000000	7.125000	161.825119	275.397766
260	1528.688965	351.429688	204.175858	70.465805	0.000000	0.000000	7.125000	-541.768005	-138.190033
261	-907.501770	1350.560791	-151.759933	185.926788	0.000000	0.000000	7.125000	349.792267	-460.933777
262	-1088.521973	1064.125366	-130.092712	141.201843	0.000000	0.000000	7.125000	292.710754	-380.156158
263	11.322968	-1380.795166	-27.367218	-223.324768	0.000000	0.000000	7.125000	20.284960	454.642426
264	556.099976	177.490021	180.548157	123.849297	0.000000	0.000000	7.125000	-188.075729	-142.981949
265	55.215347	1195.547241	4.507622	194.924896	0.000000	0.000000	7.125000	-9.101559	-716.308044
266	-1097.034302	693.516663	-170.433990	132.653336	0.000000	0.000000	7.125000	341.761353	-231.244461
267	42.962448	655.878296	-31.409592	183.319763	0.000000	0.000000	7.125000	-3.070636	-287.302795
268	370.408783	-84.756653	185.758667	-47.855667	0.000000	0.000000	7.125000	-114.380165	83.191681
269	1251.445801	-927.890869	148.909561	-139.430359	0.000000	0.000000	7.125000	-287.116608	298.620544
270	1380.125488	521.717285	195.244385	77.314682	0.000000	0.000000	7.125000	-496.003906	-155.564758
271	-1242.400269	779.744995	-184.544174	100.190048	0.000000	0.000000	7.125000	405.105469	-138.949173
272	976.977722	-441.280762	142.591003	-94.380333	0.000000	0.000000	7.125000	-408.461365	247.158051
273	784.823425	-960.970825	115.868668	-171.528931	0.000000	0.000000	7.125000	-264.333435	423.930237
274	-915.927734	-1225.341553	-118.328415	-169.834595	0.000000	0.000000	7.125000	205.305283	449.989136
275	-491.544189	-1308.309082	-103.308823	-209.957092	0.000000	0.000000	7.125000	189.033875	451.941833
276	359.507355	-293.174133	190.955490	-38.445656	0.000000	0.000000	7.125000	-273.632751	148.970581
277	-1144.140503	296.479004	-165.030670	79.067116	0.000000	0.000000	7.125000	461.697479	-205.414932
278	-60.073776	-84.308784	-185.127625	5.266754	0.000000	0.000000	7.125000	123.118759	49.027225
279	1026.868896	-1227.889648	138.890350	-180.813263	0.000000	0.000000	7.125000	-271.262115	350.618958
280	-1244.194702	-466.874908	-200.122375	-72.887070	0.000000	0.000000	7.125000	299.132172	95.838768
281	1318.362305	-484.073700	177.179459	-88.326950	0.000000	0.000000	7.125000	-458.939117	142.092697
282	-996.788940	-57.902973	-184.605377	-22.734116	0.000000	0.000000	7.125000	357.840790	34.097809
283	1378.277222	507.477417	203.992126	94.930740	0.000000	0.000000	7.125000	-472.433777	-213.088196
284	1034.521362	1219.003784	148.563110	160.902786	0.000000	0.000000	7.125000	-342.323822	-344.998749
285	452.584686	1068.967896	98.563629	161.257294	0.000000	0.000000	7.125000	-179.034851	-391.868500
286	722.037109	822.714478	105.527817	181.554153	0.000000	0.000000	7.125000	-328.973877	-604.276855
287	817.990234	150.238556	216.454788	61.229645	0.000000	0.000000	7.125000	-448.696960	18.187782
288	-1253.737549	-203.709381	-185.072739	-18.546658	0.000000	0.000000	7.125000	668.029785	58.542103
289	423.105835	-977.329102	97.128708	-179.393280	0.000000	0.000000	7.125000	-187.653931	312.878448
290	-93.182770	1441.578003	-13.880556	203.524445	0.000000	0.000000	7.125000	10.598117	-540.506470
291	-599.750183	-1024.664551	-103.414261	-186.209427	0.000000	0.000000	7.125000	192.680450	389.902161
292	-119.571266	-490.921570	-52.008698	-218.895859	0.000000	0.000000	7.125000	60.361984	191.194946
293	960.623413	915.276001	116.092667	141.457413	0.000000	0.000000	7.125000	-285.017761	-431.891113
294	1212.588989	390.087311	181.963104	92.223991	0.000000	0.000000	7.125000	-377.050140	-176.325577
295	-1093.841064	1048.778809	-147.570740	132.001236	0.000000	0.000000	7.125000	446.741211	-328.655701
296	-1205.712402	-1239.931641	-148.007904	-153.172852	0.000000	0.000000	7.125000	352.859955	400.027985
297	-730.045898	-880.068481	-117.827423	-140.020355	0.000000	0.000000	7.125000	353.763580	390.607635
298	-19.066998	-1045.667847	-21.377926	-205.876801	0.000000	0.000000	7.125000	-6.305713	363.766754
299	1155.014526	-283.041229	206.112488	-64.547256	0.000000	0.000000	7.125000	-466.062775	85.358810
300	-1295.090820	378.481293	-219.877991	60.250313	0.000000	0.000000	7.125000	497.726959	-100.274765
301	-728.647095	819.068970	-105.714706	160.274933	0.000000	0.000000	7.125000	228.685074	-375.543243
302	-457.441681	-1222.152954	-38.475613	-178.897781	0.000000	0.000000	7.125000	67.828102	527.498291
303	-436.209839	-232.260147	-165.191284	-103.615860	0.000000	0.000000	7.125000	224.375153	143.903366
304	-127.169098	-1232.861084	-16.697029	-203.305801	0.000000	0.000000	7.125000	-1.772132	295.415741
305	233.772842	1371.890991	37.840210	221.795197	0.000000	0.000000	7.125000	-94.905449	-581.595459
306	-1220.719604	852.347717	-164.969315	125.011078	0.000000	0.000000	7.125000	474.684998	-272.219757
307	-1512.395386	36.531479	-224.826920	-8.665225	0.000000	0.000000	7.125000	745.650269	16.812632
308	-888.042603	1337.080322	-118.986961	190.953979	0.000000	0.000000	7.125000	236.344299	-445.542969
309	-284.982056	-1032.586060	-32.388199	-180.099136	0.000000	0.000000	7.125000	34.584614	602.917847
310	425.562439	-143.214233	166.494339	-101.306793	0.000000	0.000000	7.125000	-188.503815	222.802246
311	-1358.677734	494.779999	-202.716736	54.764259	0.000000	0.000000	7.125000	627.420288	-104.737961
312	-199.639664	-859.851379	-37.413910	-212.713181	0.000000	0.000000	7.125000	29.961927	462.285767
313	687.784241	918.230896	91.882286	147.751968	0.000000	0.000000	7.125000	-160.205826	-327.910889
314	-199.292831	331.649597	-158.796204	128.060562	0.000000	0.000000	7.125000	163.671326	-116.713120
315	-924.979736	-174.349884	-230.347382	-16.214783	0.000000	0.000000	7.125000	358.474518	72.575340
316	-700.819031	165.930206	-186.459183	66.603378	0.000000	0.000000	7.125000	278.311890	-57.412434
317	-693.471191	363.968506	-186.776337	82.030388	0.000000	0.000000	7.125000	269.088257	-152.184280
318	293.848724	338.067566	110.605194	126.418793	0.000000	0.000000	7.125000	-133.109482	-193.580185
319	-1330.486572	-1096.205444	-168.327103	-144.720551	0.000000	0.000000	7.125000	466.480988	305.045532
320	410.067993	284.393097	177.705948	93.919235	0.000000	0.000000	7.125000	-106.048637	-74.971588
321	1284.185791	458.053589	188.611328	60.188965	0.000000	0.000000	7.125000	-466.411316	-95.765228
322	-95.220047	-1206.091553	-24.894932	-217.579681	0.000000	0.000000	7.125000	128.411728	1068.082886
323	-1341.718506	604.559692	-233.337830	116.937744	0.000000	0.000000	7.125000	575.142883	-286.080078
324	1418.335449	94.947479	193.173569	26.548071	0.000000	0.000000	7.125000	-505.604126	-29.918129
325	769.054260	389.621033	189.051956	58.842014	0.000000	0.000000	7.125000	-337.500854	-80.925179
326	-1137.472412	736.859558	-159.444565	95.768250	0.000000	0.000000	7.125000	463.761810	-221.986221
327	-1166.824829	-150.386475	-221.477509	-39.487175	0.000000	0.000000	7.125000	400.422821	100.808395
328	-1330.164307	1093.695190	-154.355209	151.096863	0.000000	0.000000	7.125000	298.502289	-287.377899
329	-608.435669	-399.245392	-160.964386	-130.150238	0.000000	0.000000	7.125000	207.371643	175.074448
330	639.406982	656.220215	89.162376	176.786804	0.000000	0.000000	7.125000	-23.212339	-121.826378
331	984.477295	790.023132	146.003571	110.316322	0.000000	0.000000	7.125000	-403.729828	-256.827026
332	-517.905701	-826.206970	-101.875748	-148.388916	0.000000	0.000000	7.125000	187.916809	324.903992
333	-297.917267	936.774597	-54.501144	180.970413	0.000000	0.000000	7.125000	75.713867	-352.411346
334	802.134094	-556.950439	192.972031	-74.904938	0.000000	0.000000	7.125000	-568.576477	196.862823
335	1310.875977	-115.617477	200.795044	-35.855125	0.000000	0.000000	7.125000	-496.004974	-4.846554
336	961.185913	1066.976074	135.117355	118.922203	0.000000	0.000000	7.125000	-366.857361	-281.421722
337	-1157.031616	-276.307251	-197.149048	-39.155075	0.000000	0.000000	7.125000	591.586731	106.548027
338	1483.059326	-777.138977	193.013168	-109.532356	0.000000	0.000000	7.125000	-226.960968	109.791885
339	-1084.364746	1153.087158	-143.747681	153.086990	0.000000	0.000000	7.125000	366.578278	-361.639374
340	889.432922	1083.848389	134.495926	165.166122	0.000000	0.000000	7.125000	-277.947510	-337.790894
341	-1.222683	800.071167	14.527853	197.464569	0.000000	0.000000	7.125000	-17.476608	-383.252808
342	263.247498	725.981323	121.895370	174.632736	0.000000	0.000000	7.125000	-182.913651	-230.374252
343	-730.619873	365.862244	-147.402847	103.285477	0.000000	0.000000	7.125000	257.445618	-177.094421
344	758.116272	334.042023	186.749405	108.271240	0.000000	0.000000	7.125000	-286.632874	-248.918365
345	-1260.753418	-401.902100	-195.690002	-91.431351	0.000000	0.000000	7.125000	451.432678	175.001190
346	-546.412781	1260.655884	-97.988686	192.484024	0.000000	0.000000	7.125000	238.626221	-584.912781
347	-1063.437744	210.065262	-188.554993	12.961655	0.000000	0.000000	7.125000	602.253540	-105.398338
348	-987.393982	-22.594273	-176.717911	-9.914043	0.000000	0.000000	7.125000	443.816650	4.903654
349	-288.348633	842.457275	-41.441994	156.589508	0.000000	0.000000	7.125000	34.625294	-290.843842
350	792.050659	-591.854065	166.769165	-75.299484	0.000000	0.000000	7.125000	-442.758453	115.795937
351	-761.651489	1006.355225	-119.028717	187.390808	0.000000	0.000000	7.125000	269.784729	-404.689941
352	-798.570923	-377.886597	-194.690338	-100.266243	0.000000	0.000000	7.125000	336.503540	149.850311
353	-681.023865	-854.267883	-123.470993	-147.031235	0.000000	0.000000	7.125000	245.740540	360.699219
354	138.369598	-290.903625	98.768906	-178.457611	0.000000	0.000000	7.125000	-108.262901	324.431732
355	-958.896729	-568.271973	-173.891296	-57.015839	0.000000	0.000000	7.125000	358.022491	104.335426
356	-692.407654	393.622437	-169.359894	96.655106	0.000000	0.000000	7.125000	355.795288	-218.587906
357	-992.983948	1061.789795	-142.640732	166.176376	0.000000	0.000000	7.125000	313.354279	-378.068298
358	-242.936371	174.609421	-164.866058	-109.645950	0.000000	0.000000	7.125000	139.788101	94.539589
359	214.764008	-1229.705322	28.390015	-232.268311	0.000000	0.000000	7.125000	-89.892670	495.657654
360	-1391.174316	466.306152	-218.954254	51.759216	0.000000	0.000000	7.125000	552.627136	-68.734879
361	-359.840607	-702.584961	-85.180222	-185.362579	0.000000	0.000000	7.125000	101.492058	249.311600
362	335.622345	37.502331	215.839050	4.324423	0.000000	0.000000	7.125000	-90.683647	32.012295
363	1327.621216	362.354248	217.127960	94.987686	0.000000	0.000000	7.125000	-344.607574	-111.014320
364	1183.657471	-427.601105	155.221710	-78.574203	0.000000	0.000000	7.125000	-473.109772	152.665512
365	-141.994888	1192.510620	11.794999	215.659149	0.000000	0.000000	7.125000	23.631016	-465.221100
366	199.552429	903.096313	51.193172	197.453979	0.000000	0.000000	7.125000	-123.490738	-387.039276
367	786.010315	1277.358643	121.698730	203.289001	0.000000	0.000000	7.125000	-220.045883	-480.289978
368	-814.064331	1361.422241	-128.217316	173.825348	0.000000	0.000000	7.125000	319.551331	-512.392029
369	-1410.264648	719.404297	-194.163086	107.621346	0.000000	0.000000	7.125000	690.774109	-229.747223
370	-539.780701	-1056.189575	-105.914612	-160.134354	0.000000	0.000000	7.125000	189.023849	351.399780
371	-1163.263794	34.085495	-230.781128	-10.045252	0.000000	0.000000	7.125000	428.407501	14.050447
372	992.239502	-388.981445	173.533112	-82.129890	0.000000	0.000000	7.125000	-347.519928	122.355934
373	-242.877350	-535.923645	-97.315308	-162.018967	0.000000	0.000000	7.125000	210.319366	300.158722
374	749.454651	1141.087524	131.814346	189.699600	0.000000	0.000000	7.125000	-296.502472	-390.806732
375	-408.455078	1134.520142	-77.197937	204.939789	0.000000	0.000000	7.125000	162.477509	-415.027039
376	-19.741680	884.560974	0.307548	203.979187	0.000000	0.000000	7.125000	22.765934	-458.839233
377	-933.923035	-1048.201050	-120.098175	-153.627106	0.000000	0.000000	7.125000	290.137543	390.746948
378	-348.017456	-1655.825195	-85.899864	-211.188385	0.000000	0.000000	7.125000	158.140167	530.321350
379	565.921021	-753.251892	112.801208	-124.489716	0.000000	0.000000	7.125000	-248.153046	378.260315
380	-757.749268	-710.831116	-131.419373	-144.059494	0.000000	0.000000	7.125000	242.739761	275.211945
381	-1111.906982	980.026794	-153.993637	133.790817	0.000000	0.000000	7.125000	377.428467	-300.976044
382	-1141.797729	578.179626	-170.853470	111.455048	0.000000	0.000000	7.125000	474.500122	-245.541199
383	367.043945	-762.237488	88.906311	-163.373611	0.000000	0.000000	7.125000	-125.034218	274.505402
384	794.404724	767.270325	153.542526	120.173851	0.000000	0.000000	7.125000	-277.890778	-260.961243
385	1344.356445	-1209.508057	158.719940	-159.472641	0.000000	0.000000	7.125000	-191.936005	287.600739
386	1017.717102	-1179.939331	160.173950	-166.447998	0.000000	0.000000	7.125000	-510.419861	473.103577
387	-84.215660	671.074768	-2.732588	218.963226	0.000000	0.000000	7.125000	10.066714	-280.467010
388	3.557682	903.004395	-13.807644	167.430542	0.000000	0.000000	7.125000	27.498043	-412.967743
389	1106.579712	-527.307617	167.236053	-94.300514	0.000000	0.000000	7.125000	-414.978027	161.638153
390	826.448242	-423.643311	165.842560	-123.875923	0.000000	0.000000	7.125000	-228.815643	164.070847
391	-1029.600098	-599.947144	-156.183319	-89.456390	0.000000	0.000000	7.125000	435.764252	173.790146
392	-1298.123291	-780.004578	-189.984406	-125.973175	0.000000	0.000000	7.125000	600.072571	281.545135
393	-479.171722	-202.665054	-167.970413	-86.614960	0.000000	0.000000	7.125000	244.370270	152.022141
394	-386.105774	-1311.742554	-93.996956	-177.656326	0.000000	0.000000	7.125000	183.664474	476.807556
395	857.534851	171.470825	200.883850	-6.372868	0.000000	0.000000	7.125000	-246.766678	43.603596
396	-818.583069	1129.793701	-152.786591	181.176514	0.000000	0.000000	7.125000	324.532806	-396.712006
397	-349.594635	-788.372192	-134.536224	-168.978210	0.000000	0.000000	7.125000	166.030594	234.399170
398	313.815247	1459.018311	40.800411	205.992157	0.000000	0.000000	7.125000	-62.480652	-514.443970
399	232.022064	-356.133301	14.938319	-212.475464	0.000000	0.000000	7.125000	-0.745837	290.998230
400	413.141418	78.430763	188.766190	-8.341227	0.000000	0.000000	7.125000	-251.200760	68.714424
401	-636.241455	-97.608841	-244.613159	25.347637	0.000000	0.000000	7.125000	239.129471	20.147434
402	745.074036	1164.485840	79.878098	210.338257	0.000000	0.000000	7.125000	-178.232681	-447.145569
403	-812.656128	-873.403931	-112.168816	-155.825760	0.000000	0.000000	7.125000	298.810669	482.812286
404	622.770691	-1188.072266	109.447998	-186.211426	0.000000	0.000000	7.125000	-179.438995	375.383667
405	-377.379059	-354.463928	-195.287750	-68.084618	0.000000	0.000000	7.125000	330.143951	240.005844
406	-259.407715	-371.434052	-83.231689	-209.024139	0.000000	0.000000	7.125000	65.706177	165.589981
407	732.239807	446.046814	180.250000	74.231842	0.000000	0.000000	7.125000	-258.174866	-153.643204
408	403.388550	-1239.021851	56.247913	-189.815598	0.000000	0.000000	7.125000	-105.783691	584.333130
409	1137.062988	889.135071	149.447037	120.536636	0.000000	0.000000	7.125000	-412.938385	-254.358627
410	-1335.368530	359.232452	-190.908508	62.870853	0.000000	0.000000	7.125000	455.904419	-133.129242
411	-537.612549	-718.581177	-97.881241	-192.548080	0.000000	0.000000	7.125000	182.607895	325.387360
412	-250.875427	704.506714	-43.853859	196.128998	0.000000	0.000000	7.125000	109.404434	-270.210968
413	375.442322	-1305.039917	31.987556	-204.513458	0.000000	0.000000	7.125000	-87.950058	551.353149
414	559.945374	-1373.324097	98.627129	-212.145737	0.000000	0.000000	7.125000	-176.436768	594.219910
415	-547.607788	-389.263550	-132.833237	-158.757904	0.000000	0.000000	7.125000	160.941910	188.679214
416	258.241211	853.930237	66.259201	205.580276	0.000000	0.000000	7.125000	-118.937126	-372.346649
417	876.462097	-671.909912	137.540726	-101.600784	0.000000	0.000000	7.125000	-403.988922	251.942642
418	308.284851	-1302.685303	51.592876	-209.742096	0.000000	0.000000	7.125000	-90.230263	462.571106
419	-527.410583	-373.360046	-124.106979	-126.199097	0.000000	0.000000	7.125000	244.979507	267.978058
420	-777.496887	475.223175	-154.560974	97.962257	0.000000	0.000000	7.125000	345.499115	-213.795715
421	511.994934	860.141357	124.896515	107.822716	0.000000	0.000000	7.125000	-295.574707	-273.956390
422	-1074.414795	-269.172363	-200.309631	-16.643593	0.000000	0.000000	7.125000	562.259705	43.040581
423	-555.111572	599.697021	-143.215973	165.671219	0.000000	0.000000	7.125000	282.866058	-306.425720
424	35.419777	-469.885925	-24.201698	-220.676239	0.000000	0.000000	7.125000	49.765320	346.368347
425	477.893066	159.551834	191.574188	12.393250	0.000000	0.000000	7.125000	-125.076454	-11.929606
426	1083.985596	-1341.344482	143.952515	-161.032166	0.000000	0.000000	7.125000	-334.083374	436.447571
427	907.306519	-281.552063	203.763092	-71.645058	0.000000	0.000000	7.125000	-379.949036	88.436592
428	662.599854	-635.216858	169.561523	-107.932526	0.000000	0.000000	7.125000	-255.048767	127.361115
429	-94.326622	-195.565857	-121.112846	-152.601166	0.000000	0.000000	7.125000	245.925385	163.544144
430	-151.937515	1156.973022	-40.196278	224.414856	0.000000	0.000000	7.125000	24.252277	-332.741272
431	775.760010	-1319.157715	108.203445	-176.460846	0.000000	0.000000	7.125000	-236.042053	465.472137
432	485.316040	547.749023	94.443581	187.454742	0.000000	0.000000	7.125000	-231.918472	-325.541504
433	-688.061768	-723.633911	-122.124405	-136.282150	0.000000	0.000000	7.125000	254.855530	335.514313
434	990.295288	203.096588	205.921967	21.050730	0.000000	0.000000	7.125000	-417.336273	-12.491390
435	-111.199234	-1365.501465	1.969765	-215.975845	0.000000	0.000000	7.125000	-62.674065	607.356018
436	-724.663574	-494.995117	-155.385193	-117.792419	0.000000	0.000000	7.125000	320.484863	167.485123
437	699.748962	-624.935486	148.807007	-126.017761	0.000000	0.000000	7.125000	-522.711182	433.606140
438	645.986938	-1248.194336	91.600143	-178.887726	0.000000	0.000000	7.125000	-145.584320	396.414001
439	-1188.239502	-707.381104	-167.880569	-99.191162	0.000000	0.000000	7.125000	424.282990	184.375763
440	-362.354584	606.586243	-174.331482	156.091125	0.000000	0.000000	7.125000	226.078857	-186.282837
441	851.682129	-782.337158	160.801239	-153.058350	0.000000	0.000000	7.125000	-304.640747	305.292816
442	546.043884	-66.678062	214.629211	-23.056152	0.000000	0.000000	7.125000	-202.780106	88.876053
443	948.193726	-270.205780	198.745697	-134.517883	0.000000	0.000000	7.125000	-132.976089	207.571899
444	1119.047363	-836.843750	154.797897	-154.908218	0.000000	0.000000	7.125000	-332.011200	299.867523
445	819.427979	-902.230225	157.114914	-115.494522	0.000000	0.000000	7.125000	-335.560974	200.387146
446	1554.135986	231.367462	217.292999	45.457115	0.000000	0.000000	7.125000	-528.585938	-79.021133
447	-646.965454	103.318771	-186.732193	74.323677	0.000000	0.000000	7.125000	225.507385	-58.486958
448	-544.594055	67.358185	-209.892731	6.651237	0.000000	0.000000	7.125000	250.068069	35.552219
449	825.406006	-1042.636108	115.710976	-168.008133	0.000000	0.000000	7.125000	-258.195679	421.752106
450	-1377.094238	-751.146851	-198.288879	-92.943970	0.000000	0.000000	7.125000	504.527924	176.967316
451	-1158.087646	-675.006226	-166.476791	-122.980820	0.000000	0.000000	7.125000	461.034241	248.028015
452	101.987625	1180.353882	17.395124	197.229172	0.000000	0.000000	7.125000	-1.647882	-488.418427
453	80.046906	-714.336304	1.831266	-215.982635	0.000000	0.000000	7.125000	-22.825670	371.185608
454	1515.029175	6.808693	221.996323	1.277248	0.000000	0.000000	7.125000	-569.550537	-11.102295
455	-305.674469	-325.420197	-43.934547	-183.816208	0.000000	0.000000	7.125000	88.947845	315.338562
456	-1148.887695	-932.865112	-153.778839	-134.040833	0.000000	0.000000	7.125000	363.022125	275.442261
457	287.933929	735.726135	110.442001	192.574463	0.000000	0.000000	7.125000	-57.694187	-245.067902
458	407.359314	-465.051178	163.953247	-149.635254	0.000000	0.000000	7.125000	-330.431488	397.564880
459	-1033.739746	136.004761	-206.956589	4.238285	0.000000	0.000000	7.125000	1063.851807	-62.096767
460	-105.335373	1489.166870	2.721066	233.981506	0.000000	0.000000	7.125000	-6.536229	-409.987152
461	1005.008911	55.212036	221.955933	4.326907	0.000000	0.000000	7.125000	-392.705170	-13.044231
462	169.137604	-1218.597778	21.266628	-205.901550	0.000000	0.000000	7.125000	-87.351334	499.008331
463	-1128.812744	801.139587	-158.779343	132.807022	0.000000	0.000000	7.125000	416.565613	-323.798676
464	209.085388	1092.122437	36.879669	179.244751	0.000000	0.000000	7.125000	-80.048111	-507.761688
465	1406.802490	385.492859	197.421387	51.377167	0.000000	0.000000	7.125000	-466.617279	-95.231308
466	-892.719238	-978.591125	-121.388901	-144.863510	0.000000	0.000000	7.125000	414.506927	441.523865
467	843.258728	494.342468	144.215546	80.167526	0.000000	0.000000	7.125000	-390.064575	-210.405334
468	-1221.962524	-325.456543	-169.465576	-51.072739	0.000000	0.000000	7.125000	529.177551	118.086227
469	1029.269775	1151.001099	136.256439	147.767181	0.000000	0.000000	7.125000	-316.507721	-335.997437
470	1082.282471	-330.394257	196.525726	-42.132820	0.000000	0.000000	7.125000	-455.633179	47.169670
471	-364.168579	1405.628418	-64.952133	202.855042	0.000000	0.000000	7.125000	128.474762	-412.003052
472	159.039658	-1434.097168	39.433945	-206.264069	0.000000	0.000000	7.125000	-98.566399	561.674988
473	741.742310	-967.125427	128.080994	-126.471382	0.000000	0.000000	7.125000	-254.447800	245.853210
474	-283.250244	1124.574585	-65.198555	174.194855	0.000000	0.000000	7.125000	100.775604	-360.747894
475	674.038086	1037.063965	112.534607	151.844284	0.000000	0.000000	7.125000	-249.328323	-332.531128
476	871.604431	79.764572	216.306213	34.216515	0.000000	0.000000	7.125000	-454.644104	-41.386806
477	-309.860535	-427.667816	-136.908737	-147.157837	0.000000	0.000000	7.125000	186.168854	165.856766
478	378.619141	-385.479553	166.764023	-59.151802	0.000000	0.000000	7.125000	-199.617462	153.031448
479	-989.244324	-750.732422	-155.090729	-154.621460	0.000000	0.000000	7.125000	409.292603	507.732880
480	-378.435364	-1092.859131	-82.955780	-183.077057	0.000000	0.000000	7.125000	142.516876	388.027802
481	896.022461	-85.413460	191.771072	-9.372372	0.000000	0.000000	7.125000	-389.420410	10.746949
482	-959.382874	358.047821	-179.855988	102.472610	0.000000	0.000000	7.125000	354.720490	-223.787827
483	-916.394775	-769.030457	-145.454193	-125.326355	0.000000	0.000000	7.125000	499.216522	438.625641
484	-1372.654785	-786.712280	-172.142700	-125.413445	0.000000	0.000000	7.125000	497.618896	254.695801
485	-657.773376	934.238403	-114.963409	142.381073	0.000000	0.000000	7.125000	267.178436	-334.073639
486	266.260895	483.620056	130.191910	149.125427	0.000000	0.000000	7.125000	-285.352875	-490.694489
487	1131.192261	-843.703308	140.376205	-148.021912	0.000000	0.000000	7.125000	-210.437225	318.907501
488	85.248009	267.521545	118.084404	162.436569	0.000000	0.000000	7.125000	-106.759155	-268.104034
489	-549.233643	1645.007324	-52.877258	264.738312	0.000000	0.000000	7.125000	46.752151	-495.618134
490	68.987404	-758.862793	-26.250395	-208.322998	0.000000	0.000000	7.125000	-8.067623	433.329315
491	1001.849915	-569.597046	171.155029	-141.385803	0.000000	0.000000	7.125000	-218.338730	175.035782
492	775.367798	-1040.845337	109.208740	-168.741867	0.000000	0.000000	7.125000	-217.120255	364.360382
493	308.140533	-336.216125	135.315521	-168.308502	0.000000	0.000000	7.125000	-131.913223	184.925262
494	307.611328	1160.816895	78.110809	220.530304	0.000000	0.000000	7.125000	-253.474213	-474.915955
495	288.069885	990.953308	18.396656	170.002869	0.000000	0.000000	7.125000	-16.606733	-448.955139
496	1211.608032	-376.051666	185.120071	-50.824730	0.000000	0.000000	7.125000	-602.806519	48.181458
497	-488.531982	-1000.695068	-48.220482	-213.616760	0.000000	0.000000	7.125000	82.105339	494.847900
498	-1304.846069	284.835876	-191.055267	38.983482	0.000000	0.000000	7.125000	534.458130	-60.918839
499	-138.149628	-1541.752686	-47.293480	-216.903809	0.000000	0.000000	7.125000	94.249352	509.842316
500	668.736267	492.159790	158.969467	77.804832	0.000000	0.000000	7.125000	-257.387634	-161.531158
501	1109.979492	-401.032471	150.453033	-81.258202	0.000000	0.000000	7.125000	-416.120453	155.435287
502	-797.837036	537.602539	-145.529541	95.363419	0.000000	0.000000	7.125000	294.205231	-159.104477
503	-330.701599	704.717102	-52.759560	190.839401	0.000000	0.000000	7.125000	123.513680	-429.823944
504	-356.365295	915.556274	-100.986115	173.788544	0.000000	0.000000	7.125000	213.997406	-377.449432
505	329.571320	894.592041	119.564209	208.080597	0.000000	0.000000	7.125000	-172.225693	-350.040314
506	-1263.396606	-78.229652	-183.940887	-27.599766	0.000000	0.000000	7.125000	490.743744	75.230164
507	-967.416260	739.512329	-149.414597	76.763847	0.000000	0.000000	7.125000	489.555664	-158.240662
508	519.157837	526.122681	96.512276	183.119186	0.000000	0.000000	7.125000	-204.751373	-266.084900
509	-1072.080811	-810.497314	-152.907944	-121.004623	0.000000	0.000000	7.125000	392.250916	266.112427
510	65.001617	808.680664	-41.614361	187.430939	0.000000	0.000000	7.125000	63.444641	-232.027664
511	-1119.088013	-310.236359	-220.967331	-42.382511	0.000000	0.000000	7.125000	732.204163	88.163742
512	-1392.541504	68.402725	-208.784912	22.542397	0.000000	0.000000	7.125000	492.651520	-53.093163
513	263.670624	-1077.426392	41.636139	-178.200150	0.000000	0.000000	7.125000	-104.798546	405.380341
514	-921.208130	-1318.768799	-124.455269	-180.189819	0.000000	0.000000	7.125000	231.815536	430.641083
515	-1032.093506	1118.265137	-150.608276	137.596207	0.000000	0.000000	7.125000	406.196747	-340.006195
516	297.137299	1220.159668	43.184124	183.998352	0.000000	0.000000	7.125000	-88.482361	-484.749512
517	-945.020386	862.639099	-162.299759	137.938782	0.000000	0.000000	7.125000	283.515808	-234.288483
518	434.796082	420.181946	167.978195	98.901184	0.000000	0.000000	7.125000	-284.634033	-264.186615
519	-193.160583	1177.450439	5.752524	194.915100	0.000000	0.000000	7.125000	-26.215464	-534.514709
520	142.280441	-855.401794	-23.373203	-175.447739	0.000000	0.000000	7.125000	36.511032	426.010315
521	849.876526	98.861603	245.167023	-20.204184	0.000000	0.000000	7.125000	-356.875885	16.075968
522	442.151459	767.831299	69.590546	191.751633	0.000000	0.000000	7.125000	-184.056717	-422.761353
523	-688.482544	-874.405212	-107.675278	-136.673767	0.000000	0.000000	7.125000	200.077347	305.587036
524	-513.149658	-638.664978	-121.221115	-193.072861	0.000000	0.000000	7.125000	172.755493	231.616882
525	-471.382324	1084.404297	-74.589783	186.647491	0.000000	0.000000	7.125000	197.717697	-529.054321
526	1380.302612	-15.336394	200.801147	-8.938972	0.000000	0.000000	7.125000	-514.343628	17.893997
527	-632.015015	-1124.226196	-72.894073	-174.367935	0.000000	0.000000	7.125000	153.099136	483.059845
528	-1017.634155	868.377136	-138.572906	114.861259	0.000000	0.000000	7.125000	572.679749	-370.188080
529	-1139.635498	-864.854614	-166.451035	-123.040497	0.000000	0.000000	7.125000	427.571777	256.169617
530	1244.753418	-895.231689	161.785751	-138.543503	0.000000	0.000000	7.125000	-401.868774	331.127411
531	-1234.910156	162.064224	-197.820541	8.241527	0.000000	0.000000	7.125000	360.403595	-4.861670
532	-1020.995117	-759.815735	-169.156403	-119.278625	0.000000	0.000000	7.125000	408.886993	231.833633
533	-494.714844	984.568359	-105.328781	164.104202	0.000000	0.000000	7.125000	249.947342	-361.156982
534	968.064880	1009.589111	156.725998	144.241272	0.000000	0.000000	7.125000	-344.682617	-307.790436
535	868.695740	-532.090088	162.240448	-108.155746	0.000000	0.000000	7.125000	-448.762360	230.018524
536	1299.508545	32.045994	185.200439	17.132418	0.000000	0.000000	7.125000	-473.557861	-9.061548
537	866.215576	178.800903	192.663239	45.643745	0.000000	0.000000	7.125000	-343.765930	-56.388592
538	-442.664734	-1442.442871	-74.166565	-199.643707	0.000000	0.000000	7.125000	121.085548	511.165039
539	936.566895	635.113953	155.476196	141.162552	0.000000	0.000000	7.125000	-305.787262	-316.377045
540	-368.590149	-1055.563721	-65.125366	-174.225754	0.000000	0.000000	7.125000	123.289146	367.923492
541	27.534956	-530.053101	85.619537	-184.947144	0.000000	0.000000	7.125000	-52.713177	298.883514
542	291.507507	1053.001587	29.644682	189.674332	0.000000	0.000000	7.125000	-4.857356	-482.788116
543	-474.052948	197.312668	-217.249405	133.103836	0.000000	0.000000	7.125000	234.314240	-36.727592
544	811.847473	-280.831085	190.239899	-42.818401	0.000000	0.000000	7.125000	-379.545135	66.024521
545	985.257629	614.191711	184.623718	123.271873	0.000000	0.000000	7.125000	-281.333344	-233.197189
546	408.269897	1112.661865	55.864182	199.319305	0.000000	0.000000	7.125000	-226.794449	-664.023254
547	-860.874512	1003.923279	-188.685455	133.258987	0.000000	0.000000	7.125000	427.561249	-295.663727
548	-1209.109497	-238.755127	-197.953552	-4.227829	0.000000	0.000000	7.125000	367.182098	8.350570
549	17.435604	973.342773	15.471494	176.315277	0.000000	0.000000	7.125000	1.849790	-450.525482
550	-526.504761	-508.203125	-182.318726	-136.864960	0.000000	0.000000	7.125000	394.063110	227.353271
551	-680.492676	-724.715698	-152.388336	-106.610046	0.000000	0.000000	7.125000	306.663147	152.569244
552	859.543335	1058.812378	128.723129	150.443237	0.000000	0.000000	7.125000	-394.348450	-580.487854
553	878.745361	-807.997498	142.396332	-124.273323	0.000000	0.000000	7.125000	-354.558075	278.824219
554	1346.516602	187.022156	222.440247	33.791389	0.000000	0.000000	7.125000	-565.374268	-45.591869
555	1183.260010	-756.809875	207.176910	-95.148735	0.000000	0.000000	7.125000	-521.560547	157.075958
556	94.067032	-205.530518	197.260193	-15.536786	0.000000	0.000000	7.125000	-305.675446	134.382950
557	246.036316	-889.687988	82.826416	-163.109619	0.000000	0.000000	7.125000	-71.740173	416.293671
558	-311.328552	-1147.303833	-44.094086	-168.317947	0.000000	0.000000	7.125000	94.044846	442.093018
559	807.494812	-1076.945435	149.990326	-167.713501	0.000000	0.000000	7.125000	-364.838104	390.119843
560	-494.971405	392.616669	-108.948212	183.011658	0.000000	0.000000	7.125000	66.124886	-119.348991
561	680.221069	-1373.885742	119.789940	-172.471817	0.000000	0.000000	7.125000	-252.326431	426.393066
562	-269.314880	-1155.446777	-29.249159	-174.563049	0.000000	0.000000	7.125000	58.884495	764.275696
563	679.811279	-310.432098	205.896667	-21.183506	0.000000	0.000000	7.125000	-324.643982	56.229622
564	-7.977554	-635.812561	5.237058	-179.920319	0.000000	0.000000	7.125000	1.476882	251.529694
565	-367.694550	886.767944	-72.297630	174.624939	0.000000	0.000000	7.125000	152.707565	-419.892853
566	379.951996	53.699867	191.743698	77.992691	0.000000	0.000000	7.125000	-246.313431	-144.653107
567	-1249.652710	142.485168	-197.004349	19.789522	0.000000	0.000000	7.125000	501.111298	-87.229416
568	-141.789078	1136.931274	6.971289	206.880707	0.000000	0.000000	7.125000	23.293093	-375.826569
569	586.494873	-252.437500	229.170975	-28.687908	0.000000	0.000000	7.125000	-294.350342	64.246101
570	25.358356	485.217377	-5.464512	206.862457	0.000000	0.000000	7.125000	-49.945297	-172.041519
571	669.199097	-1063.955566	123.640434	-154.649246	0.000000	0.000000	7.125000	-277.477539	432.905273
572	-1263.856445	-345.390411	-226.395569	-45.890213	0.000000	0.000000	7.125000	544.827393	87.138222
573	-576.965393	82.475044	-214.580231	23.168848	0.000000	0.000000	7.125000	210.584030	47.577633
574	-123.995979	-839.047607	-38.401768	-212.545532	0.000000	0.000000	7.125000	58.201519	506.828766
575	208.236526	1061.951660	76.043167	179.560349	0.000000	0.000000	7.125000	-193.710434	-417.266479
576	604.471802	-128.776810	188.850525	-7.474669	0.000000	0.000000	7.125000	-277.647491	-3.154629
577	1319.777344	-942.408630	194.294098	-135.713440	0.000000	0.000000	7.125000	-484.762421	281.571411
578	-157.095871	602.291626	6.042564	230.915604	0.000000	0.000000	7.125000	-56.213161	-276.925110
579	403.510498	-1402.675293	66.440681	-196.038651	0.000000	0.000000	7.125000	-116.231094	467.193909
580	1147.251343	-1107.188110	153.356125	-139.032379	0.000000	0.000000	7.125000	-304.386261	247.127136
581	839.553345	446.121918	180.169113	82.115829	0.000000	0.000000	7.125000	-313.675903	-255.637939
582	214.652557	1009.024048	46.358738	173.927658	0.000000	0.000000	7.125000	-138.692795	-474.455170
583	-807.768982	-1144.457642	-130.805786	-156.543289	0.000000	0.000000	7.125000	220.976471	284.179321
584	867.481689	1279.645264	123.073853	170.146576	0.000000	0.000000	7.125000	-261.029938	-427.485687
585	237.684006	-787.785278	105.799774	-228.663391	0.000000	0.000000	7.125000	-143.238174	431.347443
586	188.139297	-530.881836	119.491455	-204.541077	0.000000	0.000000	7.125000	-97.228638	287.434204
587	-199.161453	401.232330	-34.637436	164.382538	0.000000	0.000000	7.125000	36.323273	-257.758362
588	755.261597	1005.928711	147.980698	161.439468	0.000000	0.000000	7.125000	-310.991241	-346.523987
589	-1229.750122	-867.681091	-176.572601	-171.247849	0.000000	0.000000	7.125000	294.911652	254.140503
590	-1119.839722	1049.497681	-160.073486	135.922501	0.000000	0.000000	7.125000	372.461029	-266.862610
591	-1061.360840	665.735596	-154.925751	128.054108	0.000000	0.000000	7.125000	375.993347	-282.619476
592	-357.752380	-1240.752563	-48.313114	-198.196381	0.000000	0.000000	7.125000	124.395042	478.754028
593	1169.748779	805.308105	150.545227	119.156265	0.000000	0.000000	7.125000	-360.931274	-250.969315
594	764.017700	609.485901	170.213455	106.901390	0.000000	0.000000	7.125000	-559.449036	-340.140503
595	850.836975	697.896912	156.888092	99.899261	0.000000	0.000000	7.125000	-420.186859	-215.311905
596	509.010590	642.736206	110.966446	113.873825	0.000000	0.000000	7.125000	-279.959930	-252.444565
597	-505.131683	-565.885620	-100.106094	-187.993011	0.000000	0.000000	7.125000	140.724533	252.061005
598	167.658386	170.662338	156.278061	130.923950	0.000000	0.000000	7.125000	-122.933167	-182.795517
599	-165.922989	-348.419434	-109.748505	-131.108658	0.000000	0.000000	7.125000	130.526443	133.521454
600	-65.747169	-1588.156250	6.829823	-230.891693	0.000000	0.000000	7.125000	-38.703293	574.069397
601	469.569977	-1051.952148	88.647720	-166.897781	0.000000	0.000000	7.125000	-179.816177	511.482208
602	-395.180145	-1054.522217	-58.352592	-204.850800	0.000000	0.000000	7.125000	106.554825	461.399017
603	1055.696289	-1068.768799	170.840439	-155.480347	0.000000	0.000000	7.125000	-449.259613	495.832581
604	-1078.143677	-981.891174	-138.006821	-124.698441	0.000000	0.000000	7.125000	409.301483	330.885284
605	-282.894440	-1460.917480	-18.325354	-215.216324	0.000000	0.000000	7.125000	34.815922	1152.558716
606	1116.603149	369.544586	170.644501	33.998634	0.000000	0.000000	7.125000	-453.067902	-68.592705
607	1021.179932	-443.618835	206.563385	-81.285904	0.000000	0.000000	7.125000	-451.521515	110.177750
608	220.272171	794.130432	83.239136	169.682449	0.000000	0.000000	7.125000	-213.272812	-340.076782
609	-619.377136	-112.260162	-161.509537	-46.238426	0.000000	0.000000	7.125000	290.425079	85.333511
610	-44.507172	-846.186035	5.162271	-164.913208	0.000000	0.000000	7.125000	-28.243254	379.096466
611	-793.361206	-768.766418	-139.750198	-127.241226	0.000000	0.000000	7.125000	286.501251	242.043671
612	1277.167114	260.806274	209.326492	53.255543	0.000000	0.000000	7.125000	-457.271484	-98.132187
613	-189.587936	43.284088	222.805542	-36.161469	0.000000	0.000000	7.125000	-67.639099	123.943817
614	-675.566589	1126.459717	-100.205109	156.684631	0.000000	0.000000	7.125000	183.275314	-401.211609
615	1104.333374	344.807892	166.004913	77.006729	0.000000	0.000000	7.125000	-374.716431	-158.390839
616	-1250.266113	207.445679	-189.729980	56.619770	0.000000	0.000000	7.125000	460.717468	-112.395432
617	826.115234	-317.426025	202.245346	-56.517479	0.000000	0.000000	7.125000	-504.406219	92.809624
618	889.474915	316.616943	169.391541	51.335270	0.000000	0.000000	7.125000	-379.143921	-66.773537
619	404.073975	1462.299316	89.252800	225.987732	0.000000	0.000000	7.125000	-331.157776	-541.993896
620	244.503174	-945.850830	60.654671	-163.072327	0.000000	0.000000	7.125000	-70.980362	375.395081
621	964.427002	413.760529	180.165131	57.089211	0.000000	0.000000	7.125000	-404.344604	-103.828819
622	459.632721	484.521851	119.938232	142.145874	0.000000	0.000000	7.125000	-432.912720	-328.090332
623	1445.224121	-431.934509	204.119019	-60.774464	0.000000	0.000000	7.125000	-527.028931	67.579414
624	177.620316	-773.643127	42.438618	-174.923492	0.000000	0.000000	7.125000	-91.904060	350.473419
625	804.618103	-1090.939697	107.556877	-166.238342	0.000000	0.000000	7.125000	-254.046768	452.514465
626	-308.005707	1354.790649	-34.703533	204.053253	0.000000	0.000000	7.125000	68.793083	-981.974548
627	-501.662292	-666.022827	-150.607071	-142.008575	0.000000	0.000000	7.125000	252.638443	252.884842
628	230.229492	1000.951050	43.902908	186.912415	0.000000	0.000000	7.125000	-77.375870	-302.570923
629	781.946594	746.079346	145.868896	129.411087	0.000000	0.000000	7.125000	-307.945862	-286.458099
630	801.033386	674.051453	186.225739	136.678314	0.000000	0.000000	7.125000	-389.839111	-291.435547
631	-137.662735	896.776001	-19.794437	187.957199	0.000000	0.000000	7.125000	11.760837	-468.264465
632	-204.519348	-583.511780	-90.647110	-172.644638	0.000000	0.000000	7.125000	213.066483	368.592987
633	-943.584900	-876.801697	-160.371918	-178.549973	0.000000	0.000000	7.125000	302.504425	378.626556
634	1033.187378	996.445801	134.649216	136.869095	0.000000	0.000000	7.125000	-492.213470	-451.742401
635	-1232.021606	152.871002	-209.928375	5.477137	0.000000	0.000000	7.125000	473.710724	-17.559309
636	1162.301880	1179.105469	153.233032	143.587708	0.000000	0.000000	7.125000	-422.197449	-375.047791
637	-1034.020264	375.196228	-187.009277	65.011055	0.000000	0.000000	7.125000	387.615295	-72.590561
638	574.786499	-1008.043152	73.148483	-193.629364	0.000000	0.000000	7.125000	-98.383240	325.170319
639	1395.974854	-637.115662	177.457199	-106.568382	0.000000	0.000000	7.125000	-327.305939	190.754089
640	-384.234467	1015.256775	-94.249435	180.918335	0.000000	0.000000	7.125000	181.793350	-312.183899
641	-828.240723	782.755615	-146.566956	182.409775	0.000000	0.000000	7.125000	300.839386	-346.575775
642	697.162598	123.340942	184.890656	51.763332	0.000000	0.000000	7.125000	-304.741821	-88.546989
643	-1159.533813	-512.652405	-187.127090	-81.230515	0.000000	0.000000	7.125000	602.442078	180.471390
644	-131.684952	1358.380249	-61.755203	231.907455	0.000000	0.000000	7.125000	58.944904	-363.972229
645	-1256.197632	-994.096313	-186.372192	-131.308334	0.000000	0.000000	7.125000	466.946564	246.881851
646	180.098877	307.009552	178.840149	77.676231	0.000000	0.000000	7.125000	-179.457840	-91.529182
647	-1045.465088	1035.309692	-138.126816	133.354736	0.000000	0.000000	7.125000	364.908936	-316.629028
648	1013.195679	-766.118958	180.745987	-157.883240	0.000000	0.000000	7.125000	-243.268127	158.621582
649	-933.842896	433.685516	-176.285660	83.355194	0.000000	0.000000	7.125000	348.558594	-176.713226
650	-911.777283	-692.167725	-160.967621	-110.054108	0.000000	0.000000	7.125000	338.157135	190.556625
651	-916.352417	-1323.461304	-133.856720	-180.843536	0.000000	0.000000	7.125000	373.349792	472.186829
652	-1026.939209	-548.095215	-190.718842	-107.627075	0.000000	0.000000	7.125000	446.368683	210.827927
653	821.449219	894.974243	103.740738	165.106613	0.000000	0.000000	7.125000	-259.567413	-342.242767
654	-201.355789	457.241760	-71.307205	142.103119	0.000000	0.000000	7.125000	172.486206	-299.093353
655	-878.147644	655.250061	-130.353897	74.202682	0.000000	0.000000	7.125000	300.876373	-183.631561
656	-282.333923	-514.421936	-61.572205	-178.689270	0.000000	0.000000	7.125000	96.284416	317.585938
657	-64.428391	-946.198914	37.343773	-194.446411	0.000000	0.000000	7.125000	-87.324303	432.246521
658	1073.286743	431.208649	195.064636	77.740646	0.000000	0.000000	7.125000	-1046.010498	-268.703857
659	27.439857	-785.129822	-15.971832	-188.323471	0.000000	0.000000	7.125000	18.880468	319.698242
660	34.862602	-13.091429	83.039230	196.133087	0.000000	0.000000	7.125000	-55.555019	-185.760513
661	33.727787	-1026.537720	-29.153408	-198.873596	0.000000	0.000000	7.125000	62.519329	495.753845
662	-875.370850	28.309784	-179.055252	-18.344898	0.000000	0.000000	7.125000	723.723022	66.036873
663	-792.718994	854.806519	-112.511169	116.554489	0.000000	0.000000	7.125000	303.434021	-291.627991
664	583.564270	-920.990295	158.012878	-172.573059	0.000000	0.000000	7.125000	-215.913925	286.920532
665	204.506134	1267.937744	46.095993	223.288788	0.000000	0.000000	7.125000	-104.103828	-528.488892
666	-110.536201	717.432556	10.048639	191.736725	0.000000	0.000000	7.125000	-10.509692	-281.878448
667	662.236328	454.107117	152.358673	70.779030	0.000000	0.000000	7.125000	-334.535583	-140.257843
668	-1443.927368	318.647461	-218.319107	17.224815	0.000000	0.000000	7.125000	572.334473	-28.038763
669	27.924122	-330.998901	-130.265884	-168.166382	0.000000	0.000000	7.125000	191.933685	92.929054
670	-893.428040	-198.252136	-214.707169	-23.577429	0.000000	0.000000	7.125000	360.615143	38.350574
671	-668.713318	447.877930	-157.192749	74.601807	0.000000	0.000000	7.125000	335.593933	-113.808083
672	706.104065	833.310669	115.204773	134.375183	0.000000	0.000000	7.125000	-253.982727	-316.314758
673	941.926636	300.131714	206.431107	73.122162	0.000000	0.000000	7.125000	-354.821320	-112.564362
674	11.507214	-576.141846	-55.379883	-218.061523	0.000000	0.000000	7.125000	75.530876	365.777649
675	836.154724	1437.475220	128.594955	173.539658	0.000000	0.000000	7.125000	-277.648651	-448.824524
676	1178.976562	-504.808014	190.900772	-113.266510	0.000000	0.000000	7.125000	-812.169128	299.933472
677	-1121.373169	1270.627075	-148.395782	165.108536	0.000000	0.000000	7.125000	369.466522	-433.901947
678	752.954529	-678.906128	140.999725	-167.555969	0.000000	0.000000	7.125000	-225.909775	333.564148
679	1028.198364	-77.745499	184.522507	-23.277473	0.000000	0.000000	7.125000	-410.286194	13.664660
680	-284.302734	-124.755798	-12.550938	-203.577087	0.000000	0.000000	7.125000	9.341538	236.947357
681	-562.736816	-1145.446167	-82.809555	-169.886871	0.000000	0.000000	7.125000	105.539948	310.552795
682	-768.124573	-894.116028	-110.633476	-118.337708	0.000000	0.000000	7.125000	315.454468	311.051147
683	495.074188	-1004.676514	85.388893	-181.916428	0.000000	0.000000	7.125000	-144.694519	469.269958
684	520.280457	-1343.319580	87.581223	-223.441559	0.000000	0.000000	7.125000	-592.892700	1877.307495
685	303.634094	1265.091553	65.450340	212.122299	0.000000	0.000000	7.125000	-191.418579	-404.565399
686	118.550751	823.191223	47.846428	161.035828	0.000000	0.000000	7.125000	-103.354942	-235.992310
687	31.448168	-866.645020	-22.655621	-226.858170	0.000000	0.000000	7.125000	34.827671	284.053925
688	501.729340	-695.774658	110.571350	-199.341461	0.000000	0.000000	7.125000	-132.478699	342.839508
689	1207.370605	-1065.955322	149.638794	-143.025558	0.000000	0.000000	7.125000	-581.698914	652.597717
690	108.463501	998.278564	24.978142	169.146683	0.000000	0.000000	7.125000	-45.264416	-271.712036
691	-1262.219116	-131.020950	-192.402985	-46.718700	0.000000	0.000000	7.125000	500.773804	94.534225
692	-1063.774292	-999.755249	-156.107513	-140.432236	0.000000	0.000000	7.125000	758.879761	541.904602
693	-501.601959	939.323059	-81.795227	167.049301	0.000000	0.000000	7.125000	176.560104	-386.973083
694	-368.135864	-907.304138	-99.512520	-201.791290	0.000000	0.000000	7.125000	193.318192	486.442200
695	-521.457581	993.557556	-99.771576	171.023758	0.000000	0.000000	7.125000	193.779984	-344.125183
696	167.738724	453.538269	192.603409	142.939453	0.000000	0.000000	7.125000	-103.886917	-68.203918
697	938.100891	691.086304	161.946259	108.619339	0.000000	0.000000	7.125000	-414.370697	-266.206177
698	572.638123	118.113754	206.922638	5.258893	0.000000	0.000000	7.125000	-217.121994	-6.476987
699	1124.047607	-436.287781	177.385254	-80.945549	0.000000	0.000000	7.125000	-431.258881	121.156204
700	240.037262	-38.579544	223.528778	-23.240301	0.000000	0.000000	7.125000	-151.485703	96.758659
701	-789.063782	-793.465942	-149.732132	-120.135818	0.000000	0.000000	7.125000	355.626648	132.841995
702	-333.724976	406.936981	-139.929962	122.519745	0.000000	0.000000	7.125000	249.432907	-211.975723
703	297.676880	1308.431763	32.146370	198.409119	0.000000	0.000000	7.125000	-49.544407	-507.933380
704	1328.285034	157.216599	200.578857	12.855757	0.000000	0.000000	7.125000	-488.958862	6.681753
705	-1281.426392	11.567013	-200.845200	-7.864482	0.000000	0.000000	7.125000	516.939087	-8.940726
706	-496.223816	-1262.783569	-74.272270	-202.825928	0.000000	0.000000	7.125000	151.762848	463.928619
707	1326.741699	-32.191238	222.303329	-34.576515	0.000000	0.000000	7.125000	-502.157898	15.540915
708	-812.508545	-903.478699	-139.827942	-144.374466	0.000000	0.000000	7.125000	294.417328	331.075317
709	-446.974670	189.404068	-189.779495	29.115284	0.000000	0.000000	7.125000	323.752289	-8.176851
710	-208.549240	497.173279	-174.828598	121.526642	0.000000	0.000000	7.125000	311.159790	-110.031410
711	-171.397842	1256.779419	-60.587036	201.070038	0.000000	0.000000	7.125000	145.513885	-459.797485
712	-872.589722	-690.340271	-139.919266	-122.549713	0.000000	0.000000	7.125000	352.121857	287.886932
713	440.723419	815.594727	90.588898	162.448532	0.000000	0.000000	7.125000	-188.809158	-272.152069
714	682.164001	16.443310	191.985657	68.963432	0.000000	0.000000	7.125000	-221.788315	-61.082081
715	-1203.625610	-436.207489	-177.053314	-81.681816	0.000000	0.000000	7.125000	431.837402	173.244293
716	-1001.538696	-301.380859	-166.176147	-69.151024	0.000000	0.000000	7.125000	367.003906	96.020973
717	347.820312	-46.696396	93.321251	-194.603149	0.000000	0.000000	7.125000	-59.742699	292.054321
718	1139.856934	-810.069397	149.656052	-115.417984	0.000000	0.000000	7.125000	-487.803192	273.985321
719	-405.847382	1225.137329	-74.949471	199.376373	0.000000	0.000000	7.125000	140.622162	-454.139801
720	489.226074	-459.780304	173.321869	-133.842819	0.000000	0.000000	7.125000	-295.060242	272.155853
721	-326.336243	-1287.042847	-43.291214	-180.888153	0.000000	0.000000	7.125000	91.662010	500.370392
722	-256.973114	-687.152283	-45.412750	-192.709763	0.000000	0.000000	7.125000	70.745346	428.873749
723	-343.179840	267.893555	-89.780510	186.446457	0.000000	0.000000	7.125000	220.845001	-332.160583
724	-15.824360	636.279114	-62.495468	197.293182	0.000000	0.000000	7.125000	152.096970	-277.352692
725	-874.806091	953.334045	-145.944443	129.325958	0.000000	0.000000	7.125000	306.648987	-278.208160
726	-645.754883	186.615662	-184.201599	25.718903	0.000000	0.000000	7.125000	368.038086	-45.134182
727	785.095337	-44.697643	185.833649	-7.808417	0.000000	0.000000	7.125000	-335.185699	12.443933
728	653.814453	-238.824936	224.338776	-66.433159	0.000000	0.000000	7.125000	-427.759277	162.843124
729	-528.093750	-262.244324	-199.530640	-82.704224	0.000000	0.000000	7.125000	288.302948	133.231415
730	-1392.928223	-249.302719	-206.278931	-17.241791	0.000000	0.000000	7.125000	482.157532	15.911812
731	777.704712	-1291.430664	107.289993	-180.523743	0.000000	0.000000	7.125000	-238.338120	322.056366
732	1119.954712	-731.060547	197.055405	-131.599258	0.000000	0.000000	7.125000	-367.520721	160.484787
733	2.929577	680.012085	-29.870625	195.732361	0.000000	0.000000	7.125000	49.449684	-263.829529
734	-62.013416	988.346436	-31.416862	183.327484	0.000000	0.000000	7.125000	217.937531	-1392.055908
735	268.809601	-1148.499023	62.629608	-187.809250	0.000000	0.000000	7.125000	-77.551804	372.784851
736	-807.507507	-1545.406982	-124.352631	-198.200226	0.000000	0.000000	7.125000	251.255096	556.130615
737	-1291.657471	399.417725	-211.822510	66.432037	0.000000	0.000000	7.125000	410.013367	-118.420288
738	-899.731567	345.584473	-202.226746	44.162174	0.000000	0.000000	7.125000	468.835632	-27.072554
739	-671.023132	440.492645	-149.228790	115.958595	0.000000	0.000000	7.125000	224.114960	-168.729507
740	-702.957336	-148.732941	-164.283478	-65.875595	0.000000	0.000000	7.125000	281.303925	115.655930
741	51.617821	698.849060	-21.898729	202.809937	0.000000	0.000000	7.125000	-20.322296	-208.800568
742	1241.720703	-640.921814	175.746506	-103.581314	0.000000	0.000000	7.125000	-352.099548	175.856628
743	-790.640503	503.921417	-157.815140	65.840202	0.000000	0.000000	7.125000	340.255157	-122.764153
744	401.528198	-173.986176	171.768250	-78.782257	0.000000	0.000000	7.125000	-218.630936	123.630249
745	-1269.122070	601.042114	-191.427612	86.343109	0.000000	0.000000	7.125000	465.458069	-207.011810
746	868.278870	498.552032	118.186127	106.355614	0.000000	0.000000	7.125000	-333.033386	-254.093292
747	691.218750	451.376831	189.465210	109.835854	0.000000	0.000000	7.125000	-372.934967	-219.158920
748	-926.594849	-687.464844	-149.330704	-120.673935	0.000000	0.000000	7.125000	109.634720	175.928726
749	-252.565826	197.249695	-152.845093	143.997314	0.000000	0.000000	7.125000	180.131149	-244.786331
750	-1233.794922	-1115.976318	-146.347748	-150.603119	0.000000	0.000000	7.125000	360.500092	420.006195
751	466.963715	-778.678040	116.010773	-152.978302	0.000000	0.000000	7.125000	-212.158295	329.094788
752	-1304.675293	873.732910	-176.742554	124.155632	0.000000	0.000000	7.125000	468.983429	-266.864441
753	1210.909180	-546.844360	185.296341	-110.975342	0.000000	0.000000	7.125000	-273.994202	154.522202
754	-262.482788	-1140.735474	-55.351936	-199.461746	0.000000	0.000000	7.125000	132.324020	462.467499
755	1170.166260	349.975128	166.009995	61.396889	0.000000	0.000000	7.125000	-442.447998	-146.937637
756	37.324104	-74.838326	43.542534	-180.464661	0.000000	0.000000	7.125000	2.043944	179.335693
757	-540.444336	6.356525	-192.577026	-45.989403	0.000000	0.000000	7.125000	314.075562	92.823959
758	643.192932	-156.217911	172.427338	-84.428352	0.000000	0.000000	7.125000	-278.719879	149.872162
759	-1223.542358	-540.257874	-212.136475	-65.436493	0.000000	0.000000	7.125000	514.394226	135.204239
760	726.533936	-523.811218	122.973846	-110.009155	0.000000	0.000000	7.125000	-242.551102	210.471130
761	-1180.459473	483.369965	-179.622726	83.296288	0.000000	0.000000	7.125000	459.120209	-146.571518
762	-1083.123779	774.035217	-150.761993	108.928314	0.000000	0.000000	7.125000	421.539581	-255.136536
763	-266.545990	-884.164490	-106.666428	-208.273621	0.000000	0.000000	7.125000	232.314713	449.516449
764	-1255.370361	593.162842	-181.212189	93.680489	0.000000	0.000000	7.125000	441.561493	-183.584808
765	957.209717	-1250.501099	135.051682	-183.684372	0.000000	0.000000	7.125000	-312.599274	452.007812
766	604.811768	161.735458	187.464264	24.042149	0.000000	0.000000	7.125000	-389.649048	-36.365711
767	-434.766418	1016.125671	-117.793671	170.215790	0.000000	0.000000	7.125000	250.507721	-346.142517
768	-262.029663	-1083.965698	-68.101395	-189.097778	0.000000	0.000000	7.125000	90.499451	341.496887
769	-1253.881714	809.144897	-190.133499	114.592064	0.000000	0.000000	7.125000	485.525818	-255.505890
770	-647.169250	-1202.513062	-104.666550	-175.089798	0.000000	0.000000	7.125000	203.736908	430.556213
771	-146.856201	625.075867	-54.771149	180.882919	0.000000	0.000000	7.125000	112.914597	-296.244110
772	280.867371	641.872131	32.731033	231.652802	0.000000	0.000000	7.125000	-142.953720	-274.460052
773	-928.664124	-670.914612	-145.309723	-125.455116	0.000000	0.000000	7.125000	280.008057	243.955780
774	-1120.153320	-556.440857	-178.555511	-85.545135	0.000000	0.000000	7.125000	567.316101	195.715637
775	455.960571	1379.025513	52.199661	206.504059	0.000000	0.000000	7.125000	-112.066025	-513.965576
776	228.810394	542.850769	30.074492	198.706604	0.000000	0.000000	7.125000	-81.301544	-275.056396
777	503.535095	425.977570	185.666412	98.090195	0.000000	0.000000	7.125000	-159.566788	-118.188133
778	47.642868	-1342.474731	4.652320	-194.943115	0.000000	0.000000	7.125000	-12.920251	564.077454
779	840.102844	328.861572	176.870331	33.400303	0.000000	0.000000	7.125000	-349.818451	-46.398582
780	829.957642	455.387177	183.789490	81.377686	0.000000	0.000000	7.125000	-280.635284	-131.943207
781	532.064270	-49.441116	179.950592	4.111299	0.000000	0.000000	7.125000	-159.980469	-1.383331
782	-785.151672	987.499512	-113.254776	136.023209	0.000000	0.000000	7.125000	330.717010	-407.336761
783	-605.210022	-93.822647	-194.960602	3.070252	0.000000	0.000000	7.125000	230.513641	33.637207
784	-1252.417358	-218.516403	-203.113358	-53.319496	0.000000	0.000000	7.125000	535.905090	130.484146
785	-836.906433	-582.315186	-176.877274	-138.979507	0.000000	0.000000	7.125000	348.643616	217.927002
786	-122.146126	354.238434	-59.477043	198.223190	0.000000	0.000000	7.125000	176.511612	-325.897736
787	-1123.780518	1202.080688	-148.520279	156.835541	0.000000	0.000000	7.125000	422.390472	-434.114136
788	-304.397064	-541.159485	-62.842510	-178.245087	0.000000	0.000000	7.125000	95.549576	344.581177
789	-885.777039	69.241692	-205.653015	23.547239	0.000000	0.000000	7.125000	416.826843	-29.463375
790	273.701447	871.764709	35.606735	191.713745	0.000000	0.000000	7.125000	-33.224930	-322.261383
791	144.246262	-1356.847046	-6.902406	-203.881744	0.000000	0.000000	7.125000	-1.852468	444.931122
792	296.627289	-1065.626831	5.081841	-209.927734	0.000000	0.000000	7.125000	-49.699192	482.835266
793	395.401642	-1100.927490	53.662308	-162.351532	0.000000	0.000000	7.125000	-72.136497	421.239044
794	-984.658875	-364.601105	-199.525208	-24.294342	0.000000	0.000000	7.125000	435.534027	30.180119
795	212.940659	1161.975098	38.155121	209.550156	0.000000	0.000000	7.125000	-58.868568	-444.949097
796	-1313.771362	-593.736572	-168.413025	-109.677078	0.000000	0.000000	7.125000	462.249695	205.463043
797	-346.840454	-621.682617	-68.937088	-179.196411	0.000000	0.000000	7.125000	71.340195	288.785431
798	-976.522461	336.032898	-171.592560	86.139282	0.000000	0.000000	7.125000	376.240570	-192.986084
799	702.687683	-630.017212	125.941238	-182.788589	0.000000	0.000000	7.125000	-200.389282	374.811737
800	-1132.207275	1096.209717	-136.193268	147.823502	0.000000	0.000000	7.125000	324.509277	-389.215302
801	-95.893250	149.438446	136.766418	67.320541	0.000000	0.000000	7.125000	3.460112	109.001060
802	503.334595	-26.931862	203.594681	72.115807	0.000000	0.000000	7.125000	-122.639091	-43.706474
803	76.111862	-947.658386	-3.115864	-173.968216	0.000000	0.000000	7.125000	-70.386375	417.490326
804	965.863525	563.092346	165.891937	108.091522	0.000000	0.000000	7.125000	-380.428986	-256.877045
805	321.215759	-126.467285	108.829468	-154.481842	0.000000	0.000000	7.125000	-109.685410	228.726456
806	130.619614	-1216.045898	11.595736	-221.686920	0.000000	0.000000	7.125000	-72.358612	486.733704
807	-181.176559	-1132.545532	-20.169550	-196.969849	0.000000	0.000000	7.125000	16.421383	278.951355
808	-674.858826	-989.760437	-126.881439	-174.803497	0.000000	0.000000	7.125000	217.283997	332.569672
809	-1427.494019	-212.224716	-210.019867	-62.047909	0.000000	0.000000	7.125000	482.840576	105.372810
810	443.752350	477.358490	90.428688	151.975006	0.000000	0.000000	7.125000	-29.612976	-209.784439
811	-729.228882	705.705078	-178.262283	92.862762	0.000000	0.000000	7.125000	458.502563	-227.265778
812	1013.807617	485.975830	189.836533	74.667892	0.000000	0.000000	7.125000	-301.772125	-39.328564
813	795.322144	1127.573730	113.006180	155.211243	0.000000	0.000000	7.125000	-258.492157	-433.716980
814	-558.895386	347.474091	-210.200836	49.710865	0.000000	0.000000	7.125000	317.117432	-43.457642
815	-721.484680	-136.708603	-180.342285	-65.882843	0.000000	0.000000	7.125000	318.287201	126.493912
816	200.672729	825.865479	20.500713	199.846512	0.000000	0.000000	7.125000	1.139923	-272.664795
817	1270.171631	-783.739685	173.774567	-147.601532	0.000000	0.000000	7.125000	-390.845551	309.397400
818	-652.808960	-71.256386	-173.910950	-73.980583	0.000000	0.000000	7.125000	316.098602	100.588219
819	-556.664734	-1154.747925	-92.436798	-164.842834	0.000000	0.000000	7.125000	197.092453	474.344482
820	-1022.210938	1028.081299	-164.250305	125.970108	0.000000	0.000000	7.125000	411.658722	-270.278503
821	-176.682037	471.470795	-152.136536	126.467957	0.000000	0.000000	7.125000	223.162979	-86.657509
822	812.325989	711.839600	124.847855	103.223892	0.000000	0.000000	7.125000	-365.556549	-238.996460
823	400.821777	-777.543579	51.460007	-166.198654	0.000000	0.000000	7.125000	-74.079849	390.008850
824	1285.235718	362.666992	187.763626	62.820740	0.000000	0.000000	7.125000	-536.441772	-150.163666
825	227.735260	210.712204	-53.699242	158.414978	0.000000	0.000000	7.125000	30.766018	-59.296009
826	-540.567932	773.820007	-127.804535	126.723343	0.000000	0.000000	7.125000	272.854858	-211.459763
827	-783.771362	-910.766541	-104.898079	-131.226288	0.000000	0.000000	7.125000	222.704330	327.702972
828	-346.868469	-1184.319946	-51.119717	-185.069458	0.000000	0.000000	7.125000	102.767662	389.470703
829	-1259.149902	571.816711	-193.392746	73.811005	0.000000	0.000000	7.125000	380.879883	-125.583611
830	201.211914	-868.282043	39.594589	-218.434906	0.000000	0.000000	7.125000	-86.929016	400.800659
831	-1214.154175	-1184.953735	-165.892700	-160.750076	0.000000	0.000000	7.125000	373.055267	357.923279
832	930.505371	1220.104370	131.417053	156.030396	0.000000	0.000000	7.125000	-339.732239	-393.948059
833	-465.741852	-957.209106	-100.188324	-153.123306	0.000000	0.000000	7.125000	199.083008	406.978210
834	-438.949829	75.899956	-181.285950	-41.552307	0.000000	0.000000	7.125000	256.596680	96.054741
835	-1057.557983	-142.958237	-190.984680	-52.234409	0.000000	0.000000	7.125000	413.284821	97.806206
836	-599.960571	-69.269730	-188.293671	16.204784	0.000000	0.000000	7.125000	287.616455	22.754463
837	1479.137085	-648.724243	188.197693	-111.983765	0.000000	0.000000	7.125000	-542.480652	227.331497
838	-300.858734	96.476715	-165.178253	139.181549	0.000000	0.000000	7.125000	212.996033	-140.007172
839	-429.077332	-696.369019	-147.172241	-149.796509	0.000000	0.000000	7.125000	306.223755	253.182449
840	-633.053284	1074.754395	-116.181793	164.015915	0.000000	0.000000	7.125000	252.499146	-321.439789
841	1088.681763	167.951248	184.899490	20.162865	0.000000	0.000000	7.125000	-456.308685	-23.188450
842	92.724884	-1593.478271	32.590618	-246.857513	0.000000	0.000000	7.125000	-76.600754	585.777771
843	483.915619	1229.843262	59.583721	195.104538	0.000000	0.000000	7.125000	-125.037827	-460.679871
844	-1229.474854	308.064453	-174.700546	63.832500	0.000000	0.000000	7.125000	308.184845	-80.050140
845	255.498001	320.210602	124.262344	125.889557	0.000000	0.000000	7.125000	-79.810318	-146.420883
846	1095.673218	479.709167	173.771667	66.298775	0.000000	0.000000	7.125000	-384.282440	-117.513153
847	413.915710	1032.524536	117.877533	184.564453	0.000000	0.000000	7.125000	-357.029755	-433.894867
848	336.450317	1161.255493	45.867214	201.854385	0.000000	0.000000	7.125000	-99.392281	-494.678741
849	984.628906	1184.398560	128.804077	154.303268	0.000000	0.000000	7.125000	-279.901154	-374.166260
850	-580.007019	1509.325195	-69.095230	214.128021	0.000000	0.000000	7.125000	154.960007	-634.032837
851	-473.276642	345.371429	-154.185684	109.290787	0.000000	0.000000	7.125000	192.984360	-109.426239
852	-197.721985	-638.842590	-9.347363	-197.773529	0.000000	0.000000	7.125000	51.913540	330.415680
853	874.710449	975.315186	138.143997	146.003876	0.000000	0.000000	7.125000	-344.004364	-371.098572
854	1322.481812	-985.128601	179.895050	-140.075577	0.000000	0.000000	7.125000	-445.069550	303.630005
855	-903.971741	-691.671692	-134.709961	-132.566406	0.000000	0.000000	7.125000	190.874573	171.704773
856	1235.838501	-977.671326	155.224365	-136.925583	0.000000	0.000000	7.125000	-419.096588	332.250793
857	813.383667	15.857681	198.387848	47.403046	0.000000	0.000000	7.125000	-431.005493	-44.688705
858	-1221.273926	-479.110443	-213.896240	-69.790848	0.000000	0.000000	7.125000	604.194824	175.316269
859	58.273918	-1226.539795	-8.543833	-224.831421	0.000000	0.000000	7.125000	-8.900071	479.073151
860	-1168.965698	-882.267578	-141.538727	-125.240051	0.000000	0.000000	7.125000	243.770477	264.618134
861	684.875916	1028.585449	83.063187	159.685791	0.000000	0.000000	7.125000	-173.492279	-398.307922
862	525.349854	-119.065277	143.903580	-80.714172	0.000000	0.000000	7.125000	-441.768433	234.220428
863	472.430115	-519.032288	132.315109	-147.215820	0.000000	0.000000	7.125000	-132.785828	154.618286
864	-511.412598	-178.019363	-146.979568	-1.696814	0.000000	0.000000	7.125000	281.311188	32.738552
865	-738.963928	367.647583	-198.608475	76.951599	0.000000	0.000000	7.125000	271.389496	-107.951447
866	80.651443	124.083084	-145.514542	146.111023	0.000000	0.000000	7.125000	128.330521	-18.641764
867	-612.368164	1283.083252	-100.788284	187.629471	0.000000	0.000000	7.125000	175.261063	-386.921661
868	883.832397	-1111.687988	132.543030	-162.886734	0.000000	0.000000	7.125000	-305.416901	385.277496
869	944.024597	787.143555	150.486755	119.238045	0.000000	0.000000	7.125000	-340.114319	-263.739838
870	-571.686768	-978.127563	-70.517815	-145.831268	0.000000	0.000000	7.125000	233.802597	668.811462
871	1522.865967	-939.085510	220.262482	-115.999817	0.000000	0.000000	7.125000	-500.776550	186.822052
872	-1109.319580	431.626160	-164.515289	65.293465	0.000000	0.000000	7.125000	756.664429	-255.105087
873	958.005432	-860.925964	134.571274	-157.271866	0.000000	0.000000	7.125000	-219.598404	276.833771
874	-1180.516235	-544.370300	-176.630386	-75.222427	0.000000	0.000000	7.125000	513.043274	124.956932
875	-698.621094	-1226.750122	-97.122932	-182.781403	0.000000	0.000000	7.125000	162.250198	440.401306
876	-280.597626	1450.705200	-51.125648	203.677582	0.000000	0.000000	7.125000	12.690205	-615.353577
877	1196.918213	-942.979736	155.562851	-127.276779	0.000000	0.000000	7.125000	-487.460114	313.394806
878	-378.044769	431.471893	-157.239563	134.555573	0.000000	0.000000	7.125000	197.353516	-127.527748
879	-370.287811	200.557770	-110.709518	145.707947	0.000000	0.000000	7.125000	123.296951	-162.666733
880	-1217.532715	407.986969	-194.947876	78.062813	0.000000	0.000000	7.125000	347.240448	-159.380051
881	-851.377441	299.479462	-186.176300	67.379196	0.000000	0.000000	7.125000	258.808167	-37.559269
882	-980.146606	-289.719727	-213.973801	-29.514149	0.000000	0.000000	7.125000	406.964417	46.939774
883	238.176727	-1162.618042	25.128582	-175.206955	0.000000	0.000000	7.125000	-93.641571	526.851196
884	47.352558	-420.057465	64.150223	-209.172302	0.000000	0.000000	7.125000	2.851745	268.377594
885	945.595947	878.221375	140.239532	152.255661	0.000000	0.000000	7.125000	-283.803955	-332.996613
886	-231.109085	600.568542	-64.806076	135.265900	0.000000	0.000000	7.125000	180.954163	-312.705902
887	-1387.862549	-197.474228	-221.013672	-20.902309	0.000000	0.000000	7.125000	551.888367	47.185917
888	-393.554077	1253.226562	-57.443787	208.187500	0.000000	0.000000	7.125000	122.033028	-703.417480
889	342.631805	-261.034515	166.477585	-127.433121	0.000000	0.000000	7.125000	-165.637848	237.126160
890	-851.901550	1044.038086	-131.176544	140.202011	0.000000	0.000000	7.125000	326.847534	-339.080627
891	86.880119	152.684448	25.256672	235.595886	0.000000	0.000000	7.125000	-63.911793	-130.530167
892	1189.014160	-68.841270	206.745758	-10.211367	0.000000	0.000000	7.125000	-477.672638	4.547988
893	157.466873	-724.718079	73.312592	-167.634079	0.000000	0.000000	7.125000	-95.935181	349.173676
894	-1028.395752	-1259.032471	-144.455566	-164.599991	0.000000	0.000000	7.125000	370.562866	399.297180
895	870.993896	-593.823486	141.636292	-115.874397	0.000000	0.000000	7.125000	-257.820282	174.940720
896	465.196259	-1631.935425	90.646545	-222.204681	0.000000	0.000000	7.125000	-188.717224	222.354736
897	952.927307	1171.172119	146.342743	158.870224	0.000000	0.000000	7.125000	-336.081787	-371.201355
898	-279.977448	-191.053940	-48.880882	-179.313446	0.000000	0.000000	7.125000	5.787605	112.729958
899	864.475708	-1015.783569	109.375542	-135.320953	0.000000	0.000000	7.125000	-292.424835	427.403748
900	1013.909058	556.115173	186.696182	102.534660	0.000000	0.000000	7.125000	-452.651306	-254.443314
901	905.884216	-955.767273	166.212769	-160.392975	0.000000	0.000000	7.125000	-353.825073	362.248047
902	-309.541168	1275.983887	-70.004005	216.982452	0.000000	0.000000	7.125000	138.331543	-488.488007
903	632.877991	773.494995	107.087746	177.143997	0.000000	0.000000	7.125000	-215.347336	-276.204468
904	769.473083	-752.148071	150.010773	-159.554413	0.000000	0.000000	7.125000	-197.269226	201.719559
905	-737.386902	948.609924	-120.926102	160.552567	0.000000	0.000000	7.125000	273.135864	-397.570190
906	-796.406677	439.884827	-139.634247	82.133331	0.000000	0.000000	7.125000	358.555664	-202.704102
907	-310.786804	1386.673218	-35.820896	203.872406	0.000000	0.000000	7.125000	34.177677	-325.316010
908	-675.826355	-1268.186768	-109.194443	-165.157654	0.000000	0.000000	7.125000	203.405228	419.566193
909	-1069.291504	-442.109619	-178.913010	-104.111084	0.000000	0.000000	7.125000	491.231873	213.791809
910	-816.357178	1186.462524	-118.144119	147.519043	0.000000	0.000000	7.125000	291.253754	-407.152954
911	117.243622	867.062378	33.164036	179.962830	0.000000	0.000000	7.125000	-39.984116	-298.477753
912	1411.871826	-200.590851	195.324600	-32.375885	0.000000	0.000000	7.125000	-516.066772	26.951262
913	565.125366	50.228035	216.434326	-33.201015	0.000000	0.000000	7.125000	-207.774048	78.446114
914	1060.758423	232.039215	200.135925	52.782822	0.000000	0.000000	7.125000	-476.634644	-69.588470
915	16.223877	334.320923	-14.931431	191.391037	0.000000	0.000000	7.125000	-39.826550	-223.689117
916	-946.864990	-475.265106	-171.718994	-149.988251	0.000000	0.000000	7.125000	330.429810	260.631866
917	899.803467	375.422943	174.656876	72.208847	0.000000	0.000000	7.125000	-195.774704	-72.660240
918	-925.065308	-106.737381	-206.455429	14.958750	0.000000	0.000000	7.125000	439.759644	-63.154503
919	45.995777	968.965515	-32.602379	189.197571	0.000000	0.000000	7.125000	35.202950	-424.187164
920	869.245605	392.495453	160.976471	80.539261	0.000000	0.000000	7.125000	-325.673584	-172.993088
921	667.423035	1167.699951	98.546188	175.169281	0.000000	0.000000	7.125000	-184.102798	-440.519684
922	-103.666504	-838.362915	-70.725655	-172.025162	0.000000	0.000000	7.125000	135.456970	247.275711
923	1118.899780	194.424377	184.176270	25.920410	0.000000	0.000000	7.125000	-439.502686	-31.047096
924	-740.105347	-862.543701	-95.339378	-138.320877	0.000000	0.000000	7.125000	200.673294	362.018097
925	1090.091431	-477.045532	192.569305	-91.007057	0.000000	0.000000	7.125000	-447.148804	153.651505
926	-1116.957764	-124.819443	-175.017151	-26.417011	0.000000	0.000000	7.125000	471.837128	51.595200
927	-944.147217	-932.885986	-124.598930	-146.078125	0.000000	0.000000	7.125000	356.346832	388.271515
928	1070.364502	729.781006	135.626846	127.283127	0.000000	0.000000	7.125000	-345.231720	-312.166626
929	207.154938	619.085938	52.124107	206.447281	0.000000	0.000000	7.125000	-115.134758	-273.972992
930	-316.604706	-1072.369629	-27.215199	-165.777710	0.000000	0.000000	7.125000	49.601784	490.783386
931	-409.332855	629.287903	-135.657593	140.075684	0.000000	0.000000	7.125000	296.172424	-280.670959
932	-487.231445	-920.283875	-90.742065	-162.363205	0.000000	0.000000	7.125000	167.931793	349.124420
933	-454.190979	-39.939404	-197.797516	-35.713432	0.000000	0.000000	7.125000	230.890915	71.980263
934	558.431946	731.619995	115.634773	153.269073	0.000000	0.000000	7.125000	-146.992737	-168.157852
935	-312.239044	-34.751839	-185.649261	-10.022052	0.000000	0.000000	7.125000	553.766296	132.040894
936	-316.533386	-1152.064087	-40.332119	-190.783234	0.000000	0.000000	7.125000	196.751038	850.510742
937	6.462261	632.246948	-56.380798	196.053070	0.000000	0.000000	7.125000	119.768318	-346.224487
938	-841.903259	-494.089874	-158.275711	-103.275024	0.000000	0.000000	7.125000	298.477112	165.553589
939	-506.496216	-158.344757	-203.352783	-63.170532	0.000000	0.000000	7.125000	230.656982	93.811241
940	-75.042107	-835.360352	-55.929802	-189.936249	0.000000	0.000000	7.125000	70.299927	389.634521
941	997.533386	-29.690926	209.385132	-15.992329	0.000000	0.000000	7.125000	-382.859314	42.241268
942	716.756226	1216.681274	70.418343	197.840515	0.000000	0.000000	7.125000	-172.888626	-445.142914
943	251.518112	-289.217499	209.679688	-77.229553	0.000000	0.000000	7.125000	-89.217987	178.719345
944	598.083374	-1032.679199	89.656830	-159.532028	0.000000	0.000000	7.125000	-182.668350	386.170441
945	-883.486938	-827.995178	-130.108231	-137.086945	0.000000	0.000000	7.125000	439.030792	515.780579
946	-944.994995	27.486034	-164.981934	-2.426687	0.000000	0.000000	7.125000	320.755768	-8.147561
947	1047.270386	-162.484482	188.883987	-34.402088	0.000000	0.000000	7.125000	-433.131683	34.196579
948	308.121948	-837.910278	80.401688	-157.674744	0.000000	0.000000	7.125000	-138.033005	200.015717
949	1219.970215	-209.496887	193.362778	-54.750717	0.000000	0.000000	7.125000	-501.709259	36.310684
950	1240.719482	-727.828857	181.981537	-104.785851	0.000000	0.000000	7.125000	-1111.904907	481.238495
951	1087.934937	-299.971069	173.116501	-67.906219	0.000000	0.000000	7.125000	-481.498596	94.206673
952	-506.852325	-453.123505	-136.128082	-163.820099	0.000000	0.000000	7.125000	196.172363	195.405777
953	-991.603455	234.313385	-162.108536	30.715059	0.000000	0.000000	7.125000	375.135468	-42.334812
954	321.514465	44.317207	174.624710	-71.850945	0.000000	0.000000	7.125000	-168.330688	174.089462
955	-914.018188	-862.892700	-117.837540	-115.495941	0.000000	0.000000	7.125000	370.190521	367.333038
956	601.213440	870.333618	91.390900	168.850952	0.000000	0.000000	7.125000	-173.452789	-320.360870
957	-113.843689	-572.995850	21.032398	-190.828339	0.000000	0.000000	7.125000	-51.355614	380.236450
958	531.376160	-1229.120850	88.773651	-193.585266	0.000000	0.000000	7.125000	-211.652679	626.697815
959	707.370483	-192.924911	155.936722	-31.038027	0.000000	0.000000	7.125000	-343.539368	27.944878
960	-1019.580200	1449.752563	-144.704773	198.927643	0.000000	0.000000	7.125000	304.597870	-518.802124
961	346.021088	-636.784180	72.416443	-190.691437	0.000000	0.000000	7.125000	-98.497894	353.475281
962	-80.619904	-471.207886	-94.542877	-167.045898	0.000000	0.000000	7.125000	127.965927	185.567398
963	411.555084	-933.853882	86.967117	-157.583328	0.000000	0.000000	7.125000	-133.082718	353.378906
964	108.775589	392.150269	111.324951	141.400223	0.000000	0.000000	7.125000	-115.336258	-214.323380
965	-17.475716	25.717463	104.101700	158.307663	0.000000	0.000000	7.125000	-64.041389	1.396483
966	874.678955	-360.302094	186.456848	-57.002140	0.000000	0.000000	7.125000	-440.268341	57.440678
967	981.979065	-737.453125	155.149216	-127.787338	0.000000	0.000000	7.125000	-380.814362	292.071472
968	419.918671	1469.944580	70.734039	197.725555	0.000000	0.000000	7.125000	-168.686676	-517.502014
969	550.109497	-668.182861	168.720291	-125.032959	0.000000	0.000000	7.125000	-374.462372	257.708435
970	-342.861847	900.753418	-36.486256	209.851746	0.000000	0.000000	7.125000	33.928387	-269.777588
971	-494.352539	-1124.524902	-75.714592	-186.190903	0.000000	0.000000	7.125000	140.638596	383.393311
972	284.883545	1102.942993	55.245766	205.710251	0.000000	0.000000	7.125000	-81.395706	-317.075409
973	-203.625259	-580.224670	-67.329010	-170.162415	0.000000	0.000000	7.125000	85.508675	255.138687
974	1206.548950	-579.438843	165.573639	-108.577087	0.000000	0.000000	7.125000	-432.014771	241.402435
975	792.410278	-1271.056274	114.582214	-200.571671	0.000000	0.000000	7.125000	-226.048355	477.182434
976	-664.737549	-450.337585	-171.013885	-87.227219	0.000000	0.000000	7.125000	268.158569	113.380722
977	-378.192505	510.466583	-168.235657	166.927704	0.000000	0.000000	7.125000	197.108398	-234.005417
978	680.557190	-1117.312012	94.963257	-163.408096	0.000000	0.000000	7.125000	-208.799011	490.501617
979	892.167419	-520.387878	193.083649	-103.341560	0.000000	0.000000	7.125000	-289.999207	166.438553
980	537.408386	-612.518982	106.713531	-133.579102	0.000000	0.000000	7.125000	-132.517685	240.895523
981	919.377441	7.598542	170.460358	13.442152	0.000000	0.000000	7.125000	-441.669128	17.822105
982	717.910278	721.552124	127.910583	177.722977	0.000000	0.000000	7.125000	-526.230164	-570.982361
983	739.818237	-417.729523	167.937317	-110.437187	0.000000	0.000000	7.125000	-359.846252	223.899887
984	889.426025	-138.742355	209.935318	-5.084634	0.000000	0.000000	7.125000	-405.073517	-6.688475
985	430.642883	-1115.887939	93.272209	-188.132660	0.000000	0.000000	7.125000	-131.568832	359.350494
986	-298.523254	1089.491211	-66.604698	160.739594	0.000000	0.000000	7.125000	140.702682	-459.488495
987	-432.943329	1006.125000	-84.411270	169.102325	0.000000	0.000000	7.125000	175.110580	-377.218475
988	911.860413	541.407227	147.112518	92.913544	0.000000	0.000000	7.125000	-404.277069	-222.441071
989	-649.481506	769.584900	-127.586746	118.304642	0.000000	0.000000	7.125000	299.927979	-266.461182
990	1141.080200	963.417664	137.545074	133.959534	0.000000	0.000000	7.125000	-326.978271	-300.190948
991	1122.221436	-1021.397034	149.862823	-151.360931	0.000000	0.000000	7.125000	-327.986481	353.194122
992	-756.468140	-852.261841	-140.749039	-175.510040	0.000000	0.000000	7.125000	163.686371	246.385818
993	752.406860	-1231.631348	99.708084	-174.516815	0.000000	0.000000	7.125000	-209.610870	462.515808
994	-597.010559	-17.194849	-189.576828	45.625572	0.000000	0.000000	7.125000	326.803558	-23.791769
995	-262.811584	1188.630859	-50.057228	182.250473	0.000000	0.000000	7.125000	138.319183	-648.806702
996	858.783447	-567.962769	159.215714	-112.584785	0.000000	0.000000	7.125000	-355.091888	244.759064
997	102.478157	17.012287	-146.375504	135.363403	0.000000	0.000000	7.125000	70.068130	-3.442131
998	-1281.036865	-620.926941	-164.311966	-93.335342	0.000000	0.000000	7.125000	557.684204	222.390305
999	1085.380127	719.579773	162.445282	107.871658	0.000000	0.000000	7.125000	-398.544891	-238.880981
