node	a_force.x	a_force.y	g_force.x	g_force.y	r_force.x	r_force.y	global_speed	move_node.x	move_node.y
0	-834.268127	431.135559	-123.921112	73.344681	0.000000	0.000000	3.750000	1039.406738	-452.609375
1	844.160400	334.602783	109.436058	77.328362	0.000000	0.000000	3.750000	-1192.649658	-639.103516
2	-168.123413	29.871086	-122.360397	49.507488	0.000000	0.000000	3.750000	168.320023	-127.742416
3	-283.935181	-116.728317	-123.353836	-25.669365	0.000000	0.000000	3.750000	379.986969	-29.343166
4	103.549057	-53.177544	-117.642853	-89.069504	0.000000	0.000000	3.750000	8.779943	-188.446457
5	-857.242065	-10.118469	-139.753632	8.298423	0.000000	0.000000	3.750000	1187.778198	31.494072
6	519.599426	357.007263	107.802002	89.323708	0.000000	0.000000	3.750000	-727.751648	-601.974792
7	211.618652	-381.377075	56.333927	-119.374847	0.000000	0.000000	3.750000	-234.650635	368.266174
8	858.481689	-49.374401	142.787552	-18.646742	0.000000	0.000000	3.750000	-823.951843	72.311226
9	415.249023	-576.616211	62.365059	-127.571701	0.000000	0.000000	3.750000	-263.305145	453.320618
10	-648.654175	-691.016785	-92.528023	-82.549149	0.000000	0.000000	3.750000	432.563293	305.080353
11	-781.050049	-754.360474	-100.980331	-96.968918	0.000000	0.000000	3.750000	826.586487	800.133728
12	21.478584	378.947266	-19.647038	114.324028	0.000000	0.000000	3.750000	172.368591	-1253.923950
13	-936.325012	154.951508	-143.595612	35.837173	0.000000	0.000000	3.750000	1174.093262	-300.905396
14	-146.471832	821.690430	-33.432781	131.826324	0.000000	0.000000	3.750000	173.404266	-1148.987427
15	-918.389404	-142.322479	-151.188217	-15.680841	0.000000	0.000000	3.750000	1236.728271	-58.010777
16	466.233948	699.923340	51.804005	112.659424	0.000000	0.000000	3.750000	-244.523773	-1210.495605
17	-327.877228	-814.565674	-60.179810	-103.818588	0.000000	0.000000	3.750000	411.490387	1092.266602
18	141.554321	1.112702	3.371876	147.958008	0.000000	0.000000	3.750000	-35.360565	-296.432526
19	60.398201	799.546936	-2.266703	125.979614	0.000000	0.000000	3.750000	35.333012	-1240.952148
20	-961.222778	54.576405	-157.118744	16.664188	0.000000	0.000000	3.750000	1191.847534	-112.311890
21	115.332115	499.288452	8.780718	141.727936	0.000000	0.000000	3.750000	-35.852425	-483.899689
22	-389.923584	-836.579102	-72.508972	-112.686676	0.000000	0.000000	3.750000	362.109772	845.261658
23	-580.703430	-757.534790	-87.261650	-90.892273	0.000000	0.000000	3.750000	758.676575	762.866699
24	241.429123	355.499359	44.860695	141.037292	0.000000	0.000000	3.750000	-188.678787	-632.828430
25	-202.493958	251.198822	-128.721619	88.111008	0.000000	0.000000	3.750000	340.689880	-479.755676
26	699.213745	-190.284225	127.687065	-46.815155	0.000000	0.000000	3.750000	-724.812256	127.104858
27	504.802795	-814.907959	82.716583	-139.290863	0.000000	0.000000	3.750000	-358.020660	646.901001
28	-412.116150	467.558105	-105.138351	72.978943	0.000000	0.000000	3.750000	111.966141	-123.972343
29	648.911987	69.275398	118.969566	34.960171	0.000000	0.000000	3.750000	-908.364380	-347.368713
30	353.723022	692.639160	47.848877	135.817337	0.000000	0.000000	3.750000	-207.905594	-1028.404053
31	-850.976440	-412.101135	-148.614944	-53.642838	0.000000	0.000000	3.750000	777.502625	155.066330
32	732.718872	-443.067871	116.129181	-81.717758	0.000000	0.000000	3.750000	-880.276001	423.153717
33	-110.681137	-460.588196	-97.342499	-134.461029	0.000000	0.000000	3.750000	339.696716	300.523468
34	622.198547	545.835266	83.524750	94.337753	0.000000	0.000000	3.750000	-645.507202	-733.963684
35	-302.876312	577.857849	-62.224297	111.857246	0.000000	0.000000	3.750000	342.500458	-860.825073
36	-78.386978	683.928223	-41.264679	146.291489	0.000000	0.000000	3.750000	340.326721	-1036.835938
37	312.168640	175.683563	79.686653	112.666321	0.000000	0.000000	3.750000	-236.522614	-491.402588
38	849.196350	345.484619	116.932884	52.064346	0.000000	0.000000	3.750000	-896.105591	-433.972931
39	546.196411	-87.661545	133.539551	-11.098179	0.000000	0.000000	3.750000	-452.251312	-4.264968
40	-99.006065	-789.712158	-35.774261	-122.899109	0.000000	0.000000	3.750000	219.325546	1055.842896
41	-790.190796	-759.594238	-118.849777	-101.048164	0.000000	0.000000	3.750000	779.231079	657.730652
42	2.645548	702.654053	-21.502758	144.407516	0.000000	0.000000	3.750000	34.814404	-752.028870
43	-284.412048	368.303406	-88.866501	115.826073	0.000000	0.000000	3.750000	99.736404	-296.751160
44	-14.521225	-423.907837	-21.181549	-114.049522	0.000000	0.000000	3.750000	73.405617	736.768127
45	-350.305359	-780.594421	-67.258499	-125.060356	0.000000	0.000000	3.750000	391.969025	1190.629517
46	-803.043335	-427.277069	-136.307144	-57.655945	0.000000	0.000000	3.750000	1001.619751	257.124481
47	-146.627182	739.633911	-26.268702	125.275406	0.000000	0.000000	3.750000	144.096985	-1009.589355
48	370.145203	465.868958	42.933018	124.822601	0.000000	0.000000	3.750000	-194.460098	-795.002380
49	-431.299011	-233.260818	-142.181641	-41.088409	0.000000	0.000000	3.750000	595.763245	95.370018
50	533.501587	19.583738	142.545364	20.349211	0.000000	0.000000	3.750000	-743.709229	-437.873535
51	-305.142548	-886.837402	-65.100204	-123.942810	0.000000	0.000000	3.750000	381.581390	1100.362427
52	-240.446884	719.609314	-53.232689	125.148796	0.000000	0.000000	3.750000	308.132080	-964.462708
53	585.783264	-597.028076	97.914925	-113.633095	0.000000	0.000000	3.750000	-317.468353	418.145172
54	287.492493	-298.630371	92.000389	-123.487373	0.000000	0.000000	3.750000	-107.228172	59.596741
55	550.495605	676.405823	64.279037	112.996407	0.000000	0.000000	3.750000	-420.759125	-862.166138
56	211.907013	639.780701	-7.311296	139.807800	0.000000	0.000000	3.750000	-279.106323	-1943.232056
57	-753.365173	877.234802	-107.470299	113.075615	0.000000	0.000000	3.750000	946.311646	-1175.010376
58	183.533051	-202.711746	111.616211	-77.536835	0.000000	0.000000	3.750000	-93.069191	-23.418432
59	326.200043	-937.195496	31.984325	-132.184616	0.000000	0.000000	3.750000	-60.161228	1072.586670
60	377.618774	664.257690	41.979134	116.677841	0.000000	0.000000	3.750000	-251.181412	-886.741943
61	-747.393188	385.051941	-122.228180	68.266121	0.000000	0.000000	3.750000	894.051086	-470.456543
62	-349.794739	158.130997	-135.719330	8.729921	0.000000	0.000000	3.750000	673.456848	-99.904518
63	506.009735	710.395874	58.783150	150.958420	0.000000	0.000000	3.750000	-229.139557	-579.297607
64	-375.048615	642.451477	-67.167351	113.633179	0.000000	0.000000	3.750000	410.908417	-851.232483
65	-524.092773	902.527344	-77.982635	128.134018	0.000000	0.000000	3.750000	392.434204	-1230.316895
66	-488.487732	28.369381	-157.714432	-9.371204	0.000000	0.000000	3.750000	307.017792	-78.170830
67	745.629456	427.575989	111.981987	43.127808	0.000000	0.000000	3.750000	-1137.770142	-323.418518
68	-126.649330	328.812195	-66.011780	97.806412	0.000000	0.000000	3.750000	225.840347	-545.276855
69	825.010376	772.080933	107.456917	98.838303	0.000000	0.000000	3.750000	-926.755859	-830.633362
70	-637.519409	378.870605	-121.501678	65.431946	0.000000	0.000000	3.750000	812.860718	-428.094086
71	794.444946	256.691956	157.406189	46.035278	0.000000	0.000000	3.750000	-1010.134827	-350.121521
72	109.256371	895.623901	11.102471	147.582855	0.000000	0.000000	3.750000	-16.838921	-1209.125000
73	350.296265	-867.408325	16.551434	-139.018127	0.000000	0.000000	3.750000	-86.774521	1022.540161
74	-175.867706	-714.138428	-51.908970	-136.460007	0.000000	0.000000	3.750000	210.375641	915.559509
75	-562.961914	-893.216919	-84.734581	-113.946548	0.000000	0.000000	3.750000	486.415619	1066.108887
76	-701.309204	-426.834595	-110.545197	-64.524475	0.000000	0.000000	3.750000	982.058350	252.935806
77	582.346924	-451.813995	93.460220	-93.214539	0.000000	0.000000	3.750000	-617.766113	435.054718
78	655.095703	-233.932556	111.384644	-63.064629	0.000000	0.000000	3.750000	-759.567566	256.255096
79	-606.356812	-711.703491	-85.941849	-89.386795	0.000000	0.000000	3.750000	696.537659	726.649231
80	-565.454834	-486.986511	-121.622437	-77.094589	0.000000	0.000000	3.750000	911.569092	318.520782
81	-913.368591	17.845037	-131.594208	10.342180	0.000000	0.000000	3.750000	1147.367310	-51.005470
82	563.623474	-876.201477	68.182465	-117.673645	0.000000	0.000000	3.750000	-480.116394	1116.479126
83	-353.899933	-675.655396	-89.620796	-117.778717	0.000000	0.000000	3.750000	470.465698	940.337952
84	467.435791	-736.034546	74.045685	-111.683647	0.000000	0.000000	3.750000	-434.894104	640.796204
85	-751.807190	593.036072	-112.677238	86.416153	0.000000	0.000000	3.750000	764.370972	-724.584473
86	838.217590	768.946045	105.530365	114.886383	0.000000	0.000000	3.750000	-395.098511	-623.413818
87	0.936033	-209.412033	-83.975494	-85.714630	0.000000	0.000000	3.750000	194.147125	112.210434
88	824.990601	970.743896	101.489449	136.381073	0.000000	0.000000	3.750000	-733.410950	-1202.729980
89	296.939972	-479.829102	19.075573	-134.655579	0.000000	0.000000	3.750000	-83.879768	592.307861
90	-642.057007	232.280563	-111.765976	53.706268	0.000000	0.000000	3.750000	733.102966	-326.251251
91	-471.856232	-739.029724	-102.395462	-120.329414	0.000000	0.000000	3.750000	363.551605	452.858917
92	753.511353	805.782288	92.771500	107.505386	0.000000	0.000000	3.750000	-695.423157	-985.932556
93	-47.259529	300.081665	-32.743950	127.873489	0.000000	0.000000	3.750000	89.644119	-560.075684
94	-345.686523	-37.230709	-141.221161	28.056581	0.000000	0.000000	3.750000	173.494522	-129.400604
95	543.454712	179.546707	135.636322	9.921537	0.000000	0.000000	3.750000	-484.539368	-108.495438
96	759.601562	323.375275	117.645813	79.520203	0.000000	0.000000	3.750000	-800.975281	-557.006592
97	-730.510864	256.208862	-131.228333	35.708824	0.000000	0.000000	3.750000	987.000549	-286.944733
98	536.148254	-364.437500	93.643623	-87.260216	0.000000	0.000000	3.750000	-658.468933	353.681152
99	651.427490	-210.820450	128.130951	-31.720470	0.000000	0.000000	3.750000	-652.043335	56.645538
100	11.839792	743.341919	-10.853360	159.631378	0.000000	0.000000	3.750000	14.108225	-539.931213
101	-340.828186	-181.837845	-122.221916	-64.067596	0.000000	0.000000	3.750000	692.197083	91.830757
102	569.807556	263.559998	96.752136	67.550148	0.000000	0.000000	3.750000	-508.033112	-354.227173
103	672.264160	215.730103	123.561646	51.850876	0.000000	0.000000	3.750000	-743.855103	-346.797913
104	629.651245	-524.567444	123.233658	-119.974747	0.000000	0.000000	3.750000	-658.347473	192.894913
105	689.654053	532.156738	98.354767	85.007874	0.000000	0.000000	3.750000	-649.683533	-547.512146
106	-801.894104	-632.720825	-105.987175	-88.378128	0.000000	0.000000	3.750000	1263.134888	882.360535
107	851.826904	739.125977	108.577667	91.514389	0.000000	0.000000	3.750000	-974.145386	-766.056702
108	-855.300415	97.035393	-145.245438	-14.821141	0.000000	0.000000	3.750000	1257.639282	-11.065285
109	319.744080	-176.429031	93.276901	-117.446198	0.000000	0.000000	3.750000	-363.257446	143.870560
110	951.621399	-331.376007	131.886002	-52.629837	0.000000	0.000000	3.750000	-1105.850220	242.750977
111	544.135315	508.021790	94.580765	73.854446	0.000000	0.000000	3.750000	-852.786682	-679.357483
112	-714.907593	843.302124	-101.587090	99.217239	0.000000	0.000000	3.750000	873.322632	-807.525879
113	-190.402237	531.614136	-36.751095	151.609192	0.000000	0.000000	3.750000	73.311478	-512.257751
114	-351.230774	-561.370911	-97.164314	-111.638199	0.000000	0.000000	3.750000	336.792419	398.204376
115	-503.564209	325.369263	-99.013901	71.275269	0.000000	0.000000	3.750000	558.312195	-514.244080
116	-877.643677	-163.715103	-148.850159	-18.537052	0.000000	0.000000	3.750000	1198.888672	98.628006
117	-683.740051	577.362549	-107.447632	86.595413	0.000000	0.000000	3.750000	559.335876	-697.162048
118	-671.125610	755.030151	-102.080933	109.905983	0.000000	0.000000	3.750000	597.826294	-902.370483
119	-220.428635	614.248718	-25.122421	145.851547	0.000000	0.000000	3.750000	66.897980	-920.338196
120	-377.721313	-371.750275	-103.050377	-75.923172	0.000000	0.000000	3.750000	874.824890	387.074493
121	296.830170	-574.035095	47.155113	-121.145943	0.000000	0.000000	3.750000	-275.463348	572.667725
122	-146.378555	180.747421	-111.845673	102.895836	0.000000	0.000000	3.750000	78.880188	-270.152069
123	-547.787842	-124.005981	-142.685104	-19.415428	0.000000	0.000000	3.750000	825.080261	113.143768
124	-676.739563	417.074493	-116.120697	62.768707	0.000000	0.000000	3.750000	949.174927	-384.818787
125	705.215454	-858.143005	86.086502	-115.434402	0.000000	0.000000	3.750000	-616.898132	921.647095
126	-690.177734	521.981384	-108.463028	60.097713	0.000000	0.000000	3.750000	912.643311	-402.448792
127	646.122925	-704.873413	87.306305	-104.276596	0.000000	0.000000	3.750000	-633.319153	793.028137
128	548.656677	-407.485626	108.156891	-103.930145	0.000000	0.000000	3.750000	-727.097534	431.864655
129	436.107117	989.318298	87.072372	122.140350	0.000000	0.000000	3.750000	-589.430115	-1171.069702
130	64.479095	-855.137817	1.115837	-137.995483	0.000000	0.000000	3.750000	-33.374786	1169.528076
131	451.478149	217.792236	150.767670	47.254639	0.000000	0.000000	3.750000	-738.563843	-293.522949
132	-25.730780	571.662354	-17.360355	126.816071	0.000000	0.000000	3.750000	-25.115150	-764.602417
133	-109.610649	96.765633	-114.646210	90.394714	0.000000	0.000000	3.750000	213.735214	-318.289307
134	529.801392	535.833984	61.826088	116.625069	0.000000	0.000000	3.750000	-339.778778	-964.460266
135	-278.043121	728.163025	-34.052513	125.460571	0.000000	0.000000	3.750000	171.121872	-1056.416504
136	-484.629364	943.028625	-84.144936	111.889656	0.000000	0.000000	3.750000	467.368866	-1209.752197
137	-647.494507	61.487747	-143.783203	7.894947	0.000000	0.000000	3.750000	718.429626	-74.587128
138	247.865540	-384.439819	51.762291	-114.876663	0.000000	0.000000	3.750000	-200.916092	404.698914
139	985.822388	205.245667	138.098755	40.801075	0.000000	0.000000	3.750000	-919.442322	-258.920715
140	-676.281799	516.038025	-99.820816	70.141159	0.000000	0.000000	3.750000	867.165283	-504.660889
141	454.738586	-770.668823	54.589695	-124.562881	0.000000	0.000000	3.750000	-325.575836	975.099365
142	137.867401	224.242249	129.881378	62.181824	0.000000	0.000000	3.750000	-215.161789	-147.494263
143	-746.377808	-404.374817	-130.207123	-85.915497	0.000000	0.000000	3.750000	1031.142944	359.443481
144	486.611328	-858.336182	73.373169	-112.126442	0.000000	0.000000	3.750000	-563.783630	1074.432739
145	-400.756409	-325.287170	-110.688248	-71.910774	0.000000	0.000000	3.750000	683.273193	154.045944
146	-642.015137	768.312134	-95.600990	85.114334	0.000000	0.000000	3.750000	941.865601	-842.428345
147	919.449829	-128.898071	157.778900	-8.355272	0.000000	0.000000	3.750000	-1041.823730	20.455595
148	414.927856	-429.027832	90.570404	-98.755173	0.000000	0.000000	3.750000	-402.128967	317.564972
149	-778.129272	-316.834656	-135.390045	-35.626865	0.000000	0.000000	3.750000	1194.534790	79.724586
150	-687.837280	-16.554928	-127.403656	-12.340206	0.000000	0.000000	3.750000	987.212219	20.768211
151	-224.307220	-485.641785	-79.752808	-105.182617	0.000000	0.000000	3.750000	229.615204	408.543793
152	98.958038	-249.209610	-94.029694	-108.965569	0.000000	0.000000	3.750000	229.499710	-31.251074
153	693.486694	-895.117126	73.688522	-139.763596	0.000000	0.000000	3.750000	-435.893860	1143.511963
154	522.403076	552.313538	114.484543	102.999588	0.000000	0.000000	3.750000	-565.340149	-718.767151
155	424.610229	762.901489	79.782646	134.053436	0.000000	0.000000	3.750000	-310.406738	-836.436707
156	110.026199	-284.851440	35.778328	-149.785217	0.000000	0.000000	3.750000	-40.487156	250.500153
157	870.036804	-678.518677	109.951355	-110.663757	0.000000	0.000000	3.750000	-690.480469	527.643982
158	600.025635	-848.746216	96.809662	-109.288101	0.000000	0.000000	3.750000	-784.131287	862.221313
159	-172.153046	446.784973	-62.578014	118.488632	0.000000	0.000000	3.750000	177.630966	-581.914795
160	-785.597412	252.124420	-122.656601	36.596748	0.000000	0.000000	3.750000	970.240601	-367.637024
161	-829.040344	-743.851929	-105.035431	-95.558929	0.000000	0.000000	3.750000	442.244934	391.880493
162	212.329498	1100.064941	20.983246	162.651276	0.000000	0.000000	3.750000	-15.973217	-736.366455
163	184.283356	-393.638916	42.165215	-152.269806	0.000000	0.000000	3.750000	-187.001556	693.030579
164	-417.016785	286.210175	-125.620522	57.126556	0.000000	0.000000	3.750000	667.142578	-357.716949
165	336.483276	-376.020508	84.139130	-111.895515	0.000000	0.000000	3.750000	-381.111877	501.629913
166	-548.000916	735.717834	-84.509476	93.456314	0.000000	0.000000	3.750000	709.137817	-1048.359253
167	34.448284	10.222052	49.888405	98.035248	0.000000	0.000000	3.750000	-83.915070	-207.697342
168	-216.433517	-447.704285	-60.706940	-119.459595	0.000000	0.000000	3.750000	282.587860	727.582581
169	-0.350674	-606.179810	27.325788	-123.001053	0.000000	0.000000	3.750000	-110.576477	822.151855
170	990.944031	-570.703308	136.497330	-66.875900	0.000000	0.000000	3.750000	-1178.276733	418.670959
171	810.159302	-123.943161	127.814529	6.887542	0.000000	0.000000	3.750000	-914.825989	-30.064034
172	410.970551	580.870300	47.978325	133.645935	0.000000	0.000000	3.750000	-69.307205	-546.891052
173	309.207703	128.449341	147.971939	2.222049	0.000000	0.000000	3.750000	-364.927765	-166.119675
174	787.740845	-811.180664	91.589233	-118.791290	0.000000	0.000000	3.750000	-545.314880	672.766235
175	-425.175690	810.488770	-70.725433	109.077194	0.000000	0.000000	3.750000	478.360382	-1034.266968
176	319.112396	-566.214355	77.510254	-133.071960	0.000000	0.000000	3.750000	-314.109833	565.464417
177	-919.717957	-392.502319	-113.462738	-71.287598	0.000000	0.000000	3.750000	1087.082031	375.288910
178	-655.420532	272.649597	-138.309921	40.078522	0.000000	0.000000	3.750000	757.974854	-295.510498
179	-220.876526	-249.171295	-40.526878	-134.003387	0.000000	0.000000	3.750000	148.253235	254.151443
180	-456.946625	-727.819946	-77.785645	-109.111015	0.000000	0.000000	3.750000	430.417725	902.959839
181	236.634125	-396.117584	107.456299	-101.759689	0.000000	0.000000	3.750000	-384.358887	132.171005
182	-987.239258	-476.332031	-135.062897	-89.449905	0.000000	0.000000	3.750000	1232.133789	383.015656
183	787.295166	94.144966	150.374207	-22.171566	0.000000	0.000000	3.750000	-1071.592651	116.019012
184	12.086319	57.274910	-71.266411	-124.874039	0.000000	0.000000	3.750000	22.317822	-25.963961
185	126.100380	-82.813034	120.467010	-53.629166	0.000000	0.000000	3.750000	-170.927795	-191.029831
186	466.987793	-97.745613	139.927292	-4.394091	0.000000	0.000000	3.750000	-438.623138	-101.868713
187	1034.159668	-219.040176	149.025879	-52.489227	0.000000	0.000000	3.750000	-1234.557251	247.857376
188	-319.670624	210.154099	-123.631104	69.835808	0.000000	0.000000	3.750000	139.197861	-128.431641
189	622.432556	-579.066406	94.187775	-92.479385	0.000000	0.000000	3.750000	-715.679626	490.281403
190	112.971954	-907.521973	37.243057	-134.954834	0.000000	0.000000	3.750000	-178.204071	1467.173340
191	-757.989746	-501.937469	-132.641388	-78.238922	0.000000	0.000000	3.750000	927.219177	217.524841
192	-235.670975	-572.584106	-60.854858	-108.039055	0.000000	0.000000	3.750000	227.681152	760.735962
193	16.458578	149.089111	-116.353210	-52.054596	0.000000	0.000000	3.750000	106.614479	-163.919525
194	469.523376	991.953735	72.085449	136.086578	0.000000	0.000000	3.750000	-413.318970	-1158.106689
195	470.094910	624.929443	67.584747	84.239426	0.000000	0.000000	3.750000	-563.257996	-873.282959
196	-811.223694	225.464172	-139.047119	16.306301	0.000000	0.000000	3.750000	441.607452	-74.274078
197	-380.654785	-703.422607	-66.964195	-118.370193	0.000000	0.000000	3.750000	255.591232	824.833069
198	532.215454	-750.085144	92.868408	-125.344955	0.000000	0.000000	3.750000	-398.836761	678.498535
199	230.702850	-560.565125	34.880924	-145.888000	0.000000	0.000000	3.750000	-250.972961	923.760193
200	138.900528	-734.738403	41.060234	-144.270538	0.000000	0.000000	3.750000	-206.585632	974.130798
201	489.018188	-239.472717	104.360550	-93.313965	0.000000	0.000000	3.750000	-815.498779	296.488586
202	196.626038	375.262512	66.736679	99.729675	0.000000	0.000000	3.750000	-233.741486	-502.762756
203	154.598297	792.912048	41.494400	123.199783	0.000000	0.000000	3.750000	-267.607849	-1028.514648
204	-484.840210	24.217281	-158.628021	-20.872032	0.000000	0.000000	3.750000	570.701660	-68.784561
205	-593.798950	878.040039	-99.893661	109.202240	0.000000	0.000000	3.750000	606.218689	-908.222961
206	-108.999763	-695.004761	8.139293	-141.757812	0.000000	0.000000	3.750000	-5.150178	167.492874
207	-538.502075	597.095642	-92.735397	96.724922	0.000000	0.000000	3.750000	449.645966	-821.349792
208	-228.264435	217.318359	-71.252304	88.989357	0.000000	0.000000	3.750000	103.827454	-187.170303
209	-341.371094	-683.827393	-54.384720	-106.967636	0.000000	0.000000	3.750000	200.897064	819.075073
210	241.293549	-710.663696	45.145294	-145.140350	0.000000	0.000000	3.750000	-165.862640	935.441223
211	-751.002930	380.954834	-142.895355	51.816044	0.000000	0.000000	3.750000	1071.515381	-435.751862
212	361.218506	-450.521423	110.226158	-83.022858	0.000000	0.000000	3.750000	-597.052429	170.313217
213	607.523560	46.659016	139.390060	-13.047483	0.000000	0.000000	3.750000	-822.387207	-20.304438
214	-50.667629	-107.467171	-12.214825	-139.460510	0.000000	0.000000	3.750000	137.482758	305.004791
215	367.504425	-637.155273	59.852478	-117.649872	0.000000	0.000000	3.750000	-275.831360	871.955139
216	-84.923981	-44.682281	-35.952194	-141.500946	0.000000	0.000000	3.750000	17.741407	126.759773
217	-153.474854	-681.541626	-28.983803	-130.826660	0.000000	0.000000	3.750000	14.972954	1097.257935
218	-777.501587	-982.904297	-114.024979	-126.088226	0.000000	0.000000	3.750000	825.968567	1082.812500
219	-1034.287964	-236.680374	-146.657867	-31.485725	0.000000	0.000000	3.750000	1315.100586	124.358215
220	68.408493	-636.133667	11.234180	-147.572998	0.000000	0.000000	3.750000	-109.624741	1121.196045
221	-190.153442	-836.064087	-48.514980	-131.323959	0.000000	0.000000	3.750000	135.627609	1038.888672
222	-182.355835	124.986465	-137.727631	24.992496	0.000000	0.000000	3.750000	69.010361	-26.680422
223	733.692627	493.258484	125.192627	78.935318	0.000000	0.000000	3.750000	-849.385864	-482.380524
224	-575.319580	-675.894409	-96.346512	-114.966164	0.000000	0.000000	3.750000	551.609863	859.371033
225	569.456299	534.253784	106.691078	102.571930	0.000000	0.000000	3.750000	-350.087860	-384.446228
226	-431.233887	872.520386	-69.740547	132.801025	0.000000	0.000000	3.750000	359.664490	-972.102234
227	-90.634933	-901.261475	-9.612991	-139.669495	0.000000	0.000000	3.750000	20.895529	1120.727783
228	-537.925049	-377.187256	-96.338348	-84.278473	0.000000	0.000000	3.750000	271.609955	195.075729
229	-42.550987	326.803314	-6.315604	133.850937	0.000000	0.000000	3.750000	-3.392602	-632.270935
230	224.233398	-614.469116	42.138386	-146.042267	0.000000	0.000000	3.750000	-370.193298	1362.990845
231	600.105591	-880.905518	83.457184	-127.038925	0.000000	0.000000	3.750000	-605.871948	996.823120
232	284.010620	-603.801514	49.032196	-135.394928	0.000000	0.000000	3.750000	-360.286713	784.992737
233	-719.513672	472.892212	-143.000763	88.174515	0.000000	0.000000	3.750000	741.964600	-517.531128
234	-487.264160	-540.641357	-86.106674	-105.269310	0.000000	0.000000	3.750000	171.183472	269.399261
235	-699.919556	683.408569	-117.536072	83.194168	0.000000	0.000000	3.750000	964.680603	-724.822632
236	-332.305420	-123.782455	-139.840973	-59.527939	0.000000	0.000000	3.750000	80.494896	46.851585
237	511.696777	536.900818	132.317551	78.791260	0.000000	0.000000	3.750000	-849.903198	-524.546021
238	782.339966	247.375580	118.183014	43.689476	0.000000	0.000000	3.750000	-1064.484741	-349.602203
239	-93.922058	-605.371460	-29.569283	-116.298882	0.000000	0.000000	3.750000	32.750729	897.590027
240	694.714111	-376.838440	112.124344	-96.601913	0.000000	0.000000	3.750000	-810.068298	497.931335
241	749.023865	-632.312744	101.920731	-83.881607	0.000000	0.000000	3.750000	-993.131470	657.204590
242	-855.895874	-3.144451	-149.794159	-25.800812	0.000000	0.000000	3.750000	1119.760376	111.222534
243	-666.206421	-277.111603	-124.207954	-64.591080	0.000000	0.000000	3.750000	798.364624	212.285553
244	396.897766	205.379456	103.929962	74.711700	0.000000	0.000000	3.750000	-338.335114	-407.304260
245	-1061.752441	-562.162720	-150.287979	-70.485855	0.000000	0.000000	3.750000	542.442261	115.739548
246	538.309753	554.461243	98.438454	87.942368	0.000000	0.000000	3.750000	-782.238770	-645.496643
247	-270.030640	-84.882591	-137.168137	-49.946430	0.000000	0.000000	3.750000	123.515099	16.864376
248	891.206970	72.441071	135.981995	-2.210893	0.000000	0.000000	3.750000	-1162.945557	-24.161520
249	-756.819458	-422.769409	-120.354202	-86.132324	0.000000	0.000000	3.750000	1029.460449	591.815735
250	403.423584	-323.075134	75.652184	-103.250870	0.000000	0.000000	3.750000	-364.651947	527.038818
251	-847.463928	-779.382080	-103.392906	-103.082031	0.000000	0.000000	3.750000	834.981750	854.868896
252	299.525757	712.956299	60.563347	119.531853	0.000000	0.000000	3.750000	-268.913391	-871.307678
253	470.285461	382.663208	119.791687	76.248352	0.000000	0.000000	3.750000	-495.786194	-395.232147
254	-38.250008	-681.166016	4.338511	-135.930756	0.000000	0.000000	3.750000	-41.567833	1056.314087
255	634.635010	-340.898468	127.382446	-75.348709	0.000000	0.000000	3.750000	-793.863831	303.337433
256	-331.927338	676.926514	-70.572876	125.520157	0.000000	0.000000	3.750000	296.836273	-717.981384
257	-127.495300	24.209946	-110.702286	-78.739174	0.000000	0.000000	3.750000	148.532791	-115.387772
258	-651.520386	128.408371	-138.018738	33.388954	0.000000	0.000000	3.750000	725.018677	-170.813278
259	438.230835	693.105469	77.907715	109.024513	0.000000	0.000000	3.750000	-310.597778	-549.596069
260	-448.977478	664.669556	-104.816025	92.808876	0.000000	0.000000	3.750000	1051.642090	-1244.582764
261	-496.860046	-745.332886	-79.900948	-102.546333	0.000000	0.000000	3.750000	540.311401	966.228027
262	174.194778	-4.011683	109.271194	-87.398811	0.000000	0.000000	3.750000	-52.137089	-119.171875
263	-69.152603	78.173889	-87.224304	88.125359	0.000000	0.000000	3.750000	124.903908	-208.018234
264	642.090210	164.499908	111.487930	23.798477	0.000000	0.000000	3.750000	-932.703186	-79.796814
265	511.889435	373.808075	146.181488	69.819839	0.000000	0.000000	3.750000	-778.007446	-478.432465
266	649.381653	638.155762	98.356216	88.034393	0.000000	0.000000	3.750000	-682.255005	-626.913330
267	345.381470	248.069275	139.459167	12.275839	0.000000	0.000000	3.750000	-405.667267	-100.740105
268	241.938705	-227.025635	97.162239	-86.359497	0.000000	0.000000	3.750000	-404.341949	129.120895
269	-747.490234	-740.532104	-121.851898	-118.541138	0.000000	0.000000	3.750000	384.699249	373.954315
270	59.388542	770.192505	-1.359414	113.991829	0.000000	0.000000	3.750000	-25.677427	-855.462891
271	-24.852192	772.599609	-6.636780	141.839386	0.000000	0.000000	3.750000	-61.476025	-397.876007
272	322.926880	1006.881531	67.322723	142.938507	0.000000	0.000000	3.750000	-274.603363	-889.808777
273	-248.718597	714.332031	-58.516861	116.084244	0.000000	0.000000	3.750000	288.697235	-998.214966
274	-14.262295	-742.805420	-0.676815	-121.998100	0.000000	0.000000	3.750000	-14.561253	938.489319
275	475.547424	320.607727	96.399651	74.773712	0.000000	0.000000	3.750000	-583.834534	-462.052429
276	622.632446	835.546021	98.988571	115.348419	0.000000	0.000000	3.750000	-846.414795	-1020.047241
277	370.742493	-283.486816	125.896362	-65.673172	0.000000	0.000000	3.750000	-665.785217	102.876801
278	-254.420380	-628.679565	-69.583275	-135.137451	0.000000	0.000000	3.750000	144.033585	359.947296
279	824.887207	-374.553162	128.031189	-65.908432	0.000000	0.000000	3.750000	-1078.726196	398.116730
280	567.262939	472.460449	114.994293	86.673485	0.000000	0.000000	3.750000	-543.386902	-446.281433
281	698.367371	333.423279	131.140457	36.030201	0.000000	0.000000	3.750000	-948.606445	-275.006561
282	55.609859	319.879181	21.656317	160.543823	0.000000	0.000000	3.750000	-17.495382	-391.220245
283	-685.902954	-508.479431	-101.400406	-93.605026	0.000000	0.000000	3.750000	652.549561	508.705170
284	886.204590	-319.213684	131.847092	-67.232727	0.000000	0.000000	3.750000	-1057.608398	390.913757
285	-344.244019	-201.914871	-151.195099	-52.345322	0.000000	0.000000	3.750000	435.979034	162.356491
286	-457.564728	472.915710	-81.873672	84.971741	0.000000	0.000000	3.750000	324.721069	-694.569702
287	-281.649323	682.376709	-57.153236	110.042702	0.000000	0.000000	3.750000	347.388123	-1038.232300
288	454.520294	88.896545	128.225586	51.010811	0.000000	0.000000	3.750000	-646.043030	-327.358795
289	666.572449	-614.867249	110.533356	-104.337471	0.000000	0.000000	3.750000	-753.265991	589.951599
290	291.767395	195.019958	145.510284	61.537239	0.000000	0.000000	3.750000	-352.551788	-348.649048
291	696.646240	-86.466423	123.782120	-7.346985	0.000000	0.000000	3.750000	-1070.880005	20.146013
292	-135.461700	304.762634	-55.918266	136.932190	0.000000	0.000000	3.750000	22.854801	-99.349564
293	729.638306	518.892761	109.202408	84.372986	0.000000	0.000000	3.750000	-880.252808	-585.166626
294	405.565582	599.294739	100.163803	91.995644	0.000000	0.000000	3.750000	-716.530090	-723.739136
295	-946.506714	231.366150	-141.495605	26.738239	0.000000	0.000000	3.750000	990.925659	-275.379913
296	-150.331573	923.277466	-3.357014	143.960861	0.000000	0.000000	3.750000	46.540901	-1159.020996
297	-480.280182	1031.880249	-83.741394	138.676254	0.000000	0.000000	3.750000	424.339081	-1169.327393
298	238.101974	-243.087158	34.403053	-141.888565	0.000000	0.000000	3.750000	-129.549408	400.099976
299	-682.170898	28.756037	-147.812408	-7.449207	0.000000	0.000000	3.750000	970.557739	43.131710
300	212.144379	-36.147518	155.112701	-53.031616	0.000000	0.000000	3.750000	-325.039185	-146.903259
301	665.334106	662.603271	108.669647	81.773468	0.000000	0.000000	3.750000	-796.526917	-554.087708
302	-444.988892	-433.901794	-79.036484	-98.125427	0.000000	0.000000	3.750000	61.342064	159.242416
303	422.179443	839.194946	62.421227	127.543594	0.000000	0.000000	3.750000	-298.205841	-1160.006470
304	624.197876	287.694885	134.815582	17.903034	0.000000	0.000000	3.750000	-667.055847	-193.089661
305	-581.253662	50.003651	-144.759186	-30.800339	0.000000	0.000000	3.750000	768.867310	79.857384
306	-627.487671	-642.540649	-84.977936	-87.537125	0.000000	0.000000	3.750000	757.410034	784.072693
307	726.490845	168.723206	145.336151	13.907006	0.000000	0.000000	3.750000	-1066.890015	-103.477417
308	256.661865	571.564026	75.338692	93.402596	0.000000	0.000000	3.750000	-392.245209	-570.293213
309	-351.166931	110.717804	-125.234596	13.851919	0.000000	0.000000	3.750000	404.744568	16.573942
310	115.832909	-215.207336	44.866043	-122.011909	0.000000	0.000000	3.750000	-80.984779	132.621994
311	-777.798584	-825.796753	-99.656799	-117.407227	0.000000	0.000000	3.750000	701.680115	1040.891968
312	-194.780075	-128.036621	-89.698181	-115.195892	0.000000	0.000000	3.750000	399.696655	393.554688
313	-805.644653	860.408203	-121.401367	101.122246	0.000000	0.000000	3.750000	996.451599	-808.631287
314	365.132751	-693.909424	56.869415	-143.114685	0.000000	0.000000	3.750000	-352.497101	730.947876
315	-313.084778	-644.802917	-67.685341	-147.181427	0.000000	0.000000	3.750000	209.880219	752.755493
316	303.672485	-489.435089	81.813751	-116.061989	0.000000	0.000000	3.750000	-247.349457	424.276703
317	-815.139893	806.715576	-111.494736	97.328842	0.000000	0.000000	3.750000	805.557068	-801.373230
318	42.343365	588.953979	-7.243813	151.825531	0.000000	0.000000	3.750000	-73.507133	-655.089478
319	842.525513	-430.208496	136.076385	-84.161377	0.000000	0.000000	3.750000	-1003.630737	494.705963
320	-350.887146	-872.180664	-57.402588	-132.063126	0.000000	0.000000	3.750000	272.805176	1209.886841
321	476.827148	-71.737823	127.448235	-62.592880	0.000000	0.000000	3.750000	-546.213562	-15.685063
322	-658.064819	279.819031	-140.302856	40.386929	0.000000	0.000000	3.750000	1192.100586	-327.252411
323	742.849670	632.549561	108.078453	85.808197	0.000000	0.000000	3.750000	-496.871857	-402.750458
324	-325.242065	-435.979065	-67.262344	-127.325195	0.000000	0.000000	3.750000	279.645111	691.074463
325	-220.075836	816.597595	-41.853447	133.597015	0.000000	0.000000	3.750000	205.663895	-1129.590210
326	487.368896	-47.012115	152.993591	-30.402761	0.000000	0.000000	3.750000	-362.747833	-62.222355
327	811.358276	925.248169	104.801941	110.093361	0.000000	0.000000	3.750000	-821.581299	-916.965637
328	513.918823	1068.326416	78.400452	139.475159	0.000000	0.000000	3.750000	-493.230621	-1110.478638
329	779.328308	-95.787964	123.208832	-34.690296	0.000000	0.000000	3.750000	-421.179352	44.401707
330	-669.524963	-373.282593	-103.896599	-84.624969	0.000000	0.000000	3.750000	520.416199	328.394745
331	85.120743	875.782654	55.982655	154.148453	0.000000	0.000000	3.750000	-187.615173	-747.756653
332	-39.953918	292.367035	16.880095	132.931610	0.000000	0.000000	3.750000	-115.971634	-503.893738
333	465.509338	-834.952576	59.110779	-129.111603	0.000000	0.000000	3.750000	-381.464539	1250.876221
334	20.146961	383.649902	-77.617691	99.233177	0.000000	0.000000	3.750000	40.637783	-238.941711
335	-375.547485	551.336548	-93.923088	92.747276	0.000000	0.000000	3.750000	355.595276	-531.531555
336	230.118286	955.019775	41.388145	131.647247	0.000000	0.000000	3.750000	-177.700394	-807.122192
337	-749.983765	499.559143	-110.465263	82.712509	0.000000	0.000000	3.750000	786.775696	-748.407471
338	117.781288	-888.303833	27.113636	-153.625381	0.000000	0.000000	3.750000	-119.951561	1450.991333
339	107.514435	833.835938	34.617577	119.069778	0.000000	0.000000	3.750000	-82.088013	-436.639801
340	-424.289917	901.783569	-46.318573	123.606293	0.000000	0.000000	3.750000	268.418915	-1150.076172
341	551.402649	761.316406	80.210579	97.171066	0.000000	0.000000	3.750000	-595.510315	-924.815613
342	-113.435982	789.744141	-12.967530	153.452118	0.000000	0.000000	3.750000	-62.839214	-1061.067627
343	761.911499	-494.816406	122.655235	-75.443024	0.000000	0.000000	3.750000	-870.575073	440.576141
344	481.297791	469.288239	97.405579	89.085007	0.000000	0.000000	3.750000	-659.942688	-681.324890
345	221.020157	898.068359	39.509117	132.222336	0.000000	0.000000	3.750000	-112.702660	-1331.145996
346	-849.430969	-427.754517	-122.440979	-59.196217	0.000000	0.000000	3.750000	467.032410	147.761688
347	591.534363	-17.900562	127.578156	10.382474	0.000000	0.000000	3.750000	-667.475647	-84.063858
348	846.021851	21.724173	143.797882	7.625298	0.000000	0.000000	3.750000	-1334.437256	1.420911
349	-14.000456	-406.342041	22.989048	-136.071167	0.000000	0.000000	3.750000	-20.717272	293.938629
350	-769.184998	628.630249	-127.561989	103.070457	0.000000	0.000000	3.750000	643.975891	-785.816101
351	-798.188538	415.806488	-110.988205	67.687607	0.000000	0.000000	3.750000	1018.016296	-556.008057
352	554.171204	-652.447998	102.600754	-120.153320	0.000000	0.000000	3.750000	-689.122864	586.465332
353	40.196442	-297.696564	43.055214	-112.009613	0.000000	0.000000	3.750000	-141.787735	263.508179
354	-545.001709	-507.977722	-79.051407	-92.923988	0.000000	0.000000	3.750000	459.840088	600.783997
355	-387.614838	223.814789	-136.216385	32.286575	0.000000	0.000000	3.750000	274.927032	-168.295792
356	-591.854065	-482.980194	-101.483147	-107.727234	0.000000	0.000000	3.750000	661.550171	783.831421
357	-7.162188	213.878311	-15.406853	147.195801	0.000000	0.000000	3.750000	42.459637	-620.601318
358	1002.959351	-233.529114	152.474609	-32.976639	0.000000	0.000000	3.750000	-862.508423	107.830132
359	746.947021	601.003235	120.084511	83.039917	0.000000	0.000000	3.750000	-981.611633	-527.010437
360	-810.043518	222.861877	-146.504974	20.979248	0.000000	0.000000	3.750000	973.628113	-269.795258
361	378.090820	-576.758545	85.543671	-110.825348	0.000000	0.000000	3.750000	-647.961426	717.012207
362	644.110840	191.421570	120.588928	18.497339	0.000000	0.000000	3.750000	-668.182617	-198.651810
363	330.854309	580.973999	101.607353	115.721680	0.000000	0.000000	3.750000	-359.345062	-596.429810
364	-875.101257	-315.350830	-130.326492	-82.039047	0.000000	0.000000	3.750000	959.108521	286.762177
365	-780.657349	-410.704163	-106.850006	-74.047592	0.000000	0.000000	3.750000	833.320312	419.944489
366	-853.983521	-617.615356	-109.681831	-90.187744	0.000000	0.000000	3.750000	1100.824829	700.180603
367	842.648315	509.204529	120.582878	78.712570	0.000000	0.000000	3.750000	-1063.606689	-502.549103
368	-428.025757	24.815704	-135.519073	11.423062	0.000000	0.000000	3.750000	620.402344	-11.630956
369	-615.334229	-2.276509	-129.793304	7.305878	0.000000	0.000000	3.750000	682.195374	-181.771286
370	543.775269	-26.610945	139.689117	-25.508240	0.000000	0.000000	3.750000	-614.782898	23.951292
371	-700.270691	670.229126	-101.390152	90.642090	0.000000	0.000000	3.750000	778.513672	-857.662842
372	262.804169	140.193451	127.878532	46.277523	0.000000	0.000000	3.750000	-288.265289	-180.808167
373	115.182297	162.671921	63.096310	144.853607	0.000000	0.000000	3.750000	-156.511612	-429.971680
374	823.036499	18.074318	121.309647	-12.957668	0.000000	0.000000	3.750000	-1140.204712	-2.557845
375	-32.022625	-664.855652	-38.557938	-138.741241	0.000000	0.000000	3.750000	153.951553	1134.791260
376	869.469604	-685.818176	120.398735	-86.069954	0.000000	0.000000	3.750000	-1082.260742	558.553284
377	-354.053284	599.664917	-77.327484	109.436188	0.000000	0.000000	3.750000	364.449341	-730.936768
378	205.252914	805.149658	45.094925	115.509247	0.000000	0.000000	3.750000	-265.923065	-1071.685791
379	103.590210	428.588318	14.883533	125.113754	0.000000	0.000000	3.750000	-150.192230	-381.760193
380	-548.032654	329.237549	-136.520691	39.064972	0.000000	0.000000	3.750000	540.655273	-193.068848
381	988.954834	-450.001953	130.620941	-77.730881	0.000000	0.000000	3.750000	-1088.700439	503.962677
382	489.328430	806.892700	57.791553	123.109535	0.000000	0.000000	3.750000	-353.778748	-1324.383545
383	-785.159668	901.869568	-104.071625	108.023239	0.000000	0.000000	3.750000	744.057678	-1017.625122
384	-228.715012	-552.167725	-30.319527	-132.577118	0.000000	0.000000	3.750000	155.329117	955.879944
385	79.026749	-777.601379	-0.494775	-149.998154	0.000000	0.000000	3.750000	11.232808	447.198242
386	270.811401	186.229492	119.488770	45.892712	0.000000	0.000000	3.750000	-341.738678	-182.372009
387	-767.873901	-290.453278	-113.423859	-50.099167	0.000000	0.000000	3.750000	141.766098	26.081934
388	-713.552734	93.068977	-127.793503	23.849064	0.000000	0.000000	3.750000	1336.954834	-362.325317
389	767.740906	-787.443115	97.058243	-111.730453	0.000000	0.000000	3.750000	-859.413330	1013.464966
390	-857.026489	-411.604156	-121.648514	-56.182430	0.000000	0.000000	3.750000	139.468231	37.659740
391	-647.142822	-803.539917	-81.822861	-113.599121	0.000000	0.000000	3.750000	452.065338	1099.548584
392	-39.192097	-57.283585	-94.054443	-77.625916	0.000000	0.000000	3.750000	199.029999	-13.396802
393	641.986816	-800.546265	100.231201	-116.917519	0.000000	0.000000	3.750000	-680.403748	801.889038
394	-201.848633	-48.169193	-67.888519	-110.856079	0.000000	0.000000	3.750000	303.083862	186.486282
395	790.296143	287.065430	140.865677	45.396664	0.000000	0.000000	3.750000	-971.865173	-330.408051
396	604.152710	506.480621	102.185410	73.716469	0.000000	0.000000	3.750000	-976.272522	-591.115662
397	727.087036	343.944244	130.408569	50.927303	0.000000	0.000000	3.750000	-914.112000	-398.157837
398	428.863800	748.767944	74.440170	125.596848	0.000000	0.000000	3.750000	-468.486237	-1049.319702
399	295.070923	-588.003113	46.479111	-134.177643	0.000000	0.000000	3.750000	-312.490540	725.039612
400	-777.469604	-524.369263	-98.364243	-90.997131	0.000000	0.000000	3.750000	758.872437	698.599915
401	-383.292877	758.059448	-108.103531	128.592560	0.000000	0.000000	3.750000	261.139282	-620.247986
402	262.333862	-350.032440	118.625336	-121.768417	0.000000	0.000000	3.750000	-529.271057	399.510315
403	-731.434570	450.545837	-117.433533	68.595444	0.000000	0.000000	3.750000	999.623474	-485.844635
404	649.824219	713.147766	88.921677	94.831055	0.000000	0.000000	3.750000	-427.099915	-453.717377
405	756.786987	835.463013	91.382324	118.949837	0.000000	0.000000	3.750000	-498.614594	-964.099365
406	-530.463318	824.379517	-70.010132	114.256042	0.000000	0.000000	3.750000	391.459198	-1021.652649
407	795.130005	403.815063	130.274414	39.045853	0.000000	0.000000	3.750000	-1031.550171	-288.171875
408	-134.338165	484.455688	-39.418079	123.879364	0.000000	0.000000	3.750000	322.592987	-740.487061
409	517.944275	681.856506	83.853371	112.109100	0.000000	0.000000	3.750000	-492.132812	-915.916382
410	-774.170410	245.478729	-129.219666	42.404343	0.000000	0.000000	3.750000	773.334473	-378.544830
411	28.481274	-877.744568	-17.432270	-148.983459	0.000000	0.000000	3.750000	47.913174	1083.642334
412	5.635345	-430.940399	-43.138870	-143.662857	0.000000	0.000000	3.750000	164.623795	693.325195
413	397.572632	-658.298706	81.651794	-128.206604	0.000000	0.000000	3.750000	-412.564514	773.505005
414	-550.244019	-330.787476	-106.970718	-58.655243	0.000000	0.000000	3.750000	571.870850	68.003975
415	-386.127808	-489.927643	-86.644302	-117.510696	0.000000	0.000000	3.750000	406.428741	555.201172
416	-57.181606	495.387939	-60.458794	119.487366	0.000000	0.000000	3.750000	12.272185	-82.599808
417	-874.150513	-593.416992	-110.103012	-86.470581	0.000000	0.000000	3.750000	1094.918457	560.814941
418	874.176086	-853.802979	111.383102	-114.864227	0.000000	0.000000	3.750000	-889.727783	834.757996
419	612.506958	592.818787	90.580109	78.709869	0.000000	0.000000	3.750000	-820.471069	-700.575500
420	895.456665	350.296143	126.610374	59.747620	0.000000	0.000000	3.750000	-1060.178589	-404.659180
421	641.435669	-579.185303	90.544571	-117.071045	0.000000	0.000000	3.750000	-339.694275	375.748657
422	249.319153	497.802856	95.464584	99.651688	0.000000	0.000000	3.750000	-420.556122	-517.492920
423	605.738159	-699.493713	81.850098	-108.611938	0.000000	0.000000	3.750000	-596.344910	852.932739
424	-55.143173	171.930115	-65.416443	116.898834	0.000000	0.000000	3.750000	19.712429	-264.485931
425	821.084839	291.659241	134.240631	31.991409	0.000000	0.000000	3.750000	-1242.703857	-257.093384
426	-525.639526	-158.439117	-112.063103	-36.954731	0.000000	0.000000	3.750000	690.936279	81.416191
427	490.238831	215.127090	125.649506	74.347092	0.000000	0.000000	3.750000	-429.453705	-398.572754
428	398.998840	2.492712	116.146591	-66.799019	0.000000	0.000000	3.750000	-212.789444	23.038998
429	564.724548	779.602295	85.482109	118.358170	0.000000	0.000000	3.750000	-481.147400	-936.180237
430	302.031036	-797.250977	69.791359	-128.238556	0.000000	0.000000	3.750000	-489.336731	1073.223389
431	-626.083435	-685.182373	-106.188873	-105.940704	0.000000	0.000000	3.750000	347.227844	440.520111
432	484.419189	-651.733521	87.970856	-126.400238	0.000000	0.000000	3.750000	-569.021912	1026.295166
433	-283.908661	442.459686	-104.486237	83.895126	0.000000	0.000000	3.750000	726.592957	-817.442627
434	-386.667603	-438.374298	-78.219757	-88.349564	0.000000	0.000000	3.750000	487.862366	637.466064
435	53.224045	-695.627197	11.712834	-161.576019	0.000000	0.000000	3.750000	-68.091507	761.150085
436	707.588928	-365.626251	132.501221	-74.478958	0.000000	0.000000	3.750000	-911.602844	302.643097
437	-301.836029	180.866928	-136.309509	57.639870	0.000000	0.000000	3.750000	282.941101	-200.651398
438	890.902710	-624.844910	113.254272	-88.934906	0.000000	0.000000	3.750000	-1023.716919	641.658508
439	409.377075	4.117230	129.245758	-26.817089	0.000000	0.000000	3.750000	-423.127502	6.264467
440	251.964493	422.414856	118.719185	91.670776	0.000000	0.000000	3.750000	-361.616028	-595.339600
441	-896.212158	591.258667	-121.998444	90.666199	0.000000	0.000000	3.750000	785.065063	-547.449768
442	-972.688110	433.010864	-138.093307	68.163010	0.000000	0.000000	3.750000	1178.291138	-481.825531
443	-22.263165	617.733093	-53.490135	146.541321	0.000000	0.000000	3.750000	106.965012	-551.177612
444	-670.755981	-405.473022	-110.667915	-88.974815	0.000000	0.000000	3.750000	805.818787	503.639618
445	85.347321	773.016052	32.892937	150.445923	0.000000	0.000000	3.750000	-141.982162	-1011.403320
446	-338.071808	417.961365	-77.558395	94.168152	0.000000	0.000000	3.750000	194.914764	-636.314026
447	-653.924500	-569.953491	-79.817841	-72.753754	0.000000	0.000000	3.750000	900.971069	777.977844
448	725.901001	-412.063263	119.217979	-69.505356	0.000000	0.000000	3.750000	-879.467346	392.509949
449	578.410583	-673.156067	69.157837	-124.020905	0.000000	0.000000	3.750000	-445.163177	888.864624
450	-115.070198	-508.288361	-42.710220	-160.411438	0.000000	0.000000	3.750000	186.125351	762.026978
451	-544.886353	-554.231140	-125.587311	-92.535568	0.000000	0.000000	3.750000	728.615051	259.983276
452	210.337769	211.007172	54.988815	108.892815	0.000000	0.000000	3.750000	-74.577080	-329.340088
453	741.728271	65.001572	123.723648	8.256916	0.000000	0.000000	3.750000	-341.584534	-44.545033
454	258.362122	101.070297	130.768112	49.987728	0.000000	0.000000	3.750000	-414.410400	-288.431976
455	936.087036	-316.350281	137.513596	-42.729542	0.000000	0.000000	3.750000	-1090.983887	156.611099
456	-625.637207	-731.937439	-81.306229	-118.849182	0.000000	0.000000	3.750000	475.759064	1039.833984
457	-534.447876	-560.987061	-102.101624	-92.839630	0.000000	0.000000	3.750000	698.912476	524.431824
458	475.788452	336.989563	121.471954	40.355419	0.000000	0.000000	3.750000	-704.185364	-265.082489
459	622.541626	765.618958	88.722137	95.017776	0.000000	0.000000	3.750000	-318.686615	-360.238586
460	633.760498	10.662153	145.455872	-12.586627	0.000000	0.000000	3.750000	-844.391785	-32.202671
461	405.313477	-719.218079	80.788864	-116.778137	0.000000	0.000000	3.750000	-562.994568	925.942383
462	-540.168701	496.650757	-92.861351	85.161041	0.000000	0.000000	3.750000	381.890869	-612.266907
463	-564.555664	-823.723755	-94.291756	-111.467499	0.000000	0.000000	3.750000	575.882690	844.904236
464	-964.104065	849.680725	-130.546509	108.892639	0.000000	0.000000	3.750000	973.416260	-824.727478
465	-694.381348	49.140579	-143.627197	-10.351497	0.000000	0.000000	3.750000	884.144165	-35.287613
466	-768.598633	-43.946953	-145.701874	-25.980000	0.000000	0.000000	3.750000	1358.149414	200.448639
467	640.878418	351.644043	129.273224	76.081680	0.000000	0.000000	3.750000	-697.846130	-383.898804
468	-777.220703	439.850525	-118.604866	42.530693	0.000000	0.000000	3.750000	1041.743042	-284.033539
469	-517.278198	548.013611	-128.182312	81.690033	0.000000	0.000000	3.750000	815.099182	-578.785583
470	-430.431580	-481.509888	-89.814209	-115.103577	0.000000	0.000000	3.750000	283.448761	626.985779
471	-766.305176	-63.597584	-122.944633	-16.143295	0.000000	0.000000	3.750000	1069.149536	84.629883
472	-495.200562	-487.596100	-95.527176	-102.345032	0.000000	0.000000	3.750000	532.505981	512.225830
473	291.128723	-929.592957	40.022617	-136.243134	0.000000	0.000000	3.750000	-315.913208	1094.711792
474	638.467712	193.585403	121.185059	14.077668	0.000000	0.000000	3.750000	-803.069885	-102.400826
475	819.658081	362.416809	143.895020	34.614838	0.000000	0.000000	3.750000	-1100.941528	-180.758301
476	-945.430359	476.580048	-138.456924	62.718330	0.000000	0.000000	3.750000	1217.085938	-398.147583
477	228.100601	-748.885132	96.493362	-127.628212	0.000000	0.000000	3.750000	-586.090271	660.364380
478	32.985043	746.182495	-1.301068	131.993103	0.000000	0.000000	3.750000	-119.936569	-1094.234253
479	-486.919983	236.880478	-145.428299	27.467140	0.000000	0.000000	3.750000	408.650482	-73.748634
480	725.005127	-87.094116	175.759033	-9.190728	0.000000	0.000000	3.750000	-705.914673	-42.300076
481	-752.002197	606.763733	-98.506989	78.564438	0.000000	0.000000	3.750000	926.115601	-674.768616
482	719.668823	584.465210	110.289978	79.573982	0.000000	0.000000	3.750000	-838.098633	-447.421783
483	17.906939	968.925415	20.415539	148.604187	0.000000	0.000000	3.750000	-70.002792	-750.816528
484	-20.326855	836.942505	-10.020329	157.680481	0.000000	0.000000	3.750000	-49.040653	-647.321838
485	238.967346	463.973022	54.891411	106.708481	0.000000	0.000000	3.750000	-227.722672	-702.970703
486	779.782593	343.231537	129.460785	47.789822	0.000000	0.000000	3.750000	-1142.033813	-338.832397
487	-636.114685	-544.928162	-102.605392	-103.865906	0.000000	0.000000	3.750000	580.307007	616.797729
488	798.921448	756.745117	113.950012	94.442558	0.000000	0.000000	3.750000	-868.852112	-709.266663
489	-674.229309	518.505737	-139.326721	82.655548	0.000000	0.000000	3.750000	791.728271	-394.073547
490	-315.224274	-615.595337	-52.429371	-121.140129	0.000000	0.000000	3.750000	218.985840	985.781433
491	-369.629333	-225.993637	-119.741226	-83.534004	0.000000	0.000000	3.750000	473.931274	232.411774
492	506.914825	-787.266541	75.797806	-100.651222	0.000000	0.000000	3.750000	-412.074738	603.828003
493	84.464523	-347.911835	63.136009	-129.412476	0.000000	0.000000	3.750000	-313.896912	268.768707
494	773.799255	680.692688	109.784523	105.125374	0.000000	0.000000	3.750000	-749.629089	-784.670288
495	908.511963	329.272583	147.716705	50.157486	0.000000	0.000000	3.750000	-1150.518555	-409.051086
496	-323.203094	893.843506	-49.887924	141.460739	0.000000	0.000000	3.750000	284.554932	-1098.890259
497	57.912758	-580.407104	14.596848	-141.247467	0.000000	0.000000	3.750000	-14.873010	591.915344
498	499.426056	-984.704712	79.492599	-150.268951	0.000000	0.000000	3.750000	-356.441772	879.171082
499	-500.831909	-478.864197	-115.767204	-113.322296	0.000000	0.000000	3.750000	551.635620	497.631348
500	635.741211	737.075317	107.214996	102.023834	0.000000	0.000000	3.750000	-691.693054	-808.288818
501	832.701965	553.647339	122.444275	75.784622	0.000000	0.000000	3.750000	-1191.968506	-548.951355
502	-8.735321	-719.363403	-6.356543	-125.839554	0.000000	0.000000	3.750000	34.115437	829.773682
503	785.785645	-212.625671	123.355728	-41.027439	0.000000	0.000000	3.750000	-942.888611	175.325623
504	773.940308	-442.458160	94.561066	-83.270218	0.000000	0.000000	3.750000	-522.030029	313.225189
505	-909.019409	-359.653442	-131.762680	-67.396835	0.000000	0.000000	3.750000	1307.046021	347.319214
506	-437.506531	-192.470963	-96.994034	-73.999039	0.000000	0.000000	3.750000	848.031067	362.053375
507	199.457733	-635.950806	42.664799	-131.239166	0.000000	0.000000	3.750000	-293.666046	906.240417
508	-297.315582	-506.897095	-60.046104	-122.021744	0.000000	0.000000	3.750000	76.585754	351.560577
509	176.973297	-600.601440	3.659550	-151.938385	0.000000	0.000000	3.750000	6.491948	197.379166
510	-736.550598	-139.321823	-117.928192	-22.201223	0.000000	0.000000	3.750000	1084.371460	93.701530
511	641.179077	-154.426819	142.412109	-40.281975	0.000000	0.000000	3.750000	-435.865997	73.711235
512	-327.312256	-256.158508	-106.888504	-73.991943	0.000000	0.000000	3.750000	491.848969	302.278015
513	284.345062	-693.375732	44.594521	-117.844269	0.000000	0.000000	3.750000	-318.842865	1193.469604
514	-141.037750	514.902588	-11.122063	117.474670	0.000000	0.000000	3.750000	94.520477	-922.221436
515	-433.811035	-366.397278	-111.563873	-91.046127	0.000000	0.000000	3.750000	759.530457	456.351746
516	468.773468	-639.023438	78.271484	-127.959091	0.000000	0.000000	3.750000	-465.808960	885.913269
517	-820.794128	-558.467529	-113.751480	-88.298355	0.000000	0.000000	3.750000	794.246399	580.321594
518	-328.257874	-810.332581	-51.664772	-127.962646	0.000000	0.000000	3.750000	164.624756	977.762695
519	0.819037	-572.737793	9.610393	-125.632660	0.000000	0.000000	3.750000	-97.216309	771.163025
520	-699.202209	300.194702	-149.972748	24.728037	0.000000	0.000000	3.750000	521.565613	-198.558899
521	-9.012573	39.047062	-40.693153	-142.292023	0.000000	0.000000	3.750000	-18.020330	45.248489
522	803.993652	-799.458862	104.228699	-110.636246	0.000000	0.000000	3.750000	-715.209167	747.226318
523	217.826218	-737.920166	37.351326	-159.689941	0.000000	0.000000	3.750000	-140.783783	648.461914
524	-369.591095	-741.796082	-67.201180	-125.091248	0.000000	0.000000	3.750000	245.622375	687.367554
525	-104.967323	-222.339722	-34.753902	-119.030083	0.000000	0.000000	3.750000	176.368896	538.977905
526	1.638236	-308.225189	-7.341558	-125.785706	0.000000	0.000000	3.750000	58.297180	425.618439
527	283.691437	510.825439	65.205215	98.347260	0.000000	0.000000	3.750000	-417.495911	-891.287720
528	397.166473	-83.622566	113.632339	-71.018524	0.000000	0.000000	3.750000	-213.960815	83.870728
529	628.130554	-500.728241	95.316788	-88.400192	0.000000	0.000000	3.750000	-755.155457	501.542023
530	-442.591980	-775.687683	-86.343140	-129.924850	0.000000	0.000000	3.750000	368.045532	928.315674
531	-12.982155	910.095825	-13.953702	133.271515	0.000000	0.000000	3.750000	124.436508	-1144.308594
532	-211.718964	184.452637	-130.608047	19.110317	0.000000	0.000000	3.750000	176.592819	-38.397961
533	-802.594360	244.726288	-141.031250	44.879654	0.000000	0.000000	3.750000	984.407227	-342.824554
534	52.376930	222.482910	35.532509	125.049728	0.000000	0.000000	3.750000	-130.396851	-431.603271
535	701.361084	475.531982	118.693207	62.192627	0.000000	0.000000	3.750000	-763.739868	-397.938538
536	-625.863831	-210.261108	-121.097214	-70.248138	0.000000	0.000000	3.750000	836.457336	187.535019
537	-693.056702	-743.111694	-93.251694	-98.995522	0.000000	0.000000	3.750000	701.123230	825.147156
538	-106.735283	513.022644	-70.091507	123.488167	0.000000	0.000000	3.750000	113.927818	-570.033936
539	-328.592041	355.173096	-109.788521	96.239624	0.000000	0.000000	3.750000	495.739563	-622.655701
540	480.769073	644.948792	97.417938	100.546722	0.000000	0.000000	3.750000	-531.797241	-701.061584
541	838.058594	-438.832886	118.898239	-66.023743	0.000000	0.000000	3.750000	-1088.575806	442.088440
542	-763.652832	307.635284	-127.498711	57.827705	0.000000	0.000000	3.750000	1020.615173	-376.617554
543	-746.164734	495.212860	-121.030365	62.028290	0.000000	0.000000	3.750000	1055.063965	-345.400970
544	-722.184387	837.028320	-102.190887	104.273544	0.000000	0.000000	3.750000	653.830139	-801.450378
545	627.034607	-263.210632	124.269394	-50.127335	0.000000	0.000000	3.750000	-1131.672241	174.080627
546	-926.793701	-258.977478	-138.055862	-47.492989	0.000000	0.000000	3.750000	653.781494	32.784683
547	-533.338074	-264.671875	-138.706711	-79.745674	0.000000	0.000000	3.750000	824.127136	195.402115
548	486.892303	-109.074364	101.624237	-30.141220	0.000000	0.000000	3.750000	-786.962891	199.615616
549	928.883118	-118.916824	137.552246	-26.062080	0.000000	0.000000	3.750000	-1066.224609	33.242138
550	-844.820190	618.425903	-113.069077	79.116043	0.000000	0.000000	3.750000	986.618164	-568.662048
551	-863.687073	-443.697357	-127.950928	-89.242615	0.000000	0.000000	3.750000	987.986816	426.023132
552	-692.491638	-664.537537	-119.080170	-109.835510	0.000000	0.000000	3.750000	833.092957	662.908508
553	-465.639008	3.545324	-135.137192	36.576317	0.000000	0.000000	3.750000	642.045044	-246.985764
554	566.614136	226.211594	140.646912	30.894053	0.000000	0.000000	3.750000	-841.633179	-169.084335
555	-476.744354	252.811676	-140.350357	40.221535	0.000000	0.000000	3.750000	764.130371	-233.163055
556	-316.047516	-422.732300	-74.669571	-111.266998	0.000000	0.000000	3.750000	250.215439	517.508728
557	438.422394	-165.201691	111.493820	-49.525276	0.000000	0.000000	3.750000	-676.801025	125.203934
558	667.596069	706.710205	108.037788	85.859375	0.000000	0.000000	3.750000	-556.684021	-458.971893
559	-847.868652	-923.039795	-107.957092	-128.721207	0.000000	0.000000	3.750000	642.699463	980.867493
560	419.161591	942.471313	69.010948	128.659424	0.000000	0.000000	3.750000	-371.106415	-1190.485229
561	-147.297501	696.363831	-52.924278	123.105705	0.000000	0.000000	3.750000	316.808472	-700.439453
562	-308.747070	313.517517	-105.537720	91.984787	0.000000	0.000000	3.750000	371.456329	-478.653198
563	-683.998535	-512.622192	-113.740219	-109.668396	0.000000	0.000000	3.750000	776.961121	729.530884
564	-1001.885986	-493.255157	-133.628235	-91.581749	0.000000	0.000000	3.750000	912.379333	423.626465
565	89.421974	-729.330872	28.460382	-126.846115	0.000000	0.000000	3.750000	-125.662872	1101.819458
566	-955.510925	375.128632	-136.552307	51.666843	0.000000	0.000000	3.750000	1190.234741	-423.603516
567	-475.501251	-621.316895	-75.975220	-107.939148	0.000000	0.000000	3.750000	187.084045	884.345093
568	845.083252	310.777557	152.892395	18.436661	0.000000	0.000000	3.750000	-995.342712	-125.753021
569	431.000366	391.527893	105.312363	92.243874	0.000000	0.000000	3.750000	-410.987610	-515.394287
570	-603.036316	700.266235	-79.575821	97.691521	0.000000	0.000000	3.750000	564.729797	-931.192566
571	-353.063324	-0.733792	-117.262268	-33.668133	0.000000	0.000000	3.750000	543.366516	127.365463
572	-531.048706	-766.207581	-83.617508	-117.234787	0.000000	0.000000	3.750000	498.030914	949.844177
573	635.419678	-658.145020	96.101349	-117.764557	0.000000	0.000000	3.750000	-641.653442	696.683289
574	751.654968	770.129517	106.011215	100.387344	0.000000	0.000000	3.750000	-910.455017	-822.713379
575	-660.249084	532.983948	-123.361984	66.195297	0.000000	0.000000	3.750000	831.821045	-427.174072
576	812.281738	125.325043	139.811493	7.225564	0.000000	0.000000	3.750000	-401.745239	2.512856
577	79.517242	-668.711609	-2.846949	-171.974762	0.000000	0.000000	3.750000	98.617676	750.592773
578	-681.629150	449.562103	-112.261375	61.492867	0.000000	0.000000	3.750000	781.829956	-385.648071
579	-252.879181	-611.803467	-38.841797	-126.155739	0.000000	0.000000	3.750000	193.229294	802.069580
580	601.247620	-1107.823608	98.345856	-133.730560	0.000000	0.000000	3.750000	-828.218384	1617.569702
581	-435.260864	743.572754	-66.440430	109.405746	0.000000	0.000000	3.750000	438.046936	-915.041992
582	387.627899	129.512329	155.693817	26.892769	0.000000	0.000000	3.750000	-417.172546	-124.568512
583	-881.002563	130.292953	-146.915024	17.883188	0.000000	0.000000	3.750000	446.792664	-93.455482
584	-677.884521	346.559418	-94.804718	63.309284	0.000000	0.000000	3.750000	618.489563	-427.998291
585	-522.140259	-514.410889	-92.950340	-117.719940	0.000000	0.000000	3.750000	80.341492	268.450195
586	463.901245	257.021698	139.014282	16.580463	0.000000	0.000000	3.750000	-642.244568	-140.028320
587	253.160782	702.798706	30.753990	107.693924	0.000000	0.000000	3.750000	-50.184883	-415.080536
588	157.813629	-47.293957	127.241577	-83.132835	0.000000	0.000000	3.750000	-384.159424	88.934280
589	-700.554443	-8.950568	-119.765930	7.488164	0.000000	0.000000	3.750000	1030.901611	27.810966
590	-286.854797	-524.734009	-68.682922	-108.011032	0.000000	0.000000	3.750000	204.902161	573.521057
591	-467.825806	-479.315369	-86.880783	-85.648712	0.000000	0.000000	3.750000	552.584839	453.268250
592	526.028748	524.751282	105.198441	86.192955	0.000000	0.000000	3.750000	-530.305237	-520.369751
593	-133.647064	979.313782	-24.648975	149.988052	0.000000	0.000000	3.750000	156.300537	-1222.544800
594	-33.836067	675.329834	-40.710670	125.565247	0.000000	0.000000	3.750000	243.313339	-836.272705
595	-782.891602	-415.018311	-129.483246	-87.003311	0.000000	0.000000	3.750000	729.842590	289.907257
596	874.566467	-122.082657	160.063248	-43.992233	0.000000	0.000000	3.750000	-1200.978882	87.744331
597	-696.049316	78.336319	-145.069702	16.455460	0.000000	0.000000	3.750000	811.472229	-92.859917
598	840.134277	-559.079590	121.746002	-87.623413	0.000000	0.000000	3.750000	-986.708557	588.830017
599	-687.377258	-830.635132	-92.899445	-112.630295	0.000000	0.000000	3.750000	708.513428	1177.377563
600	981.184448	-228.347565	142.842422	-45.781075	0.000000	0.000000	3.750000	-1220.212280	227.638626
601	-616.507629	479.692596	-132.635376	99.814964	0.000000	0.000000	3.750000	498.196533	-602.436523
602	842.755615	761.541382	125.611176	111.560799	0.000000	0.000000	3.750000	-822.995605	-808.798462
603	265.556335	14.013897	131.393250	-12.617741	0.000000	0.000000	3.750000	-455.936768	-47.400234
604	-507.363129	550.928833	-102.322449	106.927139	0.000000	0.000000	3.750000	430.520996	-770.990540
605	-1011.945129	304.378052	-147.340363	28.121380	0.000000	0.000000	3.750000	1137.299805	-223.179428
606	851.759399	-443.644531	114.183151	-66.228188	0.000000	0.000000	3.750000	-1085.532715	511.735504
607	622.955994	444.008179	98.958923	74.720284	0.000000	0.000000	3.750000	-630.105652	-528.426147
608	776.223633	-492.188049	118.087021	-71.410110	0.000000	0.000000	3.750000	-951.600769	453.680054
609	315.647278	-294.761292	82.409714	-92.652573	0.000000	0.000000	3.750000	-497.438293	387.052094
610	-737.836914	560.301270	-118.178040	82.279663	0.000000	0.000000	3.750000	756.478882	-562.728088
611	280.964935	949.310669	26.243093	153.776794	0.000000	0.000000	3.750000	-190.122620	-1146.534180
612	-453.104248	410.386230	-100.767815	68.772987	0.000000	0.000000	3.750000	467.313690	-446.518585
613	17.153065	-727.961548	-13.061342	-153.444977	0.000000	0.000000	3.750000	126.747185	973.974915
614	793.941284	291.707886	157.906158	25.800110	0.000000	0.000000	3.750000	-1043.028198	-178.638977
615	-653.214905	603.169434	-94.018021	95.480019	0.000000	0.000000	3.750000	547.870300	-834.523193
616	712.727356	-268.236115	135.228271	-49.488102	0.000000	0.000000	3.750000	-899.944397	163.011719
617	226.604950	462.603973	32.276340	117.652611	0.000000	0.000000	3.750000	-120.971725	-785.427185
618	-502.291687	-437.582703	-101.886284	-80.739777	0.000000	0.000000	3.750000	770.789734	378.845886
619	-385.373749	64.595551	-120.861679	-27.710791	0.000000	0.000000	3.750000	524.413147	-3.824358
620	792.999634	-369.719849	117.196167	-51.467918	0.000000	0.000000	3.750000	-1091.864014	286.780853
621	-691.560608	775.389099	-93.957184	95.540695	0.000000	0.000000	3.750000	750.520508	-943.052063
622	-144.742218	794.237671	2.766550	137.971497	0.000000	0.000000	3.750000	-140.421997	-820.946167
623	430.611877	-14.601667	126.070938	-39.108948	0.000000	0.000000	3.750000	-509.636536	48.246059
624	-822.632996	-281.844727	-138.366714	-46.580795	0.000000	0.000000	3.750000	807.485840	19.420439
625	429.746490	-648.989868	91.357552	-118.969711	0.000000	0.000000	3.750000	-304.855103	405.109131
626	-720.069458	-239.933624	-120.784546	-58.022297	0.000000	0.000000	3.750000	770.096802	125.324295
627	-871.267639	-217.584976	-146.290436	-54.173756	0.000000	0.000000	3.750000	831.881836	116.268669
628	-720.690491	203.864990	-122.898453	16.490566	0.000000	0.000000	3.750000	907.489990	-183.378128
629	89.946144	791.772461	-6.345382	123.837494	0.000000	0.000000	3.750000	99.455818	-1069.777710
630	-686.375488	451.602905	-135.147095	43.580490	0.000000	0.000000	3.750000	570.421509	-198.076401
631	523.804749	-841.347046	76.358780	-122.087273	0.000000	0.000000	3.750000	-551.535889	1052.344482
632	937.264526	-269.931183	140.797791	-38.623936	0.000000	0.000000	3.750000	-1135.227539	132.676941
633	705.896240	-615.294617	96.004082	-101.897568	0.000000	0.000000	3.750000	-924.308655	768.564819
634	361.180054	-774.753662	41.798424	-144.058502	0.000000	0.000000	3.750000	-258.352448	1153.600830
635	271.065399	375.925629	92.384521	102.509628	0.000000	0.000000	3.750000	-287.453217	-505.669891
636	-94.971176	385.040771	-86.921021	104.592888	0.000000	0.000000	3.750000	272.545013	-595.012817
637	166.383316	946.506653	28.372814	153.398026	0.000000	0.000000	3.750000	-136.645905	-1061.821655
638	-89.103333	-414.562347	-8.480021	-127.718536	0.000000	0.000000	3.750000	70.859886	476.991425
639	-434.036072	306.735291	-126.426254	55.280396	0.000000	0.000000	3.750000	247.802292	-341.221802
640	312.704285	-820.993469	44.564346	-143.226837	0.000000	0.000000	3.750000	-226.755142	1087.506348
641	311.069092	611.726929	79.822647	94.891144	0.000000	0.000000	3.750000	-497.952179	-658.763367
642	-141.943832	784.521912	-34.600784	135.656479	0.000000	0.000000	3.750000	133.253738	-809.836182
643	-481.823059	-52.546585	-107.113022	-13.812134	0.000000	0.000000	3.750000	895.758423	31.996979
644	-83.428009	347.848022	-100.476891	103.116028	0.000000	0.000000	3.750000	101.559563	-345.372131
645	-268.904480	147.878586	-148.191681	23.112663	0.000000	0.000000	3.750000	120.810196	-133.627197
646	-483.769531	-597.030701	-88.830513	-108.208328	0.000000	0.000000	3.750000	429.966034	674.065674
647	242.058731	-469.191376	23.548061	-131.914505	0.000000	0.000000	3.750000	-100.522987	847.332581
648	170.522675	-123.878922	46.201683	-138.490540	0.000000	0.000000	3.750000	-0.718751	44.574615
649	-369.353302	-749.641846	-68.957909	-155.384827	0.000000	0.000000	3.750000	231.214081	872.125916
650	85.629913	927.412231	-5.524056	149.898178	0.000000	0.000000	3.750000	91.023148	-1253.322144
651	484.867706	778.209778	76.147942	107.820450	0.000000	0.000000	3.750000	-228.970474	-523.839111
652	299.562500	-276.731842	63.167194	-129.404388	0.000000	0.000000	3.750000	-261.080597	347.703522
653	562.961487	-733.692993	70.546616	-118.605087	0.000000	0.000000	3.750000	-495.255249	920.439331
654	320.105194	-703.207764	32.778210	-127.864975	0.000000	0.000000	3.750000	-107.307846	959.450806
655	228.270569	-382.872009	53.644257	-102.850777	0.000000	0.000000	3.750000	-242.730453	518.994507
656	-679.668396	-169.586029	-132.836334	-50.182827	0.000000	0.000000	3.750000	851.399597	182.659164
657	-932.140930	343.506378	-147.653748	26.426617	0.000000	0.000000	3.750000	1235.485474	-184.515961
658	-573.757263	-635.464233	-96.091141	-115.179314	0.000000	0.000000	3.750000	694.936523	1208.369751
659	-918.596069	189.717255	-142.936127	29.753181	0.000000	0.000000	3.750000	1096.946411	-272.475067
660	538.014282	62.297379	131.621475	-41.465282	0.000000	0.000000	3.750000	-664.673828	73.384964
661	-595.927795	883.219482	-91.339485	113.899506	0.000000	0.000000	3.750000	541.618225	-724.513367
662	213.957977	456.952789	59.366982	113.399277	0.000000	0.000000	3.750000	-169.464310	-451.023224
663	-513.007629	-584.913269	-79.648079	-92.413025	0.000000	0.000000	3.750000	844.361145	1142.747681
664	-855.097046	244.958572	-147.788666	7.894812	0.000000	0.000000	3.750000	957.806458	74.701874
665	-352.082214	197.722595	-112.566612	18.021057	0.000000	0.000000	3.750000	521.808350	-93.351936
666	-58.446201	-667.929688	-7.956453	-115.726685	0.000000	0.000000	3.750000	-1.395032	1029.702393
667	-153.300674	-826.767029	-28.317051	-135.062042	0.000000	0.000000	3.750000	-11.916430	1092.680298
668	-257.317871	-588.480957	-45.312653	-132.462708	0.000000	0.000000	3.750000	119.567215	1061.710449
669	-567.668457	670.540588	-71.723663	91.168228	0.000000	0.000000	3.750000	279.287018	-468.721222
670	-489.798584	685.110596	-114.232849	114.865677	0.000000	0.000000	3.750000	468.118805	-753.859375
671	-472.181641	0.625437	-111.394760	-32.359230	0.000000	0.000000	3.750000	487.431396	70.822388
672	-710.854797	-331.659973	-116.166756	-78.135757	0.000000	0.000000	3.750000	462.558960	224.777084
673	-898.635254	-229.226608	-140.016113	-47.950272	0.000000	0.000000	3.750000	1186.143066	176.892075
674	-173.846939	-1011.434021	-36.628098	-159.856781	0.000000	0.000000	3.750000	131.248291	1384.860840
675	490.914154	-385.872559	77.291397	-63.450691	0.000000	0.000000	3.750000	-748.709290	440.514130
676	-113.607697	-996.801147	-13.096718	-163.476166	0.000000	0.000000	3.750000	43.430794	1049.740601
677	-649.817017	-781.712463	-87.178345	-106.976166	0.000000	0.000000	3.750000	729.915894	1112.083252
678	521.136414	-249.496948	91.883438	-83.263992	0.000000	0.000000	3.750000	-456.977081	252.336899
679	-486.372620	551.461487	-98.436691	78.652161	0.000000	0.000000	3.750000	700.702087	-689.073914
680	756.919128	127.217621	141.246826	-14.604839	0.000000	0.000000	3.750000	-905.334839	36.917915
681	-425.163574	-205.069092	-96.804688	-89.737137	0.000000	0.000000	3.750000	408.317902	471.389465
682	58.716171	529.292053	9.642269	143.676041	0.000000	0.000000	3.750000	-137.320511	-740.172668
683	-168.863403	985.944580	-52.623695	142.599762	0.000000	0.000000	3.750000	315.701294	-1103.608643
684	794.631531	75.963799	149.333496	-14.124363	0.000000	0.000000	3.750000	-1010.462952	68.986122
685	697.038147	-561.474670	87.767654	-90.403748	0.000000	0.000000	3.750000	-691.404053	669.888062
686	-499.078003	-702.505676	-84.784996	-116.393188	0.000000	0.000000	3.750000	488.301788	907.802063
687	101.926132	-150.463150	17.912447	-130.771271	0.000000	0.000000	3.750000	72.614319	243.061569
688	-216.034210	220.049728	-108.665085	26.868259	0.000000	0.000000	3.750000	41.681797	-29.725403
689	292.851654	554.459106	77.312149	116.713776	0.000000	0.000000	3.750000	-279.095490	-883.222717
690	207.734070	332.581360	90.619591	117.009598	0.000000	0.000000	3.750000	-241.325928	-448.932983
691	832.159302	-841.855347	101.049057	-116.211395	0.000000	0.000000	3.750000	-804.616272	943.310059
692	373.171631	-872.760010	39.828316	-140.462387	0.000000	0.000000	3.750000	-209.768372	964.606201
693	-853.632385	-227.200439	-135.917084	-53.313957	0.000000	0.000000	3.750000	1149.273926	253.054489
694	-271.200928	-506.075470	-67.566254	-103.974533	0.000000	0.000000	3.750000	208.874771	436.224030
695	-701.504517	-581.005493	-101.336472	-78.197937	0.000000	0.000000	3.750000	640.197632	490.472839
696	646.820557	-143.984406	139.585327	-69.639618	0.000000	0.000000	3.750000	-635.741943	45.790035
697	92.396156	-345.424103	-4.303668	-117.921280	0.000000	0.000000	3.750000	55.376835	526.807434
698	-700.464905	670.439270	-105.533600	85.782059	0.000000	0.000000	3.750000	624.895142	-662.294861
699	-470.001495	821.059326	-83.460739	99.670502	0.000000	0.000000	3.750000	563.101746	-949.598755
700	-270.671539	-729.419800	-43.224152	-109.797623	0.000000	0.000000	3.750000	189.750839	1086.857422
701	-835.854370	136.487793	-135.787933	7.586768	0.000000	0.000000	3.750000	1017.403381	44.809757
702	-861.357605	111.696335	-156.140381	24.168991	0.000000	0.000000	3.750000	539.066650	-128.873474
703	825.430481	155.676422	153.991852	-1.556894	0.000000	0.000000	3.750000	-909.301392	-54.493462
704	-630.523865	177.371445	-115.508652	10.664795	0.000000	0.000000	3.750000	1432.903198	-217.989548
705	-677.591492	453.121735	-116.266525	74.337234	0.000000	0.000000	3.750000	539.221069	-439.135742
706	-574.003906	-659.572632	-94.222839	-89.565811	0.000000	0.000000	3.750000	721.215820	730.927673
707	446.936401	429.886993	86.689674	117.475922	0.000000	0.000000	3.750000	-390.809723	-792.193237
708	-470.174469	678.049500	-98.756248	90.570160	0.000000	0.000000	3.750000	456.883972	-600.166626
709	-589.074829	-28.139053	-121.523811	10.768643	0.000000	0.000000	3.750000	888.644104	-90.131592
710	-801.903076	-573.591919	-121.011139	-81.679588	0.000000	0.000000	3.750000	742.236877	239.804733
711	311.599548	551.788574	83.139122	107.627731	0.000000	0.000000	3.750000	-431.378510	-756.918274
712	94.337463	-593.434326	28.843023	-110.290871	0.000000	0.000000	3.750000	-241.224792	818.961060
713	-874.235596	375.534729	-135.389374	42.821877	0.000000	0.000000	3.750000	1095.379639	-351.239960
714	-738.826660	-351.396545	-92.865524	-69.512489	0.000000	0.000000	3.750000	732.444092	473.841339
715	225.820129	-220.265579	74.826767	-123.011536	0.000000	0.000000	3.750000	-324.530243	174.472931
716	-718.197449	91.375229	-144.898712	52.155571	0.000000	0.000000	3.750000	837.354675	-416.852112
717	741.010986	-231.771561	126.597641	-54.927471	0.000000	0.000000	3.750000	-720.787476	280.132782
718	-582.810486	551.220337	-108.375252	85.432663	0.000000	0.000000	3.750000	557.575928	-541.322815
719	450.967468	-434.472534	103.427078	-78.756943	0.000000	0.000000	3.750000	-742.534485	379.794861
720	-387.453125	-752.764893	-58.056786	-125.192741	0.000000	0.000000	3.750000	426.264465	1632.320679
721	871.701050	-83.660400	136.224060	-22.067551	0.000000	0.000000	3.750000	-1035.300781	105.980080
722	-457.145081	248.805359	-133.933319	52.894402	0.000000	0.000000	3.750000	783.588684	-373.375214
723	-566.929810	-125.946289	-111.358780	-32.484116	0.000000	0.000000	3.750000	632.012390	156.355865
724	-307.028992	-435.412262	-74.147453	-139.521118	0.000000	0.000000	3.750000	214.113922	454.202637
725	726.648315	-54.829071	125.071358	-15.268990	0.000000	0.000000	3.750000	-928.281006	62.093575
726	-89.213181	435.169067	-5.863754	155.887726	0.000000	0.000000	3.750000	-50.466751	-516.672180
727	-579.696411	-933.372437	-85.690598	-137.480423	0.000000	0.000000	3.750000	459.330505	1109.196289
728	679.110535	-469.082062	119.601791	-76.546753	0.000000	0.000000	3.750000	-902.012756	535.900574
729	435.299286	860.540894	60.329613	121.885948	0.000000	0.000000	3.750000	-357.606934	-1133.746094
730	-264.739136	-289.700287	-49.948120	-135.059875	0.000000	0.000000	3.750000	163.699295	433.618073
731	-234.324188	284.644287	-105.437325	65.207542	0.000000	0.000000	3.750000	101.287277	-123.047050
732	708.922363	-692.643433	117.137405	-87.147903	0.000000	0.000000	3.750000	-901.618652	530.103760
733	721.038086	-589.297729	92.247284	-88.737793	0.000000	0.000000	3.750000	-916.321106	701.404419
734	917.749023	630.114319	140.092590	81.350266	0.000000	0.000000	3.750000	-1275.276001	-498.092377
735	-328.781311	-426.119873	-82.938644	-112.787262	0.000000	0.000000	3.750000	215.218613	377.245880
736	679.914185	-505.752075	113.877815	-88.134178	0.000000	0.000000	3.750000	-905.398438	489.219177
737	249.666672	-749.232178	50.910671	-115.256310	0.000000	0.000000	3.750000	-274.405884	914.361755
738	507.235107	600.268860	76.383972	87.301056	0.000000	0.000000	3.750000	-758.070923	-941.579346
739	-127.025558	-473.155823	-10.644971	-117.517227	0.000000	0.000000	3.750000	145.563843	469.777649
740	-565.526062	-104.853371	-138.023865	-33.366257	0.000000	0.000000	3.750000	644.728882	72.007301
741	473.512451	311.918335	99.434433	101.373016	0.000000	0.000000	3.750000	-411.581879	-596.480225
742	-650.911987	699.551514	-91.754807	92.092598	0.000000	0.000000	3.750000	1170.322754	-1338.525635
743	553.299622	878.445923	68.232750	129.074142	0.000000	0.000000	3.750000	-370.812622	-1101.013794
744	-801.604004	197.910950	-157.275925	-15.108646	0.000000	0.000000	3.750000	775.562805	35.572659
745	794.886841	181.941452	150.362915	33.270405	0.000000	0.000000	3.750000	-1343.168701	-192.623306
746	378.735626	-526.806274	90.136124	-99.153168	0.000000	0.000000	3.750000	-694.652161	567.625000
747	-500.653381	435.370667	-112.836395	64.559647	0.000000	0.000000	3.750000	758.383728	-448.150421
748	-189.928665	-578.580933	-32.118221	-121.836967	0.000000	0.000000	3.750000	86.448898	875.536133
749	634.786011	-122.022003	124.397652	-68.473007	0.000000	0.000000	3.750000	-816.357483	218.958420
750	684.584656	-558.977295	78.939697	-82.246613	0.000000	0.000000	3.750000	-845.414856	739.834473
751	290.874969	438.338226	59.848465	124.346237	0.000000	0.000000	3.750000	-242.529709	-730.957336
752	-357.680878	-277.268402	-93.282669	-81.696396	0.000000	0.000000	3.750000	559.866455	403.371918
753	762.035889	-700.946899	110.116837	-121.532814	0.000000	0.000000	3.750000	-1107.582886	1003.472046
754	-634.855286	-352.317322	-129.833008	-86.479996	0.000000	0.000000	3.750000	4443.475098	1543.951904
755	-301.354919	-205.916138	-108.771629	-84.926819	0.000000	0.000000	3.750000	263.084351	172.662231
756	296.589203	-759.094666	56.280815	-110.491379	0.000000	0.000000	3.750000	-275.070404	859.422668
757	-755.644653	594.305359	-109.244682	84.317947	0.000000	0.000000	3.750000	735.960144	-736.656433
758	762.892029	597.715759	107.305428	76.872856	0.000000	0.000000	3.750000	-1073.959351	-567.484924
759	599.762939	-602.114685	90.028069	-114.938721	0.000000	0.000000	3.750000	-621.113525	887.481995
760	-435.698425	418.833832	-87.484779	87.874741	0.000000	0.000000	3.750000	355.234833	-601.750488
761	352.827271	-824.693848	61.588684	-123.493530	0.000000	0.000000	3.750000	-352.793335	1150.369507
762	598.271851	667.449768	81.581238	85.255493	0.000000	0.000000	3.750000	-700.895996	-675.473328
763	450.511932	-225.548096	109.777145	-86.879417	0.000000	0.000000	3.750000	-687.708252	269.399414
764	-780.971985	-25.007809	-125.698532	-8.708298	0.000000	0.000000	3.750000	986.357483	-23.680948
765	263.338196	944.187073	46.200890	127.911606	0.000000	0.000000	3.750000	-242.922363	-1156.689209
766	-92.682144	-395.991211	23.639046	-148.125031	0.000000	0.000000	3.750000	-30.393476	457.029816
767	335.869385	618.454651	75.885880	95.526566	0.000000	0.000000	3.750000	-466.708069	-645.653442
768	263.627167	299.653778	122.969208	85.880325	0.000000	0.000000	3.750000	-363.044128	-506.198334
769	792.285095	705.126221	113.086784	82.531067	0.000000	0.000000	3.750000	-668.969666	-466.754456
770	755.021729	-239.899063	138.621277	-57.305336	0.000000	0.000000	3.750000	-1026.916138	243.596680
771	-475.044128	330.560303	-124.908531	58.664146	0.000000	0.000000	3.750000	648.149902	-480.008820
772	-177.742889	-296.521454	-76.093361	-122.251785	0.000000	0.000000	3.750000	296.209869	344.716827
773	-30.203787	-189.064301	-54.986534	-139.557129	0.000000	0.000000	3.750000	403.716736	685.575195
774	-579.077026	-560.335632	-117.590027	-89.868698	0.000000	0.000000	3.750000	685.683594	382.914490
775	63.416481	-73.268799	-48.694771	-133.172607	0.000000	0.000000	3.750000	-31.580191	-24.910210
776	746.800171	-442.823120	116.809311	-80.743332	0.000000	0.000000	3.750000	-1026.440063	527.791260
777	125.406128	772.581787	8.684895	149.746826	0.000000	0.000000	3.750000	-223.188461	-896.550781
778	-686.382019	-365.751709	-111.791153	-73.878014	0.000000	0.000000	3.750000	587.351440	179.706314
779	-689.464966	-374.994354	-92.888687	-79.092514	0.000000	0.000000	3.750000	667.519409	448.786987
780	339.199402	776.306335	82.908966	127.396454	0.000000	0.000000	3.750000	-394.738251	-900.243896
781	-604.085266	-434.631409	-111.462265	-91.157883	0.000000	0.000000	3.750000	123.987923	64.666634
782	-649.155640	788.852173	-81.702835	106.209579	0.000000	0.000000	3.750000	449.666565	-938.841248
783	-934.869690	545.392029	-131.406464	84.073410	0.000000	0.000000	3.750000	1228.926514	-744.710327
784	61.257133	-939.025757	16.652548	-147.055710	0.000000	0.000000	3.750000	-13.177894	265.314453
785	136.931595	-119.032242	117.260925	-60.549870	0.000000	0.000000	3.750000	-305.158539	-32.475670
786	-215.189789	727.837524	-47.281204	133.897247	0.000000	0.000000	3.750000	283.332825	-917.351196
787	-641.864319	598.014771	-111.104645	67.496307	0.000000	0.000000	3.750000	771.890137	-427.573273
788	-636.254150	113.624596	-135.985657	1.966050	0.000000	0.000000	3.750000	903.729248	-89.833359
789	-681.961548	-262.374756	-125.399979	-57.606529	0.000000	0.000000	3.750000	854.697327	172.673065
790	423.554688	239.938782	118.103210	49.351303	0.000000	0.000000	3.750000	-531.737976	-286.993896
791	443.367798	434.515320	126.171135	77.361778	0.000000	0.000000	3.750000	-772.358276	-469.258087
792	450.148499	-261.881165	97.582275	-66.344482	0.000000	0.000000	3.750000	-630.703369	315.941772
793	-54.427784	820.923706	2.908038	129.967468	0.000000	0.000000	3.750000	-25.370209	-1034.532715
794	131.296158	480.449005	34.686974	125.286835	0.000000	0.000000	3.750000	-161.870483	-500.017670
795	-640.024048	-347.025635	-106.780334	-66.883163	0.000000	0.000000	3.750000	585.009338	143.919220
796	-41.872578	-300.489716	-2.307757	-143.980286	0.000000	0.000000	3.750000	67.369453	398.140228
797	90.730270	420.855011	14.521622	135.222473	0.000000	0.000000	3.750000	-47.811279	-458.297333
798	-575.608398	434.401703	-131.422638	58.852242	0.000000	0.000000	3.750000	604.445557	-412.506775
799	-169.411972	803.831055	-36.948265	143.313614	0.000000	0.000000	3.750000	198.785522	-974.334045
800	213.939636	-878.528687	37.510532	-136.955597	0.000000	0.000000	3.750000	-162.231094	1078.009277
801	-213.706802	-817.295288	-54.413925	-122.454391	0.000000	0.000000	3.750000	348.401825	1030.882324
802	667.396057	-183.607620	136.328201	-57.606369	0.000000	0.000000	3.750000	-911.530090	265.666931
803	303.488464	-845.171143	67.345993	-113.527237	0.000000	0.000000	3.750000	-450.850098	1032.041016
804	525.000000	780.273926	89.898468	102.050285	0.000000	0.000000	3.750000	-639.771301	-775.009094
805	-278.957855	287.348053	-120.328270	75.386185	0.000000	0.000000	3.750000	299.224792	-394.958038
806	23.339161	-720.082825	-1.734357	-151.984955	0.000000	0.000000	3.750000	12.616108	244.080093
807	-554.752319	-242.528534	-106.475861	-90.900360	0.000000	0.000000	3.750000	414.224609	384.149292
808	-25.448551	313.701935	-29.922148	116.207840	0.000000	0.000000	3.750000	74.078957	-175.347214
809	-516.367371	1021.855774	-79.841492	136.340698	0.000000	0.000000	3.750000	404.968750	-1594.085083
810	-154.448837	-306.961060	-59.958366	-126.506836	0.000000	0.000000	3.750000	255.982681	302.932251
811	-449.164642	777.795227	-71.963638	120.087540	0.000000	0.000000	3.750000	404.003571	-1126.776123
812	389.559845	587.994019	80.990501	119.064117	0.000000	0.000000	3.750000	-270.139130	-586.178833
813	110.030495	992.714355	22.211334	156.430847	0.000000	0.000000	3.750000	-94.145363	-1292.860718
814	-220.150833	876.557251	-38.125946	122.189835	0.000000	0.000000	3.750000	224.441879	-1140.030640
815	457.865875	851.326294	73.133728	114.661926	0.000000	0.000000	3.750000	-463.968018	-1047.311035
816	-1132.582397	-818.716797	-137.931549	-112.510811	0.000000	0.000000	3.750000	993.606201	593.741211
817	917.183838	648.298950	119.972466	90.036697	0.000000	0.000000	3.750000	-1016.131165	-728.653687
818	-62.046017	616.994507	-33.252460	133.933563	0.000000	0.000000	3.750000	50.518539	-221.232544
819	873.184448	-409.925842	135.703629	-72.803604	0.000000	0.000000	3.750000	-980.915283	366.771057
820	284.667816	-486.788635	84.131821	-121.761368	0.000000	0.000000	3.750000	-374.151672	504.920776
821	760.337524	-611.171936	112.023407	-105.672745	0.000000	0.000000	3.750000	-992.193298	838.688477
822	-186.202606	-708.946167	-34.648605	-139.767853	0.000000	0.000000	3.750000	30.924479	994.774597
823	-160.796600	828.608154	-23.696598	146.090515	0.000000	0.000000	3.750000	168.886383	-845.308105
824	604.336304	204.358643	105.075989	44.215755	0.000000	0.000000	3.750000	-765.140930	-358.619537
825	628.544861	-247.193710	115.912094	-67.232254	0.000000	0.000000	3.750000	-765.532837	281.438385
826	-908.536865	-702.105774	-111.653198	-100.167618	0.000000	0.000000	3.750000	870.050598	699.948181
827	-526.650269	456.104980	-116.760635	84.277710	0.000000	0.000000	3.750000	519.726379	-516.751465
828	611.368835	474.991943	102.408005	101.231903	0.000000	0.000000	3.750000	-243.019699	-389.079559
829	319.069916	-620.564697	51.835815	-112.645676	0.000000	0.000000	3.750000	-338.231049	740.386353
830	714.701721	-84.656952	148.758759	-19.257015	0.000000	0.000000	3.750000	-807.563843	109.238121
831	-648.939026	698.619324	-109.645279	90.231186	0.000000	0.000000	3.750000	621.588745	-742.017822
832	202.816238	-686.830322	22.605179	-154.353516	0.000000	0.000000	3.750000	-136.606033	918.959778
833	252.814423	824.663452	36.600685	114.281799	0.000000	0.000000	3.750000	-224.470856	-1199.448242
834	778.762817	156.773911	146.254196	22.664940	0.000000	0.000000	3.750000	-991.784058	-112.560425
835	-457.002563	37.082783	-149.843781	43.389927	0.000000	0.000000	3.750000	575.134888	-230.927704
836	570.032593	-664.297058	93.606476	-104.104881	0.000000	0.000000	3.750000	-560.815002	598.482605
837	474.057587	-518.530273	88.430145	-105.943565	0.000000	0.000000	3.750000	-561.412048	561.882446
838	-409.730927	-596.408447	-78.858887	-108.336517	0.000000	0.000000	3.750000	313.952545	847.275085
839	-757.494995	-652.957886	-112.014801	-93.641151	0.000000	0.000000	3.750000	812.355225	589.702576
840	468.176971	782.053772	92.818863	110.093033	0.000000	0.000000	3.750000	-401.468384	-709.959961
841	-33.177402	882.851501	-20.570908	162.704651	0.000000	0.000000	3.750000	110.129005	-1025.110352
842	780.040833	479.574249	116.984085	51.949165	0.000000	0.000000	3.750000	-963.609070	-384.027771
843	132.361938	629.561218	13.661707	149.374924	0.000000	0.000000	3.750000	-141.156616	-570.826782
844	-67.110878	-528.986450	2.546340	-115.971970	0.000000	0.000000	3.750000	9.708780	588.496582
845	704.322876	-264.567383	115.672981	-54.804752	0.000000	0.000000	3.750000	-941.861389	234.295609
846	381.465851	-861.729736	45.785873	-140.738968	0.000000	0.000000	3.750000	-194.976410	930.534241
847	-850.740601	-583.358215	-132.093323	-97.197174	0.000000	0.000000	3.750000	850.981750	528.593079
848	-504.716431	466.832977	-97.553711	82.866844	0.000000	0.000000	3.750000	405.826477	-583.853699
849	-633.015686	-740.583740	-96.743225	-114.632385	0.000000	0.000000	3.750000	476.539612	749.983948
850	-328.647888	110.342163	-148.552185	-40.586830	0.000000	0.000000	3.750000	434.694305	26.249746
851	274.693695	-621.270752	58.196030	-114.005249	0.000000	0.000000	3.750000	-346.819611	808.123779
852	130.156555	-94.614449	96.394058	-109.626007	0.000000	0.000000	3.750000	-369.944946	108.066681
853	-234.136703	850.955200	-55.610985	139.310486	0.000000	0.000000	3.750000	358.323364	-861.153503
854	372.024658	-13.628194	125.995300	-104.942284	0.000000	0.000000	3.750000	-51.977577	-15.721864
855	850.254211	-145.166672	137.357056	-27.065140	0.000000	0.000000	3.750000	-857.227173	-35.732315
856	-253.298752	-170.255768	-130.828278	-55.157791	0.000000	0.000000	3.750000	131.772949	85.274536
857	-457.209167	-241.342239	-93.393616	-81.569717	0.000000	0.000000	3.750000	571.724365	453.327026
858	-706.980652	411.618317	-115.536850	82.554382	0.000000	0.000000	3.750000	658.002563	-507.224731
859	-861.584717	281.917908	-132.350281	39.081932	0.000000	0.000000	3.750000	1033.399780	-314.435242
860	667.645081	808.405212	94.950760	100.141632	0.000000	0.000000	3.750000	-838.960815	-959.589539
861	776.053406	182.751907	133.748932	24.640495	0.000000	0.000000	3.750000	-1073.360352	-94.167091
862	-782.556274	-807.389648	-98.954994	-104.613052	0.000000	0.000000	3.750000	782.707153	947.302307
863	491.074524	-448.624451	91.060890	-81.189804	0.000000	0.000000	3.750000	-681.772156	437.835052
864	420.136597	770.829224	65.802505	116.730423	0.000000	0.000000	3.750000	-469.355927	-1040.622437
865	-85.719849	-756.865967	-36.250717	-131.078949	0.000000	0.000000	3.750000	103.538635	901.077637
866	-105.471039	-800.828613	-30.245867	-128.487335	0.000000	0.000000	3.750000	65.042923	1078.698730
867	-402.040375	807.749146	-70.785599	109.038246	0.000000	0.000000	3.750000	461.446136	-957.727539
868	-199.468048	122.141098	-52.355961	118.967102	0.000000	0.000000	3.750000	34.235226	-329.162292
869	645.245300	-783.534546	78.364052	-116.013245	0.000000	0.000000	3.750000	-610.799072	939.950684
870	884.062500	485.710449	120.541931	67.182945	0.000000	0.000000	3.750000	-1045.543457	-405.708557
871	-66.329170	-270.380249	-35.708305	-129.154633	0.000000	0.000000	3.750000	207.311630	723.812195
872	-655.541321	402.231689	-126.669212	84.015900	0.000000	0.000000	3.750000	140.127930	-134.481064
873	175.497040	-499.416412	81.804565	-128.098923	0.000000	0.000000	3.750000	-478.849487	326.840790
874	-93.206825	338.226776	-33.278687	113.202499	0.000000	0.000000	3.750000	-33.087170	-365.096863
875	807.914001	-164.868134	125.269424	-26.296824	0.000000	0.000000	3.750000	-870.592468	88.586731
876	119.228683	1021.906616	36.870811	149.520844	0.000000	0.000000	3.750000	-176.318802	-1083.911377
877	783.531738	306.893005	116.986588	34.614132	0.000000	0.000000	3.750000	-710.880310	-201.635254
878	753.858459	434.143860	115.255722	68.352158	0.000000	0.000000	3.750000	-906.600037	-387.379364
879	777.643188	376.044006	129.481903	58.295944	0.000000	0.000000	3.750000	-864.787537	-450.095184
880	372.374329	-418.409058	93.788811	-103.940117	0.000000	0.000000	3.750000	-523.159424	498.981445
881	580.082397	-658.153076	72.271545	-122.232620	0.000000	0.000000	3.750000	-551.157410	889.679382
882	-274.317047	677.345276	-41.699131	110.386398	0.000000	0.000000	3.750000	310.172058	-1031.329834
883	-845.541016	629.123840	-124.668419	90.408897	0.000000	0.000000	3.750000	929.226746	-621.839600
884	-15.302868	766.215454	-4.379548	127.925049	0.000000	0.000000	3.750000	19.954369	-938.008301
885	645.004456	73.623497	129.900497	-5.082940	0.000000	0.000000	3.750000	-853.848755	-21.642757
886	214.419144	-475.619812	93.304169	-112.295731	0.000000	0.000000	3.750000	-323.183411	345.870880
887	600.384033	765.239868	95.349068	113.191528	0.000000	0.000000	3.750000	-2342.752686	-4369.789551
888	-1005.233337	-14.294846	-155.631683	-27.251659	0.000000	0.000000	3.750000	1313.678955	76.454460
889	-547.537720	9.702669	-132.932953	-16.873592	0.000000	0.000000	3.750000	698.932556	-10.512241
890	-705.795715	-426.314972	-103.233810	-72.240799	0.000000	0.000000	3.750000	832.291504	458.310059
891	795.259949	344.878296	140.298920	58.482166	0.000000	0.000000	3.750000	-752.202637	-364.879730
892	-673.566345	635.348938	-102.596565	86.195679	0.000000	0.000000	3.750000	562.551514	-744.644409
893	-252.913666	-875.907227	-52.554375	-123.263809	0.000000	0.000000	3.750000	303.402191	1079.236450
894	213.578613	-582.292542	40.087845	-134.137756	0.000000	0.000000	3.750000	-192.448792	766.834290
895	509.573242	-325.300751	102.029419	-107.209717	0.000000	0.000000	3.750000	-451.238495	417.045715
896	-140.924255	-88.467079	-70.313263	-127.932655	0.000000	0.000000	3.750000	138.295227	92.394936
897	-148.487274	626.012146	-50.584030	145.455261	0.000000	0.000000	3.750000	299.681854	-770.280701
898	-313.795563	10.590153	-119.133118	-26.292488	0.000000	0.000000	3.750000	177.507996	36.445271
899	205.317993	659.437683	38.901649	121.944969	0.000000	0.000000	3.750000	-172.658157	-893.109131
900	-257.690613	-27.328104	-129.480118	-25.662550	0.000000	0.000000	3.750000	327.499023	11.915322
901	-271.561035	-862.921997	-44.979958	-132.576508	0.000000	0.000000	3.750000	145.699631	1191.645142
902	506.813843	-611.498474	72.521202	-93.084236	0.000000	0.000000	3.750000	-615.635132	767.597778
903	677.212158	531.031555	105.153839	79.791290	0.000000	0.000000	3.750000	-931.379639	-615.677307
904	136.970123	-576.515503	13.804375	-109.130341	0.000000	0.000000	3.750000	-88.295700	1017.004639
905	-539.759766	276.949554	-131.648529	53.221344	0.000000	0.000000	3.750000	710.709167	-393.624115
906	-522.755127	-798.088135	-78.131912	-130.380554	0.000000	0.000000	3.750000	389.364838	1073.377686
907	-534.677795	-99.177696	-141.731079	-82.503326	0.000000	0.000000	3.750000	659.218994	164.056046
908	848.401611	141.500153	139.338501	13.592888	0.000000	0.000000	3.750000	-1134.242798	-62.977684
909	-309.475067	64.009949	-134.650070	44.962738	0.000000	0.000000	3.750000	122.394928	-331.546478
910	437.170074	-854.240723	71.126587	-134.331680	0.000000	0.000000	3.750000	-651.497864	1339.206421
911	689.490967	-594.324585	114.690468	-102.770844	0.000000	0.000000	3.750000	-808.022949	498.934357
912	-20.658787	-457.325684	-4.970049	-121.898376	0.000000	0.000000	3.750000	72.363121	507.339172
913	840.409973	724.631958	115.100159	79.696060	0.000000	0.000000	3.750000	-457.584717	-220.653854
914	330.014984	365.840546	118.265472	63.000637	0.000000	0.000000	3.750000	-442.557526	-317.459686
915	325.313507	-797.965210	51.254982	-121.642197	0.000000	0.000000	3.750000	-302.853668	1101.152710
916	-626.284058	-658.208984	-78.205002	-88.362717	0.000000	0.000000	3.750000	667.688965	829.037842
917	-776.925110	698.577698	-115.863998	92.084389	0.000000	0.000000	3.750000	894.542053	-728.048035
918	-621.588623	806.558716	-89.095642	113.127319	0.000000	0.000000	3.750000	559.002686	-1086.887695
919	75.390572	468.286285	70.579117	111.545532	0.000000	0.000000	3.750000	-291.460236	-630.484131
920	-808.756287	652.333801	-109.301773	84.244110	0.000000	0.000000	3.750000	958.540588	-577.600647
921	-293.150726	-433.625122	-82.693810	-105.439346	0.000000	0.000000	3.750000	368.094299	342.948639
922	1059.473022	282.641205	152.436676	21.886728	0.000000	0.000000	3.750000	-1208.817383	-102.414085
923	180.220978	685.796265	31.486050	115.795120	0.000000	0.000000	3.750000	-95.054573	-965.415771
924	-593.901794	817.415588	-82.606369	105.507729	0.000000	0.000000	3.750000	395.382782	-920.826233
925	-152.560089	618.173035	-7.732843	115.741699	0.000000	0.000000	3.750000	33.189770	-523.157532
926	-901.763245	-419.632385	-142.670624	-57.973221	0.000000	0.000000	3.750000	1695.150146	394.485596
927	-1014.473511	-14.320274	-149.494019	12.309678	0.000000	0.000000	3.750000	1031.020020	-51.109669
928	38.050259	-960.690491	14.816405	-149.264343	0.000000	0.000000	3.750000	-10.971013	272.108307
929	-241.301956	-393.564117	-55.380295	-122.018715	0.000000	0.000000	3.750000	139.733475	697.632080
930	248.880875	-1026.986084	55.691666	-160.618805	0.000000	0.000000	3.750000	-305.072266	855.186218
931	-382.483582	459.786072	-90.840378	101.210678	0.000000	0.000000	3.750000	374.559052	-675.778931
932	-613.813477	-56.943443	-110.948761	-40.175476	0.000000	0.000000	3.750000	824.393005	67.200783
933	252.157715	-423.823669	41.898323	-129.384644	0.000000	0.000000	3.750000	-237.713470	502.618408
934	-418.349457	-590.219971	-86.853531	-112.339584	0.000000	0.000000	3.750000	414.862061	879.101868
935	853.718689	-342.005066	134.769882	-61.163689	0.000000	0.000000	3.750000	-1100.020752	362.247375
936	-734.228271	-314.171692	-121.464920	-61.172047	0.000000	0.000000	3.750000	878.361938	229.947418
937	78.839874	-748.590881	14.298479	-121.159088	0.000000	0.000000	3.750000	-41.493263	1097.826294
938	572.641113	-559.445435	99.791122	-89.428886	0.000000	0.000000	3.750000	-981.925720	579.652161
939	-505.154327	636.442749	-71.698105	72.549164	0.000000	0.000000	3.750000	682.720032	-720.883118
940	-651.246643	293.445526	-131.998734	0.023970	0.000000	0.000000	3.750000	395.058899	21.815729
941	417.724670	-302.729370	74.688461	-66.494812	0.000000	0.000000	3.750000	-820.645020	514.842651
942	428.983459	736.155151	85.291565	100.743835	0.000000	0.000000	3.750000	-686.646057	-930.170532
943	434.491333	-208.483810	117.437759	-64.527802	0.000000	0.000000	3.750000	-444.108856	127.757782
944	758.476440	-757.710388	111.401672	-100.447334	0.000000	0.000000	3.750000	-626.219421	491.957184
945	365.120605	301.741119	144.680099	77.177345	0.000000	0.000000	3.750000	-229.370041	-311.521881
946	-453.879852	712.283752	-74.136856	104.343842	0.000000	0.000000	3.750000	507.578857	-1007.748657
947	-374.616730	-350.572296	-99.561325	-89.685791	0.000000	0.000000	3.750000	391.039764	337.112610
948	-422.007935	691.981812	-72.194580	110.507492	0.000000	0.000000	3.750000	479.191742	-883.459473
949	111.528656	177.399796	119.902779	86.698196	0.000000	0.000000	3.750000	-148.954758	-240.060181
950	-828.491028	268.565002	-143.363907	13.519016	0.000000	0.000000	3.750000	1007.393616	-147.113419
951	664.518127	-528.748657	99.821808	-100.993073	0.000000	0.000000	3.750000	-550.581177	490.519836
952	648.522461	-164.049164	114.417114	-42.339893	0.000000	0.000000	3.750000	-815.704102	208.949844
953	-404.344879	299.541229	-96.546539	80.959686	0.000000	0.000000	3.750000	572.687439	-735.465881
954	43.748043	-363.615479	25.934998	-127.386719	0.000000	0.000000	3.750000	-110.005684	542.597595
955	404.658386	308.308441	89.382980	99.829391	0.000000	0.000000	3.750000	-342.592255	-715.305908
956	544.377563	57.124573	139.864029	6.167047	0.000000	0.000000	3.750000	-668.599121	-51.665531
957	753.666260	209.425064	122.382019	29.977112	0.000000	0.000000	3.750000	-696.294373	-198.259369
958	-76.725983	348.263763	-76.873825	102.338463	0.000000	0.000000	3.750000	184.613113	-539.502319
959	784.613953	-338.984833	124.778046	-54.095364	0.000000	0.000000	3.750000	-1067.458252	275.699677
960	486.557800	100.574753	125.069633	35.461922	0.000000	0.000000	3.750000	-804.383728	-292.736786
961	527.906250	911.525146	83.911835	114.554123	0.000000	0.000000	3.750000	-460.872955	-960.518433
962	74.185059	-599.971436	-3.830216	-115.929527	0.000000	0.000000	3.750000	23.602118	180.334824
963	-438.091217	584.493652	-88.796852	108.232811	0.000000	0.000000	3.750000	378.608612	-879.327087
964	743.730835	554.132996	102.788803	72.872299	0.000000	0.000000	3.750000	-385.918121	-246.975723
965	-338.625336	-838.745239	-54.521698	-120.212509	0.000000	0.000000	3.750000	166.379974	860.072266
966	-235.490814	-763.111084	-44.888077	-151.489090	0.000000	0.000000	3.750000	198.949265	1102.652954
967	-390.854401	-550.781921	-89.986328	-93.820831	0.000000	0.000000	3.750000	473.758057	392.292450
968	-38.906570	96.510544	93.147522	-67.337151	0.000000	0.000000	3.750000	-80.956955	-121.391525
969	671.538086	-675.744629	90.441345	-96.147575	0.000000	0.000000	3.750000	-815.968933	786.365662
970	706.682495	203.203232	146.799942	58.426601	0.000000	0.000000	3.750000	-737.026367	-387.073761
971	554.925537	164.991394	153.729187	36.483414	0.000000	0.000000	3.750000	-661.329529	-246.948929
972	-850.466370	272.777710	-138.733429	57.035351	0.000000	0.000000	3.750000	987.127991	-442.121063
973	-701.188599	-31.761076	-145.964035	3.182011	0.000000	0.000000	3.750000	489.413025	-49.719112
974	-426.835266	-590.430603	-51.561470	-101.671875	0.000000	0.000000	3.750000	162.585419	738.725281
975	498.766937	-721.570679	79.018158	-108.222595	0.000000	0.000000	3.750000	-628.367004	871.667419
976	270.884827	401.474213	95.107178	76.410172	0.000000	0.000000	3.750000	-447.815887	-464.820557
977	-671.455933	-545.337097	-105.981491	-75.285233	0.000000	0.000000	3.750000	972.398804	526.731140
978	536.152405	-262.770599	120.339890	-58.942062	0.000000	0.000000	3.750000	-809.006042	263.213959
979	637.870667	619.658569	107.599716	69.327042	0.000000	0.000000	3.750000	-1208.605469	-575.084412
980	-359.255981	-487.187256	-95.756332	-81.884544	0.000000	0.000000	3.750000	97.676018	63.113602
981	456.102386	173.116074	102.752792	26.035526	0.000000	0.000000	3.750000	-649.948059	-127.974976
982	-317.095947	-863.910278	-43.505131	-145.640564	0.000000	0.000000	3.750000	228.686386	1356.378174
983	470.081299	835.756409	92.670837	112.816818	0.000000	0.000000	3.750000	-342.894745	-752.964539
984	179.412292	548.823792	43.016014	118.429428	0.000000	0.000000	3.750000	-175.474686	-685.801392
985	827.029175	-247.981995	135.405487	-42.767113	0.000000	0.000000	3.750000	-1038.759521	93.061684
986	-259.541779	336.587921	-92.130936	108.054031	0.000000	0.000000	3.750000	310.645050	-475.851593
987	759.522888	29.802864	127.702271	-8.724350	0.000000	0.000000	3.750000	-1059.417603	22.647934
988	-296.538635	-675.067871	-48.056934	-120.790230	0.000000	0.000000	3.750000	161.957657	966.678345
989	981.687256	359.644318	144.384186	40.654984	0.000000	0.000000	3.750000	-956.496582	-101.245926
990	-612.496033	491.434174	-91.549171	86.569016	0.000000	0.000000	3.750000	371.945618	-665.010925
991	335.138977	632.990356	61.629391	112.186096	0.000000	0.000000	3.750000	-292.395508	-779.031372
992	-22.667000	547.587646	-27.418800	131.164734	0.000000	0.000000	3.750000	276.232483	-1129.554077
993	-717.227417	-399.269043	-106.148483	-67.883911	0.000000	0.000000	3.750000	901.987854	319.341156
994	-520.227173	-813.662476	-82.071228	-105.925323	0.000000	0.000000	3.750000	514.943665	1005.081238
995	-715.849243	-283.570496	-116.066269	-37.581951	0.000000	0.000000	3.750000	1161.416626	106.052078
996	-346.276062	701.736389	-60.666405	112.710037	0.000000	0.000000	3.750000	403.566254	-929.588379
997	835.975098	233.374008	124.833984	48.708000	0.000000	0.000000	3.750000	-874.759827	-369.350464
998	1007.992004	484.268066	138.377838	72.023544	0.000000	0.000000	3.750000	-1238.879883	-415.691986
999	77.831734	69.987274	73.247734	100.053101	0.000000	0.000000	3.750000	-191.442780	-315.647888
