node	a_force.x	a_force.y	g_force.x	g_force.y	r_force.x	r_force.y	global_speed	move_node.x	move_node.y
0	147.724152	1044.910278	16.258406	230.426117	0.000000	0.000000	7.125000	-4.134378	-367.415466
1	65.908638	458.381134	-31.138775	225.794525	0.000000	0.000000	7.125000	52.455326	-247.772736
2	-1239.725342	-287.691833	-177.499008	-44.410679	0.000000	0.000000	7.125000	468.460724	61.648712
3	1110.182983	70.117462	201.703842	68.366150	0.000000	0.000000	7.125000	-444.775146	-87.804977
4	628.580750	1443.898926	107.450195	214.575867	0.000000	0.000000	7.125000	-166.860504	-490.242065
5	1419.097412	-270.911926	210.764221	-30.778168	0.000000	0.000000	7.125000	-506.706482	63.115879
6	-410.075256	1330.408447	-89.360336	176.672806	0.000000	0.000000	7.125000	194.513702	-554.666687
7	444.983978	553.327148	133.423798	188.568359	0.000000	0.000000	7.125000	-102.506744	-162.090714
8	545.044006	665.846191	64.332108	193.584717	0.000000	0.000000	7.125000	-128.035980	-335.652069
9	303.157684	267.440979	112.180275	152.069839	0.000000	0.000000	7.125000	-124.520142	-246.072327
10	317.565491	589.347717	51.034733	212.969025	0.000000	0.000000	7.125000	-117.715454	-364.752838
11	1019.652161	-734.073547	168.724182	-148.783463	0.000000	0.000000	7.125000	-254.563309	338.826508
12	502.191895	262.623352	142.431305	83.130913	0.000000	0.000000	7.125000	-211.167221	-62.609371
13	1209.048340	152.696960	212.024948	41.226799	0.000000	0.000000	7.125000	-453.410889	-68.473022
14	-734.026611	-823.237244	-125.809532	-136.994110	0.000000	0.000000	7.125000	160.107925	250.486969
15	-1295.509399	510.633850	-185.427246	85.014381	0.000000	0.000000	7.125000	663.217102	-186.628220
16	1483.281250	102.736755	217.999054	20.851711	0.000000	0.000000	7.125000	-510.944000	-30.076803
17	-290.017426	1451.808716	-58.183571	217.346069	0.000000	0.000000	7.125000	81.465271	-591.207764
18	1188.513916	-874.832520	171.061981	-111.106606	0.000000	0.000000	7.125000	-481.565216	218.577789
19	425.726715	300.938934	156.609222	193.582031	0.000000	0.000000	7.125000	-316.608795	-364.895721
20	-1053.967041	228.489227	-202.546066	24.312225	0.000000	0.000000	7.125000	694.822571	-118.573097
21	-1127.571655	-304.408844	-215.485931	-53.381287	0.000000	0.000000	7.125000	509.186371	103.430290
22	230.381470	615.581482	3.199256	236.863983	0.000000	0.000000	7.125000	70.063103	-341.141327
23	-981.504028	-1108.477783	-142.401978	-137.569031	0.000000	0.000000	7.125000	396.088409	335.654785
24	-140.452682	401.698212	-56.279266	183.460678	0.000000	0.000000	7.125000	155.325775	-200.364059
25	593.157837	-1055.866577	70.038025	-159.275665	0.000000	0.000000	7.125000	-146.993881	437.982208
26	-469.296875	-111.293877	-251.233902	-19.364281	0.000000	0.000000	7.125000	258.930176	28.998337
27	-303.787628	-1132.600464	-87.803391	-174.102600	0.000000	0.000000	7.125000	116.539047	351.581970
28	-951.254028	-1017.432068	-146.576218	-154.512909	0.000000	0.000000	7.125000	331.373169	466.190186
29	400.370758	-353.505798	77.480682	-138.822662	0.000000	0.000000	7.125000	-111.641151	280.143036
30	-569.072815	625.636597	-151.610931	112.841171	0.000000	0.000000	7.125000	308.533020	-186.614243
31	1255.532227	-717.249146	167.530563	-99.765945	0.000000	0.000000	7.125000	-477.113647	217.889359
32	-702.701965	-568.776794	-197.186340	-108.360794	0.000000	0.000000	7.125000	269.152710	136.170380
33	-603.789917	-1180.847656	-155.502182	-178.716873	0.000000	0.000000	7.125000	335.955292	517.431091
34	260.197052	505.876923	45.811234	177.170486	0.000000	0.000000	7.125000	-104.012077	-362.000854
35	859.647583	589.398804	170.608459	117.160950	0.000000	0.000000	7.125000	-361.624146	-160.281006
36	-476.661438	1142.496338	-83.809479	189.274780	0.000000	0.000000	7.125000	185.944519	-469.363617
37	-945.083252	891.775879	-145.193756	125.626892	0.000000	0.000000	7.125000	439.129211	-324.260834
38	235.267334	-1011.876709	32.329792	-170.968521	0.000000	0.000000	7.125000	-68.037621	346.670349
39	935.144226	-1056.271484	121.966537	-136.426590	0.000000	0.000000	7.125000	-322.095856	412.871765
40	1327.501831	245.975021	208.276154	92.717682	0.000000	0.000000	7.125000	-476.348907	-157.462448
41	-1079.815430	-590.937012	-180.841614	-94.390831	0.000000	0.000000	7.125000	516.583618	224.062576
42	-1060.165894	-850.960693	-193.324310	-115.108398	0.000000	0.000000	7.125000	726.986084	467.456573
43	-498.690521	-693.923157	-118.061890	-155.168213	0.000000	0.000000	7.125000	220.998428	360.709381
44	-159.326309	1024.646606	-46.537548	173.875961	0.000000	0.000000	7.125000	94.379349	-414.678040
45	183.872803	607.609619	47.578339	195.166367	0.000000	0.000000	7.125000	-2.661572	-206.481522
46	510.422058	-93.758102	202.224396	24.773838	0.000000	0.000000	7.125000	-179.258789	17.588234
47	915.108459	984.573975	139.136566	153.264175	0.000000	0.000000	7.125000	-307.141968	-335.140625
48	889.706482	-1228.948853	124.621765	-161.501144	0.000000	0.000000	7.125000	-278.130005	441.494446
49	-1390.917480	-101.793777	-209.036133	-20.070070	0.000000	0.000000	7.125000	533.877075	25.358955
50	1001.146667	1044.028809	154.604156	155.108124	0.000000	0.000000	7.125000	-639.594727	-605.189087
51	-807.150146	-1213.062256	-141.430222	-147.003662	0.000000	0.000000	7.125000	238.631866	297.362793
52	472.383118	-859.725586	112.099396	-155.834854	0.000000	0.000000	7.125000	-199.093704	457.660034
53	-1408.737549	-969.763245	-208.400116	-106.373390	0.000000	0.000000	7.125000	521.767273	180.974014
54	-41.319572	1240.056519	-27.829933	205.116943	0.000000	0.000000	7.125000	12.335089	-489.145905
55	-913.247437	-866.757812	-189.432480	-166.136093	0.000000	0.000000	7.125000	341.088623	427.638000
56	507.009766	-679.210938	86.055939	-207.845840	0.000000	0.000000	7.125000	-87.238998	333.302765
57	186.950882	933.574585	25.313641	211.476730	0.000000	0.000000	7.125000	-22.891195	-385.341431
58	270.493408	1175.949707	34.665459	210.134033	0.000000	0.000000	7.125000	-13.947582	-395.616486
59	-1241.545898	990.129395	-155.024292	137.155457	0.000000	0.000000	7.125000	430.898621	-316.395508
60	1181.587402	45.053192	231.460297	34.130993	0.000000	0.000000	7.125000	-754.782715	-79.741592
61	392.017700	-515.796509	112.361786	-177.218567	0.000000	0.000000	7.125000	-75.649315	241.847778
62	-1179.178467	-205.333191	-205.123749	-44.946930	0.000000	0.000000	7.125000	495.524414	80.271004
63	-790.386230	1428.471558	-109.515907	210.150757	0.000000	0.000000	7.125000	183.968765	-526.535828
64	-133.197998	-762.623352	-77.988838	-211.049545	0.000000	0.000000	7.125000	120.582306	356.232025
65	-352.375641	-948.095703	-71.789589	-187.735229	0.000000	0.000000	7.125000	123.220352	407.344055
66	-1348.311646	209.093201	-228.682449	32.631565	0.000000	0.000000	7.125000	600.547424	-98.441223
67	-470.166229	948.363586	-79.926109	203.838440	0.000000	0.000000	7.125000	117.961960	-453.579834
68	945.376526	-208.459305	190.026978	-65.481293	0.000000	0.000000	7.125000	-226.298065	52.014633
69	-1360.406738	-791.167114	-191.742065	-92.692429	0.000000	0.000000	7.125000	539.309753	160.403381
70	-451.069244	-730.193298	-110.360596	-153.411911	0.000000	0.000000	7.125000	174.880432	305.311554
71	152.775146	1251.391968	21.106819	208.933899	0.000000	0.000000	7.125000	-82.011765	-762.060730
72	-45.795429	-1446.742920	17.221409	-230.355591	0.000000	0.000000	7.125000	-19.877642	420.422577
73	577.867126	-1264.115479	83.130722	-192.813934	0.000000	0.000000	7.125000	-148.856705	552.648743
74	1307.844238	485.293030	192.137405	84.695839	0.000000	0.000000	7.125000	-530.399597	-173.630493
75	-1292.679321	335.049316	-175.461411	70.194847	0.000000	0.000000	7.125000	507.246582	-125.970528
76	-641.135254	440.580811	-170.861664	65.431305	0.000000	0.000000	7.125000	307.903656	-71.356277
77	-1067.513062	-431.276459	-181.679153	-85.969994	0.000000	0.000000	7.125000	486.229797	191.064743
78	-1450.653564	-461.686798	-212.774811	-63.324276	0.000000	0.000000	7.125000	450.569672	136.661087
79	-826.414673	-154.221451	-192.838211	-56.675522	0.000000	0.000000	7.125000	281.931305	93.031029
80	645.787048	211.590668	147.364899	145.230469	0.000000	0.000000	7.125000	-184.742111	-126.205490
81	648.553345	699.228516	114.853462	164.944565	0.000000	0.000000	7.125000	-223.124268	-246.676376
82	-525.265198	-1382.106934	-113.570023	-176.599731	0.000000	0.000000	7.125000	180.600250	495.610138
83	114.973938	-1293.380615	3.332960	-203.970627	0.000000	0.000000	7.125000	23.683575	609.232056
84	26.036861	54.253231	-195.676941	56.813366	0.000000	0.000000	7.125000	185.958633	2.257472
85	-716.029541	627.020020	-135.727203	148.199600	0.000000	0.000000	7.125000	222.757736	-220.434753
86	825.983459	922.789795	138.419800	149.847534	0.000000	0.000000	7.125000	-199.821014	-183.724625
87	644.833679	-765.917175	173.153091	-174.664230	0.000000	0.000000	7.125000	-206.963379	330.912140
88	1086.178101	-268.913147	190.620453	-63.754448	0.000000	0.000000	7.125000	-355.110321	104.465187
89	31.798582	659.865479	-38.129326	138.859619	0.000000	0.000000	7.125000	81.401451	-284.518372
90	-1056.671387	-238.399704	-193.903503	-20.642294	0.000000	0.000000	7.125000	528.775452	69.162743
91	383.882965	-501.432343	4.758204	-185.938446	0.000000	0.000000	7.125000	-9.420649	412.501282
92	-1118.949097	467.392639	-196.283234	43.281853	0.000000	0.000000	7.125000	470.021210	-105.377464
93	425.470917	-1366.398926	47.164043	-216.930145	0.000000	0.000000	7.125000	-75.820595	434.896820
94	1310.218506	955.331909	172.736755	129.668259	0.000000	0.000000	7.125000	-423.151093	-270.171600
95	-120.715942	23.618935	-20.805275	181.705566	0.000000	0.000000	7.125000	45.731915	-101.478828
96	27.164442	-1305.015381	-12.106874	-212.648712	0.000000	0.000000	7.125000	24.744694	346.821381
97	-442.981995	437.104187	-142.622040	137.323669	0.000000	0.000000	7.125000	242.705643	-182.773346
98	-821.293823	941.252991	-133.967621	145.796631	0.000000	0.000000	7.125000	256.703400	-289.497925
99	700.501465	507.521729	169.531006	107.839935	0.000000	0.000000	7.125000	-266.556946	-90.569221
100	-248.689743	1487.527222	-64.309326	199.910706	0.000000	0.000000	7.125000	153.163666	-506.136688
101	-134.420471	-1107.366089	-57.187416	-192.688843	0.000000	0.000000	7.125000	91.662888	404.892639
102	611.947205	-1069.203613	102.804077	-151.392242	0.000000	0.000000	7.125000	-188.843307	270.062408
103	-160.214325	810.580933	-56.314713	227.097656	0.000000	0.000000	7.125000	125.333359	-263.875122
104	-84.578651	1241.121948	-36.243542	228.137405	0.000000	0.000000	7.125000	68.384163	-427.064087
105	163.367065	-179.848907	-192.406631	-82.939636	0.000000	0.000000	7.125000	32.885174	53.120136
106	-376.404419	1233.642700	-57.329082	164.283875	0.000000	0.000000	7.125000	145.379471	-468.502228
107	902.742188	-255.932510	183.599228	-74.120247	0.000000	0.000000	7.125000	-567.415222	229.528061
108	384.214294	-394.239563	127.863312	-147.227127	0.000000	0.000000	7.125000	-155.903229	169.112717
109	-66.200157	405.946350	-188.602417	137.484436	0.000000	0.000000	7.125000	241.831665	-63.852463
110	-557.716797	1187.073853	-99.563751	164.167648	0.000000	0.000000	7.125000	231.223984	-382.003876
111	-883.186890	665.262695	-175.689697	97.602875	0.000000	0.000000	7.125000	335.110321	-129.902618
112	-1038.461060	-0.802414	-225.759430	-31.872814	0.000000	0.000000	7.125000	1066.712158	135.803223
113	7.678530	-467.433960	-80.979195	-154.001877	0.000000	0.000000	7.125000	114.051773	231.761215
114	-682.653076	-1306.913452	-103.159637	-186.333862	0.000000	0.000000	7.125000	243.354156	552.056824
115	1366.918945	224.499954	214.626389	56.691143	0.000000	0.000000	7.125000	-485.928284	-58.482269
116	-1111.478271	-433.883789	-191.047531	-79.680779	0.000000	0.000000	7.125000	332.901978	151.070496
117	737.953491	1273.903809	131.171417	179.098450	0.000000	0.000000	7.125000	-464.478699	-686.175903
118	-88.565430	-858.982422	-67.968140	-192.321259	0.000000	0.000000	7.125000	90.652756	437.342407
119	298.293091	982.671814	13.991772	209.529633	0.000000	0.000000	7.125000	-2.688912	-398.325592
120	-1058.164795	-1445.848145	-146.743774	-174.478210	0.000000	0.000000	7.125000	297.102356	465.168823
121	-215.531158	-154.952286	-153.982544	-87.249298	0.000000	0.000000	7.125000	191.845673	141.102997
122	-888.229614	-690.052002	-126.624481	-96.159920	0.000000	0.000000	7.125000	376.746460	253.166214
123	923.085449	174.379868	196.886780	72.993462	0.000000	0.000000	7.125000	-410.954102	-102.696365
124	73.621872	-803.262329	16.416012	-212.365601	0.000000	0.000000	7.125000	-30.504608	398.491241
125	-1084.388672	624.619995	-181.379059	133.140869	0.000000	0.000000	7.125000	376.793701	-297.013947
126	-988.390137	-724.802490	-171.998566	-120.484413	0.000000	0.000000	7.125000	355.824951	279.560791
127	-106.052322	-558.012817	-24.778690	-172.216812	0.000000	0.000000	7.125000	24.840960	218.079391
128	462.620911	1269.095825	125.149193	211.737549	0.000000	0.000000	7.125000	-259.059174	-653.615295
129	287.601501	1273.375244	32.169613	204.475632	0.000000	0.000000	7.125000	-16.378004	-577.199890
130	1255.003174	266.259888	191.966034	3.458364	0.000000	0.000000	7.125000	-489.121368	11.158598
131	342.009399	-1477.020508	45.471626	-211.153595	0.000000	0.000000	7.125000	-86.697029	606.861206
132	1207.463867	-339.163879	205.128067	-84.890686	0.000000	0.000000	7.125000	-427.911072	143.877884
133	1226.160278	-853.185974	172.844894	-134.480133	0.000000	0.000000	7.125000	-631.773865	574.591614
134	250.325378	-438.644440	98.987396	-167.788300	0.000000	0.000000	7.125000	-55.427979	121.379173
135	-1507.257568	613.876465	-226.113647	80.386383	0.000000	0.000000	7.125000	592.108582	-117.443611
136	-315.015686	-463.305878	-174.275253	-190.072144	0.000000	0.000000	7.125000	133.108719	240.295700
137	-1288.666870	-235.477173	-209.222809	-39.930111	0.000000	0.000000	7.125000	426.812408	27.343870
138	162.463577	1319.094971	14.899057	227.499023	0.000000	0.000000	7.125000	10.710359	-471.451141
139	-1024.744019	-1080.710083	-138.387726	-133.089584	0.000000	0.000000	7.125000	365.668579	330.256378
140	-847.039734	-903.929749	-159.969971	-126.581238	0.000000	0.000000	7.125000	360.295685	226.206238
141	901.819763	-733.322388	164.528351	-115.414551	0.000000	0.000000	7.125000	-378.817261	208.813858
142	78.417915	-1066.920532	-29.479504	-223.042938	0.000000	0.000000	7.125000	11.074381	361.999023
143	385.536041	-973.118408	49.459747	-194.818787	0.000000	0.000000	7.125000	-104.984169	413.620789
144	-963.609497	-1052.631348	-154.486053	-142.243118	0.000000	0.000000	7.125000	296.866058	300.964539
145	-864.200867	-1267.695679	-130.369293	-172.210266	0.000000	0.000000	7.125000	262.641022	314.509796
146	515.339050	895.609192	99.071381	167.952423	0.000000	0.000000	7.125000	-139.294968	-275.493866
147	-1028.682373	86.763031	-200.999451	0.401023	0.000000	0.000000	7.125000	463.834473	-23.002724
148	-905.362305	1268.064819	-125.880211	164.323608	0.000000	0.000000	7.125000	365.404724	-541.762573
149	758.806885	542.340210	157.907455	156.026718	0.000000	0.000000	7.125000	-276.425293	-228.819321
150	-361.717407	742.105225	-94.985168	163.397598	0.000000	0.000000	7.125000	227.779297	-371.180969
151	-464.506073	518.602417	-82.567177	173.339325	0.000000	0.000000	7.125000	136.773071	-247.016098
152	-983.045105	-44.818336	-217.471527	-25.820137	0.000000	0.000000	7.125000	301.053467	30.871496
153	-1091.272705	618.266479	-188.555328	111.365944	0.000000	0.000000	7.125000	1374.094971	-672.261292
154	-296.377411	-863.314026	-97.083466	-182.810471	0.000000	0.000000	7.125000	167.922089	402.781677
155	821.717407	-200.916824	177.410583	-44.863197	0.000000	0.000000	7.125000	-320.359589	82.088997
156	-384.565399	90.160416	-174.883636	71.443665	0.000000	0.000000	7.125000	218.826736	-24.109964
157	829.117004	972.412964	124.262512	183.939087	0.000000	0.000000	7.125000	-269.615448	-520.315430
158	1055.605103	-388.593140	173.753387	-101.045288	0.000000	0.000000	7.125000	-222.266113	150.849304
159	-1303.968140	1212.301514	-169.621338	161.197388	0.000000	0.000000	7.125000	361.040894	-355.176697
160	152.682404	-1106.312988	-19.827030	-233.157791	0.000000	0.000000	7.125000	-8.950623	735.466187
161	-1041.161377	-832.598572	-148.288483	-112.273239	0.000000	0.000000	7.125000	346.604645	249.681442
162	1192.325928	-969.556702	161.171524	-120.097519	0.000000	0.000000	7.125000	-365.743866	250.627197
163	357.540100	-927.482727	67.391144	-170.133545	0.000000	0.000000	7.125000	-132.698303	366.711548
164	-1332.452881	-477.532318	-209.708252	-63.084175	0.000000	0.000000	7.125000	580.763550	155.525589
165	997.280640	-480.233215	199.956024	-40.252666	0.000000	0.000000	7.125000	-433.227539	18.654354
166	-710.774841	-584.012756	-128.858185	-93.147980	0.000000	0.000000	7.125000	356.199188	271.318268
167	-739.262878	-296.503479	-156.425385	-69.009720	0.000000	0.000000	7.125000	449.330078	110.357018
168	605.677246	-472.070801	147.278625	-136.761307	0.000000	0.000000	7.125000	-227.520950	240.829056
169	-1156.109619	-1180.615356	-150.859924	-154.586121	0.000000	0.000000	7.125000	410.346313	423.647705
170	31.113626	914.318848	-11.708080	227.685333	0.000000	0.000000	7.125000	101.636093	-488.277710
171	215.891281	1078.817993	-13.310518	197.549408	0.000000	0.000000	7.125000	39.104866	-428.151062
172	-389.747742	-1129.175049	-92.932571	-208.187363	0.000000	0.000000	7.125000	189.883041	542.729492
173	585.551636	-877.808716	111.219612	-185.156540	0.000000	0.000000	7.125000	-143.357513	318.884308
174	83.801308	784.808228	22.882254	214.784332	0.000000	0.000000	7.125000	-24.479555	-216.445618
175	-810.808105	1161.733765	-111.039200	160.281174	0.000000	0.000000	7.125000	211.189484	-427.539917
176	950.894226	-826.671692	145.349045	-111.186859	0.000000	0.000000	7.125000	-420.782135	285.107880
177	-989.260437	1108.908081	-143.394760	157.500534	0.000000	0.000000	7.125000	311.158386	-337.625946
178	-733.023499	664.848083	-128.305542	206.363129	0.000000	0.000000	7.125000	326.719910	-594.298035
179	-1215.748047	-146.981888	-191.448059	-36.989140	0.000000	0.000000	7.125000	529.761108	41.005386
180	-874.373230	1258.516724	-142.182129	166.568634	0.000000	0.000000	7.125000	286.664948	-384.026978
181	949.423950	-489.155518	168.385040	-92.234367	0.000000	0.000000	7.125000	-527.298096	292.198608
182	-1043.537842	1292.052124	-127.499214	178.044464	0.000000	0.000000	7.125000	452.073822	-835.247192
183	732.147949	1182.762939	85.924141	201.435532	0.000000	0.000000	7.125000	-196.052231	-481.798676
184	-587.908997	703.806396	-156.560089	148.793732	0.000000	0.000000	7.125000	306.167023	-231.585434
185	1180.432617	584.343018	165.746063	108.276337	0.000000	0.000000	7.125000	-402.877258	-196.746780
186	-137.395996	-238.842804	22.525124	-205.661102	0.000000	0.000000	7.125000	-5.246651	181.897308
187	321.761230	1265.096191	65.665237	196.307983	0.000000	0.000000	7.125000	-205.336227	-313.394714
188	479.240723	-777.484131	89.389481	-189.942474	0.000000	0.000000	7.125000	-62.411144	238.948715
189	-1127.541138	-995.654419	-155.868927	-140.728119	0.000000	0.000000	7.125000	651.292297	512.388000
190	-1353.982910	-1251.579712	-221.683136	-126.009125	0.000000	0.000000	7.125000	616.811890	268.704102
191	-1117.647705	1160.373535	-144.138702	160.872726	0.000000	0.000000	7.125000	558.217590	-677.868103
192	-109.264648	-923.714417	-80.497993	-229.269592	0.000000	0.000000	7.125000	116.337128	483.078979
193	828.616577	282.394653	146.150482	99.815224	0.000000	0.000000	7.125000	-380.401428	-188.277344
194	-1217.731445	899.791077	-169.715576	133.612579	0.000000	0.000000	7.125000	531.489380	-352.190430
195	-916.487610	-928.942261	-155.651718	-127.175217	0.000000	0.000000	7.125000	365.165009	304.160553
196	971.464722	1343.575928	108.486679	197.105957	0.000000	0.000000	7.125000	-201.748154	-521.791504
197	248.548721	1433.666138	8.621488	212.817383	0.000000	0.000000	7.125000	5.492780	-513.205994
198	1157.770752	-661.405762	157.890137	-114.433289	0.000000	0.000000	7.125000	-276.102264	194.803452
199	862.192139	-954.379639	152.050888	-157.561142	0.000000	0.000000	7.125000	-243.249374	365.257538
200	1152.504761	408.287018	169.169937	77.308807	0.000000	0.000000	7.125000	-523.185974	-196.199860
201	1487.692871	-281.812805	218.085938	-41.470230	0.000000	0.000000	7.125000	-534.726685	64.436264
202	-1040.041748	300.028564	-184.670258	52.533512	0.000000	0.000000	7.125000	431.979675	-102.494957
203	-648.856873	363.755096	-181.107773	128.378952	0.000000	0.000000	7.125000	273.856598	-168.086349
204	1191.120239	-301.225525	189.595520	-57.033531	0.000000	0.000000	7.125000	-498.347321	111.544594
205	815.440979	1315.651367	104.703629	182.033615	0.000000	0.000000	7.125000	-205.468842	-392.987396
206	163.040192	1025.726685	37.916588	172.882233	0.000000	0.000000	7.125000	-36.665371	-359.138641
207	1052.037720	1318.080200	135.688156	171.894318	0.000000	0.000000	7.125000	-306.451294	-458.892334
208	-1248.674316	799.309937	-216.016556	135.505692	0.000000	0.000000	7.125000	414.333069	-246.159622
209	570.189880	-844.433594	97.687515	-140.331421	0.000000	0.000000	7.125000	-191.347458	345.653229
210	494.674988	1179.116699	52.580173	215.683014	0.000000	0.000000	7.125000	-46.106373	-353.530365
211	-200.224197	-520.351196	-142.266693	-185.753082	0.000000	0.000000	7.125000	149.088303	259.370758
212	1057.936523	1068.663696	134.300339	165.324661	0.000000	0.000000	7.125000	-299.658417	-382.748047
213	-758.195862	1021.631714	-145.659058	155.359528	0.000000	0.000000	7.125000	517.518616	-354.770660
214	-674.830811	-1075.076782	-113.295029	-128.074112	0.000000	0.000000	7.125000	279.580811	419.762482
215	1138.847534	1059.987427	142.791565	132.796951	0.000000	0.000000	7.125000	-404.914520	-376.636627
216	592.960083	1393.064209	81.751373	199.916992	0.000000	0.000000	7.125000	-147.231995	-501.124878
217	-450.451752	766.346680	-94.420753	184.203247	0.000000	0.000000	7.125000	175.576508	-296.551880
218	377.496979	423.481934	126.184158	156.454803	0.000000	0.000000	7.125000	-168.922119	-193.002106
219	-109.764244	244.529785	-161.203674	119.424347	0.000000	0.000000	7.125000	173.503677	-35.218941
220	-1198.265625	-753.697937	-171.083954	-105.490723	0.000000	0.000000	7.125000	483.754913	255.255234
221	193.668716	118.696220	40.649509	165.939575	0.000000	0.000000	7.125000	5.912709	-108.860100
222	-1265.628174	-8.765541	-207.165070	-34.374161	0.000000	0.000000	7.125000	701.544922	66.830322
223	314.499756	-859.073914	64.900459	-193.392075	0.000000	0.000000	7.125000	-91.965126	361.082886
224	-944.023376	-703.926392	-194.351898	-94.230789	0.000000	0.000000	7.125000	316.463318	143.686859
225	-353.626343	683.340881	-79.813499	184.465118	0.000000	0.000000	7.125000	133.298218	-319.869080
226	-854.383240	656.990540	-130.930634	114.589569	0.000000	0.000000	7.125000	285.816406	-221.042587
227	-778.824951	-1075.222290	-114.170410	-139.121796	0.000000	0.000000	7.125000	264.192169	495.907196
228	640.427246	-431.130219	158.413788	-137.854340	0.000000	0.000000	7.125000	-152.677658	138.502518
229	761.004517	735.593872	145.416718	120.625809	0.000000	0.000000	7.125000	-496.704590	-227.439987
230	-329.400085	1020.729675	-72.421295	171.320816	0.000000	0.000000	7.125000	116.323822	-275.668030
231	562.183838	-1247.648071	90.924194	-179.242981	0.000000	0.000000	7.125000	-160.705902	411.214172
232	665.229919	-1078.986938	100.684547	-156.380707	0.000000	0.000000	7.125000	-311.807129	665.492798
233	1166.995117	-286.990112	210.970428	-58.753941	0.000000	0.000000	7.125000	-464.835938	130.282501
234	648.754639	-775.944336	131.888611	-131.091858	0.000000	0.000000	7.125000	-185.005020	287.544891
235	1141.159546	479.833344	173.953796	88.088097	0.000000	0.000000	7.125000	-463.051147	-164.033539
236	-79.265083	-147.097275	-182.959549	-81.380829	0.000000	0.000000	7.125000	92.806229	70.973633
237	-422.831848	78.058403	-186.816162	55.510170	0.000000	0.000000	7.125000	256.424683	-7.528495
238	1154.019531	1176.265747	148.623428	156.735519	0.000000	0.000000	7.125000	-323.045227	-363.600281
239	732.466553	-1021.805725	98.762787	-164.599091	0.000000	0.000000	7.125000	-193.345474	432.944519
240	-621.353149	-1135.357788	-119.687004	-183.358597	0.000000	0.000000	7.125000	186.302322	434.979797
241	1051.275879	-26.629629	196.560852	-23.821690	0.000000	0.000000	7.125000	-385.553375	56.576176
242	1159.042603	923.102295	140.231750	135.499268	0.000000	0.000000	7.125000	-357.572601	-322.737396
243	43.148964	214.690399	-47.038216	188.519562	0.000000	0.000000	7.125000	36.964073	-70.732887
244	-492.628876	-662.754089	-134.446564	-137.002258	0.000000	0.000000	7.125000	207.589706	314.446442
245	-439.190704	585.109436	-186.077118	182.999130	0.000000	0.000000	7.125000	228.488510	-170.477402
246	-1050.126831	-1004.467407	-137.460739	-134.046051	0.000000	0.000000	7.125000	372.175110	350.349701
247	888.781128	785.270081	122.236343	170.757690	0.000000	0.000000	7.125000	-202.428848	-332.491608
248	-927.690491	501.562836	-196.908600	53.316254	0.000000	0.000000	7.125000	438.810699	-144.698486
249	-705.438843	1193.951782	-126.257248	175.257202	0.000000	0.000000	7.125000	263.058838	-383.472137
250	966.183472	-965.717285	168.169800	-135.551727	0.000000	0.000000	7.125000	-328.695099	239.311569
251	215.732544	-774.558716	125.322632	-157.134537	0.000000	0.000000	7.125000	-176.028320	179.339401
252	404.939056	939.016479	57.447205	145.027313	0.000000	0.000000	7.125000	-107.680702	-415.364594
253	1383.479004	401.008301	226.845490	57.399323	0.000000	0.000000	7.125000	-512.603088	-80.816795
254	1256.368164	443.360962	212.650574	90.180328	0.000000	0.000000	7.125000	-522.788696	-127.973625
255	543.348938	-1117.913330	99.216766	-188.471451	0.000000	0.000000	7.125000	-195.895630	444.869019
256	1199.002441	51.596439	230.997131	0.657715	0.000000	0.000000	7.125000	-491.858429	8.489758
257	395.511841	727.977173	62.888046	136.159622	0.000000	0.000000	7.125000	-95.301758	-274.089813
258	-68.517944	-1179.932983	-38.676029	-188.061005	0.000000	0.000000	7.125000	67.036057	471.564392
259	-354.374512	490.377655	-118.833923	154.596481	0.000000	0.000000	7.125000	203.207306	-215.138077
260	-619.559326	607.142212	-105.259705	174.650528	0.000000	0.000000	7.125000	203.018860	-233.194397
261	-536.401245	-169.637512	-177.455490	-73.271713	0.000000	0.000000	7.125000	221.415878	119.639709
262	693.612549	-1162.082031	112.149063	-177.521606	0.000000	0.000000	7.125000	-183.127136	370.340607
263	-582.842651	1334.815552	-107.325165	197.740845	0.000000	0.000000	7.125000	241.482117	-544.078796
264	568.324036	-119.746643	221.410736	-14.961142	0.000000	0.000000	7.125000	-242.846375	71.269821
265	891.428955	-16.717773	193.637756	22.878960	0.000000	0.000000	7.125000	-355.140594	4.779937
266	404.259705	-318.273651	174.434738	-80.220123	0.000000	0.000000	7.125000	-333.815918	222.304398
267	1305.113770	-223.960663	221.176788	-66.385460	0.000000	0.000000	7.125000	-604.419312	89.944679
268	-256.929138	865.005554	-78.765244	184.917587	0.000000	0.000000	7.125000	117.822571	-387.787781
269	1467.437622	-724.193726	199.936066	-96.458580	0.000000	0.000000	7.125000	-521.808777	177.523651
270	-194.221893	366.664825	-34.406319	158.160416	0.000000	0.000000	7.125000	31.649534	-101.036079
271	-394.707397	-919.277832	-87.405998	-226.718079	0.000000	0.000000	7.125000	111.858765	289.933563
272	-780.394592	-1204.683594	-118.406342	-162.382904	0.000000	0.000000	7.125000	226.318741	396.369537
273	-1395.502075	213.196457	-227.418335	40.520149	0.000000	0.000000	7.125000	542.049133	-83.483871
274	-869.889160	-387.909271	-211.039551	-46.002224	0.000000	0.000000	7.125000	501.712585	76.548737
275	-758.206177	201.198517	-213.578522	32.252125	0.000000	0.000000	7.125000	341.421906	-49.498394
276	-1001.798035	327.083038	-183.340759	45.899284	0.000000	0.000000	7.125000	373.106720	-73.993958
277	1384.150635	1162.366455	173.147705	152.893860	0.000000	0.000000	7.125000	-485.121094	-332.152924
278	324.135468	-1005.570312	102.628860	-176.297180	0.000000	0.000000	7.125000	-168.854141	355.586823
279	1047.568848	-725.721863	192.701645	-97.564934	0.000000	0.000000	7.125000	-403.440552	176.009094
280	916.703430	576.138489	194.359589	124.819626	0.000000	0.000000	7.125000	-392.950745	-228.200134
281	1181.511475	-232.371582	210.297729	-49.267586	0.000000	0.000000	7.125000	-557.913208	94.829094
282	-1218.762451	686.017273	-176.709686	101.928391	0.000000	0.000000	7.125000	437.859314	-263.703278
283	943.534729	-271.910858	186.750336	-44.588028	0.000000	0.000000	7.125000	-611.919250	106.428719
284	232.929092	632.419617	36.568813	182.369278	0.000000	0.000000	7.125000	-69.650185	-258.882904
285	476.562866	-1426.162842	80.069237	-200.587036	0.000000	0.000000	7.125000	-136.398773	565.283142
286	-38.928085	-1272.933838	-43.449890	-214.643433	0.000000	0.000000	7.125000	57.388466	438.555054
287	-429.804962	393.006866	-184.105392	87.866982	0.000000	0.000000	7.125000	160.883133	-48.923748
288	-629.473877	-291.344604	-139.491760	-46.363129	0.000000	0.000000	7.125000	312.040924	58.374825
289	-1112.940552	-731.878967	-205.055969	-99.660233	0.000000	0.000000	7.125000	281.530273	130.019882
290	1140.266724	-359.113068	251.254913	-58.481888	0.000000	0.000000	7.125000	-678.218994	8.348207
291	965.660889	1317.797852	135.344284	168.328629	0.000000	0.000000	7.125000	-287.826416	-442.050751
292	-1057.553101	740.563416	-152.058304	101.770309	0.000000	0.000000	7.125000	467.310059	-206.256332
293	1185.198486	463.825500	182.666656	83.843231	0.000000	0.000000	7.125000	-494.389435	-152.846375
294	-1037.304932	590.264893	-182.922638	90.297226	0.000000	0.000000	7.125000	394.133911	-145.407318
295	1083.317261	705.244263	151.099487	86.232910	0.000000	0.000000	7.125000	-547.821533	-188.265564
296	-474.178101	1005.690918	-73.670433	196.649475	0.000000	0.000000	7.125000	130.036469	-446.344971
297	-880.296875	-312.732391	-216.104385	-50.749424	0.000000	0.000000	7.125000	533.928650	113.947418
298	367.301544	1366.975586	45.610306	208.057785	0.000000	0.000000	7.125000	-102.714272	-513.863403
299	1037.475708	-950.435547	146.807495	-141.612198	0.000000	0.000000	7.125000	-250.750793	297.555298
300	913.595642	447.588135	255.711502	51.984261	0.000000	0.000000	7.125000	-429.721130	-23.994722
301	-648.177124	-620.852722	-96.806122	-102.507843	0.000000	0.000000	7.125000	459.387726	613.144165
302	665.777710	-143.455170	227.457397	14.958427	0.000000	0.000000	7.125000	-645.867859	75.390526
303	535.816833	832.727417	106.944908	148.493225	0.000000	0.000000	7.125000	-147.936096	-248.778839
304	1194.693604	1084.493164	159.926529	166.685944	0.000000	0.000000	7.125000	-361.209595	-397.046204
305	-665.042236	753.995422	-158.788605	107.933540	0.000000	0.000000	7.125000	363.843475	-221.802856
306	-352.127777	-1060.797607	-56.824448	-167.614182	0.000000	0.000000	7.125000	115.290070	551.682739
307	566.237793	-415.899658	155.056442	-137.094604	0.000000	0.000000	7.125000	-257.475647	210.505325
308	1222.056641	147.727722	209.268677	17.346098	0.000000	0.000000	7.125000	-485.511871	1.719222
309	-1446.009766	1207.662842	-176.084045	171.782379	0.000000	0.000000	7.125000	331.559540	-373.449280
310	-517.722412	-1546.509399	-100.567642	-201.226746	0.000000	0.000000	7.125000	142.634857	523.735107
311	981.449951	365.554230	207.320435	94.801682	0.000000	0.000000	7.125000	-367.313110	-98.612450
312	981.073120	1321.557007	140.656708	167.856689	0.000000	0.000000	7.125000	-302.116302	-390.810760
313	-1356.958984	182.595306	-206.962860	-3.905313	0.000000	0.000000	7.125000	532.926147	-2.146946
314	1473.175903	1347.867188	202.334625	183.267075	0.000000	0.000000	7.125000	-422.999023	-342.946716
315	419.082458	426.407898	117.992706	139.704575	0.000000	0.000000	7.125000	-339.901550	-201.546005
316	-568.441650	957.428345	-31.343956	250.022980	0.000000	0.000000	7.125000	83.577309	-455.605133
317	857.192749	-970.179199	132.027985	-130.996445	0.000000	0.000000	7.125000	-248.669434	328.147156
318	-426.699341	412.120758	-142.214142	119.809525	0.000000	0.000000	7.125000	188.209717	-98.248749
319	1188.305054	-579.336670	165.395599	-78.284149	0.000000	0.000000	7.125000	-476.856598	157.128357
320	-88.674377	-1062.116455	28.827236	-201.952606	0.000000	0.000000	7.125000	-115.832169	512.784912
321	1392.905396	1185.853760	180.801971	143.734436	0.000000	0.000000	7.125000	-474.415222	-269.731537
322	-644.256592	343.213959	-162.494720	84.158966	0.000000	0.000000	7.125000	257.956421	-137.769165
323	-437.117523	-788.063599	-80.052544	-123.276375	0.000000	0.000000	7.125000	343.362061	715.798584
324	-799.268555	-727.197998	-159.835922	-111.699219	0.000000	0.000000	7.125000	348.052399	253.013138
325	-1128.626831	-167.053467	-180.952972	-27.226936	0.000000	0.000000	7.125000	192.653214	25.165457
326	-651.110107	806.871704	-95.960388	159.320694	0.000000	0.000000	7.125000	233.556183	-505.294647
327	-1220.516479	-1149.255005	-189.674835	-131.848495	0.000000	0.000000	7.125000	875.998413	567.189148
328	716.814453	-1148.399048	120.618637	-182.785095	0.000000	0.000000	7.125000	-560.489441	878.151672
329	455.694580	677.449402	122.130707	144.208603	0.000000	0.000000	7.125000	-212.548843	-205.538788
330	1394.092896	-535.086426	199.176788	-66.511391	0.000000	0.000000	7.125000	-523.576172	115.000740
331	-463.078461	-121.654190	-197.913300	-99.885284	0.000000	0.000000	7.125000	149.581345	136.672287
332	-1068.819092	-610.687378	-177.261566	-118.096008	0.000000	0.000000	7.125000	281.300507	199.374313
333	45.545300	-26.069086	209.272247	28.587818	0.000000	0.000000	7.125000	-115.420227	102.386017
334	1061.651489	280.357452	210.923279	46.466522	0.000000	0.000000	7.125000	-437.686462	-53.222580
335	630.358521	66.859032	135.998245	-23.416517	0.000000	0.000000	7.125000	-204.664764	64.484573
336	745.677307	749.183594	149.052170	139.257568	0.000000	0.000000	7.125000	-347.782837	-241.006851
337	-450.552002	-1351.265869	-59.583492	-191.952042	0.000000	0.000000	7.125000	100.016380	546.925964
338	-175.737350	358.203247	-133.613922	111.306000	0.000000	0.000000	7.125000	174.429092	-71.965538
339	-1046.682373	226.115387	-196.532593	42.141613	0.000000	0.000000	7.125000	426.909332	-115.161560
340	1038.018921	-924.456299	166.946396	-141.735626	0.000000	0.000000	7.125000	-495.365356	529.681641
341	-1448.551514	-999.742676	-198.306732	-135.181503	0.000000	0.000000	7.125000	318.867035	185.124176
342	-1371.185303	-1201.224609	-169.849548	-152.099976	0.000000	0.000000	7.125000	439.214844	350.618378
343	-373.014526	812.903564	-88.299721	167.104553	0.000000	0.000000	7.125000	174.069656	-324.384186
344	-838.803894	-1221.066040	-113.895546	-161.915833	0.000000	0.000000	7.125000	237.003021	541.734924
345	-71.752602	-884.493774	0.088629	-164.994675	0.000000	0.000000	7.125000	-20.339634	301.885773
346	-800.163452	1127.183228	-71.911888	200.493591	0.000000	0.000000	7.125000	156.710648	-422.560669
347	274.546539	163.957611	222.129074	33.266010	0.000000	0.000000	7.125000	-112.645943	3.471994
348	-866.723083	-883.099243	-137.939423	-129.162354	0.000000	0.000000	7.125000	248.464813	322.959961
349	-1107.758057	-953.391113	-144.976456	-130.406693	0.000000	0.000000	7.125000	250.156616	180.610687
350	823.646057	1118.395386	167.954987	183.822952	0.000000	0.000000	7.125000	-313.490479	-351.592621
351	-70.309425	-25.762196	87.878647	167.311493	0.000000	0.000000	7.125000	-80.196274	-63.470367
352	524.731323	1043.297852	46.567619	186.267120	0.000000	0.000000	7.125000	-76.368477	-421.617645
353	259.302551	1340.287964	31.536854	192.429749	0.000000	0.000000	7.125000	-86.919502	-479.699036
354	-128.321945	735.117188	-35.482910	194.736420	0.000000	0.000000	7.125000	110.650536	-242.929642
355	256.240997	-532.012024	79.746239	-190.870087	0.000000	0.000000	7.125000	-19.675827	214.507248
356	1205.219238	72.199860	211.317139	44.582203	0.000000	0.000000	7.125000	-448.985016	-15.133450
357	-44.584751	903.910767	-2.558330	176.977066	0.000000	0.000000	7.125000	24.549707	-391.534821
358	346.297302	1022.751831	84.014175	195.726517	0.000000	0.000000	7.125000	-170.181580	-411.688995
359	532.966492	1215.066406	121.509453	192.915497	0.000000	0.000000	7.125000	-164.964813	-366.002869
360	996.478882	-869.854919	152.532288	-126.243744	0.000000	0.000000	7.125000	-406.260071	407.813354
361	1554.979370	-1115.862915	220.636444	-127.810066	0.000000	0.000000	7.125000	-572.235657	254.531097
362	-1104.747803	130.543121	-191.818115	35.063877	0.000000	0.000000	7.125000	444.450500	-83.642502
363	738.223267	-824.226807	167.005341	-150.677902	0.000000	0.000000	7.125000	-217.534592	314.204834
364	897.898438	696.054932	130.547424	136.665314	0.000000	0.000000	7.125000	-297.000916	-390.462921
365	-219.815308	558.722351	-175.532715	120.545105	0.000000	0.000000	7.125000	208.118622	-61.289558
366	400.963135	1297.954346	66.133896	205.625092	0.000000	0.000000	7.125000	-66.923401	-431.250671
367	-892.154175	-683.504089	-160.422546	-135.494507	0.000000	0.000000	7.125000	367.748444	430.367279
368	871.396729	838.583130	160.173401	135.767273	0.000000	0.000000	7.125000	-263.481781	-166.229477
369	-706.945801	-764.811646	-143.236755	-132.197617	0.000000	0.000000	7.125000	54.658901	129.993546
370	-197.345261	807.124268	-27.802570	202.073822	0.000000	0.000000	7.125000	93.430550	-317.787689
371	294.757355	-246.590042	115.443115	-178.984833	0.000000	0.000000	7.125000	-188.131790	217.572128
372	-316.543091	-1458.447021	-52.796791	-215.626236	0.000000	0.000000	7.125000	81.202538	500.399353
373	-748.736816	-1347.867920	-99.721954	-205.004761	0.000000	0.000000	7.125000	136.008881	497.559540
374	896.848267	1041.932495	126.114594	136.711334	0.000000	0.000000	7.125000	-325.991730	-399.316681
375	1182.830566	805.460144	160.740570	139.753204	0.000000	0.000000	7.125000	-347.271942	-288.282806
376	-1160.350098	1098.611450	-187.460739	168.368378	0.000000	0.000000	7.125000	334.655334	-256.142853
377	-1572.796387	-962.687805	-221.863617	-113.020988	0.000000	0.000000	7.125000	526.768066	205.592224
378	-346.718323	912.534851	-75.773407	195.831482	0.000000	0.000000	7.125000	73.337807	-240.418198
379	-21.744062	-898.242310	22.156544	-175.605377	0.000000	0.000000	7.125000	1.310626	351.968719
380	263.235413	1590.440186	48.542889	244.180603	0.000000	0.000000	7.125000	-102.275597	-644.983643
381	556.164307	-723.389526	130.455109	-144.859009	0.000000	0.000000	7.125000	-189.538284	349.818970
382	901.898560	1173.108276	120.964783	160.523483	0.000000	0.000000	7.125000	-275.220947	-388.515411
383	-109.910660	240.840393	-71.675316	164.868378	0.000000	0.000000	7.125000	121.008156	-81.520149
384	602.855469	380.370544	160.526047	144.371475	0.000000	0.000000	7.125000	-287.174957	-159.515778
385	880.716064	-1063.543091	150.126373	-138.113159	0.000000	0.000000	7.125000	-325.062988	338.529175
386	-127.454071	-187.425034	-74.919617	-179.288361	0.000000	0.000000	7.125000	-4.753249	144.740417
387	-154.565186	1233.887207	5.268522	221.924713	0.000000	0.000000	7.125000	20.161718	-473.575745
388	385.118652	825.454468	43.651253	193.128296	0.000000	0.000000	7.125000	-84.483932	-404.089630
389	1060.507446	5.251462	170.995819	-0.736662	0.000000	0.000000	7.125000	-439.218933	17.388308
390	554.325317	754.996399	125.374985	141.428558	0.000000	0.000000	7.125000	-301.144043	-282.898926
391	-444.633453	1178.344849	-91.869728	198.797745	0.000000	0.000000	7.125000	194.107086	-415.108887
392	366.954346	-572.114807	109.714294	-168.414627	0.000000	0.000000	7.125000	-306.807220	395.750336
393	-581.619202	1188.372070	-98.921631	150.364044	0.000000	0.000000	7.125000	217.183899	-487.479706
394	-988.273804	551.886414	-170.633987	100.422211	0.000000	0.000000	7.125000	291.837982	-150.990494
395	-1023.501953	647.011292	-176.017151	114.531372	0.000000	0.000000	7.125000	382.222046	-296.164093
396	273.623718	1059.911987	64.376625	196.734955	0.000000	0.000000	7.125000	-143.816116	-385.022217
397	1549.748779	-349.304565	251.157990	-20.582767	0.000000	0.000000	7.125000	-617.977051	31.470474
398	874.800598	-262.021057	179.296371	-49.479427	0.000000	0.000000	7.125000	-341.329803	113.518501
399	-1150.719238	-168.821472	-200.273224	17.010929	0.000000	0.000000	7.125000	420.755676	-53.237644
400	-1016.124268	1287.405151	-140.459991	160.121735	0.000000	0.000000	7.125000	312.991425	-421.155426
401	767.990479	220.255478	200.097290	72.813995	0.000000	0.000000	7.125000	-271.274139	-45.697666
402	-169.476898	-888.315186	-36.771935	-200.658203	0.000000	0.000000	7.125000	49.746990	416.373077
403	-244.231903	-1099.910522	-13.874647	-158.392883	0.000000	0.000000	7.125000	30.166098	486.065918
404	1176.359863	-353.239044	169.699051	-38.434753	0.000000	0.000000	7.125000	-482.893707	72.700851
405	92.595810	421.262146	4.343564	191.910492	0.000000	0.000000	7.125000	73.872467	-339.064789
406	-1043.601562	796.785400	-158.472534	155.468506	0.000000	0.000000	7.125000	612.497437	-683.636353
407	359.130768	960.482666	110.088623	213.148499	0.000000	0.000000	7.125000	-159.810669	-425.572693
408	-898.545044	862.259827	-148.246841	144.470963	0.000000	0.000000	7.125000	184.709030	-133.242004
409	866.096924	-511.203430	154.294479	-124.012466	0.000000	0.000000	7.125000	-210.790619	223.480209
410	-63.703686	1100.990723	19.924511	196.989960	0.000000	0.000000	7.125000	-1.072766	-588.865845
411	-1544.092041	-760.467285	-196.210663	-132.925308	0.000000	0.000000	7.125000	953.819397	567.456604
412	792.424988	1213.921265	106.354897	163.437485	0.000000	0.000000	7.125000	-232.475555	-420.139252
413	404.593567	387.119995	136.421448	147.550232	0.000000	0.000000	7.125000	-185.568954	-115.024712
414	-395.782104	416.916321	-94.405212	173.993591	0.000000	0.000000	7.125000	230.447739	-321.300385
415	-924.663086	30.103601	-215.068756	-19.823013	0.000000	0.000000	7.125000	769.666016	-6.694809
416	331.438538	687.856201	62.846985	122.853844	0.000000	0.000000	7.125000	-140.516052	-283.978912
417	-1329.592773	-872.951721	-165.238358	-129.600021	0.000000	0.000000	7.125000	420.466858	319.487946
418	-1298.462158	-3.126785	-206.992889	-1.609689	0.000000	0.000000	7.125000	545.383667	-28.939821
419	-1027.219482	-1287.653198	-142.917618	-185.265762	0.000000	0.000000	7.125000	310.894135	515.321106
420	903.096191	132.118240	153.347168	60.837654	0.000000	0.000000	7.125000	-414.103088	-124.469086
421	716.683228	-1415.108643	115.647629	-178.859009	0.000000	0.000000	7.125000	-219.008316	417.184143
422	-191.201828	-309.707153	-61.743851	-172.262085	0.000000	0.000000	7.125000	52.226463	157.662201
423	1339.949707	536.362793	226.594788	95.705765	0.000000	0.000000	7.125000	-423.248962	-123.228584
424	-743.221130	219.811615	-188.874039	68.722214	0.000000	0.000000	7.125000	304.380066	-83.810127
425	1311.755127	656.787842	166.248428	112.950287	0.000000	0.000000	7.125000	-338.236389	-175.028885
426	51.414032	1078.192749	-2.603148	179.981094	0.000000	0.000000	7.125000	6.551872	-502.687744
427	1449.156616	-623.189697	204.509033	-78.324432	0.000000	0.000000	7.125000	-513.159180	158.120071
428	1315.919434	118.963120	176.908859	46.614258	0.000000	0.000000	7.125000	-201.086304	-41.974983
429	1616.795410	-675.676453	233.131714	-78.497200	0.000000	0.000000	7.125000	-433.168549	105.405052
430	-395.411072	-1242.773926	-85.068130	-201.802002	0.000000	0.000000	7.125000	131.744492	414.078003
431	802.954773	-1132.649780	102.384926	-151.675049	0.000000	0.000000	7.125000	-239.684616	385.452728
432	-1347.673340	753.454590	-162.662048	118.044312	0.000000	0.000000	7.125000	705.120300	-300.588165
433	-671.694824	-1129.708130	-123.797592	-162.111572	0.000000	0.000000	7.125000	68.503586	378.613434
434	-607.170227	-472.839294	-134.324173	-137.180725	0.000000	0.000000	7.125000	183.378952	211.724884
435	-1205.589844	-867.312561	-187.806534	-154.194061	0.000000	0.000000	7.125000	299.502991	241.801941
436	-1294.535767	941.050049	-151.762527	136.319473	0.000000	0.000000	7.125000	401.764282	-332.219421
437	-565.687683	-269.292236	-196.604980	-23.166954	0.000000	0.000000	7.125000	285.958038	76.940598
438	-592.177002	-1387.545654	-65.145454	-240.325958	0.000000	0.000000	7.125000	105.430191	513.963989
439	-1109.190063	394.831787	-207.829315	86.154755	0.000000	0.000000	7.125000	494.892212	-134.464569
440	327.650146	-1133.052979	76.758873	-169.384644	0.000000	0.000000	7.125000	-146.298309	497.050018
441	-24.812462	-932.607727	-19.439739	-191.005615	0.000000	0.000000	7.125000	56.792072	251.222717
442	-1139.102295	37.062935	-182.370789	-15.133079	0.000000	0.000000	7.125000	484.966400	18.844065
443	-34.825066	-1185.787842	1.147443	-164.992676	0.000000	0.000000	7.125000	28.933823	526.199951
444	-1323.480713	-163.897125	-224.536484	-14.430613	0.000000	0.000000	7.125000	807.209656	63.492092
445	-579.728149	-160.268311	-214.947083	-76.032288	0.000000	0.000000	7.125000	250.747421	101.333778
446	270.473541	-1055.382324	71.233421	-194.339081	0.000000	0.000000	7.125000	-119.166267	505.040314
447	140.979095	631.010071	-6.781924	212.888672	0.000000	0.000000	7.125000	-2.715192	-186.064484
448	1364.478271	507.461426	191.462097	70.386108	0.000000	0.000000	7.125000	-504.366211	-122.319138
449	1170.577148	-563.270081	228.056412	-132.973419	0.000000	0.000000	7.125000	-309.699371	162.721420
450	-1343.252441	1183.507324	-169.959656	156.441727	0.000000	0.000000	7.125000	355.390045	-330.411652
451	143.930878	-1518.624756	28.868038	-217.088943	0.000000	0.000000	7.125000	-70.247368	593.842529
452	1008.421631	851.739685	146.493683	128.698685	0.000000	0.000000	7.125000	-360.566711	-276.991058
453	-36.332088	-710.797729	8.385403	-224.836411	0.000000	0.000000	7.125000	-78.730820	416.229095
454	1415.450073	524.178711	214.226471	58.196865	0.000000	0.000000	7.125000	-461.646210	-70.671768
455	1197.067261	453.875153	180.795197	64.584061	0.000000	0.000000	7.125000	-460.986938	-94.003433
456	756.374817	-333.361450	217.208099	-87.036545	0.000000	0.000000	7.125000	-246.781952	73.259499
457	1016.676208	243.927017	161.752319	108.889633	0.000000	0.000000	7.125000	-535.042725	-235.561127
458	1101.764893	-452.994873	178.753250	-61.378700	0.000000	0.000000	7.125000	-388.586029	48.930332
459	669.073059	1333.733887	95.367607	183.690536	0.000000	0.000000	7.125000	-147.154037	-432.792023
460	647.582764	-810.638000	100.176376	-119.583717	0.000000	0.000000	7.125000	-227.983521	316.894348
461	-330.360413	-111.595802	-188.785095	-59.355484	0.000000	0.000000	7.125000	194.838715	94.019714
462	-711.722290	813.165527	-84.526573	134.670822	0.000000	0.000000	7.125000	186.790909	-336.109131
463	-1246.210205	-845.688049	-186.222168	-136.683090	0.000000	0.000000	7.125000	385.896179	263.570099
464	384.033813	1142.031250	42.138477	184.242645	0.000000	0.000000	7.125000	-66.613434	-432.548187
465	241.764893	281.957581	88.430008	153.291504	0.000000	0.000000	7.125000	-57.208279	-176.127869
466	664.600952	-827.121948	117.991821	-123.745758	0.000000	0.000000	7.125000	-235.209106	332.590149
467	280.720947	783.720215	120.864166	200.353577	0.000000	0.000000	7.125000	-161.286743	-270.015411
468	1316.654297	-882.885498	176.991287	-123.807266	0.000000	0.000000	7.125000	-455.237732	267.210144
469	-1077.807129	1048.730713	-145.554474	138.616547	0.000000	0.000000	7.125000	679.115417	-664.808289
470	761.060791	1066.256958	93.624931	157.231628	0.000000	0.000000	7.125000	-201.025665	-411.333496
471	61.150055	-60.768097	168.621811	-26.920597	0.000000	0.000000	7.125000	-118.703201	126.787010
472	-343.885925	-90.352379	-202.215363	-56.498859	0.000000	0.000000	7.125000	213.898911	88.710930
473	-732.329468	-664.472412	-139.516068	-127.353012	0.000000	0.000000	7.125000	299.170258	392.397766
474	884.747559	1315.534058	117.241669	170.590561	0.000000	0.000000	7.125000	-274.140137	-457.759644
475	-825.538391	397.927307	-171.217834	116.244156	0.000000	0.000000	7.125000	388.884003	-186.983841
476	-1199.782471	424.735077	-194.778046	70.031891	0.000000	0.000000	7.125000	481.872589	-111.924721
477	-914.980957	-610.496094	-175.820358	-91.048851	0.000000	0.000000	7.125000	229.177795	144.167831
478	314.512390	-596.666626	67.123131	-230.330505	0.000000	0.000000	7.125000	-51.788193	331.056763
479	334.506226	-1098.836670	43.144402	-226.935150	0.000000	0.000000	7.125000	-79.552505	466.529999
480	-998.727539	-1211.003662	-138.627960	-184.737213	0.000000	0.000000	7.125000	215.758911	425.060059
481	690.512695	-1500.130859	126.692528	-193.153381	0.000000	0.000000	7.125000	-203.429565	322.140411
482	-816.834839	-419.255646	-203.789215	-61.940086	0.000000	0.000000	7.125000	308.223175	111.514481
483	658.854370	-724.350952	148.677521	-111.761681	0.000000	0.000000	7.125000	-349.378967	258.126068
484	263.856201	1251.165405	62.742756	234.755295	0.000000	0.000000	7.125000	-197.624512	-539.193665
485	-921.130371	-501.549988	-196.862228	-81.327370	0.000000	0.000000	7.125000	302.050476	112.133766
486	1077.493896	902.796814	154.687164	146.412781	0.000000	0.000000	7.125000	-252.717758	-198.832169
487	1037.165771	-800.312622	168.374725	-125.485825	0.000000	0.000000	7.125000	-407.786560	264.902771
488	-429.543884	-1005.139587	-85.173149	-165.328735	0.000000	0.000000	7.125000	179.561554	512.304932
489	83.786522	-1482.823730	-3.712417	-242.971191	0.000000	0.000000	7.125000	20.405287	549.609741
490	-1090.039795	750.538696	-166.068069	96.359833	0.000000	0.000000	7.125000	406.510834	-245.315811
491	714.665894	-700.984741	111.388046	-117.599152	0.000000	0.000000	7.125000	-237.445053	342.145386
492	-279.461731	1132.357056	-39.079525	169.554672	0.000000	0.000000	7.125000	98.083504	-456.622223
493	-9.203075	1398.895264	1.314104	212.993652	0.000000	0.000000	7.125000	16.089659	-469.715881
494	-519.349609	-1342.471802	-92.682098	-181.719086	0.000000	0.000000	7.125000	375.578217	998.293396
495	-1175.515503	-198.248657	-212.995026	-1.275332	0.000000	0.000000	7.125000	513.184875	8.330838
496	-662.639893	859.950378	-108.449562	147.403168	0.000000	0.000000	7.125000	249.856216	-353.850311
497	265.354736	89.770493	180.047623	-54.625748	0.000000	0.000000	7.125000	-83.433739	119.828178
498	-634.538269	-195.403198	-173.677094	-112.593613	0.000000	0.000000	7.125000	229.343262	168.152405
499	684.994141	1296.240967	113.578247	197.689819	0.000000	0.000000	7.125000	-267.387268	-532.802429
500	-560.747803	1081.457275	-92.401855	164.867859	0.000000	0.000000	7.125000	221.825058	-463.443024
501	-597.713562	-1390.808960	-88.726128	-203.422913	0.000000	0.000000	7.125000	96.817238	465.365631
502	587.614258	-1154.608032	122.385941	-155.618500	0.000000	0.000000	7.125000	-228.695114	346.688293
503	-701.681580	-1571.955444	-106.695702	-241.381592	0.000000	0.000000	7.125000	124.348045	587.465210
504	-711.381287	667.696106	-118.892731	146.903046	0.000000	0.000000	7.125000	206.162750	-252.100372
505	-811.213562	-342.799042	-207.164017	-87.791725	0.000000	0.000000	7.125000	330.117828	80.036667
506	-47.915169	-1184.717773	8.628480	-179.793060	0.000000	0.000000	7.125000	-24.024019	513.141846
507	-12.259412	1130.778198	21.943596	211.864349	0.000000	0.000000	7.125000	-38.453705	-335.419128
508	1158.352417	-992.904663	139.168121	-132.272614	0.000000	0.000000	7.125000	-347.303467	343.726013
509	1065.382568	-597.406494	172.802460	-113.946381	0.000000	0.000000	7.125000	-438.661652	215.860809
510	-1082.341064	1264.522705	-131.303680	167.712646	0.000000	0.000000	7.125000	303.516937	-427.851105
511	662.787476	-919.386719	181.886734	-132.320419	0.000000	0.000000	7.125000	-366.460693	316.901581
512	958.351990	-283.222443	168.268616	-79.253799	0.000000	0.000000	7.125000	-418.458344	168.552811
513	733.724976	-744.348145	145.285843	-138.864761	0.000000	0.000000	7.125000	-268.122131	376.773071
514	635.041321	204.028656	197.424347	51.238056	0.000000	0.000000	7.125000	-306.240234	-24.944639
515	-713.729126	1008.976379	-107.396988	133.066696	0.000000	0.000000	7.125000	256.666260	-341.707275
516	-183.998169	-202.287827	19.987190	-184.758560	0.000000	0.000000	7.125000	-2.017644	144.826584
517	-1302.855469	-694.686584	-188.410751	-85.701775	0.000000	0.000000	7.125000	458.878998	150.055069
518	224.392151	-169.385941	86.491638	-157.857712	0.000000	0.000000	7.125000	-116.784431	254.820923
519	-367.300354	759.819458	-67.275620	153.940826	0.000000	0.000000	7.125000	136.090469	-331.538361
520	-1120.051392	189.826630	-233.326447	17.595791	0.000000	0.000000	7.125000	418.621643	-71.894806
521	-929.262695	359.937531	-200.193298	95.900238	0.000000	0.000000	7.125000	467.649536	-212.862534
522	-4.676329	849.449219	21.546886	236.012604	0.000000	0.000000	7.125000	91.681290	-267.207123
523	-66.138275	-140.837036	211.117188	-22.144392	0.000000	0.000000	7.125000	-66.110001	108.944778
524	836.757507	-326.679291	177.695251	-43.675617	0.000000	0.000000	7.125000	-321.381866	116.211403
525	611.563782	1048.799683	82.519958	149.753799	0.000000	0.000000	7.125000	-232.140625	-550.515137
526	-254.974792	-6.282194	-224.626434	12.049653	0.000000	0.000000	7.125000	248.816193	-20.606934
527	-482.337341	-736.500183	-134.227448	-141.395203	0.000000	0.000000	7.125000	104.326157	188.130386
528	930.274841	-1014.932678	129.569656	-165.257996	0.000000	0.000000	7.125000	-335.370728	485.865021
529	-223.005005	21.522617	-112.997086	167.692627	0.000000	0.000000	7.125000	130.585083	-16.564545
530	585.130188	292.413635	152.889954	111.004044	0.000000	0.000000	7.125000	-204.317719	-108.696922
531	-72.997406	-933.938232	-5.219848	-200.931763	0.000000	0.000000	7.125000	19.800510	346.580170
532	-1395.260254	136.275696	-212.791687	9.385168	0.000000	0.000000	7.125000	519.252197	-38.945187
533	-246.760635	397.048431	-93.479187	197.753937	0.000000	0.000000	7.125000	175.230576	-136.930084
534	823.544067	722.760071	161.496765	129.458115	0.000000	0.000000	7.125000	-389.105957	-232.985703
535	5.511745	1635.981445	8.711851	248.847412	0.000000	0.000000	7.125000	-33.983780	-597.667053
536	-631.154053	698.855957	-133.648605	169.679550	0.000000	0.000000	7.125000	249.960617	-118.195206
537	93.902863	1006.713318	43.684677	202.335297	0.000000	0.000000	7.125000	-63.807629	-326.089691
538	123.547058	-1252.438232	19.333277	-191.021698	0.000000	0.000000	7.125000	-53.982639	478.029266
539	-467.502411	-494.757812	-181.682892	-147.431244	0.000000	0.000000	7.125000	240.299057	207.354523
540	-174.353638	-1153.055664	13.040154	-176.517639	0.000000	0.000000	7.125000	-28.044950	707.989502
541	-568.492004	1257.847412	-85.854980	204.726410	0.000000	0.000000	7.125000	183.364548	-441.503540
542	242.282532	369.335266	142.744003	154.026276	0.000000	0.000000	7.125000	-142.706711	-87.266617
543	-797.376221	-193.905533	-175.766373	-50.940117	0.000000	0.000000	7.125000	305.423859	81.167534
544	725.609070	504.797302	164.310226	158.027374	0.000000	0.000000	7.125000	-272.354218	-206.101395
545	1214.138306	-495.978516	210.141266	-71.569168	0.000000	0.000000	7.125000	-591.039185	149.420624
546	-508.068542	-103.457512	-180.717438	-55.292969	0.000000	0.000000	7.125000	319.301147	131.762878
547	189.315308	-566.588989	4.533563	-215.931244	0.000000	0.000000	7.125000	23.514000	286.171112
548	1081.704590	1112.611450	144.037079	140.191284	0.000000	0.000000	7.125000	-325.905121	-335.870972
549	1302.016113	720.473145	178.135513	105.422897	0.000000	0.000000	7.125000	-451.997925	-191.643600
550	723.950745	173.956100	200.763794	9.487676	0.000000	0.000000	7.125000	-364.928253	30.067219
551	726.415039	-1535.945068	105.796295	-212.060028	0.000000	0.000000	7.125000	-301.321716	706.590332
552	-698.510193	-555.711609	-161.177017	-129.875671	0.000000	0.000000	7.125000	219.922134	270.207520
553	986.369446	697.568115	164.012970	135.867584	0.000000	0.000000	7.125000	-399.759583	-286.397858
554	-281.974487	-1032.864380	-47.426113	-213.800873	0.000000	0.000000	7.125000	82.447777	424.174286
555	-831.521362	1295.017700	-124.717804	180.008698	0.000000	0.000000	7.125000	289.646667	-505.061829
556	-535.085632	-163.610565	-197.884003	-6.717425	0.000000	0.000000	7.125000	146.767288	6.973805
557	837.430420	718.508728	111.379829	104.896370	0.000000	0.000000	7.125000	-318.413544	-275.713745
558	-1062.124023	-1276.849121	-168.186829	-166.977310	0.000000	0.000000	7.125000	580.667480	670.083801
559	-736.019226	835.338318	-152.724792	200.432709	0.000000	0.000000	7.125000	145.843521	-209.592499
560	758.198303	-897.335815	160.789978	-148.659164	0.000000	0.000000	7.125000	-286.729248	375.815613
561	-759.200989	-940.330933	-115.825089	-129.820190	0.000000	0.000000	7.125000	266.433716	437.395630
562	376.392090	275.873810	173.836807	123.033798	0.000000	0.000000	7.125000	-296.663177	-160.252563
563	-395.921936	362.418152	-73.661171	186.961182	0.000000	0.000000	7.125000	111.948296	-181.685242
564	121.369835	-481.624481	168.259033	-134.818817	0.000000	0.000000	7.125000	-89.018616	136.660065
565	-205.372101	-592.133118	-58.769123	-204.730042	0.000000	0.000000	7.125000	142.537460	375.213043
566	1279.667847	-732.278137	178.976959	-120.901665	0.000000	0.000000	7.125000	-433.721893	237.845642
567	-380.556396	-883.381836	-106.210434	-170.646561	0.000000	0.000000	7.125000	192.597687	361.045532
568	-83.691704	-886.839478	-0.775041	-197.997070	0.000000	0.000000	7.125000	16.204233	506.151031
569	-1131.118896	881.358643	-144.992279	130.383575	0.000000	0.000000	7.125000	318.378143	-266.884277
570	-631.700989	-760.800537	-74.867088	-189.735840	0.000000	0.000000	7.125000	102.208649	400.657318
571	1117.117432	685.501404	188.042496	70.923691	0.000000	0.000000	7.125000	-470.112183	-56.188782
572	803.871704	799.465942	127.753273	192.457916	0.000000	0.000000	7.125000	-188.752060	-315.155334
573	264.857178	659.630737	23.402006	211.707001	0.000000	0.000000	7.125000	-92.123047	-204.235001
574	1232.573975	872.043823	180.147232	144.579224	0.000000	0.000000	7.125000	-409.826111	-265.944336
575	191.487305	766.948181	73.351295	196.717346	0.000000	0.000000	7.125000	-28.043877	-220.329346
576	-1073.952637	429.437042	-162.253128	70.683395	0.000000	0.000000	7.125000	381.259033	-93.093849
577	840.006104	519.944946	163.043579	136.961243	0.000000	0.000000	7.125000	-334.779663	-176.312836
578	-356.363098	-723.002563	-99.359161	-171.252319	0.000000	0.000000	7.125000	115.815697	301.574799
579	-469.088623	1404.736938	-65.932945	236.997742	0.000000	0.000000	7.125000	128.865448	-519.997864
580	390.196686	1108.532104	88.972885	180.231628	0.000000	0.000000	7.125000	-182.697662	-407.889557
581	-782.998291	315.804901	-166.712494	67.839951	0.000000	0.000000	7.125000	365.901947	-103.847130
582	-1779.987915	-25.023895	-245.094482	21.072996	0.000000	0.000000	7.125000	650.548218	-41.001972
583	1243.180054	-101.004669	236.898254	6.905382	0.000000	0.000000	7.125000	-517.021973	-14.465046
584	599.008911	1001.467163	110.051437	182.351105	0.000000	0.000000	7.125000	-178.181595	-284.556732
585	-303.493195	-1182.650879	-28.346977	-202.020325	0.000000	0.000000	7.125000	20.688967	436.766998
586	-997.112488	-495.459473	-169.162811	-61.505417	0.000000	0.000000	7.125000	555.895691	164.863541
587	800.098694	586.107422	131.080521	131.961731	0.000000	0.000000	7.125000	-243.498795	-203.772339
588	-971.549683	-570.413147	-172.618683	-96.986710	0.000000	0.000000	7.125000	728.426147	361.755981
589	59.501945	-1314.114258	19.813217	-197.003967	0.000000	0.000000	7.125000	-47.316696	479.623840
590	-1200.016968	-1110.534302	-172.154129	-167.221191	0.000000	0.000000	7.125000	498.187225	555.969727
591	632.469299	-669.632141	76.560120	-128.987549	0.000000	0.000000	7.125000	-195.345688	424.865051
592	962.237183	-65.950447	203.368408	-15.991661	0.000000	0.000000	7.125000	-428.412445	9.234015
593	1069.544189	-862.825073	159.154434	-136.991608	0.000000	0.000000	7.125000	-304.559326	297.246216
594	581.406250	-626.244385	135.062851	-152.813980	0.000000	0.000000	7.125000	-171.710175	308.059723
595	-1552.951172	-460.303131	-219.967346	-70.477211	0.000000	0.000000	7.125000	486.039062	158.979202
596	-1111.264771	-673.491272	-187.017212	-108.072815	0.000000	0.000000	7.125000	188.047058	98.382088
597	1430.498413	-953.024902	181.828140	-142.475769	0.000000	0.000000	7.125000	-387.588562	302.595886
598	912.028442	878.797363	140.720276	139.288696	0.000000	0.000000	7.125000	-222.664169	-205.602875
599	357.167847	403.203705	216.251801	71.404945	0.000000	0.000000	7.125000	-190.940628	10.519929
600	357.042542	-1061.587402	75.404388	-173.274994	0.000000	0.000000	7.125000	-116.475952	473.039429
601	397.009644	858.549561	110.229416	178.743759	0.000000	0.000000	7.125000	-269.994141	-366.321014
602	-156.852524	-429.177826	-113.916656	-131.259598	0.000000	0.000000	7.125000	86.580666	188.713730
603	21.580379	-75.479584	68.944145	188.721146	0.000000	0.000000	7.125000	2.842625	20.892258
604	639.622620	-1063.905396	80.292465	-164.434921	0.000000	0.000000	7.125000	-157.785904	437.835449
605	400.986023	1179.468994	48.724228	194.996704	0.000000	0.000000	7.125000	-114.003113	-389.090790
606	-681.728577	-590.609436	-144.334961	-107.531204	0.000000	0.000000	7.125000	303.959229	285.161591
607	1174.711426	-1223.392578	149.202637	-147.777817	0.000000	0.000000	7.125000	-376.085785	397.967865
608	758.730103	1346.341675	120.225830	193.718918	0.000000	0.000000	7.125000	-255.129547	-500.227936
609	-942.490051	-76.895576	-189.285446	-32.167282	0.000000	0.000000	7.125000	388.215698	49.308804
610	-884.332886	-776.265137	-142.630692	-123.968346	0.000000	0.000000	7.125000	271.379028	302.093445
611	1021.161255	-600.114502	186.372620	-120.620209	0.000000	0.000000	7.125000	-451.023468	214.315536
612	229.707733	962.917908	7.806869	218.679916	0.000000	0.000000	7.125000	64.261780	-440.744873
613	-15.356720	-506.300415	-86.936119	-204.262329	0.000000	0.000000	7.125000	111.769104	253.401779
614	-16.154163	-1256.072754	38.993835	-181.862518	0.000000	0.000000	7.125000	-77.354561	702.214905
615	1161.437256	-495.514771	169.131210	-90.867058	0.000000	0.000000	7.125000	-407.900787	173.298676
616	-940.391357	107.388176	-168.537659	28.911171	0.000000	0.000000	7.125000	402.887970	-130.691254
617	-1100.821045	496.714996	-168.349228	29.989841	0.000000	0.000000	7.125000	471.447723	-65.593544
618	946.020752	219.927704	157.679504	20.427271	0.000000	0.000000	7.125000	-432.324432	-42.018734
619	-904.917053	567.866638	-165.402893	85.023743	0.000000	0.000000	7.125000	394.925018	-130.140198
620	328.510986	558.709595	90.699181	151.908264	0.000000	0.000000	7.125000	-92.514145	-231.101089
621	93.186569	941.470093	5.644187	185.889923	0.000000	0.000000	7.125000	33.093838	-398.824371
622	1522.597168	49.462494	227.988770	2.212609	0.000000	0.000000	7.125000	-522.444153	-12.700550
623	1036.821533	594.859375	173.003006	119.008713	0.000000	0.000000	7.125000	-323.482178	-216.678146
624	-286.430023	-1658.166870	-43.917023	-223.727768	0.000000	0.000000	7.125000	56.766552	573.980774
625	-860.579956	292.650452	-189.949799	55.877434	0.000000	0.000000	7.125000	368.987488	-104.597000
626	-839.668762	1429.548340	-100.924683	207.771378	0.000000	0.000000	7.125000	192.622025	-547.609436
627	1259.291016	908.809326	198.385483	135.047577	0.000000	0.000000	7.125000	-597.377319	-325.431641
628	996.129822	-456.786011	167.791122	-105.118759	0.000000	0.000000	7.125000	-399.196289	293.067261
629	-1121.525024	-406.463531	-188.952988	-68.459732	0.000000	0.000000	7.125000	488.482574	82.853233
630	-269.668854	-1173.634521	-30.778038	-174.291641	0.000000	0.000000	7.125000	36.833893	467.870148
631	474.196686	129.967865	188.875641	84.397308	0.000000	0.000000	7.125000	-293.207062	-59.463440
632	433.432526	570.494263	77.363770	178.996658	0.000000	0.000000	7.125000	-72.843552	-184.037552
633	-743.516113	21.941589	-142.141342	23.061190	0.000000	0.000000	7.125000	310.122742	-12.299020
634	-696.759888	-754.847778	-162.091431	-133.514923	0.000000	0.000000	7.125000	85.697311	-3.161595
635	-769.092529	1058.165283	-114.225708	176.213943	0.000000	0.000000	7.125000	209.269562	-384.790802
636	-1198.940186	620.688232	-172.023438	91.828606	0.000000	0.000000	7.125000	349.928375	-174.084946
637	725.024231	-1331.808960	82.497826	-199.588776	0.000000	0.000000	7.125000	-147.077179	548.937439
638	-554.778870	89.319023	-228.884277	61.437332	0.000000	0.000000	7.125000	357.875244	-62.928471
639	609.583313	446.212433	165.271683	114.381783	0.000000	0.000000	7.125000	-297.201019	-183.550873
640	148.575150	1024.940063	30.892683	168.179535	0.000000	0.000000	7.125000	-58.934704	-381.699646
641	-737.963196	692.147339	-109.769676	161.169052	0.000000	0.000000	7.125000	217.375549	-364.749634
642	1292.423462	-835.597717	166.648499	-132.648132	0.000000	0.000000	7.125000	-431.451721	371.275970
643	368.046692	455.732666	110.153923	185.705383	0.000000	0.000000	7.125000	-77.098747	-221.613419
644	-273.456360	532.770874	-5.137645	194.825592	0.000000	0.000000	7.125000	52.438606	-202.840683
645	-961.647400	806.861816	-129.492828	116.222160	0.000000	0.000000	7.125000	660.114319	-539.733704
646	869.940857	669.970093	170.571030	117.260750	0.000000	0.000000	7.125000	-337.151520	-190.363876
647	-21.942640	-679.434265	-29.756937	-204.829742	0.000000	0.000000	7.125000	66.183174	271.751556
648	-551.520447	279.847229	-144.008957	135.886429	0.000000	0.000000	7.125000	271.894623	-269.867157
649	1234.487305	452.407196	199.975677	53.443932	0.000000	0.000000	7.125000	-481.538025	-93.171257
650	1199.397705	-784.686035	158.751495	-137.459061	0.000000	0.000000	7.125000	-387.639008	399.358093
651	206.346573	1248.415161	-5.661272	200.914307	0.000000	0.000000	7.125000	38.536095	-462.858917
652	1089.808716	-886.376648	168.969589	-119.561180	0.000000	0.000000	7.125000	-471.520447	227.044342
653	1143.659302	-1047.662720	167.916855	-126.108429	0.000000	0.000000	7.125000	-679.130249	429.260162
654	676.296814	493.210571	161.314087	98.389465	0.000000	0.000000	7.125000	-346.665131	-133.044861
655	1044.023193	-352.944244	197.145966	-80.631142	0.000000	0.000000	7.125000	-442.839508	159.718613
656	361.772522	-1226.500244	57.889885	-208.092010	0.000000	0.000000	7.125000	-112.702805	496.205841
657	-825.057129	-53.171913	-187.996765	19.435522	0.000000	0.000000	7.125000	359.352722	-21.362803
658	-708.905762	825.345886	-129.628204	187.563461	0.000000	0.000000	7.125000	240.213669	-340.178955
659	-1001.353271	971.742432	-162.722610	163.952332	0.000000	0.000000	7.125000	380.896912	-345.604584
660	268.195618	-714.452515	46.916904	-223.113129	0.000000	0.000000	7.125000	-64.370102	382.883179
661	424.918304	-678.362915	143.326080	-140.892731	0.000000	0.000000	7.125000	-180.979782	248.269119
662	1296.121460	-1141.412476	186.740936	-135.972870	0.000000	0.000000	7.125000	-323.636627	247.190201
663	599.623169	-833.738037	123.415115	-166.156067	0.000000	0.000000	7.125000	-148.912933	257.424316
664	672.189880	96.294434	175.281921	24.601696	0.000000	0.000000	7.125000	-254.148392	-30.987711
665	1360.990723	676.334717	206.868256	109.355621	0.000000	0.000000	7.125000	-486.728455	-202.660339
666	560.704712	-268.949707	186.922348	-101.950302	0.000000	0.000000	7.125000	-179.253448	154.078094
667	604.985046	211.379395	191.093765	112.689346	0.000000	0.000000	7.125000	-285.511261	-71.194031
668	516.547119	41.590973	189.672180	115.115852	0.000000	0.000000	7.125000	-177.079208	-37.781433
669	728.968750	-284.563080	159.338776	-69.899002	0.000000	0.000000	7.125000	-312.865692	182.912033
670	-874.863831	403.585266	-173.991943	81.122643	0.000000	0.000000	7.125000	337.502472	-66.125648
671	894.280151	1284.531372	136.323288	208.348083	0.000000	0.000000	7.125000	-283.079498	-449.216492
672	637.493713	1192.992920	105.710297	195.190094	0.000000	0.000000	7.125000	-182.608124	-480.041962
673	-244.123611	-1050.780518	-37.784775	-160.614761	0.000000	0.000000	7.125000	79.659233	409.188202
674	416.941559	245.212189	146.888245	60.808628	0.000000	0.000000	7.125000	-233.038940	-62.183331
675	1047.608887	-722.424561	191.044525	-124.440231	0.000000	0.000000	7.125000	-238.770065	202.236679
676	1058.770508	102.882538	218.953339	4.122070	0.000000	0.000000	7.125000	-456.012604	15.971574
677	255.710480	1049.623535	62.487904	178.370972	0.000000	0.000000	7.125000	-105.207214	-318.999054
678	424.950989	-755.560181	116.990532	-155.997055	0.000000	0.000000	7.125000	-161.014603	251.209549
679	-1145.690796	-319.056366	-215.816833	-8.406181	0.000000	0.000000	7.125000	543.759277	4.747575
680	898.096863	-1334.148560	114.883133	-182.903076	0.000000	0.000000	7.125000	-239.143906	463.070496
681	-808.162292	-92.235161	-200.805298	-8.719137	0.000000	0.000000	7.125000	345.471863	5.553065
682	-81.986206	918.871338	-31.297436	174.208618	0.000000	0.000000	7.125000	91.220146	-324.138245
683	-1056.619263	-1244.300049	-142.133911	-154.578827	0.000000	0.000000	7.125000	398.626953	463.775391
684	-391.535736	1113.189697	-43.990589	208.370941	0.000000	0.000000	7.125000	117.003014	-469.892487
685	-222.268555	460.231537	-85.177010	201.613525	0.000000	0.000000	7.125000	164.261368	-213.414322
686	-72.486008	-1160.035889	-20.444813	-221.035889	0.000000	0.000000	7.125000	58.219135	520.378662
687	112.481094	-1077.042480	25.001801	-205.479111	0.000000	0.000000	7.125000	-73.900131	435.274902
688	-997.848145	915.051880	-134.815826	140.884842	0.000000	0.000000	7.125000	208.148300	-305.059113
689	-804.729797	783.116516	-116.388962	156.456406	0.000000	0.000000	7.125000	223.060150	-310.923767
690	45.026058	-1740.982544	14.287844	-269.614410	0.000000	0.000000	7.125000	-5.114100	558.054260
691	-1295.153320	-1.740089	-210.403473	-60.730301	0.000000	0.000000	7.125000	487.437317	97.361954
692	-17.737068	610.814819	52.220032	200.296555	0.000000	0.000000	7.125000	-117.011482	-360.431122
693	-813.951355	-886.773621	-159.144028	-141.494873	0.000000	0.000000	7.125000	256.337952	331.960144
694	-1451.624512	-596.613586	-201.012024	-70.425751	0.000000	0.000000	7.125000	500.189331	131.248459
695	567.191895	803.066650	105.463806	138.393097	0.000000	0.000000	7.125000	-379.374878	-519.344360
696	-549.040527	1249.870605	-59.527222	188.838715	0.000000	0.000000	7.125000	134.390137	-496.956116
697	-675.174194	732.332458	-112.906715	166.280487	0.000000	0.000000	7.125000	184.220093	-245.486618
698	831.420166	-573.860229	166.400375	-68.610649	0.000000	0.000000	7.125000	-308.318115	85.726593
699	762.357483	-875.295593	148.896072	-111.470596	0.000000	0.000000	7.125000	-370.818359	227.015015
700	-656.669678	-639.343567	-138.214615	-115.300987	0.000000	0.000000	7.125000	208.544586	227.743713
701	1297.447510	284.181793	176.316040	83.290924	0.000000	0.000000	7.125000	-373.534851	-158.703522
702	-113.591568	-152.364288	-146.873077	-136.921036	0.000000	0.000000	7.125000	94.882935	130.914459
703	1114.144165	-152.489319	197.044342	19.186893	0.000000	0.000000	7.125000	-492.189270	-10.388796
704	-324.332428	-1340.037842	-78.949753	-217.084869	0.000000	0.000000	7.125000	167.832077	600.645081
705	-454.699738	1236.786255	-57.537865	220.616608	0.000000	0.000000	7.125000	104.770012	-522.810669
706	-878.326843	193.571228	-193.334930	25.426262	0.000000	0.000000	7.125000	387.326477	-37.283489
707	-840.333252	685.502625	-123.858658	162.085114	0.000000	0.000000	7.125000	381.235077	-422.372345
708	-884.408569	-219.133530	-239.944092	3.746791	0.000000	0.000000	7.125000	319.635254	-2.808166
709	-1475.679321	-640.236938	-217.149475	-87.150871	0.000000	0.000000	7.125000	563.721680	166.563324
710	1035.029785	637.399902	167.403687	131.664917	0.000000	0.000000	7.125000	-410.580811	-243.363815
711	-1160.125488	-889.460693	-168.417847	-139.985565	0.000000	0.000000	7.125000	377.762909	316.992706
712	749.708740	-395.924957	184.776855	-79.098206	0.000000	0.000000	7.125000	-290.556152	125.992249
713	1336.282227	49.963108	191.787445	9.015730	0.000000	0.000000	7.125000	-480.353821	-7.346316
714	915.343872	1086.774536	146.587494	166.712631	0.000000	0.000000	7.125000	-155.090378	-259.646454
715	595.309814	-1227.956177	89.012131	-166.719116	0.000000	0.000000	7.125000	-228.004135	479.644806
716	-1266.744995	460.223846	-202.992050	89.841019	0.000000	0.000000	7.125000	452.652008	-138.405655
717	528.670105	123.516449	183.648468	29.308743	0.000000	0.000000	7.125000	-259.245636	-16.768452
718	-1142.113525	343.524414	-198.518219	68.485748	0.000000	0.000000	7.125000	428.249329	-127.339424
719	-1174.100098	-30.361538	-200.902573	6.169793	0.000000	0.000000	7.125000	449.310760	-47.121376
720	999.154114	-270.648926	236.088577	-20.716301	0.000000	0.000000	7.125000	-390.581604	24.262581
721	-306.423035	1375.642700	-36.777115	206.751495	0.000000	0.000000	7.125000	72.515121	-606.396973
722	-1421.976318	422.136047	-199.945602	81.669144	0.000000	0.000000	7.125000	594.051270	-156.195007
723	703.401855	-664.146545	171.580475	-126.190964	0.000000	0.000000	7.125000	-238.664948	190.751526
724	-1052.694824	1123.495972	-179.210831	172.846802	0.000000	0.000000	7.125000	406.873474	-407.132111
725	181.941376	-1090.851807	37.969913	-163.650604	0.000000	0.000000	7.125000	-104.836472	428.440094
726	356.391296	827.962830	50.380280	216.207794	0.000000	0.000000	7.125000	-17.648338	-121.982628
727	-779.620361	-777.203979	-154.563431	-128.464661	0.000000	0.000000	7.125000	284.268433	287.214935
728	-990.136841	-922.096008	-151.646057	-131.920685	0.000000	0.000000	7.125000	287.918365	314.065430
729	498.395996	1232.315186	116.946983	170.798615	0.000000	0.000000	7.125000	-294.719116	-372.118378
730	-1486.487915	6.325314	-211.622253	24.174982	0.000000	0.000000	7.125000	513.830750	-64.866043
731	1039.556396	-1094.698730	148.459686	-139.907166	0.000000	0.000000	7.125000	-366.561432	395.469421
732	-689.729309	461.003723	-178.104248	99.469666	0.000000	0.000000	7.125000	299.787079	-180.336075
733	221.863266	-500.303802	168.899719	-153.156372	0.000000	0.000000	7.125000	-253.848557	223.695862
734	-744.676392	640.773682	-143.109238	132.441849	0.000000	0.000000	7.125000	307.807037	-225.166031
735	972.195068	-1315.207031	148.457535	-173.038818	0.000000	0.000000	7.125000	-334.204956	449.984711
736	-775.108093	-372.648163	-135.890121	-88.187752	0.000000	0.000000	7.125000	309.431183	202.429031
737	-972.911560	-654.272522	-142.141144	-89.550957	0.000000	0.000000	7.125000	389.923065	182.421280
738	-1386.858276	664.575256	-174.260269	106.025269	0.000000	0.000000	7.125000	542.945740	-223.149597
739	93.180229	-822.642090	11.180513	-188.668411	0.000000	0.000000	7.125000	-9.550418	389.089386
740	189.194122	-749.114868	44.672562	-171.261108	0.000000	0.000000	7.125000	-60.464420	437.149506
741	-588.550537	-851.681763	-104.055939	-143.147415	0.000000	0.000000	7.125000	204.843582	385.365387
742	1026.824463	-160.723816	184.362305	-24.586288	0.000000	0.000000	7.125000	-417.028656	0.771142
743	-81.907455	1271.967773	-30.780010	210.718842	0.000000	0.000000	7.125000	0.663985	-554.460022
744	146.177353	-882.737610	81.331146	-180.498627	0.000000	0.000000	7.125000	-101.710739	365.634247
745	1205.096802	358.903412	208.117126	68.097069	0.000000	0.000000	7.125000	-564.625671	-112.571922
746	766.874268	1055.696289	130.404465	168.412521	0.000000	0.000000	7.125000	-257.693146	-327.246796
747	556.140076	-1289.842651	86.742500	-184.631805	0.000000	0.000000	7.125000	-142.463348	464.579010
748	-200.649078	-425.242737	-30.033211	-228.926178	0.000000	0.000000	7.125000	92.211830	231.115601
749	-280.025299	680.366150	-73.336945	157.786926	0.000000	0.000000	7.125000	140.737259	-283.840027
750	-1357.225830	-688.824341	-191.628296	-106.015594	0.000000	0.000000	7.125000	401.284760	201.345764
751	932.151245	-672.277527	180.308243	-129.490173	0.000000	0.000000	7.125000	-71.985687	136.858917
752	213.738663	1112.886841	37.315517	191.390076	0.000000	0.000000	7.125000	-29.922688	-348.398682
753	-50.578064	248.687225	-36.494419	209.159409	0.000000	0.000000	7.125000	80.634613	-17.106609
754	358.673645	-1059.463135	54.369232	-168.438049	0.000000	0.000000	7.125000	-91.181068	394.290955
755	881.973083	-1119.450806	195.473648	-168.356644	0.000000	0.000000	7.125000	-316.985931	328.897400
756	-921.787476	-1225.625000	-122.688522	-166.702759	0.000000	0.000000	7.125000	271.009583	496.122406
757	-242.561066	1332.304688	-31.725052	195.430206	0.000000	0.000000	7.125000	18.082411	-306.682159
758	6.056551	872.671631	-18.943792	218.172379	0.000000	0.000000	7.125000	65.461136	-440.632446
759	1153.887817	-1059.331543	158.654160	-128.236145	0.000000	0.000000	7.125000	-330.961060	281.720612
760	-1149.608521	720.663635	-141.422348	120.807487	0.000000	0.000000	7.125000	540.885925	-382.237823
761	485.728455	700.987183	114.546051	138.849014	0.000000	0.000000	7.125000	-252.185440	-396.113983
762	779.850281	-107.381516	191.527710	-12.930946	0.000000	0.000000	7.125000	-303.684448	45.280067
763	902.547607	-819.043457	135.433289	-123.046570	0.000000	0.000000	7.125000	-227.716156	272.201538
764	689.984131	-896.148987	134.905304	-119.143181	0.000000	0.000000	7.125000	-296.656006	351.610779
765	1258.401611	1120.578979	158.899597	146.305954	0.000000	0.000000	7.125000	-394.447937	-310.828705
766	-146.663574	1084.547852	-25.067493	193.379425	0.000000	0.000000	7.125000	63.782135	-225.108002
767	-951.312012	-1373.150513	-113.393372	-204.652466	0.000000	0.000000	7.125000	194.378403	567.268188
768	303.999817	559.349854	106.523468	177.439453	0.000000	0.000000	7.125000	-86.329155	-204.448837
769	404.996948	-829.295410	105.051949	-195.552307	0.000000	0.000000	7.125000	-95.793121	246.732925
770	739.219849	-350.718658	177.089691	-81.609802	0.000000	0.000000	7.125000	-301.984375	175.951447
771	212.646942	1156.567017	33.647377	216.377563	0.000000	0.000000	7.125000	18.233263	-428.726807
772	-365.063446	1455.421021	-34.976212	216.163208	0.000000	0.000000	7.125000	121.488007	-1931.671875
773	822.730957	971.870911	124.590088	129.912643	0.000000	0.000000	7.125000	-320.280121	-336.009949
774	748.603027	990.663574	138.680511	161.665192	0.000000	0.000000	7.125000	-283.280914	-365.456818
775	1193.349609	802.738831	165.382034	114.213654	0.000000	0.000000	7.125000	-473.890808	-239.786240
776	726.454956	614.204895	147.414093	140.988785	0.000000	0.000000	7.125000	-310.424530	-217.718277
777	429.349213	-166.458130	224.309875	-15.858427	0.000000	0.000000	7.125000	-214.886795	104.056046
778	-883.236206	-198.211380	-211.026825	-28.895775	0.000000	0.000000	7.125000	356.761902	65.253326
779	577.123840	-1035.838501	103.243347	-189.724854	0.000000	0.000000	7.125000	-237.186981	672.485840
780	596.326843	486.471252	134.735626	168.778137	0.000000	0.000000	7.125000	-215.320557	-221.024628
781	-1274.017090	-910.817017	-165.768997	-138.478256	0.000000	0.000000	7.125000	534.196045	404.591583
782	55.724819	-626.823486	-5.833948	-191.907516	0.000000	0.000000	7.125000	8.331133	254.300003
783	-1090.171631	-912.799622	-138.940369	-149.341797	0.000000	0.000000	7.125000	233.459763	357.662323
784	-1220.850708	486.033417	-176.241394	90.205498	0.000000	0.000000	7.125000	426.561249	-136.253876
785	-395.475830	668.831177	-56.676258	217.732391	0.000000	0.000000	7.125000	167.704971	-377.125427
786	-777.557678	-1381.029907	-126.981796	-189.321228	0.000000	0.000000	7.125000	242.364487	601.796448
787	384.450073	290.521851	180.346436	94.943848	0.000000	0.000000	7.125000	-262.699829	-45.203964
788	1565.410889	-119.467934	233.973267	-3.173896	0.000000	0.000000	7.125000	-562.436890	32.110409
789	-110.041321	919.714294	-33.828011	216.337738	0.000000	0.000000	7.125000	107.518669	-264.546570
790	-728.347900	-193.254684	-190.886597	-52.595268	0.000000	0.000000	7.125000	216.532074	51.667664
791	495.391632	-1018.940308	64.105019	-177.786331	0.000000	0.000000	7.125000	-127.542984	492.478668
792	-929.249268	-566.305115	-147.991653	-102.457962	0.000000	0.000000	7.125000	328.889587	293.333649
793	443.447906	-308.167389	209.155273	-111.224121	0.000000	0.000000	7.125000	-256.271545	195.749588
794	843.612549	-541.640564	165.131897	-109.235878	0.000000	0.000000	7.125000	-195.536423	146.068130
795	-16.079433	-256.718506	95.098320	-176.878540	0.000000	0.000000	7.125000	-44.872753	168.163239
796	-1296.087891	228.209061	-217.818527	42.884186	0.000000	0.000000	7.125000	542.231262	-109.801201
797	-22.061117	121.799339	179.518188	79.774063	0.000000	0.000000	7.125000	-80.659966	17.913628
798	971.510254	345.769989	173.114563	89.745544	0.000000	0.000000	7.125000	-353.367737	-127.592567
799	467.429230	1230.310059	98.148880	232.094971	0.000000	0.000000	7.125000	-192.852249	-559.630066
800	-165.759216	-1577.756348	-24.828371	-250.765686	0.000000	0.000000	7.125000	22.995834	567.828003
801	240.810577	308.392670	146.184784	128.925766	0.000000	0.000000	7.125000	-338.346619	-158.131989
802	-863.441101	-758.223877	-161.052979	-104.527046	0.000000	0.000000	7.125000	355.771301	202.029175
803	-811.123718	-1311.803955	-130.394104	-179.563675	0.000000	0.000000	7.125000	352.315582	916.986572
804	766.795898	397.388092	184.090332	107.076813	0.000000	0.000000	7.125000	-312.723602	-115.602966
805	863.164551	-1189.094727	139.990936	-152.475342	0.000000	0.000000	7.125000	-317.967346	409.309570
806	-1044.758667	18.327911	-179.766479	9.149473	0.000000	0.000000	7.125000	225.741898	4.296739
807	-793.576050	-332.212311	-181.534637	-111.380829	0.000000	0.000000	7.125000	442.642548	262.683502
808	1022.532776	803.536682	157.617996	147.660019	0.000000	0.000000	7.125000	-530.522339	-414.735138
809	757.366821	366.208466	205.941956	64.905281	0.000000	0.000000	7.125000	-413.505646	-49.782104
810	-1107.495361	-583.138062	-175.704422	-91.253654	0.000000	0.000000	7.125000	477.647461	174.319931
811	-1199.802124	-756.851868	-152.057327	-101.814575	0.000000	0.000000	7.125000	280.456024	162.632034
812	1463.629517	187.204941	238.018051	30.633179	0.000000	0.000000	7.125000	-571.964355	-32.632965
813	571.648071	549.702942	127.152939	174.602982	0.000000	0.000000	7.125000	-201.983475	-265.605225
814	-697.878540	-539.530518	-170.724304	-100.273972	0.000000	0.000000	7.125000	255.951675	208.813583
815	357.280762	629.427979	121.229019	171.473511	0.000000	0.000000	7.125000	-160.123184	-253.341019
816	-211.530762	-836.139404	-42.361076	-224.026855	0.000000	0.000000	7.125000	35.147251	349.842896
817	-657.262451	31.281197	-188.571701	60.154453	0.000000	0.000000	7.125000	225.793411	-35.657597
818	179.834564	-25.518480	170.253159	2.408932	0.000000	0.000000	7.125000	-28.663847	58.867306
819	438.447571	-1118.995850	117.873337	-209.012543	0.000000	0.000000	7.125000	-131.759598	359.401245
820	-1212.647461	105.067436	-209.528839	14.033015	0.000000	0.000000	7.125000	855.609924	-18.258352
821	-292.753052	-773.153870	-105.398064	-171.125122	0.000000	0.000000	7.125000	139.494247	316.904022
822	-1390.518066	259.425659	-211.731171	23.213446	0.000000	0.000000	7.125000	526.035095	-48.699760
823	103.326126	1208.497803	39.194496	224.593628	0.000000	0.000000	7.125000	-46.370808	-501.667969
824	-214.351669	-520.294434	-131.573318	-163.652939	0.000000	0.000000	7.125000	190.750244	269.071808
825	-464.156586	-25.246048	-196.641968	-20.437670	0.000000	0.000000	7.125000	111.774353	44.897751
826	119.446365	-219.156845	215.059219	-53.982407	0.000000	0.000000	7.125000	-259.983154	171.701019
827	742.969971	-218.581848	238.309906	47.260098	0.000000	0.000000	7.125000	-382.535187	-11.321699
828	-1388.296631	-353.805237	-207.704163	-59.258968	0.000000	0.000000	7.125000	1066.423950	172.000717
829	-596.447327	-650.415527	-116.970612	-136.791611	0.000000	0.000000	7.125000	155.787903	255.916931
830	277.045715	1092.904907	74.660759	160.464844	0.000000	0.000000	7.125000	-135.118164	-453.153351
831	1314.053955	-944.987122	176.132751	-114.333229	0.000000	0.000000	7.125000	-465.982330	238.207672
832	-547.623230	-311.193787	-133.827347	-91.291763	0.000000	0.000000	7.125000	280.990051	200.033203
833	602.270630	570.551086	139.126572	132.281952	0.000000	0.000000	7.125000	-298.241852	-193.753845
834	817.650940	-420.325806	160.353699	-59.391083	0.000000	0.000000	7.125000	-195.670990	77.990974
835	988.901550	990.951599	128.944931	125.589066	0.000000	0.000000	7.125000	-318.724396	-350.707123
836	1273.552612	-523.595581	196.289688	-82.694817	0.000000	0.000000	7.125000	-446.545471	157.998871
837	-855.457825	1160.460815	-106.349213	174.084305	0.000000	0.000000	7.125000	228.087814	-415.237305
838	973.734985	765.399353	158.341171	118.856461	0.000000	0.000000	7.125000	-476.401703	-275.380219
839	878.329346	-931.146057	164.320587	-135.518219	0.000000	0.000000	7.125000	-284.269806	236.010834
840	-1171.066162	-583.321350	-183.974670	-101.243835	0.000000	0.000000	7.125000	270.231232	109.536156
841	343.143707	596.207458	137.761841	150.458191	0.000000	0.000000	7.125000	-217.421646	-230.720963
842	806.308350	-392.172974	173.521301	-66.980247	0.000000	0.000000	7.125000	-257.069824	95.661224
843	-510.137726	710.336426	-140.108047	194.855286	0.000000	0.000000	7.125000	142.907349	-225.211761
844	695.297729	245.883255	191.516144	70.236130	0.000000	0.000000	7.125000	-307.309631	-69.405228
845	-1243.291992	-132.023972	-197.805511	-8.773559	0.000000	0.000000	7.125000	509.729370	13.321321
846	84.985771	-1113.269531	21.721144	-181.706299	0.000000	0.000000	7.125000	-63.611080	476.614624
847	325.515747	763.545410	97.442413	172.362518	0.000000	0.000000	7.125000	-115.133171	-303.812744
848	-355.238800	-613.274475	-177.641113	-147.552917	0.000000	0.000000	7.125000	202.075699	225.812958
849	-83.023918	-1041.905884	6.803017	-191.868118	0.000000	0.000000	7.125000	-21.974871	363.270477
850	936.647827	95.283348	221.880768	-7.183290	0.000000	0.000000	7.125000	-550.794434	13.809260
851	-1158.773560	564.541748	-205.442368	105.544540	0.000000	0.000000	7.125000	402.162506	-130.041138
852	924.710144	-599.142578	190.079163	-81.946671	0.000000	0.000000	7.125000	-429.303162	211.163925
853	478.301788	683.298950	131.592468	167.429871	0.000000	0.000000	7.125000	-447.123016	-369.305573
854	-1260.030518	-214.951706	-230.161652	-19.631252	0.000000	0.000000	7.125000	543.293213	28.779064
855	1177.272339	-844.197205	202.039917	-105.637238	0.000000	0.000000	7.125000	-483.083618	180.837067
856	727.446228	473.030029	169.776642	101.788849	0.000000	0.000000	7.125000	-358.150330	-132.325592
857	-1466.413330	-30.642189	-218.941147	5.075994	0.000000	0.000000	7.125000	536.169495	-12.878171
858	-1248.586060	-552.608826	-195.711105	-76.095528	0.000000	0.000000	7.125000	241.574799	34.748535
859	-632.069153	933.214905	-105.191772	167.744232	0.000000	0.000000	7.125000	199.114197	-293.579834
860	1292.163330	-349.027954	194.282532	-62.182793	0.000000	0.000000	7.125000	-415.619415	103.900726
861	-607.895630	-10.751963	-195.730515	-29.763763	0.000000	0.000000	7.125000	239.977585	68.073677
862	-293.470764	1269.270386	-34.356007	198.034973	0.000000	0.000000	7.125000	124.990547	-1317.773804
863	-625.704346	684.520203	-135.181717	148.734756	0.000000	0.000000	7.125000	329.756165	-310.481476
864	-561.119324	681.507935	-95.483688	159.578217	0.000000	0.000000	7.125000	180.092010	-215.982086
865	1058.182861	-919.582520	145.137604	-116.317604	0.000000	0.000000	7.125000	-569.953613	467.434540
866	-534.120667	-1169.728271	-104.853104	-164.390076	0.000000	0.000000	7.125000	109.046516	304.249146
867	678.392883	-1382.174194	126.763031	-174.891296	0.000000	0.000000	7.125000	-305.896698	457.044861
868	122.139366	-45.681923	-87.379150	-170.920776	0.000000	0.000000	7.125000	54.340321	127.082253
869	853.040649	494.170868	189.521576	97.110916	0.000000	0.000000	7.125000	-397.738586	-114.794754
870	1575.928711	599.198914	217.606216	85.986641	0.000000	0.000000	7.125000	-502.945953	-139.479782
871	1457.913818	419.790649	200.131104	88.904610	0.000000	0.000000	7.125000	-621.115784	-186.355743
872	-477.989929	1498.696289	-84.326584	224.697540	0.000000	0.000000	7.125000	188.569641	-525.269714
873	-951.459717	-109.257004	-184.677094	-62.600559	0.000000	0.000000	7.125000	313.938690	78.795761
874	-1105.636108	-95.049057	-263.900024	-7.225658	0.000000	0.000000	7.125000	261.997009	-48.470242
875	-716.320679	-804.474121	-118.280685	-139.615967	0.000000	0.000000	7.125000	239.650421	406.184204
876	1043.808594	166.651062	212.606461	12.936022	0.000000	0.000000	7.125000	-447.591095	-36.231068
877	318.075745	-548.963867	86.313736	-137.072617	0.000000	0.000000	7.125000	-124.258820	278.018097
878	20.297045	1164.735352	-13.697066	227.572693	0.000000	0.000000	7.125000	82.873146	-537.232971
879	-1329.835449	970.122986	-183.687042	135.051071	0.000000	0.000000	7.125000	542.940308	-312.529053
880	362.276642	-1437.904053	61.993336	-203.759552	0.000000	0.000000	7.125000	-134.943604	717.456055
881	1382.050415	1118.770996	181.295059	152.629288	0.000000	0.000000	7.125000	-455.043488	-296.158905
882	-1129.696777	962.408020	-174.101196	132.847412	0.000000	0.000000	7.125000	374.442932	-262.102600
883	1193.050049	204.794754	187.201172	42.552814	0.000000	0.000000	7.125000	-488.902374	-45.274261
884	-559.152954	644.657776	-148.165527	122.105835	0.000000	0.000000	7.125000	334.186157	-254.452530
885	-736.454956	-822.487793	-120.354218	-157.185471	0.000000	0.000000	7.125000	209.407990	394.125610
886	-230.410172	-979.331787	-55.073017	-174.506424	0.000000	0.000000	7.125000	96.418373	436.621307
887	797.641785	419.169495	149.056366	89.755478	0.000000	0.000000	7.125000	-339.483795	-173.747849
888	-1114.861816	-1417.135620	-159.746643	-175.046921	0.000000	0.000000	7.125000	341.115967	463.623749
889	-1089.544922	-507.347412	-195.178665	-77.483528	0.000000	0.000000	7.125000	443.180603	207.557800
890	116.709038	-864.166748	61.565163	-225.411346	0.000000	0.000000	7.125000	-14.870276	347.809509
891	80.601273	-430.686890	41.517441	-223.899933	0.000000	0.000000	7.125000	8.932640	206.212708
892	1010.685913	-782.441772	145.911896	-138.203369	0.000000	0.000000	7.125000	-653.796814	770.365540
893	636.324036	-346.211761	167.661194	-154.485077	0.000000	0.000000	7.125000	-115.367035	161.698303
894	-1337.428955	809.420776	-204.065826	108.239754	0.000000	0.000000	7.125000	805.484009	-333.249847
895	-998.911438	665.368896	-155.120438	102.630798	0.000000	0.000000	7.125000	287.491882	-188.830658
896	762.362915	-1061.647461	119.653854	-176.197647	0.000000	0.000000	7.125000	-167.861038	350.345886
897	360.218903	1286.754639	57.778507	192.514557	0.000000	0.000000	7.125000	-69.625427	-534.769531
898	1492.696045	345.623535	242.953629	37.893391	0.000000	0.000000	7.125000	-695.267273	-55.287182
899	-149.489548	-894.230042	-1.999607	-185.985626	0.000000	0.000000	7.125000	-3.988847	1187.225830
900	-837.089905	697.526001	-141.394791	155.234100	0.000000	0.000000	7.125000	410.108307	-328.104187
901	-226.696274	548.587891	-125.028641	137.670807	0.000000	0.000000	7.125000	224.125488	-180.869461
902	943.604248	-461.028839	138.799683	-99.868095	0.000000	0.000000	7.125000	-350.526550	213.021515
903	-402.367004	1310.586914	-41.347427	193.634445	0.000000	0.000000	7.125000	136.705093	-591.830750
904	-589.396729	218.373871	-218.338959	16.955643	0.000000	0.000000	7.125000	290.784546	-34.325188
905	-520.442993	1040.975342	-99.390472	195.140625	0.000000	0.000000	7.125000	172.438065	-394.545441
906	957.423828	1094.468750	146.868759	145.870316	0.000000	0.000000	7.125000	-323.936798	-299.902863
907	-809.666748	780.542725	-163.024689	127.550568	0.000000	0.000000	7.125000	355.135071	-210.447754
908	-1115.739990	1031.223022	-148.942368	125.834457	0.000000	0.000000	7.125000	599.385071	-378.710907
909	-1241.495728	-1380.962524	-176.441299	-162.689728	0.000000	0.000000	7.125000	294.950653	277.669861
910	471.886719	-838.133484	99.166740	-195.232910	0.000000	0.000000	7.125000	-138.294037	384.540771
911	789.123596	-302.195129	197.060089	-63.344955	0.000000	0.000000	7.125000	-629.879944	169.177490
912	-370.231476	-339.443512	-185.075867	-105.302109	0.000000	0.000000	7.125000	169.999725	153.269379
913	-743.963562	-540.723145	-144.139297	-148.533356	0.000000	0.000000	7.125000	289.645630	323.011993
914	-1563.031372	688.877258	-200.368820	108.777847	0.000000	0.000000	7.125000	482.696777	-184.321838
915	-90.019440	-527.418152	-44.939331	-189.750763	0.000000	0.000000	7.125000	91.949326	339.133362
916	164.794128	1075.060059	7.642962	233.810867	0.000000	0.000000	7.125000	54.408138	-367.068817
917	1044.285034	-127.917397	173.979736	-32.545681	0.000000	0.000000	7.125000	-484.985107	62.486717
918	-1540.812866	-177.069717	-205.531998	-55.804451	0.000000	0.000000	7.125000	544.394714	70.235527
919	-348.747620	-720.610962	-84.266922	-179.173355	0.000000	0.000000	7.125000	118.550301	282.141846
920	977.121277	488.954041	157.265930	93.556190	0.000000	0.000000	7.125000	-394.886200	-174.629623
921	-977.386108	577.324097	-161.411850	92.417557	0.000000	0.000000	7.125000	369.634064	-172.334518
922	98.375427	-547.684387	101.258469	-217.494110	0.000000	0.000000	7.125000	-32.952805	283.428802
923	-212.395569	190.889877	-128.345093	191.272263	0.000000	0.000000	7.125000	167.685516	-84.507568
924	-946.956360	-216.425720	-242.810364	-9.550852	0.000000	0.000000	7.125000	308.705719	91.628098
925	553.350464	969.792480	79.765816	168.014648	0.000000	0.000000	7.125000	-166.089584	-431.434814
926	773.237183	-58.230354	209.864227	-4.473166	0.000000	0.000000	7.125000	-337.734924	105.595230
927	-459.208130	-1296.502197	-91.370232	-195.699463	0.000000	0.000000	7.125000	177.208450	685.084656
928	1177.726685	40.552685	204.151581	34.133221	0.000000	0.000000	7.125000	-356.966675	-30.612173
929	-496.488586	1058.836792	-63.257950	187.622498	0.000000	0.000000	7.125000	144.036774	-440.230286
930	-407.191498	694.917053	-90.746529	189.376572	0.000000	0.000000	7.125000	166.078903	-376.094421
931	-880.097717	906.305115	-112.636208	144.227966	0.000000	0.000000	7.125000	238.066910	-292.447479
932	292.089172	-1164.623169	67.704971	-220.853317	0.000000	0.000000	7.125000	-113.694778	449.785645
933	-538.468750	284.091644	-178.394257	85.875351	0.000000	0.000000	7.125000	275.010010	-115.903641
934	85.437874	293.751099	35.264915	197.861847	0.000000	0.000000	7.125000	-21.929325	-700.567017
935	924.056641	-254.065094	158.039612	-35.567318	0.000000	0.000000	7.125000	-474.563965	62.603325
936	-258.832153	1378.769287	-38.089325	194.301102	0.000000	0.000000	7.125000	38.785885	-337.229218
937	-977.970825	1140.865234	-121.112488	164.153381	0.000000	0.000000	7.125000	289.796417	-428.147766
938	-527.065796	96.216087	-192.180054	84.457130	0.000000	0.000000	7.125000	1400.916748	-394.203674
939	186.345444	91.674995	175.869110	154.222504	0.000000	0.000000	7.125000	-124.220093	-25.327625
940	-1323.034180	-716.943237	-201.715546	-99.664337	0.000000	0.000000	7.125000	453.636200	178.827271
941	69.281624	767.116516	-17.571875	218.273911	0.000000	0.000000	7.125000	203.188141	-816.331726
942	833.680237	546.013000	149.854004	142.792542	0.000000	0.000000	7.125000	-312.179901	-242.784500
943	955.947815	682.184021	184.662186	106.122368	0.000000	0.000000	7.125000	-484.967834	-192.772858
944	-539.754883	-1094.872559	-106.927681	-211.496613	0.000000	0.000000	7.125000	206.627243	471.439728
945	328.458374	627.360718	117.241959	181.365784	0.000000	0.000000	7.125000	-123.492111	-326.738800
946	-1089.201538	605.528259	-146.926239	103.949791	0.000000	0.000000	7.125000	323.738495	-157.541077
947	278.641449	117.866058	96.852104	169.152832	0.000000	0.000000	7.125000	-23.129692	-105.341827
948	-1395.981079	858.360962	-178.967529	131.342590	0.000000	0.000000	7.125000	766.613525	-495.388519
949	-712.974060	273.630615	-196.426880	42.619286	0.000000	0.000000	7.125000	379.739929	-74.012375
950	111.330688	-1120.846191	12.565314	-182.561783	0.000000	0.000000	7.125000	-17.298141	374.393677
951	1221.776733	936.818787	150.233795	138.004608	0.000000	0.000000	7.125000	-352.617462	-314.197327
952	-1237.092285	-1392.323242	-171.715317	-176.133301	0.000000	0.000000	7.125000	385.961731	510.457581
953	1503.086914	-62.227013	243.878082	-32.217403	0.000000	0.000000	7.125000	-547.822266	33.153324
954	325.557129	-225.167038	215.837158	5.441336	0.000000	0.000000	7.125000	-197.483978	47.141705
955	-1311.793579	713.864868	-183.121902	96.491638	0.000000	0.000000	7.125000	860.402649	-319.887177
956	566.785645	-32.622849	176.947067	4.324450	0.000000	0.000000	7.125000	-314.255463	-15.962934
957	-198.299927	212.577271	81.719063	180.296844	0.000000	0.000000	7.125000	-30.847088	-16.274252
958	-421.146057	-431.662323	-177.921951	-86.858864	0.000000	0.000000	7.125000	254.863205	143.609695
959	-576.836670	307.575500	-175.261887	110.120239	0.000000	0.000000	7.125000	277.144073	-138.437775
960	403.995514	1191.328979	47.736835	189.065323	0.000000	0.000000	7.125000	-96.068527	-449.468292
961	-403.786865	297.957550	-156.048920	116.820686	0.000000	0.000000	7.125000	207.495789	-103.864616
962	697.424744	1224.747803	118.746292	176.826065	0.000000	0.000000	7.125000	-215.762985	-416.854034
963	-771.770447	637.832336	-115.515564	138.043716	0.000000	0.000000	7.125000	252.985107	-301.337738
964	922.805542	-244.496780	226.369232	-27.037634	0.000000	0.000000	7.125000	-548.087891	82.192375
965	-288.638489	-898.145996	-105.992867	-163.677719	0.000000	0.000000	7.125000	152.128479	265.368591
966	187.673950	-815.257385	104.259155	-195.993225	0.000000	0.000000	7.125000	-79.370026	193.512787
967	-862.304749	653.195312	-176.778992	124.062195	0.000000	0.000000	7.125000	394.991791	-194.027161
968	-87.247360	-1065.148315	-28.835352	-177.675262	0.000000	0.000000	7.125000	67.563232	415.935791
969	-1005.190063	-1060.304688	-138.807175	-145.362091	0.000000	0.000000	7.125000	275.387329	353.842926
970	531.402771	-1252.817993	97.299553	-209.493286	0.000000	0.000000	7.125000	-157.767990	461.384430
971	1278.196289	-357.252960	229.477982	-26.412376	0.000000	0.000000	7.125000	-525.660278	28.005409
972	365.230652	-180.943405	147.052353	-67.914719	0.000000	0.000000	7.125000	-288.051636	152.057312
973	-995.496460	772.988647	-116.875305	116.461655	0.000000	0.000000	7.125000	262.169434	-210.705597
974	804.729980	-608.420044	186.961517	-102.033882	0.000000	0.000000	7.125000	-173.746796	51.663624
975	298.159393	-406.612457	162.048553	-133.405533	0.000000	0.000000	7.125000	-159.170334	172.742554
976	-599.639648	1034.688721	-97.848434	168.673309	0.000000	0.000000	7.125000	183.508240	-370.447510
977	-1041.601685	-1253.829712	-140.894379	-151.640305	0.000000	0.000000	7.125000	336.832062	419.873444
978	821.542664	-509.601013	160.868195	-93.367096	0.000000	0.000000	7.125000	-355.278564	180.936813
979	1141.295532	393.372986	209.408844	63.972351	0.000000	0.000000	7.125000	-428.639374	-56.445625
980	454.638916	-943.256104	124.775970	-141.914383	0.000000	0.000000	7.125000	-216.810043	339.874268
981	1117.646362	-535.322388	189.888397	-65.903488	0.000000	0.000000	7.125000	-424.970123	180.692978
982	-19.945225	-878.907471	18.085918	-179.088852	0.000000	0.000000	7.125000	-62.839527	483.280792
983	-889.815308	1068.197021	-127.374939	139.624054	0.000000	0.000000	7.125000	565.961426	-694.583801
984	-462.447205	-810.239319	-96.743210	-137.325760	0.000000	0.000000	7.125000	164.896362	323.318542
985	-1321.636230	1204.469849	-163.270752	184.006348	0.000000	0.000000	7.125000	289.116058	-371.332886
986	-277.379547	1428.352295	-57.273483	205.155426	0.000000	0.000000	7.125000	147.171524	-483.667694
987	-245.659409	-834.844543	-30.568323	-134.568832	0.000000	0.000000	7.125000	97.556046	741.843506
988	-239.813873	-102.267937	-134.602081	-123.952545	0.000000	0.000000	7.125000	140.685410	170.416901
989	1045.613770	-456.900299	137.987991	-72.755127	0.000000	0.000000	7.125000	-415.211334	158.849258
990	737.219910	288.353729	194.006866	62.880981	0.000000	0.000000	7.125000	-364.477997	-39.501301
991	622.523315	1452.628906	68.594452	214.277893	0.000000	0.000000	7.125000	-117.783440	-520.414124
992	-104.354698	704.794678	13.583007	224.548721	0.000000	0.000000	7.125000	13.006256	-241.758408
993	-1154.687012	-389.135193	-178.789734	-51.273277	0.000000	0.000000	7.125000	364.786163	73.661469
994	-1156.241211	863.204285	-161.534805	119.609940	0.000000	0.000000	7.125000	306.256927	-179.556213
995	1046.999390	457.454742	151.242538	91.925339	0.000000	0.000000	7.125000	-382.078522	-161.152115
996	-1031.001709	864.564819	-149.094070	125.681953	0.000000	0.000000	7.125000	391.142151	-290.567627
997	-732.936829	84.484940	-152.971664	43.353527	0.000000	0.000000	7.125000	443.244843	-165.907486
998	-1407.651123	-797.558411	-187.415649	-107.352325	0.000000	0.000000	7.125000	541.067871	247.684357
999	-88.147034	-480.718689	57.220779	-170.641891	0.000000	0.000000	7.125000	-65.019386	274.731384
