node	a_force.x	a_force.y	g_force.x	g_force.y	r_force.x	r_force.y	global_speed	move_node.x	move_node.y
0	-29.777098	837.257690	-14.584703	201.472794	0.000000	0.000000	3.750000	77.497078	-849.163696
1	-149.093079	562.015198	-38.530106	194.214706	0.000000	0.000000	3.750000	127.557915	-778.711975
2	-359.924011	-189.298523	-176.906677	-93.294510	0.000000	0.000000	3.750000	453.061371	259.343536
3	-913.332153	-382.564636	-174.053360	-76.192886	0.000000	0.000000	3.750000	724.675110	258.623566
4	-244.421356	1255.455811	-44.804031	188.754730	0.000000	0.000000	3.750000	182.166229	-1388.054565
5	844.521545	825.315735	142.071045	137.911942	0.000000	0.000000	3.750000	-789.128052	-866.903259
6	17.799665	1206.929565	2.984925	195.977234	0.000000	0.000000	3.750000	-59.174816	-1330.353149
7	-1059.619873	-425.695190	-169.927307	-65.182007	0.000000	0.000000	3.750000	337.688141	90.128967
8	943.040161	-921.350708	124.674545	-121.376442	0.000000	0.000000	3.750000	-1182.628174	1070.025635
9	-96.523216	288.693359	-86.393890	184.799072	0.000000	0.000000	3.750000	51.137337	-65.167336
10	1267.175781	622.871338	184.333221	100.601486	0.000000	0.000000	3.750000	-1141.790894	-429.759338
11	380.694641	1190.066650	62.077217	188.016815	0.000000	0.000000	3.750000	-358.248688	-1351.050171
12	616.297058	374.847595	165.533386	125.947121	0.000000	0.000000	3.750000	-574.180603	-414.532806
13	1302.341064	-303.260071	199.950653	-40.442970	0.000000	0.000000	3.750000	-1438.041260	202.948883
14	1142.020264	764.502075	152.919479	102.330208	0.000000	0.000000	3.750000	-1240.610474	-653.970215
15	-1040.102051	-35.817947	-183.659729	-11.184658	0.000000	0.000000	3.750000	1227.399536	49.515617
16	382.275269	-19.074066	201.529419	51.275139	0.000000	0.000000	3.750000	-367.482361	14.845419
17	-748.853394	1176.199951	-103.438187	168.831390	0.000000	0.000000	3.750000	564.209534	-1375.196411
18	1128.640015	-540.223083	171.284836	-72.508575	0.000000	0.000000	3.750000	-765.007812	221.440659
19	-471.679016	-515.755981	-157.600433	-126.352402	0.000000	0.000000	3.750000	681.740601	363.814240
20	-634.904968	-969.130371	-91.211533	-164.390076	0.000000	0.000000	3.750000	401.134613	1008.183472
21	-851.611450	781.031738	-142.650940	125.501755	0.000000	0.000000	3.750000	902.088562	-820.590942
22	-811.585266	-585.290039	-134.390305	-97.443283	0.000000	0.000000	3.750000	941.652832	590.202209
23	-870.269775	-1156.476685	-123.636047	-154.654602	0.000000	0.000000	3.750000	898.718323	1295.167114
24	-630.468872	141.920532	-176.600006	75.342110	0.000000	0.000000	3.750000	596.480530	-255.656357
25	287.624817	-791.358643	58.839424	-167.993729	0.000000	0.000000	3.750000	-315.357513	786.680786
26	-361.425903	-649.994751	-98.702744	-152.908875	0.000000	0.000000	3.750000	312.965149	670.956116
27	-747.849487	-1256.868042	-123.971451	-169.500885	0.000000	0.000000	3.750000	660.664490	1269.679932
28	882.050781	-904.320435	135.693634	-121.289642	0.000000	0.000000	3.750000	-941.774902	748.905396
29	-195.614914	1110.804443	-31.496014	199.528473	0.000000	0.000000	3.750000	79.653610	-1219.208130
30	1204.049927	-108.926147	185.965363	3.583223	0.000000	0.000000	3.750000	-1380.175537	-87.805161
31	-454.065857	60.464863	-174.732971	93.119728	0.000000	0.000000	3.750000	400.762299	-152.259369
32	-1197.290771	153.242477	-192.212585	26.270203	0.000000	0.000000	3.750000	1406.158447	-82.563797
33	205.291351	-1359.091675	26.623714	-210.321396	0.000000	0.000000	3.750000	-105.585625	1492.769043
34	919.689209	865.763184	128.427429	134.544754	0.000000	0.000000	3.750000	-794.116699	-973.913269
35	-261.610352	-837.797485	-69.310226	-170.445068	0.000000	0.000000	3.750000	440.229218	1743.053955
36	-1243.453247	37.537876	-197.897293	6.352089	0.000000	0.000000	3.750000	1587.266968	105.882401
37	999.022095	-885.616211	135.617783	-115.289772	0.000000	0.000000	3.750000	-1179.668945	844.977905
38	490.592590	-1081.674194	91.617195	-171.003662	0.000000	0.000000	3.750000	-516.893433	1097.581299
39	-853.867737	1181.605713	-117.130920	162.110962	0.000000	0.000000	3.750000	677.154907	-1268.039307
40	505.358490	636.731201	121.378609	158.956680	0.000000	0.000000	3.750000	-557.876282	-765.372009
41	-574.329224	-1372.795532	-113.736252	-181.271790	0.000000	0.000000	3.750000	621.260620	1426.354614
42	1287.224243	-444.133972	194.194199	-55.609253	0.000000	0.000000	3.750000	-1425.034790	274.193268
43	-1053.842529	949.479858	-150.282593	134.977615	0.000000	0.000000	3.750000	1122.838745	-830.345337
44	12.370394	-39.819080	18.531464	-126.131561	0.000000	0.000000	3.750000	-75.919777	-22.504467
45	793.541626	-246.843124	200.843048	-21.588442	0.000000	0.000000	3.750000	-849.752075	106.868996
46	-1062.288574	-757.310425	-150.351196	-102.558533	0.000000	0.000000	3.750000	1347.302612	664.577393
47	-1086.908203	-1202.184448	-148.466324	-148.518311	0.000000	0.000000	3.750000	984.621582	1086.567383
48	643.075439	212.163025	197.720306	91.812592	0.000000	0.000000	3.750000	-486.736267	-209.721695
49	-1093.121948	313.863831	-190.329514	37.558155	0.000000	0.000000	3.750000	1302.746338	-185.913605
50	-30.975552	-308.895752	-28.011711	-177.789917	0.000000	0.000000	3.750000	-9.233811	269.343414
51	750.049255	-145.817764	203.995468	-1.360595	0.000000	0.000000	3.750000	-939.569275	12.655964
52	1112.925781	429.519226	174.285065	85.201691	0.000000	0.000000	3.750000	-1108.040894	-270.170105
53	275.137146	279.490356	109.743286	152.644714	0.000000	0.000000	3.750000	-414.703949	-563.794739
54	769.007080	597.090393	143.545746	118.281860	0.000000	0.000000	3.750000	-831.640442	-718.148499
55	343.662781	-138.040024	187.102173	-18.323891	0.000000	0.000000	3.750000	-679.716858	138.330627
56	-43.872471	906.321045	-4.874047	197.940002	0.000000	0.000000	3.750000	10.517056	-1040.039551
57	80.816574	-201.634933	137.425201	-139.718414	0.000000	0.000000	3.750000	-121.093910	36.649014
58	-860.546692	52.327320	-188.941803	44.010826	0.000000	0.000000	3.750000	1006.348389	-200.279953
59	-390.013977	522.439026	-101.417816	167.721237	0.000000	0.000000	3.750000	365.188751	-671.309998
60	-952.757446	-768.570312	-152.335266	-113.550720	0.000000	0.000000	3.750000	1101.642090	657.629578
61	-688.310669	-1005.817017	-116.783203	-147.327759	0.000000	0.000000	3.750000	834.778381	1361.302856
62	-313.565063	-849.476379	-97.208572	-179.349854	0.000000	0.000000	3.750000	442.590576	940.731506
63	-889.188538	-1045.931152	-128.241898	-145.567902	0.000000	0.000000	3.750000	775.762329	857.053650
64	796.727112	-954.123291	134.526123	-150.687500	0.000000	0.000000	3.750000	-669.949646	761.259888
65	468.441772	-680.539307	109.855362	-155.021484	0.000000	0.000000	3.750000	-540.484680	652.156372
66	350.724304	-359.327698	119.328011	-165.434677	0.000000	0.000000	3.750000	-352.210480	321.190399
67	823.751282	-142.353699	185.972778	-3.180590	0.000000	0.000000	3.750000	-928.944214	-2.494888
68	-1132.857910	-290.070435	-198.281723	-55.858059	0.000000	0.000000	3.750000	1087.767700	199.440231
69	-783.595154	967.717896	-117.989075	135.935211	0.000000	0.000000	3.750000	737.713867	-999.945007
70	-883.465149	831.610962	-154.228668	117.683472	0.000000	0.000000	3.750000	776.555420	-526.953918
71	-339.968445	438.806702	-124.179108	159.320068	0.000000	0.000000	3.750000	320.234894	-470.577850
72	279.558655	1034.337646	50.422550	181.111877	0.000000	0.000000	3.750000	-273.657318	-1207.118042
73	-1018.864075	761.245361	-160.709885	128.873199	0.000000	0.000000	3.750000	1033.655884	-778.424927
74	-57.525963	33.754158	-195.513062	11.236591	0.000000	0.000000	3.750000	66.156738	-7.567985
75	17.380228	179.977478	7.550620	207.607376	0.000000	0.000000	3.750000	-185.295120	-256.823975
76	488.680328	375.427246	143.890289	130.120300	0.000000	0.000000	3.750000	-459.380066	-475.857727
77	359.928467	-1248.349731	46.803238	-186.207809	0.000000	0.000000	3.750000	-256.261810	1442.553955
78	909.459717	674.184143	163.460526	108.151001	0.000000	0.000000	3.750000	-1078.593506	-750.979736
79	-1040.377441	372.066742	-174.093048	65.479820	0.000000	0.000000	3.750000	1397.012451	-490.737854
80	1013.748169	420.940033	167.683594	93.516968	0.000000	0.000000	3.750000	-509.907257	-203.995377
81	1078.895996	-180.276093	171.576141	-12.065141	0.000000	0.000000	3.750000	-1354.209473	31.895079
82	-874.266907	501.693268	-156.665710	96.497726	0.000000	0.000000	3.750000	1030.958862	-568.277283
83	976.314026	-628.253174	147.926743	-83.770401	0.000000	0.000000	3.750000	-1187.282715	505.427643
84	-767.664795	-911.270752	-128.555176	-134.423065	0.000000	0.000000	3.750000	956.887207	978.061707
85	-856.305237	-640.540833	-158.289886	-108.665901	0.000000	0.000000	3.750000	901.060364	543.807129
86	948.682068	99.553741	182.629623	22.413992	0.000000	0.000000	3.750000	-1258.154053	-117.744904
87	1117.610718	34.239487	197.994629	-1.455639	0.000000	0.000000	3.750000	-1287.100830	-17.453167
88	-67.787354	-1251.819580	-15.157784	-187.387299	0.000000	0.000000	3.750000	-28.065489	1327.390015
89	-415.580292	1045.561646	-75.286987	172.266006	0.000000	0.000000	3.750000	381.236176	-1251.454346
90	-26.610809	890.186768	0.731353	199.997177	0.000000	0.000000	3.750000	90.920906	-958.062195
91	-99.901382	-973.229858	-5.374591	-191.923737	0.000000	0.000000	3.750000	144.669006	973.213440
92	-28.580345	-1097.971436	-19.119400	-199.083740	0.000000	0.000000	3.750000	159.911484	1166.413086
93	-739.905762	-513.229065	-176.519501	-102.258629	0.000000	0.000000	3.750000	886.522705	480.507111
94	907.779053	-588.690247	151.580322	-100.734207	0.000000	0.000000	3.750000	-963.017639	593.254883
95	1200.973999	560.619751	165.393494	85.091599	0.000000	0.000000	3.750000	-2513.437988	-834.616150
96	1164.063354	1022.171692	150.327545	131.915039	0.000000	0.000000	3.750000	-896.704407	-818.514526
97	-769.686401	-933.966431	-113.484436	-157.338562	0.000000	0.000000	3.750000	330.861359	759.681702
98	501.617065	-1046.512207	93.321251	-183.648285	0.000000	0.000000	3.750000	-585.689026	927.713013
99	-359.413574	809.651367	-91.208160	175.736267	0.000000	0.000000	3.750000	148.009033	-533.457703
100	-808.533997	165.941040	-181.991486	-1.509251	0.000000	0.000000	3.750000	685.096191	91.677055
101	-1133.167236	-787.434326	-162.215729	-116.986526	0.000000	0.000000	3.750000	1061.317505	611.396973
102	-1132.011597	998.053955	-148.782791	139.569458	0.000000	0.000000	3.750000	1101.899536	-938.356934
103	517.934204	-41.608162	213.945679	4.315953	0.000000	0.000000	3.750000	-637.028381	116.400345
104	900.423401	964.584290	115.787292	127.189819	0.000000	0.000000	3.750000	-893.625977	-1145.902100
105	-93.487206	-134.956451	-111.709549	-160.734406	0.000000	0.000000	3.750000	75.293587	137.013016
106	612.639771	1114.824463	99.841431	159.297363	0.000000	0.000000	3.750000	-433.814026	-750.820862
107	317.956909	-767.409302	75.649948	-180.812210	0.000000	0.000000	3.750000	-324.756683	717.068237
108	-1136.538574	746.935425	-167.610199	112.741837	0.000000	0.000000	3.750000	1248.747803	-724.044006
109	153.434158	1204.027710	30.245090	203.767395	0.000000	0.000000	3.750000	-237.788330	-1197.508057
110	-1152.539307	-31.752876	-191.076996	18.800549	0.000000	0.000000	3.750000	773.756226	-84.640198
111	410.347778	-1039.198364	59.196125	-169.986786	0.000000	0.000000	3.750000	-304.128876	1402.765137
112	-31.890182	985.599792	-14.387855	187.448532	0.000000	0.000000	3.750000	47.999386	-1152.015015
113	-682.479004	-865.193604	-124.802872	-140.599167	0.000000	0.000000	3.750000	659.514587	867.107544
114	-1142.806396	25.368128	-193.768906	9.448320	0.000000	0.000000	3.750000	1199.444214	61.489754
115	1036.302002	-591.441284	184.842743	-70.970459	0.000000	0.000000	3.750000	-1192.551147	303.949097
116	-1103.299805	1029.707031	-142.153732	134.938202	0.000000	0.000000	3.750000	1132.629150	-1045.777344
117	121.649765	-1073.457031	1.843244	-189.988693	0.000000	0.000000	3.750000	31.358027	751.594482
118	937.024353	-902.300659	143.687424	-124.313126	0.000000	0.000000	3.750000	-980.458252	702.361023
119	234.696228	788.050720	44.777912	186.705475	0.000000	0.000000	3.750000	-254.111496	-1003.567444
120	-746.494995	-1151.451660	-112.588066	-150.557831	0.000000	0.000000	3.750000	671.676880	1180.969604
121	-536.231018	904.323059	-95.623184	152.498260	0.000000	0.000000	3.750000	486.574615	-1170.613037
122	1279.422241	932.995239	170.671936	129.100372	0.000000	0.000000	3.750000	-1272.983154	-811.683472
123	-792.300293	-1178.866943	-109.833267	-155.035187	0.000000	0.000000	3.750000	538.850098	1263.631592
124	415.404480	709.992432	116.933640	164.713440	0.000000	0.000000	3.750000	-460.534515	-677.709167
125	1165.699463	520.487244	177.962769	91.261475	0.000000	0.000000	3.750000	-1200.822510	-403.078949
126	-696.985046	158.095078	-193.771835	57.063858	0.000000	0.000000	3.750000	799.523254	-191.172394
127	736.767395	538.301941	140.745209	115.389420	0.000000	0.000000	3.750000	-766.689697	-700.664673
128	-18.511419	1355.701416	-24.577490	210.570328	0.000000	0.000000	3.750000	95.397202	-1336.261963
129	1144.857056	-43.425728	217.994156	1.594846	0.000000	0.000000	3.750000	-1262.390747	-23.780619
130	-156.907501	702.782898	-22.532608	182.613342	0.000000	0.000000	3.750000	156.107330	-675.428345
131	910.345947	-175.892471	187.925400	-5.295589	0.000000	0.000000	3.750000	-961.223389	30.617435
132	649.230957	-558.666626	168.461029	-115.051430	0.000000	0.000000	3.750000	-682.867432	497.154938
133	173.855560	322.997986	101.056503	174.904404	0.000000	0.000000	3.750000	-308.042603	-524.318359
134	160.725739	-1130.139404	10.633320	-209.730591	0.000000	0.000000	3.750000	-65.483017	1116.627319
135	-121.367355	484.661377	-87.634514	154.932159	0.000000	0.000000	3.750000	233.440567	-468.337769
136	-976.942261	437.059937	-185.891357	79.042938	0.000000	0.000000	3.750000	925.619934	-255.596756
137	210.563660	-1143.587646	36.021168	-198.762344	0.000000	0.000000	3.750000	-207.400055	1200.956055
138	51.243454	721.128723	-5.108397	201.918030	0.000000	0.000000	3.750000	78.134125	-455.336334
139	-987.384399	-1056.277222	-150.032074	-141.160431	0.000000	0.000000	3.750000	805.699158	855.349854
140	-137.526642	-1256.579346	-27.865822	-189.966919	0.000000	0.000000	3.750000	142.021408	1357.273926
141	1056.605713	522.994385	167.783447	84.808975	0.000000	0.000000	3.750000	-1032.338257	-415.774384
142	403.821838	415.944397	122.405960	142.679718	0.000000	0.000000	3.750000	-453.190369	-354.569733
143	-406.872620	-1072.871094	-36.566887	-174.203461	0.000000	0.000000	3.750000	220.240555	1237.232910
144	337.775574	-645.979736	67.515350	-196.737366	0.000000	0.000000	3.750000	-258.658264	706.543579
145	163.354126	-1176.056396	26.807655	-188.099304	0.000000	0.000000	3.750000	-159.316833	1269.466675
146	-1276.379395	-360.089539	-196.131042	-39.148617	0.000000	0.000000	3.750000	1252.549072	248.505066
147	157.522903	776.192993	31.007473	201.629364	0.000000	0.000000	3.750000	-105.711006	-775.392700
148	622.645752	-1040.417847	107.274796	-168.796082	0.000000	0.000000	3.750000	-632.239075	997.132202
149	-447.574646	-694.329834	-108.722717	-172.610870	0.000000	0.000000	3.750000	348.634369	830.892883
150	-630.313843	788.252563	-132.633072	136.010284	0.000000	0.000000	3.750000	192.137421	-228.753052
151	1314.539551	-379.672546	201.006470	-53.481812	0.000000	0.000000	3.750000	-1359.249512	284.010315
152	-116.246063	-2.543390	-185.981110	2.572663	0.000000	0.000000	3.750000	291.770233	1.872616
153	143.152039	1154.042847	-1.734728	199.992371	0.000000	0.000000	3.750000	-19.534763	-1201.272827
154	-797.703613	483.869934	-152.742172	65.002609	0.000000	0.000000	3.750000	750.938110	-204.062271
155	-1236.683594	502.601593	-173.621094	60.923710	0.000000	0.000000	3.750000	1162.928101	-365.518677
156	556.716858	1318.333984	77.821747	205.775879	0.000000	0.000000	3.750000	-438.986603	-1341.756104
157	-625.101807	-416.011414	-101.507408	-146.202316	0.000000	0.000000	3.750000	164.150894	246.707153
158	243.812195	801.624023	45.261280	186.585632	0.000000	0.000000	3.750000	-249.638443	-682.193787
159	-450.873779	-1179.711182	-84.581161	-187.834518	0.000000	0.000000	3.750000	444.645050	1231.479736
160	-1213.489746	863.087708	-148.772278	121.370293	0.000000	0.000000	3.750000	1194.642090	-847.991211
161	-722.829834	-996.026123	-96.092201	-142.653320	0.000000	0.000000	3.750000	503.962982	1081.013062
162	-498.633728	688.789856	-129.433594	155.080322	0.000000	0.000000	3.750000	585.828003	-1003.040466
163	524.087646	-1028.716431	100.345406	-149.434631	0.000000	0.000000	3.750000	-472.708862	810.001587
164	959.482178	-890.085510	132.555206	-141.651367	0.000000	0.000000	3.750000	-1094.387573	1110.244873
165	-493.357361	-1072.712036	-65.759705	-178.257034	0.000000	0.000000	3.750000	354.257446	1230.235718
166	1054.927979	-633.001221	167.841080	-93.237312	0.000000	0.000000	3.750000	-1911.377197	818.577209
167	-43.663673	-651.667603	-62.818134	-187.768692	0.000000	0.000000	3.750000	159.309967	689.936035
168	599.416260	1160.612305	97.692856	160.623291	0.000000	0.000000	3.750000	-501.506439	-1248.484619
169	-661.443115	1167.064697	-85.706116	167.324799	0.000000	0.000000	3.750000	373.819672	-1447.133667
170	283.821564	-494.070862	54.889084	-188.153320	0.000000	0.000000	3.750000	-98.557259	590.372986
171	478.970184	-829.855713	98.747597	-187.595398	0.000000	0.000000	3.750000	-580.956970	811.775574
172	-619.580444	1114.985840	-90.055328	160.455688	0.000000	0.000000	3.750000	308.401764	-729.133606
173	-7.344167	818.955933	-4.747589	193.941757	0.000000	0.000000	3.750000	35.199738	-703.533997
174	682.124207	937.521545	126.230835	180.181152	0.000000	0.000000	3.750000	-537.300537	-949.557800
175	1068.119629	596.208130	163.409973	92.957504	0.000000	0.000000	3.750000	-1122.918457	-544.496155
176	650.624268	-992.324585	100.576263	-168.227264	0.000000	0.000000	3.750000	-571.323914	1011.361694
177	827.098206	-1190.786377	104.566010	-170.487274	0.000000	0.000000	3.750000	-699.635559	1286.699463
178	1110.392578	199.044678	195.085098	44.062069	0.000000	0.000000	3.750000	-1180.381470	-171.333740
179	-1198.265381	334.046234	-182.417236	76.993172	0.000000	0.000000	3.750000	1245.634155	-492.999603
180	491.173615	-88.202194	175.807495	-47.067108	0.000000	0.000000	3.750000	-1408.933960	221.730194
181	460.752319	569.345947	151.847244	96.653267	0.000000	0.000000	3.750000	-751.963440	-370.007111
182	492.532471	-845.021851	107.733284	-173.232574	0.000000	0.000000	3.750000	-584.514771	905.037170
183	1291.252563	-287.153137	199.722748	-10.518433	0.000000	0.000000	3.750000	-1506.422119	-40.078602
184	-919.972351	-735.231812	-155.018219	-109.860550	0.000000	0.000000	3.750000	876.850647	657.555786
185	-274.034973	702.153625	-39.724960	185.796600	0.000000	0.000000	3.750000	183.075317	-560.227478
186	258.165070	-1105.479370	14.576587	-199.467758	0.000000	0.000000	3.750000	-134.511566	1169.297974
187	1080.071655	678.172852	175.743515	114.950035	0.000000	0.000000	3.750000	-977.861572	-517.120422
188	-1204.455933	-223.072037	-184.073196	-54.594894	0.000000	0.000000	3.750000	1235.829468	195.473419
189	296.792419	1002.560669	24.425121	194.469788	0.000000	0.000000	3.750000	-336.371765	-1258.981079
190	-768.698547	-138.758591	-190.568817	-23.397682	0.000000	0.000000	3.750000	817.962524	130.479813
191	244.992249	1205.362549	34.370071	205.140472	0.000000	0.000000	3.750000	-314.421509	-1405.169312
192	65.879814	-332.786957	93.762115	-169.834137	0.000000	0.000000	3.750000	-342.421051	451.336853
193	1285.710205	-32.409641	197.338882	-32.512329	0.000000	0.000000	3.750000	-1445.060303	89.687202
194	979.125244	-1020.942993	133.916656	-129.082642	0.000000	0.000000	3.750000	-870.453369	831.629333
195	-1101.230713	466.310944	-193.382172	76.598343	0.000000	0.000000	3.750000	1290.252197	-469.341034
196	135.311005	1059.683594	12.620520	205.612579	0.000000	0.000000	3.750000	-63.645428	-678.741089
197	-461.008026	-775.345398	-121.681610	-176.038544	0.000000	0.000000	3.750000	541.655090	736.920288
198	1334.339600	-521.721191	183.320557	-79.958153	0.000000	0.000000	3.750000	-1316.041504	417.738098
199	444.217987	-938.802795	79.491562	-163.722595	0.000000	0.000000	3.750000	-474.158722	1059.317627
200	2.464364	-1016.817871	6.637225	-201.890381	0.000000	0.000000	3.750000	-128.999725	1174.213379
201	562.268188	-1220.031006	99.659668	-177.998962	0.000000	0.000000	3.750000	-629.028320	1438.397095
202	-646.436768	381.360504	-152.803467	98.868622	0.000000	0.000000	3.750000	1059.742798	-627.481323
203	895.422241	-447.898956	188.553680	-82.963066	0.000000	0.000000	3.750000	-813.132690	466.291901
204	-1185.534058	-442.743958	-183.144836	-63.980640	0.000000	0.000000	3.750000	1275.001343	267.833557
205	-809.761902	-943.788757	-147.442230	-132.154266	0.000000	0.000000	3.750000	752.500610	712.585815
206	805.969727	708.361938	146.407654	136.252716	0.000000	0.000000	3.750000	-787.203735	-738.427063
207	-949.767883	-444.393127	-181.462967	-68.601921	0.000000	0.000000	3.750000	1054.175903	203.330963
208	-1001.299683	-924.086853	-144.897461	-137.854706	0.000000	0.000000	3.750000	427.259766	504.474915
209	742.875977	-984.676453	109.616798	-160.062729	0.000000	0.000000	3.750000	-1039.135254	1390.018555
210	-684.658813	834.560425	-106.401398	154.990784	0.000000	0.000000	3.750000	507.064728	-1085.296021
211	600.724365	596.036560	121.422920	132.877670	0.000000	0.000000	3.750000	-652.445374	-704.802795
212	585.651001	-1283.989014	80.584892	-189.581848	0.000000	0.000000	3.750000	-382.817078	1592.682373
213	1277.652588	426.007324	181.615875	68.196098	0.000000	0.000000	3.750000	-1305.148560	-206.022873
214	-512.484314	558.288208	-145.101608	149.024719	0.000000	0.000000	3.750000	423.353912	-606.560791
215	828.294556	910.044312	130.979034	161.580826	0.000000	0.000000	3.750000	-773.666687	-1080.902954
216	1091.291870	82.186005	200.919815	20.859268	0.000000	0.000000	3.750000	-1196.239136	-61.794933
217	894.379944	-909.622314	133.790604	-137.710114	0.000000	0.000000	3.750000	-718.034119	731.462158
218	-749.381714	295.421082	-157.366058	83.185707	0.000000	0.000000	3.750000	961.221069	-456.686218
219	3.004120	-921.597046	-11.747519	-207.663849	0.000000	0.000000	3.750000	166.568771	749.486450
220	-1207.110352	481.681580	-175.981323	66.139580	0.000000	0.000000	3.750000	1333.652832	-380.860321
221	-300.319092	929.633301	-35.753510	186.604553	0.000000	0.000000	3.750000	117.582626	-979.681519
222	-114.333496	427.966980	-58.523209	193.335709	0.000000	0.000000	3.750000	137.099960	-409.006378
223	-871.877686	219.160828	-178.217834	53.238167	0.000000	0.000000	3.750000	908.792236	-214.066803
224	502.264404	1403.948608	98.031845	172.023773	0.000000	0.000000	3.750000	-321.442719	-1191.088013
225	415.277039	-1446.743896	65.252594	-197.496704	0.000000	0.000000	3.750000	-172.967331	1319.316406
226	949.895142	-198.474213	169.005814	-49.122620	0.000000	0.000000	3.750000	-1011.432251	282.471588
227	842.221802	148.540421	186.966858	33.788132	0.000000	0.000000	3.750000	-434.589539	-29.581606
228	-45.761177	840.453247	-49.486031	189.649902	0.000000	0.000000	3.750000	228.902954	-789.364502
229	-675.200867	823.550903	-137.300507	134.205322	0.000000	0.000000	3.750000	198.884293	-200.213852
230	-209.082733	-1397.929321	-35.222473	-196.873932	0.000000	0.000000	3.750000	204.994812	1410.873657
231	329.481873	-755.563965	74.006111	-177.164032	0.000000	0.000000	3.750000	-204.709686	504.547028
232	88.056320	-29.818932	181.388702	-73.894814	0.000000	0.000000	3.750000	-364.522522	37.562641
233	-483.043396	644.838379	-106.774620	173.823135	0.000000	0.000000	3.750000	345.142487	-739.980713
234	-821.948120	879.732971	-127.790810	126.765518	0.000000	0.000000	3.750000	906.592163	-937.266174
235	1072.776489	-824.500427	152.497620	-123.127411	0.000000	0.000000	3.750000	-1136.229004	778.101868
236	-104.373932	-158.766479	51.272667	-189.171341	0.000000	0.000000	3.750000	-78.211761	416.719910
237	1133.874878	-1225.407715	140.314606	-156.242706	0.000000	0.000000	3.750000	-934.622864	1122.408569
238	1239.870972	-847.925171	161.878693	-124.140884	0.000000	0.000000	3.750000	-1356.294067	768.640137
239	253.315277	823.467407	64.224205	170.291351	0.000000	0.000000	3.750000	-315.249420	-946.976196
240	-1119.966797	-646.929993	-173.841736	-98.884438	0.000000	0.000000	3.750000	1000.963867	349.142303
241	647.162842	1165.380493	98.448524	167.155701	0.000000	0.000000	3.750000	-199.308334	-804.699951
242	497.235718	94.195099	195.920990	28.589973	0.000000	0.000000	3.750000	-1027.926514	8.376842
243	31.380091	-1061.819824	-4.079704	-177.953247	0.000000	0.000000	3.750000	27.459295	1200.407104
244	-619.617859	663.998169	-146.060608	136.621979	0.000000	0.000000	3.750000	539.023010	-653.233948
245	1085.822021	557.587952	188.875854	87.111084	0.000000	0.000000	3.750000	-1103.948242	-265.005463
246	814.651978	-63.278404	196.554840	-23.877010	0.000000	0.000000	3.750000	-861.913635	153.035309
247	1146.152710	-423.921356	175.973618	-95.034500	0.000000	0.000000	3.750000	-764.458252	239.478363
248	1254.342163	-437.225403	175.239258	-83.227783	0.000000	0.000000	3.750000	-1329.971924	437.835876
249	1271.455322	-830.856567	151.353668	-121.358871	0.000000	0.000000	3.750000	-1205.841553	816.853882
250	-843.808228	1111.283936	-126.394119	144.528534	0.000000	0.000000	3.750000	757.251648	-957.410400
251	-609.273376	501.027039	-163.029602	108.796616	0.000000	0.000000	3.750000	658.737854	-330.647675
252	-816.187622	-681.762024	-116.125351	-167.722717	0.000000	0.000000	3.750000	601.896301	856.471558
253	512.820190	-612.688843	113.618607	-147.263489	0.000000	0.000000	3.750000	-547.340027	589.508850
254	-515.818787	-685.050537	-113.931549	-154.542221	0.000000	0.000000	3.750000	471.014740	567.333191
255	-1231.735718	-262.271179	-198.885422	-35.332253	0.000000	0.000000	3.750000	1490.897949	150.267044
256	294.970093	892.471069	19.863482	196.994202	0.000000	0.000000	3.750000	-199.344971	-704.066833
257	-614.171143	-743.293091	-76.568420	-171.697723	0.000000	0.000000	3.750000	243.127045	979.292236
258	-420.451355	1019.439087	-82.242821	175.704163	0.000000	0.000000	3.750000	286.039886	-929.854919
259	-587.421021	297.822296	-188.746582	87.399574	0.000000	0.000000	3.750000	734.046936	-379.017212
260	241.384979	-980.628296	38.839249	-181.899719	0.000000	0.000000	3.750000	-249.615829	1158.009399
261	-705.782898	-725.408875	-144.992676	-125.860481	0.000000	0.000000	3.750000	722.889709	731.824585
262	316.888611	-941.637268	73.707901	-168.584625	0.000000	0.000000	3.750000	-218.951645	376.052338
263	216.875885	208.101501	114.235825	141.677200	0.000000	0.000000	3.750000	-653.295593	-572.344360
264	-25.577496	301.782410	-85.584465	191.762634	0.000000	0.000000	3.750000	12.284363	-77.006325
265	667.731079	162.081100	163.793716	88.131676	0.000000	0.000000	3.750000	-482.145782	-302.669403
266	24.753601	1224.110352	-7.104234	203.876175	0.000000	0.000000	3.750000	-0.762396	-1319.542725
267	-717.665161	905.402344	-122.695335	147.680695	0.000000	0.000000	3.750000	577.739197	-857.955017
268	-893.020874	1104.435669	-125.514549	155.710754	0.000000	0.000000	3.750000	771.569580	-1207.680176
269	-1110.266602	0.295270	-187.753204	-9.625582	0.000000	0.000000	3.750000	1042.089722	6.889786
270	-726.867615	-1080.905151	-121.162262	-156.600128	0.000000	0.000000	3.750000	639.174683	962.447998
271	1129.751709	585.720581	179.004761	101.947395	0.000000	0.000000	3.750000	-588.743469	-304.338287
272	1119.083984	-531.883362	165.964691	-96.537102	0.000000	0.000000	3.750000	-668.581238	365.827881
273	1030.966797	-712.663574	157.625854	-94.915154	0.000000	0.000000	3.750000	-519.730286	366.347626
274	-1077.725098	-863.604126	-165.413651	-122.777512	0.000000	0.000000	3.750000	935.016479	723.065430
275	1031.924927	554.017639	172.968018	87.850662	0.000000	0.000000	3.750000	-1054.778931	-397.606476
276	-255.565979	-975.022583	-56.108715	-162.590942	0.000000	0.000000	3.750000	304.937958	914.965149
277	1134.280029	-1091.691406	139.828552	-145.780518	0.000000	0.000000	3.750000	-1094.125732	1062.840576
278	-697.203186	262.526001	-182.764801	44.052246	0.000000	0.000000	3.750000	833.554016	-119.883736
279	228.773575	641.306091	54.753723	175.664429	0.000000	0.000000	3.750000	-278.850403	-1041.666504
280	-969.769897	-611.436523	-176.190582	-102.795082	0.000000	0.000000	3.750000	294.610046	125.425621
281	-266.305847	297.134094	-161.268127	121.613129	0.000000	0.000000	3.750000	350.020020	-162.653809
282	-693.471313	306.519531	-173.306274	91.545319	0.000000	0.000000	3.750000	795.712280	-319.577454
283	-153.725739	-333.098206	-129.500168	-127.881607	0.000000	0.000000	3.750000	388.575775	397.791046
284	152.130020	-14.579355	144.342972	-117.307739	0.000000	0.000000	3.750000	-286.761261	170.512100
285	875.641357	780.727905	146.095917	115.116676	0.000000	0.000000	3.750000	-881.944580	-804.173889
286	73.963531	902.445190	36.943970	202.659119	0.000000	0.000000	3.750000	-278.735260	-1126.707642
287	121.697472	-89.439636	2.755034	-207.916718	0.000000	0.000000	3.750000	-65.837143	201.536316
288	-1175.113037	-253.965668	-183.454865	-30.660992	0.000000	0.000000	3.750000	1402.455688	94.801941
289	311.057343	-903.931152	86.219025	-158.007080	0.000000	0.000000	3.750000	-457.037506	974.460083
290	419.040955	363.154541	158.006241	81.962318	0.000000	0.000000	3.750000	-541.646545	-249.646042
291	729.754761	1248.446289	99.705444	173.372803	0.000000	0.000000	3.750000	-517.000854	-1460.531128
292	656.652893	844.800232	103.941818	151.828323	0.000000	0.000000	3.750000	-422.816467	-761.091553
293	1021.561829	1120.845825	134.779953	133.919250	0.000000	0.000000	3.750000	-1087.039795	-1113.335449
294	-567.627563	359.302094	-177.412186	73.407379	0.000000	0.000000	3.750000	587.611755	-192.996307
295	794.730042	-133.374390	182.117920	-54.151691	0.000000	0.000000	3.750000	-866.152588	179.307648
296	1020.591614	-1026.810425	145.504669	-142.982864	0.000000	0.000000	3.750000	-910.869385	726.548462
297	-1161.115479	-941.571167	-150.522720	-128.633301	0.000000	0.000000	3.750000	1137.606323	704.957275
298	935.955811	-388.256531	187.955032	-74.006058	0.000000	0.000000	3.750000	-968.077820	383.848083
299	-17.814957	-445.047791	-66.793777	-184.265656	0.000000	0.000000	3.750000	162.790375	528.785706
300	812.801147	-485.503357	167.588852	-101.632034	0.000000	0.000000	3.750000	-727.131653	317.444763
301	-983.399963	-262.914795	-182.883148	-70.493736	0.000000	0.000000	3.750000	1066.756470	278.305267
302	-1271.464844	413.494873	-186.337433	60.777992	0.000000	0.000000	3.750000	1226.840576	-257.936096
303	798.339294	-1054.251221	108.813408	-150.849457	0.000000	0.000000	3.750000	-665.159424	1082.903442
304	-1134.424438	233.033813	-181.246536	16.537842	0.000000	0.000000	3.750000	647.223633	-15.495997
305	-1064.160400	522.052734	-189.916931	102.895012	0.000000	0.000000	3.750000	1154.788330	-522.677368
306	-1006.565674	1162.365723	-134.428314	150.774536	0.000000	0.000000	3.750000	925.922729	-1171.781494
307	262.100220	939.987061	96.669861	156.559113	0.000000	0.000000	3.750000	-409.691589	-794.113464
308	754.400757	644.641846	160.317505	132.522797	0.000000	0.000000	3.750000	-587.490662	-497.264893
309	810.114868	-1207.582642	98.401154	-174.117767	0.000000	0.000000	3.750000	-557.650269	1258.784546
310	-704.582153	105.915649	-205.325012	33.235886	0.000000	0.000000	3.750000	734.703430	-16.259533
311	-95.529938	-1133.062012	-30.790098	-189.515045	0.000000	0.000000	3.750000	169.270950	1287.041138
312	597.815430	-318.664368	190.827728	-52.808681	0.000000	0.000000	3.750000	-752.661377	193.645721
313	-802.325317	31.332079	-197.763184	-9.680667	0.000000	0.000000	3.750000	1049.536011	39.470196
314	849.823181	525.760803	173.694565	71.926361	0.000000	0.000000	3.750000	-842.886902	-200.841019
315	1037.414429	368.923462	182.982819	75.630142	0.000000	0.000000	3.750000	-1080.844849	-207.434174
316	1172.047119	-1306.835205	145.681335	-162.175613	0.000000	0.000000	3.750000	-1005.030884	1200.032227
317	-1245.889771	1148.448486	-148.815399	150.989960	0.000000	0.000000	3.750000	1084.336670	-1155.451538
318	471.668610	1107.004150	82.623703	179.937012	0.000000	0.000000	3.750000	-768.560913	-1723.454468
319	-1237.155396	599.739807	-184.096939	87.886734	0.000000	0.000000	3.750000	1341.841919	-477.471039
320	-313.003632	-873.638916	-69.898743	-178.821198	0.000000	0.000000	3.750000	183.698151	977.276733
321	-167.506378	11.056116	-171.785568	-27.642445	0.000000	0.000000	3.750000	356.449493	100.921890
322	-797.434326	-982.825806	-117.689056	-136.195770	0.000000	0.000000	3.750000	799.057617	929.156555
323	-451.084229	1070.490967	-108.313309	165.746582	0.000000	0.000000	3.750000	500.995392	-980.129517
324	561.160889	-1218.336426	101.157059	-181.743576	0.000000	0.000000	3.750000	-468.256165	1209.535278
325	786.298096	-1191.201660	113.972687	-156.990845	0.000000	0.000000	3.750000	-786.641724	1311.249146
326	305.913452	-626.338867	84.055740	-188.068619	0.000000	0.000000	3.750000	-330.745117	552.789795
327	-999.305481	-481.790222	-168.730728	-91.567032	0.000000	0.000000	3.750000	287.753357	96.129448
328	713.868347	-525.250793	139.421143	-116.984802	0.000000	0.000000	3.750000	-771.517151	528.489502
329	774.744690	381.859375	186.380951	53.833405	0.000000	0.000000	3.750000	-991.633667	-242.839111
330	1183.112305	297.714600	182.942413	51.303246	0.000000	0.000000	3.750000	-1110.097900	-236.059601
331	-761.556763	1069.703369	-119.928070	165.024948	0.000000	0.000000	3.750000	784.706726	-1179.725952
332	376.792419	-881.457947	97.581413	-192.696625	0.000000	0.000000	3.750000	-436.435150	599.698303
333	891.967773	-667.658508	164.170990	-95.643860	0.000000	0.000000	3.750000	-1385.042603	663.731934
334	-1029.786377	1178.927490	-148.644379	145.495193	0.000000	0.000000	3.750000	1368.853271	-1334.222534
335	-1324.725586	-146.541870	-195.413712	-15.148190	0.000000	0.000000	3.750000	1467.676025	75.380341
336	-1248.679688	-109.604340	-191.327362	-42.531197	0.000000	0.000000	3.750000	1055.670166	51.285164
337	1287.828857	-583.272217	173.093887	-96.137070	0.000000	0.000000	3.750000	-1149.275391	511.457092
338	-100.621132	-716.216614	-3.560709	-191.966003	0.000000	0.000000	3.750000	66.938362	538.891724
339	-998.915588	-636.364868	-161.690109	-99.780121	0.000000	0.000000	3.750000	999.622253	462.245392
340	-552.921631	1200.451538	-88.167053	175.048737	0.000000	0.000000	3.750000	413.105499	-1270.991333
341	-639.367188	963.298218	-101.476700	146.240860	0.000000	0.000000	3.750000	589.420898	-987.725464
342	-570.985657	-339.602600	-175.269104	-100.420273	0.000000	0.000000	3.750000	1044.457642	397.249176
343	-853.992310	-1209.031982	-114.370132	-156.700729	0.000000	0.000000	3.750000	639.993958	1199.600342
344	338.954651	1119.605469	67.781578	177.498108	0.000000	0.000000	3.750000	-377.969727	-1210.075317
345	266.038330	188.337799	121.595512	124.406654	0.000000	0.000000	3.750000	-367.589813	-162.557999
346	5.109238	870.002319	12.931934	187.552261	0.000000	0.000000	3.750000	-116.145912	-729.009583
347	-50.861248	-1159.003418	-23.744339	-202.613159	0.000000	0.000000	3.750000	142.614548	704.033142
348	-1227.942627	-402.174561	-187.606079	-69.272697	0.000000	0.000000	3.750000	379.895752	76.126816
349	-138.264709	-999.622681	-34.167656	-190.967468	0.000000	0.000000	3.750000	194.452515	1105.574707
350	-746.033325	-311.791931	-186.885559	-44.020309	0.000000	0.000000	3.750000	859.491272	189.928574
351	200.975098	-439.879456	95.806564	-161.752563	0.000000	0.000000	3.750000	-422.754333	536.410706
352	911.712280	295.805389	187.017029	19.196362	0.000000	0.000000	3.750000	-1208.555298	-54.844582
353	286.657166	-522.613892	106.276047	-164.666641	0.000000	0.000000	3.750000	-346.181580	320.447845
354	800.504150	530.807251	154.711945	117.047638	0.000000	0.000000	3.750000	-793.154236	-553.760315
355	399.782074	-1223.553467	36.197712	-184.481949	0.000000	0.000000	3.750000	-160.333923	1349.697876
356	438.298889	968.751099	76.142105	174.074219	0.000000	0.000000	3.750000	-298.136719	-1065.917480
357	838.902039	975.518738	124.471771	135.509064	0.000000	0.000000	3.750000	-811.333679	-1013.425415
358	-613.949463	-1300.945435	-102.367981	-171.813629	0.000000	0.000000	3.750000	468.152527	1330.182373
359	1145.074341	871.582886	150.873505	131.290436	0.000000	0.000000	3.750000	-1021.290894	-926.830200
360	1248.138306	-7.724037	207.967346	-3.680750	0.000000	0.000000	3.750000	-1342.349731	-14.580757
361	-205.627502	-270.442505	-128.706024	-147.633545	0.000000	0.000000	3.750000	132.056702	104.124092
362	-520.019653	1057.322266	-87.879395	177.428192	0.000000	0.000000	3.750000	413.997498	-1231.326904
363	320.269257	-400.948364	88.883949	-176.921173	0.000000	0.000000	3.750000	-192.078903	586.307312
364	-846.129272	-1072.552734	-89.302460	-163.157318	0.000000	0.000000	3.750000	404.198303	1360.026611
365	4.195908	-15.941319	-146.199341	-155.127777	0.000000	0.000000	3.750000	72.156342	38.167686
366	-115.110107	-1178.922607	-21.216358	-190.823639	0.000000	0.000000	3.750000	19.075302	1405.699707
367	719.668823	-550.474609	161.707855	-103.510597	0.000000	0.000000	3.750000	-797.984497	524.481934
368	267.535431	-361.212372	147.402222	-126.093925	0.000000	0.000000	3.750000	-461.833466	208.972504
369	609.644958	-403.469238	142.390060	-140.443970	0.000000	0.000000	3.750000	-399.678314	141.974503
370	-979.830688	-573.531494	-153.452484	-101.529900	0.000000	0.000000	3.750000	859.403320	571.309631
371	-304.588409	894.112549	-86.494217	186.959091	0.000000	0.000000	3.750000	247.410767	-846.364990
372	-1030.438354	-612.868774	-160.738281	-93.587761	0.000000	0.000000	3.750000	1001.499329	393.831635
373	478.686432	-566.354492	121.670486	-145.922104	0.000000	0.000000	3.750000	-638.346619	502.970032
374	-844.281616	315.069946	-179.176453	63.203018	0.000000	0.000000	3.750000	640.875427	-133.317245
375	-833.654114	-780.072632	-138.158768	-127.498848	0.000000	0.000000	3.750000	629.945068	731.964355
376	-1076.056519	214.440613	-183.289764	41.817413	0.000000	0.000000	3.750000	855.799133	-220.782059
377	530.804626	-285.604919	126.976624	-141.322723	0.000000	0.000000	3.750000	-613.237183	409.483276
378	176.549347	-825.079834	-0.823771	-183.997894	0.000000	0.000000	3.750000	28.837904	619.962341
379	723.680725	787.199158	144.021698	150.072403	0.000000	0.000000	3.750000	-621.673279	-635.423096
380	-731.225464	-897.352905	-130.934586	-134.907608	0.000000	0.000000	3.750000	753.526672	861.804016
381	-817.533203	440.508240	-171.395142	86.531189	0.000000	0.000000	3.750000	743.300232	-346.895111
382	-466.713562	-1235.706055	-84.388153	-172.458344	0.000000	0.000000	3.750000	363.544250	1377.255371
383	1218.869873	869.023254	160.106628	126.419090	0.000000	0.000000	3.750000	-938.003479	-698.777405
384	-97.635513	290.478394	-118.751419	145.738815	0.000000	0.000000	3.750000	270.958923	-239.215851
385	-740.780640	116.135551	-191.176010	17.750315	0.000000	0.000000	3.750000	990.097595	12.725923
386	956.819336	344.802429	187.044495	51.480808	0.000000	0.000000	3.750000	-1077.046875	-242.675980
387	-457.478149	1245.305542	-88.746628	176.996414	0.000000	0.000000	3.750000	458.117828	-1221.850586
388	876.027222	1045.603760	114.034210	149.465393	0.000000	0.000000	3.750000	-844.381042	-1490.975708
389	-904.453613	-823.726440	-111.451416	-148.911316	0.000000	0.000000	3.750000	591.507629	868.164307
390	95.735504	-482.706482	56.562019	-189.747025	0.000000	0.000000	3.750000	-110.206459	322.531952
391	-566.886963	474.782227	-173.541809	99.413605	0.000000	0.000000	3.750000	567.793579	-364.673920
392	1037.741211	1081.627197	146.732635	129.944275	0.000000	0.000000	3.750000	-1147.833252	-960.283203
393	1324.454834	-91.980530	189.464447	-14.254751	0.000000	0.000000	3.750000	-1383.718140	64.958824
394	-1134.587036	623.609619	-183.007339	94.573441	0.000000	0.000000	3.750000	1158.327393	-487.409058
395	-792.569580	-576.206177	-166.695450	-106.848305	0.000000	0.000000	3.750000	754.932617	519.278625
396	1136.520996	-365.634033	185.101654	-51.003021	0.000000	0.000000	3.750000	-1225.155151	272.348907
397	1126.638306	-788.202515	150.824051	-112.231476	0.000000	0.000000	3.750000	-1203.536987	706.548767
398	-138.354446	1081.470825	-44.076729	180.701782	0.000000	0.000000	3.750000	192.107910	-1070.693726
399	-1167.302246	963.460632	-173.150146	115.251892	0.000000	0.000000	3.750000	1251.432617	-762.222351
400	146.455276	-799.764954	5.127864	-201.931976	0.000000	0.000000	3.750000	-65.780159	214.877136
401	-368.843231	-441.413391	-126.404320	-133.707581	0.000000	0.000000	3.750000	486.866058	574.456665
402	845.281555	351.310364	168.133591	69.674332	0.000000	0.000000	3.750000	-1005.427551	-278.781219
403	-674.967896	368.135620	-160.344086	116.139183	0.000000	0.000000	3.750000	208.194565	-173.178421
404	403.065460	-10.401681	197.783447	-41.017654	0.000000	0.000000	3.750000	-424.449432	34.517704
405	661.947449	-984.742249	108.601791	-135.947235	0.000000	0.000000	3.750000	-670.099792	837.927185
406	1009.757568	-1026.889648	135.809418	-157.542603	0.000000	0.000000	3.750000	-838.218201	867.855103
407	744.434448	904.165649	122.144028	155.835739	0.000000	0.000000	3.750000	-656.240967	-925.461487
408	-1318.016846	479.022522	-184.806030	86.385391	0.000000	0.000000	3.750000	1467.382446	-494.075745
409	-401.226562	-1095.840942	-98.946640	-173.807190	0.000000	0.000000	3.750000	441.176544	1145.547607
410	-123.305328	-232.089066	-183.267792	-98.349281	0.000000	0.000000	3.750000	285.576691	124.478745
411	-457.981171	-265.185974	-95.452141	-171.186447	0.000000	0.000000	3.750000	312.142883	635.968201
412	1099.676514	-458.521393	194.813202	-72.882126	0.000000	0.000000	3.750000	-1071.508423	385.028717
413	-1.284456	-722.570740	-0.181724	-189.999908	0.000000	0.000000	3.750000	-9.960370	459.890472
414	-679.669983	152.015030	-181.542542	12.869770	0.000000	0.000000	3.750000	626.083008	36.309540
415	-1117.524048	699.255737	-160.223053	105.794189	0.000000	0.000000	3.750000	1140.578491	-623.320679
416	811.305176	-137.422989	201.706985	-58.424789	0.000000	0.000000	3.750000	-753.749756	131.711914
417	-975.210938	221.427765	-188.426407	36.870819	0.000000	0.000000	3.750000	1087.876831	-252.054337
418	-1033.147339	-223.830994	-174.330536	-44.818676	0.000000	0.000000	3.750000	1222.285278	195.958725
419	-711.363953	446.570343	-165.764648	100.778481	0.000000	0.000000	3.750000	675.564758	-251.947205
420	975.037476	-1108.825928	122.686371	-152.853058	0.000000	0.000000	3.750000	-857.432800	1071.982422
421	676.314087	824.303833	168.279984	125.625404	0.000000	0.000000	3.750000	-889.290833	-596.409973
422	-1064.869141	74.769089	-191.372726	15.473207	0.000000	0.000000	3.750000	1008.806458	54.758793
423	109.669678	-1056.348999	15.214136	-197.413223	0.000000	0.000000	3.750000	-227.735077	1178.241455
424	-539.816101	871.948853	-114.676010	146.441864	0.000000	0.000000	3.750000	543.010315	-830.093811
425	-655.201721	660.973511	-147.341766	119.958397	0.000000	0.000000	3.750000	699.149170	-471.865814
426	-512.440491	480.495941	-160.739136	112.154861	0.000000	0.000000	3.750000	482.688110	-347.494110
427	-1102.440918	-1002.034485	-160.655884	-132.111481	0.000000	0.000000	3.750000	1139.795410	753.274658
428	-1185.140015	120.318550	-193.200623	17.591808	0.000000	0.000000	3.750000	1280.310913	-42.362965
429	-354.612854	-647.907227	-106.466782	-178.632889	0.000000	0.000000	3.750000	73.165871	213.277573
430	-1126.682617	-173.518600	-183.061859	-18.556780	0.000000	0.000000	3.750000	1151.515015	97.682114
431	-996.071838	916.302002	-163.736893	121.680466	0.000000	0.000000	3.750000	1129.894653	-730.058350
432	1051.919556	-861.649231	160.779358	-122.285362	0.000000	0.000000	3.750000	-1068.129028	648.698242
433	-340.629364	1216.580200	-51.225227	195.396698	0.000000	0.000000	3.750000	258.257019	-1315.963867
434	279.643097	406.957031	119.326691	162.981064	0.000000	0.000000	3.750000	-429.061188	-435.118927
435	226.468338	-156.120255	173.920776	-65.921150	0.000000	0.000000	3.750000	-464.544891	109.280937
436	460.292816	-408.527222	168.470734	-107.775711	0.000000	0.000000	3.750000	-571.793762	267.467041
437	-900.643188	759.668884	-136.641251	132.019257	0.000000	0.000000	3.750000	794.967773	-857.576965
438	1175.692139	366.112152	186.151321	88.214333	0.000000	0.000000	3.750000	-1186.192627	-252.901260
439	1129.343262	-856.207886	159.491394	-110.445610	0.000000	0.000000	3.750000	-1256.171143	670.108276
440	-79.496620	-871.820374	2.319554	-197.984406	0.000000	0.000000	3.750000	-73.063080	637.864868
441	970.059631	614.507324	163.583008	115.067238	0.000000	0.000000	3.750000	-819.790649	-635.598694
442	878.573547	1136.830200	128.472626	148.022491	0.000000	0.000000	3.750000	-790.497559	-1081.078979
443	965.244080	991.287109	138.132477	141.857025	0.000000	0.000000	3.750000	-947.662109	-991.551575
444	-146.288910	-689.941162	-24.593201	-202.511230	0.000000	0.000000	3.750000	40.365990	574.738464
445	-890.933411	-33.475750	-190.883118	20.679302	0.000000	0.000000	3.750000	721.690552	-85.213837
446	680.091492	-721.051636	150.768692	-137.421509	0.000000	0.000000	3.750000	-725.747070	596.909668
447	-440.169800	282.720245	-168.999313	114.259232	0.000000	0.000000	3.750000	1228.991455	-787.038269
448	24.992222	513.020508	2.738334	197.973907	0.000000	0.000000	3.750000	-20.371914	-417.802765
449	120.486588	-1237.750244	26.458080	-202.276917	0.000000	0.000000	3.750000	-152.285965	1428.955322
450	-620.634399	-1164.459717	-84.976944	-202.925537	0.000000	0.000000	3.750000	329.956635	981.373779
451	33.959789	-1225.895630	21.681885	-182.717896	0.000000	0.000000	3.750000	-80.326385	1346.530273
452	135.045868	632.665161	35.443695	200.896790	0.000000	0.000000	3.750000	-297.413300	-1226.630981
453	987.905029	-152.965851	202.515839	-24.562546	0.000000	0.000000	3.750000	-1122.882324	106.301865
454	-207.290375	799.825562	-43.483994	191.112991	0.000000	0.000000	3.750000	255.523071	-751.739807
455	368.968933	1226.983643	62.514847	196.284668	0.000000	0.000000	3.750000	-270.869080	-1220.805298
456	-1301.829956	36.623978	-197.768005	9.579804	0.000000	0.000000	3.750000	1361.072998	-5.839025
457	476.327637	1003.370972	94.305222	176.369446	0.000000	0.000000	3.750000	-454.192963	-1143.900757
458	-288.370544	161.802444	-84.891006	169.971893	0.000000	0.000000	3.750000	134.041306	-203.646042
459	697.821594	1132.738037	114.617981	171.168671	0.000000	0.000000	3.750000	-764.666016	-1156.565674
460	820.799500	1126.331909	111.677689	148.741348	0.000000	0.000000	3.750000	-397.531158	-598.536377
461	-152.406128	225.370773	-81.114761	171.814819	0.000000	0.000000	3.750000	99.792572	-182.857712
462	-607.546448	746.589783	-108.111549	151.348053	0.000000	0.000000	3.750000	370.872650	-928.153442
463	-750.745728	650.250061	-129.795837	124.711823	0.000000	0.000000	3.750000	681.248291	-677.205139
464	48.297577	686.033691	13.836147	185.484314	0.000000	0.000000	3.750000	-11.064641	-832.219910
465	995.386230	965.442749	150.067413	146.900543	0.000000	0.000000	3.750000	-953.753357	-967.992737
466	1144.455811	-247.290695	203.776733	-30.180622	0.000000	0.000000	3.750000	-1335.913574	90.814674
467	1106.634888	-102.533096	184.588043	-22.867046	0.000000	0.000000	3.750000	-1252.467407	22.909063
468	-981.582886	641.546509	-160.734787	119.013771	0.000000	0.000000	3.750000	874.722229	-681.085510
469	1100.801758	316.700623	182.253418	46.122704	0.000000	0.000000	3.750000	-1243.430420	-156.847473
470	124.295746	34.514099	143.913635	134.648972	0.000000	0.000000	3.750000	-100.345299	-29.154243
471	75.050644	107.486504	110.015198	149.712250	0.000000	0.000000	3.750000	-68.521736	-57.316856
472	-1023.334595	-660.130371	-156.854431	-92.304443	0.000000	0.000000	3.750000	1128.452759	432.695526
473	-250.523529	1.584299	-185.531342	63.193001	0.000000	0.000000	3.750000	266.471375	-74.720871
474	885.978638	-725.974792	138.514587	-114.950569	0.000000	0.000000	3.750000	-861.555908	629.661804
475	-173.636856	577.223145	-47.630447	190.123688	0.000000	0.000000	3.750000	247.621094	-767.312073
476	-719.458679	944.626770	-105.584717	145.779572	0.000000	0.000000	3.750000	594.654785	-1031.864258
477	-576.047913	-151.873917	-201.790527	-9.183664	0.000000	0.000000	3.750000	600.478821	54.764503
478	570.071289	20.547457	207.908417	6.157109	0.000000	0.000000	3.750000	-950.638306	30.441612
479	-545.326416	-755.813232	-109.330185	-137.923386	0.000000	0.000000	3.750000	629.226624	718.430847
480	-697.979736	-1059.893066	-109.036362	-155.598923	0.000000	0.000000	3.750000	527.090881	806.959778
481	-1162.986328	-919.619263	-166.577606	-134.340820	0.000000	0.000000	3.750000	1129.399536	729.633484
482	298.037109	1348.778809	40.609993	203.997131	0.000000	0.000000	3.750000	-267.285278	-1412.879028
483	375.779877	796.076050	85.160172	191.956421	0.000000	0.000000	3.750000	-448.643463	-851.088196
484	628.200745	-1.773931	182.940567	19.716621	0.000000	0.000000	3.750000	-786.446350	-58.541599
485	-421.412750	-666.185486	-95.444412	-166.596405	0.000000	0.000000	3.750000	154.743866	332.177826
486	-1202.565308	1040.826172	-156.586365	151.672974	0.000000	0.000000	3.750000	972.014404	-880.159424
487	937.364258	-1111.126465	146.832855	-158.417511	0.000000	0.000000	3.750000	-662.045166	663.820679
488	-1068.099854	-619.497864	-166.733978	-117.540558	0.000000	0.000000	3.750000	957.458435	696.079407
489	320.906708	-1281.784790	59.278828	-176.300507	0.000000	0.000000	3.750000	-191.491165	824.537231
490	-75.731812	-1150.872803	-12.886185	-199.584290	0.000000	0.000000	3.750000	50.655163	1218.841187
491	600.689636	423.012146	146.398239	124.223816	0.000000	0.000000	3.750000	-674.375000	-584.629761
492	-1160.575562	-1138.949951	-141.150665	-141.691528	0.000000	0.000000	3.750000	1098.847046	1131.669556
493	-953.806274	482.928833	-152.958038	102.273178	0.000000	0.000000	3.750000	879.314331	-529.713989
494	-116.066994	64.477966	80.182663	-152.100311	0.000000	0.000000	3.750000	-142.152313	128.389343
495	1198.682495	688.934998	171.131439	111.040222	0.000000	0.000000	3.750000	-1094.076904	-614.212219
496	361.621826	-1382.699829	47.169113	-200.526855	0.000000	0.000000	3.750000	-283.701630	1496.319336
497	1114.249756	-715.009705	155.378723	-98.555412	0.000000	0.000000	3.750000	-1182.823608	553.233887
498	-1396.548950	150.674545	-207.541870	32.035751	0.000000	0.000000	3.750000	1227.410889	-118.266670
499	1207.997437	635.354614	169.829681	93.775543	0.000000	0.000000	3.750000	-1231.572876	-580.710815
500	-1202.481079	-557.731445	-195.502502	-71.008713	0.000000	0.000000	3.750000	1255.261475	282.888275
501	-1147.489868	-842.594238	-159.461227	-113.963394	0.000000	0.000000	3.750000	1518.608643	746.277344
502	-529.679077	758.869202	-90.226570	146.433258	0.000000	0.000000	3.750000	458.193390	-1109.612915
503	-526.875427	-306.485229	-178.479752	-70.773087	0.000000	0.000000	3.750000	672.856689	249.093491
504	-909.639893	1170.336792	-120.198235	159.851105	0.000000	0.000000	3.750000	826.844055	-1203.513306
505	-263.602325	163.246246	-101.108994	158.494247	0.000000	0.000000	3.750000	219.308136	-394.163910
506	-1129.204712	-1040.526489	-161.022339	-143.971405	0.000000	0.000000	3.750000	969.099670	809.375732
507	-430.630829	-985.124023	-87.406235	-159.635895	0.000000	0.000000	3.750000	391.140717	1104.263062
508	-990.856201	-118.653946	-190.954437	-19.997772	0.000000	0.000000	3.750000	703.245239	13.890061
509	798.790833	365.121765	159.739563	87.219475	0.000000	0.000000	3.750000	-987.834412	-570.629150
510	1062.905762	568.241211	157.631775	106.076401	0.000000	0.000000	3.750000	-1021.351807	-632.143005
511	-128.097687	10.098286	-155.819733	125.258171	0.000000	0.000000	3.750000	196.648010	-72.461990
512	1041.616821	-165.221375	202.451660	-47.719620	0.000000	0.000000	3.750000	-1112.045044	189.051407
513	403.397095	953.492004	99.698914	145.036148	0.000000	0.000000	3.750000	-408.843903	-931.507141
514	1176.377319	397.191406	165.931030	69.757607	0.000000	0.000000	3.750000	-1437.409058	-265.705292
515	191.796570	-1074.424927	48.399231	-189.930283	0.000000	0.000000	3.750000	-303.853638	1248.765625
516	-1177.567017	279.601593	-182.023285	61.083176	0.000000	0.000000	3.750000	1378.748413	-284.704834
517	-580.741211	-476.533630	-152.619202	-109.769562	0.000000	0.000000	3.750000	444.534302	225.476791
518	148.425537	245.761505	47.602375	188.063171	0.000000	0.000000	3.750000	-160.773285	-411.106415
519	838.649902	381.316956	168.366150	100.340721	0.000000	0.000000	3.750000	-792.505066	-374.721497
520	140.638168	-963.434143	45.957489	-192.592499	0.000000	0.000000	3.750000	-242.933914	896.804443
521	-523.216675	555.177124	-158.479736	125.142090	0.000000	0.000000	3.750000	155.220184	-163.398346
522	-399.645264	112.076485	-180.304123	59.914581	0.000000	0.000000	3.750000	516.695618	-112.211136
523	839.598511	-50.674660	191.959564	-3.938274	0.000000	0.000000	3.750000	-978.056885	9.648826
524	-1302.323853	371.056335	-196.310211	55.481018	0.000000	0.000000	3.750000	1414.156616	-286.256378
525	-690.806702	1109.739868	-110.308502	149.759399	0.000000	0.000000	3.750000	649.999634	-1111.854248
526	-128.370102	471.914490	-102.589012	185.520767	0.000000	0.000000	3.750000	211.812653	-572.088989
527	-154.916000	-762.076416	-31.398849	-201.568024	0.000000	0.000000	3.750000	196.642044	873.372192
528	-1140.588745	-580.097839	-145.952240	-105.345551	0.000000	0.000000	3.750000	1061.252075	580.934631
529	-957.628479	-1018.750000	-136.368134	-132.301636	0.000000	0.000000	3.750000	987.923889	909.201965
530	1031.270264	372.531281	174.384186	70.235825	0.000000	0.000000	3.750000	-1173.875854	-206.838409
531	-775.722534	1355.271118	-120.278580	174.576782	0.000000	0.000000	3.750000	543.598816	-923.368591
532	-541.559998	-265.914581	-184.587234	-52.831146	0.000000	0.000000	3.750000	516.120972	152.269852
533	-575.656128	782.766846	-100.921486	174.979095	0.000000	0.000000	3.750000	468.169617	-1359.594849
534	-1065.299927	-990.477783	-138.722107	-129.831207	0.000000	0.000000	3.750000	1072.301636	883.929810
535	5.415649	398.940674	-8.619003	183.693359	0.000000	0.000000	3.750000	-110.469795	-217.438736
536	-616.240479	851.918457	-140.517715	147.886292	0.000000	0.000000	3.750000	426.013245	-538.544312
537	-645.745972	226.148880	-167.280609	66.454330	0.000000	0.000000	3.750000	546.389587	-130.909760
538	-405.601196	-1270.093506	-84.019272	-190.274338	0.000000	0.000000	3.750000	394.250519	1288.937744
539	-1106.483154	-288.616791	-180.527832	-71.028671	0.000000	0.000000	3.750000	1226.716309	273.603302
540	683.937195	-771.423218	137.306763	-150.873260	0.000000	0.000000	3.750000	-675.994202	676.254211
541	-444.400269	-985.066711	-106.026810	-167.218903	0.000000	0.000000	3.750000	524.855713	986.559631
542	1086.454346	452.261993	170.303101	92.912109	0.000000	0.000000	3.750000	-1500.053223	-654.546753
543	-294.743652	1342.406494	-54.406929	190.377869	0.000000	0.000000	3.750000	274.567078	-1357.446777
544	1148.898193	-223.642654	188.903687	-34.341431	0.000000	0.000000	3.750000	-1315.293091	201.593231
545	-1106.706299	870.659912	-159.393967	117.462990	0.000000	0.000000	3.750000	1129.794067	-784.260803
546	-1059.383789	-775.121399	-162.081436	-102.924454	0.000000	0.000000	3.750000	1073.730225	547.706238
547	727.937378	-82.654373	176.650513	-58.228210	0.000000	0.000000	3.750000	-993.731628	278.636169
548	302.745789	-1005.069214	76.463112	-167.358582	0.000000	0.000000	3.750000	-351.025085	1245.735596
549	-847.759827	695.409302	-139.472198	116.924728	0.000000	0.000000	3.750000	679.606140	-498.125916
550	-682.858337	639.399658	-142.350388	96.542046	0.000000	0.000000	3.750000	894.540039	-590.911621
551	-357.906189	-88.986237	-166.249130	-83.381256	0.000000	0.000000	3.750000	242.752686	153.460648
552	139.305649	306.625946	-19.530260	188.947235	0.000000	0.000000	3.750000	-60.858284	-350.587616
553	-1161.406250	766.228821	-159.399139	95.853317	0.000000	0.000000	3.750000	1194.313354	-616.252502
554	598.520264	-979.874390	77.460876	-164.692719	0.000000	0.000000	3.750000	-381.675140	1056.281006
555	-1027.526367	-229.086975	-200.751404	-46.198643	0.000000	0.000000	3.750000	1139.070435	109.569504
556	-200.992889	-322.470673	-157.080505	-103.293259	0.000000	0.000000	3.750000	414.564178	290.977783
557	29.679115	-584.355469	37.850079	-194.348511	0.000000	0.000000	3.750000	-192.748260	815.005981
558	-941.179382	1049.774658	-133.348877	143.644943	0.000000	0.000000	3.750000	867.967651	-777.164612
559	-844.509644	-1173.518555	-101.279640	-181.674500	0.000000	0.000000	3.750000	462.883789	1379.116699
560	-427.847626	-546.099060	-132.156281	-150.100983	0.000000	0.000000	3.750000	219.321106	217.181244
561	1040.966675	-183.722061	193.513641	-41.908470	0.000000	0.000000	3.750000	-1151.380249	177.695755
562	288.865021	516.158203	51.619984	193.223648	0.000000	0.000000	3.750000	-164.878967	-661.048157
563	905.833496	-678.615112	146.725311	-123.837326	0.000000	0.000000	3.750000	-774.306580	651.657410
564	616.925781	-1212.376587	98.715759	-169.325714	0.000000	0.000000	3.750000	-504.456421	944.340637
565	900.954285	911.444214	124.078033	116.209419	0.000000	0.000000	3.750000	-924.359131	-921.602905
566	674.620850	-418.002808	146.230743	-111.680481	0.000000	0.000000	3.750000	-859.421997	602.359924
567	-695.187927	-462.029785	-117.746208	-159.171906	0.000000	0.000000	3.750000	203.988083	226.416733
568	1101.019531	-315.339600	187.476013	-75.210442	0.000000	0.000000	3.750000	-1049.254883	354.444977
569	-1252.646851	270.695007	-199.777893	41.280373	0.000000	0.000000	3.750000	1118.566895	-99.401001
570	-186.107117	-799.894165	-46.563103	-186.268280	0.000000	0.000000	3.750000	240.801117	984.390686
571	-1244.096924	556.786255	-165.202118	89.732895	0.000000	0.000000	3.750000	1348.985229	-531.429260
572	464.992004	285.216797	188.831985	91.875092	0.000000	0.000000	3.750000	-458.108826	-171.246994
573	-1410.734619	717.247314	-191.398346	91.160133	0.000000	0.000000	3.750000	1405.868286	-471.692139
574	-219.827850	-564.440430	-33.299416	-185.026764	0.000000	0.000000	3.750000	148.017563	608.317139
575	742.505249	868.317749	127.473709	138.182220	0.000000	0.000000	3.750000	-661.800903	-836.815613
576	-87.022522	684.654724	98.422836	183.237732	0.000000	0.000000	3.750000	-223.022171	-468.452637
577	-621.393921	-1032.941895	-116.158157	-155.380859	0.000000	0.000000	3.750000	415.289001	672.469055
578	-583.788574	-1186.148438	-75.643723	-169.921112	0.000000	0.000000	3.750000	287.779083	1281.330811
579	-308.630615	-1318.309204	-67.472466	-194.635803	0.000000	0.000000	3.750000	301.053497	1301.927979
580	-1125.945312	-497.726532	-185.255707	-94.564255	0.000000	0.000000	3.750000	1475.373535	356.571106
581	1088.839233	951.226196	148.317947	121.925224	0.000000	0.000000	3.750000	-1086.953125	-820.698792
582	410.561890	-508.043518	65.538132	-188.956177	0.000000	0.000000	3.750000	-234.878067	585.686584
583	-1010.811340	-107.696320	-204.730408	-22.835323	0.000000	0.000000	3.750000	599.484863	59.049942
584	413.865051	-691.832642	80.753922	-149.592056	0.000000	0.000000	3.750000	-619.989197	742.172791
585	-1006.148071	-1075.841187	-139.959030	-134.340820	0.000000	0.000000	3.750000	981.406128	887.629028
586	-210.824631	-1243.192505	-28.038239	-198.024750	0.000000	0.000000	3.750000	131.103394	1356.040283
587	840.517273	-1082.354248	111.330597	-151.488800	0.000000	0.000000	3.750000	-369.536255	605.894775
588	327.150513	1035.108032	53.604988	184.364960	0.000000	0.000000	3.750000	-266.067810	-1114.877686
589	717.412964	-1258.630127	106.333656	-171.747284	0.000000	0.000000	3.750000	-729.454407	1141.351685
590	-988.329346	209.259064	-204.972351	20.550724	0.000000	0.000000	3.750000	840.349792	-56.592384
591	1099.559204	581.684204	176.541611	102.220619	0.000000	0.000000	3.750000	-959.626160	-525.660339
592	-824.227905	-1125.283691	-117.186699	-154.605042	0.000000	0.000000	3.750000	629.534607	1191.609253
593	926.978882	-94.100700	196.331573	-25.649757	0.000000	0.000000	3.750000	-1026.198364	110.553200
594	-1182.921387	-710.104126	-143.592957	-121.346634	0.000000	0.000000	3.750000	864.207825	663.714539
595	73.668495	-766.172974	3.638504	-183.959320	0.000000	0.000000	3.750000	-132.126282	745.376099
596	-16.503372	-148.888489	-160.465347	-101.729324	0.000000	0.000000	3.750000	256.121735	182.897949
597	-1037.376587	-1256.507202	-138.436768	-157.908875	0.000000	0.000000	3.750000	884.884033	1121.276123
598	805.607422	-594.033203	135.736130	-132.949966	0.000000	0.000000	3.750000	-476.293365	442.210724
599	34.250626	-363.494263	-45.880852	-192.603699	0.000000	0.000000	3.750000	104.171715	356.960083
600	-36.081001	210.190689	-140.641083	130.705292	0.000000	0.000000	3.750000	172.640182	-110.077255
601	27.968885	1156.030029	-8.065288	195.833984	0.000000	0.000000	3.750000	35.272106	-1259.354370
602	44.431564	-378.024841	89.117455	-176.809692	0.000000	0.000000	3.750000	-346.938049	584.503235
603	1140.975952	-758.612244	158.362488	-108.559547	0.000000	0.000000	3.750000	-1140.371582	642.427917
604	-781.511963	642.836304	-160.385590	109.143997	0.000000	0.000000	3.750000	803.608521	-489.113983
605	-694.637634	-370.450806	-148.423676	-108.749237	0.000000	0.000000	3.750000	564.738220	440.530518
606	-712.694519	-1062.017456	-115.018158	-175.699615	0.000000	0.000000	3.750000	529.630188	1105.249512
607	-1116.488525	-151.143768	-187.137665	-32.849529	0.000000	0.000000	3.750000	1331.292114	84.377129
608	-759.428467	863.256531	-124.338890	138.332123	0.000000	0.000000	3.750000	682.840698	-833.027832
609	1047.693481	-378.256134	161.160309	-92.860748	0.000000	0.000000	3.750000	-861.048279	392.673981
610	-1275.908691	-204.393173	-188.262543	-46.831329	0.000000	0.000000	3.750000	1436.244385	303.243652
611	18.874466	-159.816895	-93.971481	-173.885788	0.000000	0.000000	3.750000	21.978985	89.420128
612	887.688904	125.292862	179.876465	27.721039	0.000000	0.000000	3.750000	-1123.231567	-169.930862
613	71.631577	319.673401	-30.826916	187.482285	0.000000	0.000000	3.750000	25.729147	-274.166229
614	782.461426	1246.441772	106.767021	171.478088	0.000000	0.000000	3.750000	-485.082001	-954.417236
615	-1243.293823	-725.584961	-175.581604	-91.511497	0.000000	0.000000	3.750000	1304.602905	409.823669
616	-199.184830	275.509521	-49.727528	181.224640	0.000000	0.000000	3.750000	-63.761574	-85.299767
617	-913.231445	-1088.577515	-126.838684	-154.634598	0.000000	0.000000	3.750000	941.402283	1321.418579
618	753.241089	-866.520630	118.818542	-140.492432	0.000000	0.000000	3.750000	-871.957031	943.384521
619	-766.061096	-1224.395020	-89.393753	-190.021133	0.000000	0.000000	3.750000	381.195007	1391.591553
620	852.994873	132.640091	180.670410	21.958874	0.000000	0.000000	3.750000	-1048.815063	-105.602043
621	-316.793243	-1245.799194	-63.265728	-196.043243	0.000000	0.000000	3.750000	238.435989	1322.757446
622	519.697205	-278.070984	157.969315	-112.588478	0.000000	0.000000	3.750000	-462.947815	211.557632
623	-178.135529	935.248474	-15.191454	187.385147	0.000000	0.000000	3.750000	116.607048	-1059.431152
624	-750.696960	-432.958130	-173.895691	-102.776833	0.000000	0.000000	3.750000	359.482758	169.898102
625	-851.954712	-679.519043	-156.983643	-103.441483	0.000000	0.000000	3.750000	1420.481812	931.156616
626	778.593201	273.448792	175.096405	73.731636	0.000000	0.000000	3.750000	-467.078278	-113.309807
627	504.267822	485.996918	176.432114	58.877647	0.000000	0.000000	3.750000	-675.367126	-118.835487
628	-1036.321777	-754.160400	-154.705475	-136.022858	0.000000	0.000000	3.750000	1015.337585	900.280823
629	-814.599121	1164.385864	-117.969681	168.874084	0.000000	0.000000	3.750000	623.133484	-1325.469360
630	-807.294373	-734.171875	-149.504745	-120.467033	0.000000	0.000000	3.750000	852.968079	730.109924
631	-815.581726	372.221771	-175.383270	82.913254	0.000000	0.000000	3.750000	705.403442	-180.996353
632	909.987061	-270.832672	166.970917	-106.417572	0.000000	0.000000	3.750000	-760.548950	467.519409
633	540.075928	262.237000	169.124237	55.497478	0.000000	0.000000	3.750000	-710.462463	-122.865456
634	-231.231461	-1280.275879	-20.857155	-194.886993	0.000000	0.000000	3.750000	95.118797	1505.976929
635	484.556641	-757.248230	83.980927	-188.096817	0.000000	0.000000	3.750000	-560.774780	772.656433
636	269.453766	1354.249146	19.999918	207.035767	0.000000	0.000000	3.750000	-231.676132	-1374.799316
637	-450.988220	-922.581787	-99.987129	-161.562439	0.000000	0.000000	3.750000	440.490784	803.591431
638	-323.047882	923.283936	-93.989296	178.800278	0.000000	0.000000	3.750000	192.438446	-522.773560
639	-1143.690552	136.272064	-182.843231	34.122234	0.000000	0.000000	3.750000	1301.390259	-187.130463
640	-898.739014	-810.680542	-146.821335	-135.805206	0.000000	0.000000	3.750000	608.068542	516.377991
641	791.182495	772.275208	121.799683	129.802505	0.000000	0.000000	3.750000	-741.566650	-960.619446
642	839.111511	130.612839	192.165222	38.571373	0.000000	0.000000	3.750000	-496.944092	-104.747940
643	-142.437988	1303.144897	-35.258091	209.046890	0.000000	0.000000	3.750000	116.995682	-1268.069824
644	570.958313	420.547058	166.995575	81.902756	0.000000	0.000000	3.750000	-812.909485	-303.508301
645	801.839600	1046.813965	125.638168	145.185394	0.000000	0.000000	3.750000	-712.490234	-1059.475220
646	885.025391	-1172.520020	123.275673	-165.042526	0.000000	0.000000	3.750000	-384.986176	541.474487
647	236.826889	208.342712	91.268677	155.140533	0.000000	0.000000	3.750000	-280.459778	-372.854065
648	-312.427216	-853.412231	-89.655258	-185.446823	0.000000	0.000000	3.750000	87.177429	574.828003
649	-903.515259	836.464417	-138.748596	135.590607	0.000000	0.000000	3.750000	858.677429	-864.513550
650	-855.990723	928.625122	-129.133484	157.921661	0.000000	0.000000	3.750000	442.024536	-829.947327
651	-1167.424072	1010.523010	-167.489670	133.203613	0.000000	0.000000	3.750000	1088.851807	-882.504333
652	796.534851	-197.802185	179.914597	-77.759720	0.000000	0.000000	3.750000	-880.789185	431.426361
653	-1137.156616	-930.381226	-141.925049	-126.321533	0.000000	0.000000	3.750000	1102.987793	782.195190
654	-549.675903	-1228.472656	-113.965416	-161.911743	0.000000	0.000000	3.750000	545.517029	1119.893799
655	703.548035	-661.189697	148.399811	-162.404510	0.000000	0.000000	3.750000	-740.470764	563.136658
656	-689.468384	57.154243	-189.993835	-1.444997	0.000000	0.000000	3.750000	791.344543	68.295738
657	-777.742188	1193.499268	-102.331055	152.916107	0.000000	0.000000	3.750000	346.089600	-788.345154
658	-1231.011597	274.581543	-194.411011	46.950546	0.000000	0.000000	3.750000	1315.299072	-288.188599
659	933.244263	615.705444	149.328720	114.214195	0.000000	0.000000	3.750000	-560.242004	-514.534607
660	-645.225830	676.760681	-142.192780	119.904861	0.000000	0.000000	3.750000	700.038757	-547.177307
661	420.478546	-1164.470581	81.022720	-182.851822	0.000000	0.000000	3.750000	-298.562195	1015.368347
662	744.208984	-702.816406	127.477722	-124.230896	0.000000	0.000000	3.750000	-596.488647	508.986725
663	577.301208	-1060.192261	87.263657	-195.399582	0.000000	0.000000	3.750000	-449.754578	952.148315
664	214.578308	987.314453	7.850526	201.844360	0.000000	0.000000	3.750000	6.816187	-724.248718
665	1256.431396	619.322693	166.348328	99.820419	0.000000	0.000000	3.750000	-1471.915161	-741.673462
666	247.345520	-1043.838135	33.107937	-187.093201	0.000000	0.000000	3.750000	-221.488464	1261.862427
667	330.608643	-632.740112	107.522964	-175.709091	0.000000	0.000000	3.750000	-432.086548	548.548340
668	205.063370	601.432129	-22.623337	204.753967	0.000000	0.000000	3.750000	80.423790	-642.523499
669	-456.874512	754.186890	-122.461884	168.128204	0.000000	0.000000	3.750000	414.700562	-584.277161
670	584.120239	-1197.324829	78.098633	-177.584885	0.000000	0.000000	3.750000	-393.786255	1189.083862
671	1282.805176	1022.244995	156.657349	133.768814	0.000000	0.000000	3.750000	-1075.245483	-743.000305
672	74.882080	-910.249023	20.829660	-188.852112	0.000000	0.000000	3.750000	-212.618378	801.071228
673	1037.631348	230.675812	164.555679	33.840195	0.000000	0.000000	3.750000	-1247.530273	-120.424545
674	555.920288	877.760315	130.376694	129.837952	0.000000	0.000000	3.750000	-715.072754	-760.016052
675	-322.542725	-1366.011230	-48.002365	-190.030762	0.000000	0.000000	3.750000	284.336639	1445.389404
676	-72.789040	-1032.633057	3.948324	-175.954498	0.000000	0.000000	3.750000	-36.300411	590.501160
677	-1157.080200	-632.259949	-178.375153	-94.790413	0.000000	0.000000	3.750000	1507.376709	468.612701
678	-727.448120	832.117554	-131.056030	161.511810	0.000000	0.000000	3.750000	357.228912	-730.957520
679	-171.571121	947.478333	-42.195992	197.543640	0.000000	0.000000	3.750000	202.595535	-903.792847
680	35.139202	-300.564880	99.052704	-155.025726	0.000000	0.000000	3.750000	-319.740753	305.038849
681	205.010010	-954.216919	53.937984	-178.007416	0.000000	0.000000	3.750000	-358.845703	1032.604492
682	150.972275	-870.087708	1.153182	-201.989380	0.000000	0.000000	3.750000	33.184422	248.420029
683	-105.837357	1192.165283	-28.979219	181.703461	0.000000	0.000000	3.750000	139.573792	-1339.745728
684	1112.052612	720.570435	155.374237	122.723137	0.000000	0.000000	3.750000	-456.621429	-480.195984
685	313.713867	417.832581	176.441864	94.171463	0.000000	0.000000	3.750000	-582.248047	-322.421326
686	938.464478	461.767914	176.172943	81.234177	0.000000	0.000000	3.750000	-857.014709	-340.455322
687	125.067673	-375.502747	17.223066	-221.324829	0.000000	0.000000	3.750000	-35.679569	429.472687
688	857.171143	-223.966522	165.499634	-46.838642	0.000000	0.000000	3.750000	-1015.301575	267.801361
689	1423.165527	299.934662	206.423676	48.294392	0.000000	0.000000	3.750000	-1312.723022	-105.372345
690	-760.847351	-359.600800	-162.939026	-89.695343	0.000000	0.000000	3.750000	583.600830	204.856186
691	437.089966	722.036011	100.387848	166.006775	0.000000	0.000000	3.750000	-352.450531	-642.589783
692	-256.687866	688.057007	-84.560944	163.401428	0.000000	0.000000	3.750000	129.904541	-591.809570
693	1354.262451	612.441040	192.274261	79.333893	0.000000	0.000000	3.750000	-1280.426392	-296.650055
694	-91.596115	-202.792587	-107.878845	-170.780701	0.000000	0.000000	3.750000	250.239990	348.580048
695	211.960571	1341.447388	6.491900	195.892258	0.000000	0.000000	3.750000	-121.323334	-1403.348267
696	876.898193	-773.905640	117.570030	-133.646057	0.000000	0.000000	3.750000	-662.107544	811.032715
697	-1130.312012	-422.804016	-181.985077	-78.004509	0.000000	0.000000	3.750000	1419.760742	371.587708
698	-411.194885	236.329483	-203.590576	42.540836	0.000000	0.000000	3.750000	447.484711	-7.903517
699	-441.068695	-659.963013	-113.059326	-157.649567	0.000000	0.000000	3.750000	581.135986	704.017212
700	-416.269226	1288.469238	-64.527512	178.706146	0.000000	0.000000	3.750000	307.569794	-1325.814453
701	964.115601	-799.095703	129.746109	-133.271149	0.000000	0.000000	3.750000	-808.273926	611.215454
702	596.702942	-379.613617	125.110825	-150.872787	0.000000	0.000000	3.750000	-417.293945	437.636475
703	72.164917	-14.655039	99.375748	-149.423553	0.000000	0.000000	3.750000	-201.596481	59.901943
704	798.424316	15.406033	174.939789	-19.288502	0.000000	0.000000	3.750000	-879.306885	125.205109
705	-1039.612305	1153.742798	-142.847626	142.823471	0.000000	0.000000	3.750000	1038.789062	-1090.552368
706	937.378723	614.884399	162.014084	99.253830	0.000000	0.000000	3.750000	-854.323364	-465.015564
707	429.068176	-774.431274	67.077141	-162.712692	0.000000	0.000000	3.750000	-176.949051	423.485992
708	-239.665985	390.495941	-155.974045	137.606903	0.000000	0.000000	3.750000	410.946136	-329.647064
709	1166.317749	1016.388306	165.175385	139.186783	0.000000	0.000000	3.750000	-957.839233	-924.089905
710	-1308.410400	-225.487396	-192.320099	-37.801605	0.000000	0.000000	3.750000	1585.999146	248.194595
711	943.519409	1016.689087	137.984833	147.526031	0.000000	0.000000	3.750000	-726.049316	-940.472229
712	72.610275	1111.406128	13.553923	175.477188	0.000000	0.000000	3.750000	-136.814270	-1154.034790
713	-791.026733	1065.629150	-123.117531	144.713562	0.000000	0.000000	3.750000	760.059143	-1005.802734
714	-42.290077	75.949715	-180.832474	-63.885315	0.000000	0.000000	3.750000	219.113098	0.262541
715	-952.360718	791.671204	-155.570877	119.220963	0.000000	0.000000	3.750000	2824.706543	-1904.989136
716	2.728477	1304.737305	-16.844704	189.251770	0.000000	0.000000	3.750000	78.776489	-1423.771362
717	1050.989380	-949.957397	139.538605	-131.882019	0.000000	0.000000	3.750000	-1406.591187	1123.114014
718	-480.967255	-62.677719	-193.244568	-43.114098	0.000000	0.000000	3.750000	635.108704	61.197388
719	149.519897	-1228.196899	20.078655	-190.947067	0.000000	0.000000	3.750000	-70.854202	1310.262573
720	1267.664551	334.680756	187.923828	48.167416	0.000000	0.000000	3.750000	-1509.811401	-162.176804
721	1227.833740	527.903015	163.779083	74.671333	0.000000	0.000000	3.750000	-1327.395874	-315.119080
722	-573.125488	473.651276	-170.771103	104.098343	0.000000	0.000000	3.750000	453.560486	-360.367950
723	1105.536011	484.579651	174.800720	74.454926	0.000000	0.000000	3.750000	-1134.288818	-205.831589
724	-764.329590	1004.246094	-137.731934	153.185547	0.000000	0.000000	3.750000	781.473389	-968.822876
725	86.761871	-717.665955	6.290451	-207.895905	0.000000	0.000000	3.750000	-50.701237	193.581757
726	-741.027405	-332.205505	-154.252319	-96.592407	0.000000	0.000000	3.750000	740.835571	530.404297
727	-1032.496582	558.453186	-163.378113	88.901993	0.000000	0.000000	3.750000	1139.935059	-559.881653
728	-615.254578	-696.636047	-133.510452	-140.751251	0.000000	0.000000	3.750000	723.927246	812.231567
729	465.570587	583.830688	104.873199	143.824097	0.000000	0.000000	3.750000	-432.080383	-519.360229
730	678.900574	917.374695	116.815857	159.868530	0.000000	0.000000	3.750000	-470.703339	-746.225647
731	-59.314152	-999.942017	-20.111782	-207.006836	0.000000	0.000000	3.750000	37.243744	283.539368
732	827.535461	-232.060516	172.874207	-73.872505	0.000000	0.000000	3.750000	-625.582275	377.688690
733	-542.496643	-1131.052246	-95.170929	-169.049805	0.000000	0.000000	3.750000	436.564148	1266.575684
734	945.097229	852.351135	141.773407	120.399086	0.000000	0.000000	3.750000	-751.479736	-812.574768
735	-977.032654	840.027771	-154.561218	113.906364	0.000000	0.000000	3.750000	1065.183594	-652.572754
736	-295.933350	-1012.919556	-41.839554	-179.179672	0.000000	0.000000	3.750000	197.695404	1223.523926
737	85.662399	701.200500	7.361978	187.851593	0.000000	0.000000	3.750000	0.481646	-288.902710
738	768.334839	-151.497162	187.318588	-57.686592	0.000000	0.000000	3.750000	-926.759399	285.590363
739	-232.016479	1320.358032	-47.089123	190.259033	0.000000	0.000000	3.750000	212.143555	-1209.609741
740	-611.605347	1084.455811	-103.638123	152.035065	0.000000	0.000000	3.750000	476.620178	-977.161255
741	-885.561707	-59.897305	-190.216370	-38.127422	0.000000	0.000000	3.750000	786.360535	180.926682
742	-670.305908	-527.423828	-139.295578	-117.135574	0.000000	0.000000	3.750000	769.570679	646.143860
743	-853.407288	-214.235703	-189.275024	-32.232933	0.000000	0.000000	3.750000	974.662231	149.399887
744	128.657867	995.572388	-15.661824	215.430969	0.000000	0.000000	3.750000	128.975693	-1056.896851
745	-1178.645020	-690.891907	-149.777023	-129.502106	0.000000	0.000000	3.750000	933.555603	721.856323
746	247.937820	457.529663	130.200897	132.804672	0.000000	0.000000	3.750000	-427.058380	-263.367798
747	-392.850281	-527.769714	-136.363876	-137.987427	0.000000	0.000000	3.750000	400.370300	326.749481
748	1340.154541	128.673904	194.701019	35.989220	0.000000	0.000000	3.750000	-1485.944336	-114.217850
749	-75.038078	939.849976	-52.147919	178.539825	0.000000	0.000000	3.750000	243.049255	-1123.160400
750	-586.998535	218.898926	-197.511108	31.390652	0.000000	0.000000	3.750000	323.080170	-5.893849
751	454.893921	923.553467	74.271255	179.219833	0.000000	0.000000	3.750000	-377.567352	-983.467102
752	498.937317	-985.812439	63.685020	-176.884705	0.000000	0.000000	3.750000	-392.694672	1020.685852
753	113.308701	-465.811951	0.104943	-201.976654	0.000000	0.000000	3.750000	77.727341	451.313019
754	222.138855	1029.167725	29.396164	187.712128	0.000000	0.000000	3.750000	-241.048279	-1239.112427
755	-536.874146	889.687622	-88.099411	152.362442	0.000000	0.000000	3.750000	363.424164	-781.539917
756	896.919067	31.589825	191.373383	15.499163	0.000000	0.000000	3.750000	-915.091614	-68.928444
757	-495.736877	1268.297485	-90.281784	164.899597	0.000000	0.000000	3.750000	292.872131	-915.035522
758	875.506836	-313.038177	187.977905	-62.195221	0.000000	0.000000	3.750000	-828.121277	246.454193
759	-81.381195	-826.746826	-55.421989	-196.326691	0.000000	0.000000	3.750000	175.119034	779.860718
760	-755.756958	206.498032	-179.670929	39.676888	0.000000	0.000000	3.750000	975.149475	-163.367416
761	-87.208130	885.917908	-39.385868	192.001846	0.000000	0.000000	3.750000	161.213974	-990.274414
762	-880.349670	818.944580	-157.033417	127.061012	0.000000	0.000000	3.750000	1264.991577	-1065.605713
763	-787.111145	-986.215088	-137.477692	-139.698013	0.000000	0.000000	3.750000	705.756470	910.965332
764	-235.243103	203.647186	-170.600845	63.388393	0.000000	0.000000	3.750000	403.835266	-92.182716
765	1321.304199	634.926025	180.550079	94.959938	0.000000	0.000000	3.750000	-1204.678223	-454.354584
766	-1173.403931	322.972473	-195.463531	50.970524	0.000000	0.000000	3.750000	1188.911499	-317.282959
767	-27.956549	625.105896	49.191292	171.066162	0.000000	0.000000	3.750000	-230.553253	-585.868164
768	618.919312	-1198.477661	96.242554	-175.317108	0.000000	0.000000	3.750000	-327.056793	1034.242432
769	-1114.162231	-566.262268	-171.787170	-76.370613	0.000000	0.000000	3.750000	1558.761475	393.288696
770	1236.472412	-225.676849	179.502625	-40.430580	0.000000	0.000000	3.750000	-1278.442261	183.153397
771	-1057.464355	599.772217	-171.515030	94.860809	0.000000	0.000000	3.750000	1036.145752	-530.679688
772	1168.341919	-396.461060	179.814453	-72.818420	0.000000	0.000000	3.750000	-1186.476929	356.027679
773	806.625610	500.267975	150.292816	143.790894	0.000000	0.000000	3.750000	-567.209961	-618.965698
774	732.389343	-959.466064	105.013054	-160.736603	0.000000	0.000000	3.750000	-492.894043	737.122070
775	1016.723022	1085.099854	135.058701	136.466644	0.000000	0.000000	3.750000	-977.125427	-1025.063965
776	472.537048	-263.696960	169.756104	-93.908157	0.000000	0.000000	3.750000	-667.667175	345.797180
777	657.585693	1170.615967	126.864380	169.849884	0.000000	0.000000	3.750000	-657.048218	-1135.057739
778	-703.881226	1140.459229	-116.874191	147.255615	0.000000	0.000000	3.750000	713.534851	-1121.856689
779	-1405.117676	98.164185	-201.474701	14.558262	0.000000	0.000000	3.750000	1439.624146	-106.913071
780	51.304462	1276.412109	-11.671441	187.636261	0.000000	0.000000	3.750000	-93.069664	-1316.391235
781	-749.101318	292.081024	-187.440140	31.039307	0.000000	0.000000	3.750000	1112.547607	85.942062
782	378.288239	984.163086	52.849052	178.333832	0.000000	0.000000	3.750000	-277.616455	-1043.359741
783	-575.400452	-341.303284	-162.663040	-90.182648	0.000000	0.000000	3.750000	433.075500	136.371643
784	1204.304077	-592.853210	187.906113	-89.190506	0.000000	0.000000	3.750000	-1206.671631	423.349854
785	229.488892	1213.603638	83.707916	192.594330	0.000000	0.000000	3.750000	-333.958069	-1005.178345
786	618.938477	775.293518	124.987129	156.135254	0.000000	0.000000	3.750000	-608.411682	-752.277649
787	391.282196	472.941956	113.973480	176.364059	0.000000	0.000000	3.750000	-303.087067	-349.813965
788	-947.248901	-501.980469	-150.107605	-75.434723	0.000000	0.000000	3.750000	1024.017090	252.658737
789	-415.984924	814.981934	-88.186081	159.205673	0.000000	0.000000	3.750000	337.797546	-989.791260
790	-7.669491	-658.526306	-57.488880	-172.681046	0.000000	0.000000	3.750000	152.757263	679.343750
791	781.430542	-948.534485	111.146515	-151.626022	0.000000	0.000000	3.750000	-722.187866	964.800964
792	566.064148	79.495209	198.880798	53.678288	0.000000	0.000000	3.750000	-629.942383	-213.319504
793	1259.090088	709.346802	160.181931	109.442581	0.000000	0.000000	3.750000	-1216.919678	-728.380676
794	-46.207413	1303.180664	-15.845240	201.377548	0.000000	0.000000	3.750000	108.811890	-1765.364258
795	-346.744629	1106.641724	-58.027821	187.212646	0.000000	0.000000	3.750000	265.373230	-1222.238770
796	1367.644409	448.833710	193.688843	64.027802	0.000000	0.000000	3.750000	-1513.607788	-187.372818
797	-15.443615	252.654190	-90.038528	209.468414	0.000000	0.000000	3.750000	76.916626	-244.089920
798	162.666718	665.857422	15.930462	223.408401	0.000000	0.000000	3.750000	-71.553787	-335.757935
799	1296.372681	-233.065781	194.819122	-35.346745	0.000000	0.000000	3.750000	-962.582458	109.668800
800	-1178.973999	295.896881	-179.296646	31.252045	0.000000	0.000000	3.750000	1219.226440	-171.104813
801	-715.950867	715.488770	-145.661301	137.044281	0.000000	0.000000	3.750000	487.383514	-717.694458
802	-433.151184	1056.929321	-81.495651	184.822357	0.000000	0.000000	3.750000	148.169067	-857.531250
803	-469.094452	-128.742706	-193.103058	-87.463608	0.000000	0.000000	3.750000	298.756866	116.069847
804	-858.007812	272.169647	-167.560974	71.042282	0.000000	0.000000	3.750000	935.768372	-280.611542
805	-682.961365	170.141556	-196.184219	48.118618	0.000000	0.000000	3.750000	766.257568	-130.128372
806	947.291260	-1101.435669	126.833038	-144.143341	0.000000	0.000000	3.750000	-992.952148	1323.125244
807	574.344238	195.874588	162.254425	77.926346	0.000000	0.000000	3.750000	-833.910156	-272.072174
808	217.411591	373.838654	60.959717	175.718674	0.000000	0.000000	3.750000	-313.187286	-559.671692
809	-298.288391	-1286.130127	-32.283646	-201.429077	0.000000	0.000000	3.750000	147.277023	1459.966553
810	506.523132	835.367310	94.710571	176.152374	0.000000	0.000000	3.750000	-398.705109	-891.065308
811	1121.696899	312.611969	180.429031	52.811832	0.000000	0.000000	3.750000	-1225.758179	-217.420380
812	-152.703232	-251.156754	-101.276665	-172.453461	0.000000	0.000000	3.750000	151.418732	314.137207
813	-584.247742	1144.968140	-98.821899	159.930695	0.000000	0.000000	3.750000	494.027924	-1167.985840
814	-961.959106	-785.526794	-133.826660	-123.346771	0.000000	0.000000	3.750000	831.864197	727.702332
815	-232.300583	-1100.151245	-60.414841	-190.656036	0.000000	0.000000	3.750000	152.214584	646.964905
816	744.495178	471.662323	167.409698	113.039177	0.000000	0.000000	3.750000	-686.735657	-415.466675
817	926.883118	-1066.743530	119.047974	-155.703491	0.000000	0.000000	3.750000	-803.702271	1068.045898
818	-3.243490	-906.890747	6.654158	-181.877167	0.000000	0.000000	3.750000	-63.432167	583.875549
819	-174.030121	506.873016	-6.083891	177.885193	0.000000	0.000000	3.750000	-84.419212	-440.174530
820	780.822510	808.632812	155.910995	115.445740	0.000000	0.000000	3.750000	-898.779236	-618.836365
821	-1007.857239	898.578308	-156.841095	133.554657	0.000000	0.000000	3.750000	861.639648	-705.393616
822	697.117493	1028.012573	105.476288	174.615005	0.000000	0.000000	3.750000	-523.572998	-1187.443115
823	-290.688141	-573.768005	-123.952042	-149.225281	0.000000	0.000000	3.750000	189.633316	229.002045
824	192.776596	679.501465	53.518051	178.134155	0.000000	0.000000	3.750000	-393.687164	-1130.036011
825	-443.606842	-824.301392	-108.519295	-165.611389	0.000000	0.000000	3.750000	362.309753	687.553711
826	147.346436	-627.023438	37.324524	-192.413300	0.000000	0.000000	3.750000	-148.554443	759.152527
827	839.400696	1230.136719	116.906342	159.798019	0.000000	0.000000	3.750000	-385.009186	-747.635071
828	570.603882	-1109.462036	76.337646	-176.167816	0.000000	0.000000	3.750000	-244.418716	1252.144531
829	1181.402710	580.767944	156.740936	103.808670	0.000000	0.000000	3.750000	-1147.452515	-676.371033
830	-893.440308	-582.265137	-172.712006	-104.758987	0.000000	0.000000	3.750000	672.214966	430.421326
831	1058.697021	1133.955566	139.588333	151.496094	0.000000	0.000000	3.750000	-892.281189	-1050.752197
832	1227.990967	653.567871	171.812668	85.692619	0.000000	0.000000	3.750000	-1181.134644	-299.005890
833	-1073.241211	-17.781992	-173.999634	0.122675	0.000000	0.000000	3.750000	1204.358765	91.740356
834	942.637390	-7.605026	165.792160	8.302327	0.000000	0.000000	3.750000	-1207.328857	-104.119492
835	-860.502258	625.063110	-160.666504	101.419678	0.000000	0.000000	3.750000	939.617798	-480.253937
836	-588.849487	-289.421204	-160.182465	-82.078354	0.000000	0.000000	3.750000	582.157227	67.668983
837	81.914368	1337.923462	-13.937679	187.482544	0.000000	0.000000	3.750000	54.568985	-1134.643188
838	-499.651611	830.873108	-110.647919	147.012207	0.000000	0.000000	3.750000	450.630280	-816.748596
839	-465.048248	1146.044189	-103.342300	187.389832	0.000000	0.000000	3.750000	379.515594	-1160.384155
840	215.219864	285.573944	62.894043	153.620789	0.000000	0.000000	3.750000	-106.248032	-394.148285
841	-893.700012	-959.823059	-132.265305	-127.913452	0.000000	0.000000	3.750000	1033.666138	905.616821
842	992.154846	1033.123169	123.300499	139.258560	0.000000	0.000000	3.750000	-833.815430	-1061.870605
843	-1135.961914	304.692017	-205.751053	42.028713	0.000000	0.000000	3.750000	1332.953979	-202.131607
844	-1109.674927	-1154.365234	-146.508240	-141.955261	0.000000	0.000000	3.750000	990.977905	866.951050
845	-247.150543	-712.258789	-81.245750	-178.361481	0.000000	0.000000	3.750000	184.052597	802.240784
846	-331.578125	-523.150513	-102.194916	-155.392090	0.000000	0.000000	3.750000	128.902618	178.013977
847	-789.254333	-394.200226	-178.694122	-80.509270	0.000000	0.000000	3.750000	854.451294	162.092773
848	-1167.501343	-660.303101	-168.843292	-99.536026	0.000000	0.000000	3.750000	1238.095093	502.546783
849	929.934021	1111.913940	120.906723	151.715393	0.000000	0.000000	3.750000	-954.963318	-1245.918091
850	642.385315	-1164.008179	89.067261	-170.089569	0.000000	0.000000	3.750000	-468.332397	1411.471436
851	575.829956	-1261.541260	67.186142	-184.124908	0.000000	0.000000	3.750000	-398.188690	1332.011475
852	-215.911819	-889.992981	-51.354355	-166.248337	0.000000	0.000000	3.750000	219.660065	1084.390991
853	-1375.989990	460.077545	-199.474701	65.647980	0.000000	0.000000	3.750000	1301.183472	-303.233276
854	1117.215454	-449.698730	165.362305	-71.097519	0.000000	0.000000	3.750000	-1179.365112	316.808960
855	317.515137	12.853455	176.347717	-48.797768	0.000000	0.000000	3.750000	-143.273315	-44.889515
856	1365.333740	231.546906	210.819794	47.003151	0.000000	0.000000	3.750000	-1562.826904	-22.510330
857	203.314972	993.752625	50.576237	189.362183	0.000000	0.000000	3.750000	-236.309998	-980.238281
858	275.159302	586.598083	53.024513	192.842926	0.000000	0.000000	3.750000	-158.024704	-575.317383
859	-116.619431	272.843842	-139.242767	129.231552	0.000000	0.000000	3.750000	317.171936	-128.431107
860	700.425598	824.449951	111.312363	153.977188	0.000000	0.000000	3.750000	-638.051208	-1234.471313
861	925.808105	-984.641357	121.338074	-148.798538	0.000000	0.000000	3.750000	-834.105347	1145.907471
862	-867.468262	-1085.590820	-121.379829	-143.565094	0.000000	0.000000	3.750000	842.121948	1017.803711
863	-17.888023	-908.986206	-26.018738	-186.122803	0.000000	0.000000	3.750000	49.798870	227.752396
864	-435.278809	-356.834015	-146.572556	-111.227509	0.000000	0.000000	3.750000	360.670074	321.959503
865	-916.797852	-1340.223633	-133.122040	-167.554138	0.000000	0.000000	3.750000	814.267334	1195.620483
866	-329.708801	783.534058	-82.642059	166.628052	0.000000	0.000000	3.750000	245.096024	-1012.519775
867	-1171.191650	427.548584	-164.254364	82.924698	0.000000	0.000000	3.750000	1090.632568	-526.781067
868	972.707703	-992.933472	124.753754	-129.755463	0.000000	0.000000	3.750000	-985.280518	1075.558960
869	-191.730560	954.760254	-46.148121	178.118912	0.000000	0.000000	3.750000	270.437744	-1121.556152
870	-400.726990	1192.568237	-70.054611	191.593323	0.000000	0.000000	3.750000	309.649109	-1232.340576
871	-177.800934	-698.029053	-98.485016	-178.642090	0.000000	0.000000	3.750000	122.428741	382.435913
872	-130.855835	1425.764160	7.552889	207.862213	0.000000	0.000000	3.750000	-153.496078	-1252.155151
873	-953.705444	-1041.244629	-130.873108	-148.580719	0.000000	0.000000	3.750000	2007.357056	2280.479736
874	484.869324	116.741425	194.184601	47.878090	0.000000	0.000000	3.750000	-677.728882	-120.502007
875	269.213135	-338.704529	148.595276	-142.621033	0.000000	0.000000	3.750000	-39.440208	86.881325
876	-448.117004	-83.285866	-188.824997	-34.681644	0.000000	0.000000	3.750000	297.555145	104.914566
877	-265.448364	-13.928299	-102.139893	-150.626190	0.000000	0.000000	3.750000	92.177429	178.674545
878	141.276779	1022.446167	4.282839	175.947784	0.000000	0.000000	3.750000	-84.328758	-1203.035156
879	325.783752	758.457153	69.057022	177.005722	0.000000	0.000000	3.750000	-254.616821	-731.495300
880	-580.331543	615.520203	-134.678040	128.286163	0.000000	0.000000	3.750000	565.564209	-674.257019
881	841.943970	493.681335	180.323639	59.860367	0.000000	0.000000	3.750000	-921.175720	-249.625214
882	193.646301	826.232483	16.480787	163.169800	0.000000	0.000000	3.750000	-88.721954	-959.834229
883	-410.755859	-65.289818	-190.677094	-22.428848	0.000000	0.000000	3.750000	367.762024	8.769092
884	924.919189	728.125427	153.721710	97.435051	0.000000	0.000000	3.750000	-1186.015869	-672.657227
885	-599.593079	-697.700928	-92.096931	-190.947540	0.000000	0.000000	3.750000	286.695129	919.698669
886	461.426483	651.966980	103.173576	161.922943	0.000000	0.000000	3.750000	-473.130341	-860.075745
887	-54.736565	-941.376038	3.089874	-185.974243	0.000000	0.000000	3.750000	-41.183521	1172.054688
888	582.519287	354.382050	169.066254	99.159393	0.000000	0.000000	3.750000	-546.283691	-325.642395
889	-678.616882	-332.092224	-184.072693	-96.787743	0.000000	0.000000	3.750000	481.799805	47.901524
890	-804.483643	936.602661	-123.192375	136.673462	0.000000	0.000000	3.750000	875.744873	-980.736023
891	563.431335	145.168472	207.994293	-1.532331	0.000000	0.000000	3.750000	-1011.050293	40.809353
892	-560.283997	-859.028931	-80.301277	-169.986969	0.000000	0.000000	3.750000	301.943268	802.164429
893	1020.082397	968.399414	149.021667	121.063271	0.000000	0.000000	3.750000	-765.350769	-683.227295
894	-1148.115601	68.051804	-203.807709	29.971035	0.000000	0.000000	3.750000	1166.922729	-101.668434
895	261.650482	-211.773560	142.762482	-118.868134	0.000000	0.000000	3.750000	-103.033455	44.310680
896	-560.679810	-61.783699	-188.647247	-45.257156	0.000000	0.000000	3.750000	722.220337	153.123917
897	1100.632812	707.403503	151.816910	103.959351	0.000000	0.000000	3.750000	-1198.922852	-700.683777
898	-513.157104	-538.144165	-145.557632	-131.258194	0.000000	0.000000	3.750000	618.613342	663.580139
899	-431.747162	-961.862915	-96.761246	-165.834595	0.000000	0.000000	3.750000	410.085388	811.876465
900	-1212.570923	360.788177	-183.741531	68.227921	0.000000	0.000000	3.750000	1144.592041	-411.945374
901	-312.347290	493.585449	-90.289291	162.615555	0.000000	0.000000	3.750000	202.472824	-452.886993
902	-168.850449	969.697144	-40.506447	177.434448	0.000000	0.000000	3.750000	137.914658	-1018.183533
903	1010.186035	-939.592712	141.771103	-143.891327	0.000000	0.000000	3.750000	-1735.967285	1447.432007
904	90.103333	-1046.515625	6.830782	-191.878418	0.000000	0.000000	3.750000	-16.082674	1148.448364
905	32.660809	517.709473	-28.675295	191.866882	0.000000	0.000000	3.750000	39.996227	-537.563232
906	1321.888428	-732.711365	171.926605	-106.041817	0.000000	0.000000	3.750000	-1313.780884	583.441528
907	-876.789185	-395.968048	-164.100708	-78.704666	0.000000	0.000000	3.750000	941.828003	293.951874
908	-285.119232	-1082.905518	-53.769753	-182.225357	0.000000	0.000000	3.750000	92.515045	612.429138
909	-797.354736	-105.977478	-191.992615	-1.674732	0.000000	0.000000	3.750000	891.292969	23.265867
910	270.552185	1045.413696	87.182274	171.065033	0.000000	0.000000	3.750000	-477.768341	-990.416199
911	882.165466	1114.042480	118.334351	151.197601	0.000000	0.000000	3.750000	-499.071869	-814.434082
912	-499.811798	902.928955	-99.679466	164.097244	0.000000	0.000000	3.750000	424.379852	-841.818665
913	673.612183	380.869354	188.616577	53.287621	0.000000	0.000000	3.750000	-931.449768	-199.836716
914	-743.127197	-1003.085754	-120.404770	-139.135498	0.000000	0.000000	3.750000	930.984497	1078.182495
915	776.342407	-951.377441	127.413437	-156.747253	0.000000	0.000000	3.750000	-849.681519	926.466309
916	678.976807	-940.668030	117.961655	-166.436249	0.000000	0.000000	3.750000	-666.676392	887.569824
917	978.241638	-684.338562	143.512939	-118.320816	0.000000	0.000000	3.750000	-1036.704712	674.558960
918	-1047.788330	595.789246	-154.367249	88.626541	0.000000	0.000000	3.750000	1195.095825	-566.534180
919	-471.650024	136.395691	-194.867584	35.073078	0.000000	0.000000	3.750000	559.215271	-56.550938
920	1086.968506	681.644836	175.245377	119.301949	0.000000	0.000000	3.750000	-738.937988	-493.726562
921	-682.765747	883.448608	-112.511948	145.592117	0.000000	0.000000	3.750000	775.892273	-1009.800903
922	1227.547119	-269.193512	187.988037	-47.921036	0.000000	0.000000	3.750000	-1359.438232	274.556091
923	-701.915039	-504.848328	-161.252502	-88.615387	0.000000	0.000000	3.750000	656.794250	220.250443
924	154.288528	-183.895401	4.963986	-189.923828	0.000000	0.000000	3.750000	-61.848274	317.734528
925	819.302246	-702.177063	137.868195	-130.736496	0.000000	0.000000	3.750000	-921.845276	676.119385
926	-579.940796	522.624817	-137.980042	118.681358	0.000000	0.000000	3.750000	681.903320	-675.216309
927	-1013.947632	164.457565	-201.583176	31.308231	0.000000	0.000000	3.750000	938.600708	-161.816742
928	276.326172	1198.476196	19.672836	199.029694	0.000000	0.000000	3.750000	-199.536163	-1241.352783
929	-1027.742554	587.957458	-181.128571	93.852173	0.000000	0.000000	3.750000	1259.557129	-513.423401
930	-1079.678955	861.317017	-141.899094	113.967361	0.000000	0.000000	3.750000	1166.087524	-780.702148
931	927.334351	792.867004	154.616913	113.831497	0.000000	0.000000	3.750000	-1048.358032	-782.870911
932	-1272.369507	634.841431	-169.028992	99.222794	0.000000	0.000000	3.750000	1159.662109	-603.404114
933	1162.645752	-1054.187012	145.045807	-146.278854	0.000000	0.000000	3.750000	-1134.847046	965.715820
934	123.027878	-796.368896	45.545120	-202.951675	0.000000	0.000000	3.750000	-257.238556	862.401489
935	267.457458	-161.565430	141.123337	-94.640846	0.000000	0.000000	3.750000	-277.926239	69.057602
936	1199.152710	698.245178	164.255936	95.496292	0.000000	0.000000	3.750000	-1256.239014	-500.422485
937	-470.236755	1245.059204	-72.978119	181.905746	0.000000	0.000000	3.750000	320.068390	-1277.950928
938	-931.330383	17.151529	-191.270996	16.714935	0.000000	0.000000	3.750000	1071.953735	-70.215378
939	-361.898285	486.388611	-119.939423	105.895508	0.000000	0.000000	3.750000	459.444183	-573.787842
940	1058.228149	-836.916382	151.773270	-124.019302	0.000000	0.000000	3.750000	-1134.664062	787.812927
941	1003.202454	-673.515869	144.774796	-119.933823	0.000000	0.000000	3.750000	-926.933777	647.368408
942	666.917664	1303.821777	107.831314	158.857742	0.000000	0.000000	3.750000	-553.634827	-1307.657349
943	874.409485	-325.522034	181.863251	-83.217133	0.000000	0.000000	3.750000	-731.787048	439.250793
944	1089.643066	961.182678	144.973694	134.857788	0.000000	0.000000	3.750000	-978.622437	-941.252441
945	-1098.789917	1099.493774	-133.414795	140.841827	0.000000	0.000000	3.750000	853.536072	-1049.653198
946	659.895264	1029.978638	91.433762	148.039825	0.000000	0.000000	3.750000	-592.510620	-1186.989502
947	604.982544	797.030701	120.875381	154.289124	0.000000	0.000000	3.750000	-619.195496	-839.745239
948	791.867676	514.436218	157.780579	122.903496	0.000000	0.000000	3.750000	-702.572998	-531.346619
949	1043.228760	-419.007355	163.639282	-96.550400	0.000000	0.000000	3.750000	-1050.317871	490.662506
950	1086.295410	-98.675247	183.103394	-32.693932	0.000000	0.000000	3.750000	-2635.599365	211.769485
951	547.055786	1385.267212	104.818085	188.859528	0.000000	0.000000	3.750000	-436.919525	-1463.335327
952	-627.162048	-1276.453003	-111.146759	-175.811615	0.000000	0.000000	3.750000	527.550476	1269.844849
953	1124.576294	-330.753967	188.613647	-53.299545	0.000000	0.000000	3.750000	-1164.608276	284.258331
954	261.958832	-913.540161	47.438026	-181.916031	0.000000	0.000000	3.750000	-304.202179	894.002014
955	-1122.231445	318.122589	-169.700256	10.072623	0.000000	0.000000	3.750000	1020.187134	52.369526
956	-520.326538	1121.789429	-77.648285	179.961456	0.000000	0.000000	3.750000	317.389862	-1222.504761
957	630.360779	-865.069214	104.511276	-153.860840	0.000000	0.000000	3.750000	-893.116699	1036.259644
958	1119.841797	43.469421	179.980362	-2.639332	0.000000	0.000000	3.750000	-1414.260864	-74.620537
959	228.534332	1022.971619	22.007786	198.785110	0.000000	0.000000	3.750000	-133.061050	-987.291138
960	-141.660721	204.082169	-133.175491	135.505280	0.000000	0.000000	3.750000	255.024857	-313.356842
961	756.089600	-947.677246	127.460770	-138.194061	0.000000	0.000000	3.750000	-869.840820	793.691406
962	222.533066	-43.781090	174.791260	88.531128	0.000000	0.000000	3.750000	-574.968628	-80.202271
963	1368.841064	-520.800842	187.188538	-75.906105	0.000000	0.000000	3.750000	-781.961487	142.319077
964	-773.923889	785.150818	-132.164169	150.107727	0.000000	0.000000	3.750000	683.736023	-945.953308
965	373.277710	-1145.512695	55.640736	-194.185760	0.000000	0.000000	3.750000	-291.144379	1061.633911
966	-793.005737	-596.093018	-170.267944	-104.916245	0.000000	0.000000	3.750000	502.782196	383.058685
967	-1155.400269	-261.406891	-190.838135	-21.090385	0.000000	0.000000	3.750000	1234.886597	145.782349
968	-202.682526	1195.504272	-43.011444	189.170258	0.000000	0.000000	3.750000	99.510895	-1277.665161
969	879.504944	1228.726807	119.951569	167.472504	0.000000	0.000000	3.750000	-633.964661	-1292.361206
970	-907.479187	1047.644775	-129.786346	146.872345	0.000000	0.000000	3.750000	656.626160	-727.399841
971	-71.770897	-162.103088	18.486691	-191.098724	0.000000	0.000000	3.750000	-59.675297	269.629486
972	1001.725342	-734.133179	157.687103	-123.022339	0.000000	0.000000	3.750000	-892.304810	565.457092
973	372.587646	871.094055	77.496506	182.201630	0.000000	0.000000	3.750000	-443.387268	-789.686157
974	479.872223	-786.115967	98.721130	-152.898941	0.000000	0.000000	3.750000	-520.413452	901.518616
975	180.189362	-987.167053	51.153572	-189.206696	0.000000	0.000000	3.750000	-272.138794	1274.494385
976	843.791504	-221.448502	185.050598	-70.428528	0.000000	0.000000	3.750000	-625.000854	217.321381
977	-450.662018	-429.678711	-131.746735	-116.699524	0.000000	0.000000	3.750000	707.882629	574.223389
978	1167.394165	-461.433167	168.148895	-88.461807	0.000000	0.000000	3.750000	-1201.892944	447.277618
979	447.442841	-885.550537	66.672707	-186.436890	0.000000	0.000000	3.750000	-365.736176	939.244080
980	-1085.531128	-683.816162	-161.851318	-106.957680	0.000000	0.000000	3.750000	1207.291260	630.279663
981	-406.541229	-506.380005	-138.903198	-129.637543	0.000000	0.000000	3.750000	612.509827	583.922180
982	438.798462	-242.593582	89.164818	-167.774887	0.000000	0.000000	3.750000	-235.866989	372.315430
983	665.946533	1171.067261	97.410934	165.450867	0.000000	0.000000	3.750000	-438.284210	-1383.422852
984	-388.407288	358.745056	-158.918243	114.715569	0.000000	0.000000	3.750000	416.484406	-407.609619
985	1205.173706	-84.405060	193.610413	-12.283250	0.000000	0.000000	3.750000	-1302.703003	-2.674346
986	235.851471	-136.808090	98.449577	-185.342468	0.000000	0.000000	3.750000	-297.574005	244.899796
987	1123.472900	-147.135452	183.055695	-57.918373	0.000000	0.000000	3.750000	-1267.738037	323.343231
988	643.035278	114.609566	199.162170	33.737320	0.000000	0.000000	3.750000	-637.550598	-81.012733
989	-1118.781006	-63.455357	-180.537766	-44.743042	0.000000	0.000000	3.750000	1163.873901	196.448578
990	405.337830	864.505554	124.505157	159.067474	0.000000	0.000000	3.750000	-558.002136	-697.223633
991	-90.859413	7.617747	69.739685	-185.307190	0.000000	0.000000	3.750000	-127.014259	307.659668
992	-1103.769653	834.548584	-143.938934	124.022446	0.000000	0.000000	3.750000	902.001831	-807.802490
993	496.208282	-1079.274292	91.467865	-161.955429	0.000000	0.000000	3.750000	-611.593506	1305.424561
994	-1246.588379	-219.266525	-177.309967	-56.185883	0.000000	0.000000	3.750000	1152.215698	216.705078
995	-898.121277	-678.198547	-118.141693	-141.061844	0.000000	0.000000	3.750000	662.556641	909.636475
996	93.101204	299.379761	197.958008	63.819469	0.000000	0.000000	3.750000	-585.446655	-89.114525
997	-171.320755	-846.810364	-5.324588	-189.925171	0.000000	0.000000	3.750000	64.384850	914.067078
998	881.666687	-446.326569	150.691269	-86.994995	0.000000	0.000000	3.750000	-1126.719971	661.114563
999	-1220.445312	-391.777344	-155.819061	-101.569717	0.000000	0.000000	3.750000	1367.844971	796.981445
