node	a_force.x	a_force.y	g_force.x	g_force.y	r_force.x	r_force.y	global_speed	move_node.x	move_node.y
0	656.970825	729.767822	120.379906	153.402039	0.000000	0.000000	7.125000	-235.877563	-286.040558
1	617.813721	-532.348389	124.167801	-138.485931	0.000000	0.000000	7.125000	-98.250839	124.157852
2	-845.038574	-678.251099	-153.518066	-156.173386	0.000000	0.000000	7.125000	422.850677	378.545227
3	-344.480957	1084.090942	-68.317467	182.640289	0.000000	0.000000	7.125000	114.386879	-401.138092
4	-368.162140	-736.687012	-78.663795	-168.542847	0.000000	0.000000	7.125000	152.065369	390.047485
5	648.544495	-15.637492	193.293182	-25.494221	0.000000	0.000000	7.125000	-324.709930	1.773512
6	-1185.848999	-283.388214	-190.151367	-73.808243	0.000000	0.000000	7.125000	376.818420	84.162903
7	131.140717	-620.062744	23.174616	-226.768402	0.000000	0.000000	7.125000	-124.135597	471.553833
8	-626.901978	-64.014427	-184.715149	-62.461151	0.000000	0.000000	7.125000	319.657379	64.544106
9	-463.765625	577.852539	-168.854797	139.459778	0.000000	0.000000	7.125000	251.340652	-197.297653
10	738.702759	635.632629	160.866440	169.925339	0.000000	0.000000	7.125000	-230.352097	-296.562256
11	978.110474	-1306.559326	141.910156	-204.600677	0.000000	0.000000	7.125000	-263.458344	389.786652
12	-839.925781	1155.828369	-128.299667	177.457321	0.000000	0.000000	7.125000	158.145920	-328.763031
13	-496.115509	-987.495605	-99.693604	-149.860352	0.000000	0.000000	7.125000	195.542786	344.174622
14	-45.390190	-173.588440	11.888937	-251.696991	0.000000	0.000000	7.125000	-14.061593	136.154999
15	312.776611	-990.010803	22.893356	-226.830994	0.000000	0.000000	7.125000	-36.784996	402.885162
16	-905.194946	-509.013702	-156.459839	-106.025055	0.000000	0.000000	7.125000	357.282776	250.063370
17	-237.712311	-69.308502	-142.308990	-193.242340	0.000000	0.000000	7.125000	204.784653	293.863464
18	205.602722	934.132935	4.009022	194.958298	0.000000	0.000000	7.125000	-35.337730	-388.227142
19	-752.258667	1086.210449	-116.946335	177.997345	0.000000	0.000000	7.125000	256.179352	-519.324890
20	1242.915649	1161.391479	152.835938	148.356445	0.000000	0.000000	7.125000	-404.668335	-370.793732
21	-407.198425	-1128.550049	-79.507088	-184.590363	0.000000	0.000000	7.125000	92.322876	397.296661
22	-751.066040	1364.791992	-127.891068	237.713058	0.000000	0.000000	7.125000	152.253403	-535.152039
23	-469.383240	299.323639	-175.735291	109.244629	0.000000	0.000000	7.125000	111.064865	-114.346375
24	-805.734253	413.997742	-136.798279	121.553146	0.000000	0.000000	7.125000	223.982361	-191.949097
25	-781.407288	1236.244507	-119.375496	176.402802	0.000000	0.000000	7.125000	222.211990	-438.319885
26	-253.890869	1109.590332	-30.954027	180.362701	0.000000	0.000000	7.125000	67.935173	-462.808655
27	-1204.430664	587.492188	-196.386169	65.422600	0.000000	0.000000	7.125000	486.876251	-125.229057
28	941.719482	-697.632263	160.130951	-100.348572	0.000000	0.000000	7.125000	-360.405792	138.490738
29	843.623657	-510.307770	194.047821	-130.561691	0.000000	0.000000	7.125000	-258.199402	111.939560
30	768.081238	-648.763977	149.437866	-176.144745	0.000000	0.000000	7.125000	-357.939667	349.092499
31	180.654663	934.180420	10.114101	179.714874	0.000000	0.000000	7.125000	-35.747795	-383.119415
32	24.065971	1281.659668	14.006820	212.536087	0.000000	0.000000	7.125000	-46.866169	-445.456604
33	-565.049194	-1204.580078	-98.814896	-181.890198	0.000000	0.000000	7.125000	185.064377	406.733063
34	805.155518	40.220448	236.745270	10.153117	0.000000	0.000000	7.125000	-423.579285	-59.380817
35	1126.812500	718.009644	181.266190	93.483139	0.000000	0.000000	7.125000	-495.715210	-149.842834
36	-40.886898	-943.371704	-29.287043	-226.105896	0.000000	0.000000	7.125000	192.571365	727.145752
37	750.943298	644.241211	121.100426	107.601593	0.000000	0.000000	7.125000	-232.650085	-270.822601
38	-1253.786743	-572.919250	-185.863434	-110.042557	0.000000	0.000000	7.125000	438.789062	209.042007
39	-310.541260	-674.541504	-124.577774	-146.095551	0.000000	0.000000	7.125000	228.917053	282.538330
40	1407.303223	153.005310	215.604706	13.008696	0.000000	0.000000	7.125000	-573.726868	-27.651262
41	-808.957275	-381.750610	-194.634338	-86.495667	0.000000	0.000000	7.125000	375.267212	115.123756
42	-130.136841	-710.395630	-10.155702	-200.730408	0.000000	0.000000	7.125000	38.390270	363.609314
43	-1199.799805	-554.094727	-194.285370	-71.401749	0.000000	0.000000	7.125000	447.854767	126.524963
44	339.605225	935.686646	66.390991	243.067169	0.000000	0.000000	7.125000	-37.884068	-320.574524
45	369.350708	-817.743469	127.059937	-196.498550	0.000000	0.000000	7.125000	-194.335846	308.162842
46	-1525.416748	-800.648071	-203.207764	-138.612701	0.000000	0.000000	7.125000	533.086487	266.849976
47	-1217.009399	166.310760	-225.988190	30.202719	0.000000	0.000000	7.125000	606.518433	-25.424650
48	-1003.730713	-339.003571	-176.055954	-59.871498	0.000000	0.000000	7.125000	422.717255	62.205357
49	308.156982	892.334900	45.398430	198.880112	0.000000	0.000000	7.125000	-76.298500	-449.817963
50	1157.439209	4.441069	203.220490	-17.806517	0.000000	0.000000	7.125000	-453.997986	28.710865
51	281.264557	-524.696716	67.715469	-182.828552	0.000000	0.000000	7.125000	-143.242096	262.487854
52	921.034180	-296.533020	196.503967	-137.554596	0.000000	0.000000	7.125000	-305.710144	106.765083
53	-1397.005005	469.498047	-186.465698	102.953934	0.000000	0.000000	7.125000	511.801544	-273.530670
54	665.554077	-48.221794	186.385956	-130.736862	0.000000	0.000000	7.125000	-166.308090	116.749619
55	-1392.758301	260.442108	-212.013138	20.464790	0.000000	0.000000	7.125000	542.587280	-35.465008
56	1140.565308	-670.094971	156.178329	-89.452644	0.000000	0.000000	7.125000	-450.026947	171.848511
57	1173.742554	-86.307045	175.499023	-23.000988	0.000000	0.000000	7.125000	-401.964722	23.001875
58	274.421417	1413.260132	9.164984	218.807663	0.000000	0.000000	7.125000	-38.496120	-666.739014
59	628.115479	-901.375732	95.950821	-148.733612	0.000000	0.000000	7.125000	-201.946182	360.854462
60	614.847229	-154.097321	145.445892	-64.227097	0.000000	0.000000	7.125000	-284.413391	82.244759
61	-608.620605	909.293701	-111.871994	191.685989	0.000000	0.000000	7.125000	161.404434	-442.989410
62	294.424133	-234.249969	192.120789	-31.737263	0.000000	0.000000	7.125000	-168.934662	-64.065826
63	-723.455261	593.082031	-148.173492	122.100761	0.000000	0.000000	7.125000	297.651428	-229.748306
64	966.160645	1300.373413	167.392639	171.987091	0.000000	0.000000	7.125000	-307.513885	-324.573883
65	109.504059	751.932251	35.681942	203.816925	0.000000	0.000000	7.125000	1.358995	-284.260803
66	-660.572876	-1111.870117	-90.006065	-196.353882	0.000000	0.000000	7.125000	190.238220	353.161224
67	-1197.581421	1312.123291	-154.925369	167.271683	0.000000	0.000000	7.125000	311.184448	-440.999939
68	-113.776894	-883.652161	-17.765245	-203.218582	0.000000	0.000000	7.125000	62.234844	442.736969
69	600.670959	-1190.518921	90.613129	-186.112701	0.000000	0.000000	7.125000	-232.309753	603.080688
70	456.559662	639.080505	69.972046	235.836884	0.000000	0.000000	7.125000	-83.796410	-423.959015
71	714.053589	220.563599	204.596588	31.143761	0.000000	0.000000	7.125000	-206.163803	4.371885
72	1316.614136	151.398315	197.244675	17.254902	0.000000	0.000000	7.125000	-446.330719	-52.206020
73	1509.502686	19.100046	215.696198	-11.424253	0.000000	0.000000	7.125000	-569.182617	23.356283
74	-94.755959	584.505249	-15.625663	170.279999	0.000000	0.000000	7.125000	10.270208	-246.755569
75	401.106628	-799.905273	44.696915	-202.103165	0.000000	0.000000	7.125000	-142.277222	409.781525
76	-917.964661	1303.349731	-139.989655	172.292572	0.000000	0.000000	7.125000	295.804932	-422.740601
77	1357.186401	699.538818	195.298370	105.469482	0.000000	0.000000	7.125000	-470.476166	-219.390335
78	-172.334793	-1210.658569	-52.716984	-218.736481	0.000000	0.000000	7.125000	84.073235	425.755432
79	-357.159363	-775.877258	-78.272507	-210.944702	0.000000	0.000000	7.125000	135.483734	359.002106
80	-1083.225220	1163.774658	-145.176590	134.638718	0.000000	0.000000	7.125000	381.557190	-343.161987
81	1493.902954	-327.490479	206.824585	-71.907730	0.000000	0.000000	7.125000	-543.497620	111.156349
82	-1187.467896	-1444.097412	-162.848419	-180.358353	0.000000	0.000000	7.125000	444.761658	535.926880
83	-331.593628	172.214584	-207.375549	33.073483	0.000000	0.000000	7.125000	291.401001	-53.458622
84	-557.529053	-860.257690	-92.584808	-125.545227	0.000000	0.000000	7.125000	130.978378	242.282104
85	352.833160	837.577820	80.287651	174.393082	0.000000	0.000000	7.125000	-629.559326	-1127.993652
86	796.692749	-823.657227	134.615753	-149.256088	0.000000	0.000000	7.125000	-177.719254	230.871246
87	-701.750488	903.843750	-172.592834	134.791595	0.000000	0.000000	7.125000	362.976105	-228.053131
88	816.764648	-631.414307	124.888748	-149.751938	0.000000	0.000000	7.125000	-207.821838	313.902679
89	-676.692688	-458.368530	-119.372910	-100.416718	0.000000	0.000000	7.125000	250.982513	186.275497
90	1221.480469	571.529724	161.519104	92.221939	0.000000	0.000000	7.125000	-413.916077	-195.577499
91	-76.685440	-1078.164673	-37.911247	-169.815079	0.000000	0.000000	7.125000	58.492165	429.970978
92	551.811279	-482.040100	136.040527	-147.961746	0.000000	0.000000	7.125000	-267.993958	238.742615
93	883.823792	-1111.427856	123.478439	-166.137390	0.000000	0.000000	7.125000	-309.520660	404.612701
94	-142.730606	-745.818909	-33.693287	-201.178482	0.000000	0.000000	7.125000	46.402973	236.832520
95	-549.886292	32.640617	-226.144135	-46.410824	0.000000	0.000000	7.125000	229.031601	-8.639029
96	-1108.118896	-508.661102	-187.816833	-93.937576	0.000000	0.000000	7.125000	367.776489	92.402557
97	1167.046753	-980.053711	187.162033	-173.156662	0.000000	0.000000	7.125000	-494.010590	327.292267
98	-422.461670	-1221.884521	-85.400986	-208.152328	0.000000	0.000000	7.125000	130.403534	645.456970
99	842.376648	95.296104	200.853226	-7.394705	0.000000	0.000000	7.125000	-357.584106	-11.325188
100	-918.870300	-317.485352	-158.783096	-71.161079	0.000000	0.000000	7.125000	267.342285	136.632553
101	-613.518860	988.643433	-104.973740	146.211517	0.000000	0.000000	7.125000	229.750809	-409.892792
102	116.302353	-94.248230	158.338104	-136.606201	0.000000	0.000000	7.125000	-147.506210	29.531004
103	302.795410	-489.350281	105.308533	-178.207382	0.000000	0.000000	7.125000	-149.041702	258.864563
104	578.304016	1068.103638	96.468689	206.564331	0.000000	0.000000	7.125000	-269.218719	-858.380188
105	343.588898	678.153809	107.506302	227.885178	0.000000	0.000000	7.125000	-76.345947	-222.893784
106	315.530518	1308.626953	23.195145	199.655365	0.000000	0.000000	7.125000	-70.314087	-459.204437
107	489.166077	-835.286499	103.567375	-182.681671	0.000000	0.000000	7.125000	-168.387344	333.936798
108	-931.944214	-106.951340	-235.832825	-44.451557	0.000000	0.000000	7.125000	388.267303	44.358643
109	-481.936646	696.990662	-131.529816	159.819809	0.000000	0.000000	7.125000	142.672043	-142.541077
110	743.600037	699.994568	122.662918	163.001770	0.000000	0.000000	7.125000	-319.321442	-284.662567
111	-684.457886	844.135620	-134.029449	124.598679	0.000000	0.000000	7.125000	190.053955	-226.643082
112	-1195.462646	1017.928162	-145.231216	143.258789	0.000000	0.000000	7.125000	356.096680	-379.880280
113	-1176.057373	-203.162445	-174.578674	-43.750542	0.000000	0.000000	7.125000	482.644897	65.295799
114	-1126.733521	850.466431	-171.933350	109.736725	0.000000	0.000000	7.125000	627.505249	-284.165894
115	1265.756836	-699.625183	169.508972	-123.849854	0.000000	0.000000	7.125000	-435.682434	144.339523
116	-913.126587	-1282.502319	-142.861938	-165.983658	0.000000	0.000000	7.125000	294.305328	383.633453
117	-1045.915283	495.990936	-169.802307	82.993889	0.000000	0.000000	7.125000	439.163757	-195.134995
118	-2.703540	875.963867	6.518354	188.882370	0.000000	0.000000	7.125000	-7.726889	-369.592133
119	1624.278076	-880.334351	198.187897	-135.295471	0.000000	0.000000	7.125000	-478.516388	239.280746
120	40.033291	179.505630	121.286743	102.655945	0.000000	0.000000	7.125000	-72.043213	-64.557465
121	648.592773	-1140.015991	92.264496	-168.372559	0.000000	0.000000	7.125000	-429.875183	864.828308
122	-79.058418	-153.498016	-53.918419	-184.175201	0.000000	0.000000	7.125000	109.451912	185.105560
123	-515.380737	904.548340	-150.955536	174.851776	0.000000	0.000000	7.125000	211.771851	-262.221863
124	1327.828979	653.738647	222.051605	105.733307	0.000000	0.000000	7.125000	-454.656708	-121.578194
125	-205.121277	178.175262	-187.682220	-19.901794	0.000000	0.000000	7.125000	101.380508	-38.051792
126	-187.794296	261.743408	-153.212921	61.173866	0.000000	0.000000	7.125000	145.947357	-102.978462
127	-351.485474	-291.611176	-157.078262	-74.838562	0.000000	0.000000	7.125000	205.287750	123.957336
128	31.242004	-411.227356	2.870842	-194.978577	0.000000	0.000000	7.125000	-43.796856	322.135681
129	1367.996704	506.688690	271.067444	65.872154	0.000000	0.000000	7.125000	-500.657104	-66.693573
130	-753.112793	557.814941	-176.032028	68.800125	0.000000	0.000000	7.125000	397.047913	-132.284027
131	1214.129395	-621.485840	179.964600	-149.453857	0.000000	0.000000	7.125000	-261.896088	63.308456
132	531.023865	1295.808105	99.863808	198.254807	0.000000	0.000000	7.125000	-129.969574	-368.020264
133	1148.846558	-527.047180	157.949326	-98.199455	0.000000	0.000000	7.125000	-552.014221	261.237488
134	540.681519	1249.847412	73.899315	196.562088	0.000000	0.000000	7.125000	-131.753632	-467.207428
135	-137.604126	-946.828308	-85.559578	-221.004471	0.000000	0.000000	7.125000	137.611755	465.706940
136	-211.987015	-1058.020386	-24.272076	-196.504837	0.000000	0.000000	7.125000	40.516541	468.159515
137	-594.153931	1453.705566	-108.461777	220.771301	0.000000	0.000000	7.125000	234.199326	-719.872498
138	-118.968597	507.780304	-19.783648	190.958969	0.000000	0.000000	7.125000	22.380373	-179.865051
139	307.305847	-328.117004	107.145691	-155.686966	0.000000	0.000000	7.125000	-200.100143	265.997223
140	-454.319519	-1388.885986	-91.008156	-202.464386	0.000000	0.000000	7.125000	195.245224	547.860657
141	1002.220947	419.150146	204.558533	93.607536	0.000000	0.000000	7.125000	-448.928925	-116.706886
142	298.208588	-1154.857788	33.621735	-201.209229	0.000000	0.000000	7.125000	-70.610519	425.619934
143	-1331.275635	-1126.515259	-174.059464	-165.230957	0.000000	0.000000	7.125000	449.953766	326.966675
144	-57.260262	1203.746826	-39.931179	218.363068	0.000000	0.000000	7.125000	65.971581	-627.470093
145	747.186829	337.846680	202.285721	75.736664	0.000000	0.000000	7.125000	-318.855988	-110.950813
146	-88.799797	-3.425970	-91.774323	-227.083878	0.000000	0.000000	7.125000	139.492737	109.364586
147	1251.133667	-914.476624	175.972198	-176.160614	0.000000	0.000000	7.125000	-583.550964	595.600159
148	-324.850861	651.137573	-108.057953	176.532089	0.000000	0.000000	7.125000	138.095337	-259.411560
149	15.797195	-1249.607178	-28.950500	-204.943634	0.000000	0.000000	7.125000	14.379917	493.759155
150	297.108826	1109.259399	83.309868	176.301849	0.000000	0.000000	7.125000	-119.184250	-225.973236
151	-853.569580	-1248.869019	-133.764847	-191.995483	0.000000	0.000000	7.125000	299.069855	525.386292
152	976.254333	7.865424	149.982544	2.231318	0.000000	0.000000	7.125000	-287.660187	-16.365051
153	-1213.672607	-144.243561	-188.817963	-34.759361	0.000000	0.000000	7.125000	520.014709	47.598080
154	-1307.966187	588.539307	-223.398285	79.103317	0.000000	0.000000	7.125000	495.525696	-154.357651
155	829.558960	-251.326660	182.629211	-83.825127	0.000000	0.000000	7.125000	-323.904266	90.657837
156	348.339905	-8.166282	210.178955	34.545788	0.000000	0.000000	7.125000	-332.219269	-69.573830
157	-1106.479248	-752.416992	-165.523590	-97.276184	0.000000	0.000000	7.125000	407.304382	172.822617
158	357.029297	-1019.978943	55.897339	-186.813782	0.000000	0.000000	7.125000	-60.484585	340.156219
159	-685.739624	-1367.259277	-97.346474	-209.465454	0.000000	0.000000	7.125000	142.491959	444.022552
160	939.255249	798.000000	112.721626	116.352203	0.000000	0.000000	7.125000	-342.097717	-358.682343
161	528.993652	-139.454208	147.814148	-117.457642	0.000000	0.000000	7.125000	-134.581253	80.006256
162	-235.900909	-97.168350	-170.903793	-116.748077	0.000000	0.000000	7.125000	136.553894	109.973991
163	423.890717	776.065918	72.773430	167.907761	0.000000	0.000000	7.125000	-150.265213	-397.320038
164	-930.682800	-1149.999756	-123.015808	-166.463669	0.000000	0.000000	7.125000	328.168427	676.220276
165	920.390259	1112.314209	150.291214	179.346313	0.000000	0.000000	7.125000	-285.805573	-362.987091
166	926.112854	1305.010132	123.568939	177.146515	0.000000	0.000000	7.125000	-173.808853	-378.175720
167	1022.446167	656.948242	156.902618	99.887131	0.000000	0.000000	7.125000	-309.797241	-160.747879
168	-43.388435	1347.735596	-14.027108	212.509247	0.000000	0.000000	7.125000	-12.963356	-447.517059
169	-941.257935	325.987030	-201.158295	48.821144	0.000000	0.000000	7.125000	408.176361	-113.505020
170	285.222687	1032.146240	21.684824	190.770828	0.000000	0.000000	7.125000	-60.547108	-463.180481
171	1389.822754	-833.868591	183.211929	-114.388229	0.000000	0.000000	7.125000	-415.528717	195.650253
172	-92.450722	-1371.443481	-37.731064	-197.422531	0.000000	0.000000	7.125000	84.496666	588.600647
173	-1.593164	-1262.023315	-30.990313	-189.475098	0.000000	0.000000	7.125000	70.109138	620.484558
174	-986.557861	727.592590	-176.658981	89.401306	0.000000	0.000000	7.125000	472.085541	-203.737717
175	-1042.118652	-1081.775513	-133.944550	-161.730408	0.000000	0.000000	7.125000	331.749023	493.225342
176	497.506592	655.215759	109.506699	164.940491	0.000000	0.000000	7.125000	-167.063004	-218.830032
177	-186.901764	-1445.512329	-35.025734	-213.108856	0.000000	0.000000	7.125000	28.529755	502.760071
178	-812.518677	-937.881897	-103.146942	-136.369202	0.000000	0.000000	7.125000	261.232117	478.306030
179	975.262268	-762.342957	150.574005	-146.292175	0.000000	0.000000	7.125000	-253.668854	111.916794
180	-1279.491577	-173.905777	-200.731552	-10.207008	0.000000	0.000000	7.125000	463.952698	43.508743
181	-1298.215820	844.729004	-161.975189	128.889801	0.000000	0.000000	7.125000	486.359589	-324.745605
182	104.673935	1176.341064	-22.927099	181.554871	0.000000	0.000000	7.125000	3.508852	-347.478699
183	281.336945	1558.567627	61.423275	235.108490	0.000000	0.000000	7.125000	-130.060959	-513.580933
184	1021.229675	797.358093	156.833054	120.857529	0.000000	0.000000	7.125000	-363.838654	-267.245911
185	103.669518	-252.670227	-13.199373	-215.595764	0.000000	0.000000	7.125000	18.136415	212.645935
186	614.460571	53.635860	204.209229	-48.963150	0.000000	0.000000	7.125000	-390.121185	57.600296
187	334.895905	-1198.267212	34.262413	-216.301895	0.000000	0.000000	7.125000	-68.647736	533.168518
188	-8.718765	1502.800659	-9.640640	230.788254	0.000000	0.000000	7.125000	-16.702492	-581.329834
189	-1047.174194	130.549927	-198.708939	30.225922	0.000000	0.000000	7.125000	159.593887	-48.971710
190	849.261108	-1075.490967	124.487350	-208.689453	0.000000	0.000000	7.125000	-220.558365	414.886292
191	159.384415	-42.480061	87.977852	-163.870499	0.000000	0.000000	7.125000	-130.414734	223.384750
192	1088.763916	1172.014404	124.593925	169.042023	0.000000	0.000000	7.125000	-217.457336	-305.501984
193	-149.360855	1752.495483	-70.312721	248.202408	0.000000	0.000000	7.125000	102.882698	-592.606384
194	-1119.997314	-771.988525	-142.162399	-115.220558	0.000000	0.000000	7.125000	441.287109	275.007416
195	-763.323242	-1243.597168	-94.253502	-180.875244	0.000000	0.000000	7.125000	376.418701	1066.627441
196	147.661301	-661.231018	78.073380	-214.185394	0.000000	0.000000	7.125000	-153.646103	288.319733
197	1253.828125	-1060.120361	128.796448	-158.199127	0.000000	0.000000	7.125000	-259.776093	367.566010
198	-849.994568	136.565491	-191.925507	5.282127	0.000000	0.000000	7.125000	347.132996	-13.263435
199	900.050171	-845.122437	117.230576	-120.335464	0.000000	0.000000	7.125000	-349.846619	329.133087
200	-570.348816	-165.023499	-171.733643	-63.210850	0.000000	0.000000	7.125000	160.558273	67.737076
201	-43.182487	1110.047607	-26.326195	171.996368	0.000000	0.000000	7.125000	99.653442	-436.151489
202	1160.764893	-1364.094849	139.581909	-180.269928	0.000000	0.000000	7.125000	-297.622559	440.033142
203	1097.533447	-186.675873	157.796112	-48.150246	0.000000	0.000000	7.125000	-454.363159	77.534149
204	-1265.096069	-1006.840759	-147.659271	-145.071213	0.000000	0.000000	7.125000	412.594391	395.010101
205	1081.325439	539.763428	168.156342	79.424065	0.000000	0.000000	7.125000	-451.746002	-106.035759
206	-866.325806	34.936985	-179.914856	5.488894	0.000000	0.000000	7.125000	385.960693	-25.796017
207	-1342.124023	-1301.719360	-180.611145	-184.237442	0.000000	0.000000	7.125000	507.849823	489.191742
208	96.252213	-142.768127	3.663227	-224.962280	0.000000	0.000000	7.125000	-6.903939	103.270012
209	-1381.975830	-28.067673	-203.962860	3.719611	0.000000	0.000000	7.125000	397.839264	18.281149
210	57.776489	-607.122253	2.257644	-197.973724	0.000000	0.000000	7.125000	-30.916132	278.288971
211	188.129608	-1151.267822	17.569332	-179.140442	0.000000	0.000000	7.125000	-42.437344	489.363953
212	450.453369	155.739624	147.247559	-97.431969	0.000000	0.000000	7.125000	-159.134933	38.363869
213	-1164.454224	995.480835	-192.448273	138.291336	0.000000	0.000000	7.125000	606.068665	-372.404938
214	1138.798828	-1254.582153	141.280334	-155.370041	0.000000	0.000000	7.125000	-357.050385	387.190552
215	866.845154	-624.107849	133.360001	-102.163986	0.000000	0.000000	7.125000	-321.630951	173.288315
216	-291.144928	-594.471313	-75.365067	-189.568176	0.000000	0.000000	7.125000	74.377975	239.333511
217	-1125.325684	-514.211426	-213.959198	-108.726410	0.000000	0.000000	7.125000	350.820892	342.329132
218	-340.840210	-1325.083008	-79.849228	-207.084091	0.000000	0.000000	7.125000	98.902657	528.748413
219	619.044312	-411.141174	146.238525	-150.691467	0.000000	0.000000	7.125000	-240.648743	251.469498
220	-1460.876953	378.155731	-219.947723	47.405701	0.000000	0.000000	7.125000	528.731567	-95.014122
221	-1418.167236	-546.814453	-197.446564	-101.385574	0.000000	0.000000	7.125000	575.028564	176.532501
222	-931.879211	-833.009399	-137.032288	-138.734024	0.000000	0.000000	7.125000	262.544922	269.271729
223	-558.790100	442.131348	-183.072418	89.998245	0.000000	0.000000	7.125000	255.289719	-123.000908
224	177.385681	-454.702240	0.933319	-239.987640	0.000000	0.000000	7.125000	-8.874980	232.638062
225	-924.347534	-1109.605957	-113.871887	-147.055573	0.000000	0.000000	7.125000	276.062805	450.335907
226	259.365509	268.460907	82.893303	117.683777	0.000000	0.000000	7.125000	-150.991943	-233.762756
227	-1087.208496	-612.432007	-155.797104	-112.200798	0.000000	0.000000	7.125000	372.908600	209.254471
228	-1115.472412	-961.589233	-161.477936	-134.254929	0.000000	0.000000	7.125000	404.847198	300.557587
229	1428.938232	-1047.293457	162.611465	-151.131195	0.000000	0.000000	7.125000	-417.465424	356.704895
230	-787.049683	946.431641	-127.042343	139.919312	0.000000	0.000000	7.125000	307.961670	-415.692566
231	-697.979309	275.893890	-194.767365	70.099388	0.000000	0.000000	7.125000	299.021179	-118.117157
232	-851.497070	-466.959442	-171.050110	-64.970108	0.000000	0.000000	7.125000	345.181488	44.174892
233	1104.982056	196.276764	191.944534	-4.613727	0.000000	0.000000	7.125000	-598.467407	0.245029
234	-257.557831	382.370239	-148.721481	134.802353	0.000000	0.000000	7.125000	118.052582	-192.852890
235	873.107483	92.642105	194.964096	3.741347	0.000000	0.000000	7.125000	-422.864868	-14.029161
236	-738.023193	797.078491	-108.950058	111.645004	0.000000	0.000000	7.125000	233.409454	-295.715302
237	706.598877	-620.587097	121.595078	-115.883293	0.000000	0.000000	7.125000	-279.229858	179.491852
238	1337.615356	-990.573853	152.103760	-149.105896	0.000000	0.000000	7.125000	-392.076141	355.869415
239	1330.792480	-148.775970	220.148254	-28.566364	0.000000	0.000000	7.125000	-458.251160	34.485703
240	-154.264252	1161.129150	-42.723763	171.763382	0.000000	0.000000	7.125000	85.498741	-444.187317
241	33.797245	1482.188843	-17.368658	209.271851	0.000000	0.000000	7.125000	4.312311	-509.892944
242	446.300751	283.119232	229.345154	70.279221	0.000000	0.000000	7.125000	-196.535004	-121.085976
243	-1019.971130	689.568604	-195.953247	116.519226	0.000000	0.000000	7.125000	367.878540	-175.721100
244	571.351196	-916.583496	93.268723	-160.924164	0.000000	0.000000	7.125000	-187.434509	363.520294
245	789.402283	1170.600464	116.279190	178.454193	0.000000	0.000000	7.125000	-203.119690	-386.045135
246	-875.989685	881.339844	-109.383148	115.394569	0.000000	0.000000	7.125000	336.470886	-370.124847
247	-192.543549	-780.237427	-36.970425	-166.944443	0.000000	0.000000	7.125000	84.906601	282.185791
248	-347.607605	-305.827698	-149.170334	-168.443436	0.000000	0.000000	7.125000	197.911087	245.442001
249	668.605042	643.569885	106.151443	152.723541	0.000000	0.000000	7.125000	-160.651611	-330.247070
250	1177.635498	88.558495	203.604736	12.363277	0.000000	0.000000	7.125000	-515.521729	-72.363701
251	-510.823029	-1250.741211	-82.417946	-186.584763	0.000000	0.000000	7.125000	119.322853	431.519531
252	-230.169312	-1219.313965	-48.816113	-179.479355	0.000000	0.000000	7.125000	100.635384	475.867340
253	-537.556396	-496.536163	-147.210678	-118.529465	0.000000	0.000000	7.125000	532.712952	408.723572
254	-1034.197388	-997.239990	-156.208359	-144.801559	0.000000	0.000000	7.125000	370.252502	317.629913
255	812.327637	35.395775	197.828949	-8.049173	0.000000	0.000000	7.125000	-391.699371	-6.814396
256	-1084.908569	-643.961060	-169.891373	-107.410439	0.000000	0.000000	7.125000	461.070679	230.529053
257	230.813751	656.217163	-32.891575	255.830399	0.000000	0.000000	7.125000	79.419174	-278.118011
258	781.569275	558.182251	164.961456	98.085381	0.000000	0.000000	7.125000	-378.421295	-139.533386
259	-192.426315	-158.084778	-199.375809	-90.577782	0.000000	0.000000	7.125000	177.902588	110.545387
260	1044.360229	-1123.876953	151.839569	-170.075180	0.000000	0.000000	7.125000	-448.221741	431.173706
261	-339.847351	1066.086304	-85.752243	168.387299	0.000000	0.000000	7.125000	221.330856	-536.729370
262	-928.942993	661.384155	-168.693390	97.812805	0.000000	0.000000	7.125000	479.802490	-259.608643
263	-1264.930420	-109.109314	-238.027008	-30.695814	0.000000	0.000000	7.125000	527.018250	60.890263
264	-1020.831238	611.908447	-152.172562	101.646034	0.000000	0.000000	7.125000	333.450653	-188.044357
265	-752.824097	1450.109009	-110.931747	192.272125	0.000000	0.000000	7.125000	202.463028	-478.801086
266	-428.432373	30.631502	-179.193878	16.855429	0.000000	0.000000	7.125000	330.595245	-98.697151
267	1228.713989	472.329102	172.654358	60.524536	0.000000	0.000000	7.125000	-586.622253	-112.586197
268	157.432938	-636.430359	52.699108	-181.495163	0.000000	0.000000	7.125000	-94.057152	272.645599
269	-1350.259277	474.485199	-196.182678	66.040077	0.000000	0.000000	7.125000	480.681244	-157.077576
270	-210.512650	993.921875	-50.279671	163.418823	0.000000	0.000000	7.125000	42.468014	-288.485931
271	-1046.153809	-223.936615	-194.935974	-4.785185	0.000000	0.000000	7.125000	408.677582	-20.460133
272	-1095.225586	290.513184	-176.674698	47.673347	0.000000	0.000000	7.125000	1676.819458	-352.343719
273	-1005.270264	873.907654	-152.049454	131.453430	0.000000	0.000000	7.125000	389.224854	-227.908325
274	-397.784454	326.064392	-167.525787	46.977345	0.000000	0.000000	7.125000	287.661499	-91.181625
275	-612.574341	-804.066772	-114.732582	-157.655472	0.000000	0.000000	7.125000	199.117844	329.132233
276	394.488037	488.310394	171.349976	30.251244	0.000000	0.000000	7.125000	-274.624542	-47.572578
277	-1166.320068	704.466125	-174.658157	93.254509	0.000000	0.000000	7.125000	459.919861	-197.568253
278	-532.006470	-983.547241	-99.431778	-167.736206	0.000000	0.000000	7.125000	210.154541	464.228668
279	-660.392761	-550.438721	-156.342667	-89.192856	0.000000	0.000000	7.125000	311.297882	193.027069
280	1250.256836	-44.808125	201.299316	-33.077175	0.000000	0.000000	7.125000	-561.964966	89.310486
281	-577.815369	-933.301270	-116.845963	-167.207214	0.000000	0.000000	7.125000	176.587265	342.608551
282	1009.691956	-286.275635	138.895447	-64.155731	0.000000	0.000000	7.125000	-360.850311	120.884277
283	1396.942627	-57.055141	218.891693	6.806643	0.000000	0.000000	7.125000	-721.600891	-45.326122
284	-24.231213	1322.618530	38.250786	227.810303	0.000000	0.000000	7.125000	-100.381744	-503.964172
285	-703.636963	1456.191650	-123.744629	184.294266	0.000000	0.000000	7.125000	233.772446	-478.574524
286	675.784546	-584.565430	157.928299	-133.716370	0.000000	0.000000	7.125000	-320.591614	161.095642
287	-60.852886	613.075623	-33.473499	201.233368	0.000000	0.000000	7.125000	-18.649237	-244.872955
288	1352.401489	226.063049	204.887650	58.093643	0.000000	0.000000	7.125000	-671.271667	-64.567108
289	-138.366180	-776.032104	4.475809	-209.942093	0.000000	0.000000	7.125000	-35.329254	292.878815
290	-915.687012	899.987366	-167.813171	126.239761	0.000000	0.000000	7.125000	410.758453	-289.932556
291	-230.977585	1064.638794	-51.908825	187.935989	0.000000	0.000000	7.125000	60.428997	-414.874451
292	-554.918945	-393.340271	-185.176208	-61.037899	0.000000	0.000000	7.125000	245.483551	25.495010
293	554.688354	261.647339	190.207520	54.742531	0.000000	0.000000	7.125000	-282.342957	-92.444115
294	185.034363	796.327759	17.410646	191.208969	0.000000	0.000000	7.125000	-45.340950	-383.571960
295	1077.869629	-253.676147	206.528412	-38.019897	0.000000	0.000000	7.125000	-481.716431	72.473869
296	-528.079529	-999.736084	-120.166473	-172.187897	0.000000	0.000000	7.125000	208.137482	356.943817
297	422.553802	-810.881348	89.182663	-186.802521	0.000000	0.000000	7.125000	-163.721375	378.660065
298	-308.896729	393.919220	-157.222000	120.307426	0.000000	0.000000	7.125000	102.585289	-88.614937
299	591.848267	-1155.868408	76.587105	-179.313446	0.000000	0.000000	7.125000	-144.886841	486.673340
300	-77.437317	1307.872192	-29.102304	204.943695	0.000000	0.000000	7.125000	54.581123	-440.240601
301	1338.393433	-923.766235	167.419189	-121.728508	0.000000	0.000000	7.125000	-428.640808	243.661346
302	-901.395386	-204.264709	-213.431244	-33.104366	0.000000	0.000000	7.125000	381.015839	19.176807
303	848.377930	-720.692749	141.509186	-129.764755	0.000000	0.000000	7.125000	-390.507324	341.092712
304	-1153.051636	-284.781952	-197.126816	-63.044720	0.000000	0.000000	7.125000	443.112518	67.137138
305	-125.931015	-557.608337	-55.261238	-164.990631	0.000000	0.000000	7.125000	56.874371	230.976669
306	-1365.058228	1084.005371	-194.227081	155.806046	0.000000	0.000000	7.125000	417.819275	-352.888855
307	-1015.204224	-622.560913	-206.198303	-73.466225	0.000000	0.000000	7.125000	524.514160	57.387627
308	-613.935059	743.897827	-140.716721	139.291656	0.000000	0.000000	7.125000	148.040390	-198.375031
309	1143.226685	595.152954	164.058044	110.840103	0.000000	0.000000	7.125000	-329.923676	-179.565079
310	259.362030	964.046631	76.703613	240.034485	0.000000	0.000000	7.125000	-179.343185	-391.929626
311	-1018.081665	1232.178223	-171.108109	193.079712	0.000000	0.000000	7.125000	296.604492	-440.211853
312	1143.694092	834.168823	151.005966	123.369385	0.000000	0.000000	7.125000	-413.378967	-265.627930
313	-1577.649902	-331.430420	-219.250061	-62.485046	0.000000	0.000000	7.125000	549.569885	89.771843
314	-356.292206	1052.306152	-108.902832	233.870697	0.000000	0.000000	7.125000	99.230904	-344.640198
315	-475.528778	931.524902	-64.862305	180.688339	0.000000	0.000000	7.125000	62.096161	-268.625488
316	327.859833	-448.325287	160.892487	-157.283783	0.000000	0.000000	7.125000	-96.900536	127.819412
317	1241.838135	1092.387085	171.640656	126.089409	0.000000	0.000000	7.125000	-509.025574	-248.153442
318	1003.153320	929.826050	140.145477	144.074036	0.000000	0.000000	7.125000	-275.101868	-322.338928
319	-1305.975220	953.108643	-158.044373	133.676300	0.000000	0.000000	7.125000	408.197388	-285.938660
320	-1178.084717	-282.143555	-213.459686	-32.957157	0.000000	0.000000	7.125000	420.682312	25.815086
321	-659.241089	-703.966736	-139.306931	-99.169403	0.000000	0.000000	7.125000	312.935638	226.625397
322	-770.518860	-502.238739	-178.583252	-126.705307	0.000000	0.000000	7.125000	391.387512	229.382156
323	552.745178	107.839470	191.694489	10.755672	0.000000	0.000000	7.125000	-251.014801	-28.986511
324	-1198.275513	-81.236877	-218.464050	15.307455	0.000000	0.000000	7.125000	577.387512	-37.340992
325	-886.527649	563.459961	-157.091904	115.527786	0.000000	0.000000	7.125000	270.682922	-182.367371
326	-682.151917	205.881836	-194.257858	-16.380621	0.000000	0.000000	7.125000	256.404114	-69.199577
327	-289.189514	-689.131409	0.511362	-185.989365	0.000000	0.000000	7.125000	-31.207804	255.339111
328	-682.332520	128.592438	-234.324402	51.449776	0.000000	0.000000	7.125000	273.720673	-127.595207
329	90.953705	561.928833	59.348068	192.026077	0.000000	0.000000	7.125000	-90.477791	-367.539856
330	-382.043335	1567.384521	-98.360481	205.656860	0.000000	0.000000	7.125000	140.558502	-446.742493
331	-1.300516	1278.203613	13.147199	203.572678	0.000000	0.000000	7.125000	-49.890175	-490.048004
332	-522.014526	-73.208664	-212.857208	-5.655480	0.000000	0.000000	7.125000	277.149384	-44.442116
333	668.226257	-946.260010	99.711227	-138.919510	0.000000	0.000000	7.125000	-239.282059	318.650940
334	-323.849884	690.564087	-82.760071	135.722046	0.000000	0.000000	7.125000	134.719650	-366.877808
335	-1284.725464	-171.743958	-197.994110	-1.517867	0.000000	0.000000	7.125000	378.893951	20.313940
336	-755.568787	-578.287598	-111.736000	-121.402641	0.000000	0.000000	7.125000	203.629440	228.491653
337	858.481995	104.576782	218.710770	11.034801	0.000000	0.000000	7.125000	-435.929626	-48.154320
338	83.637215	-286.432953	119.995102	-183.170258	0.000000	0.000000	7.125000	-193.590393	218.824081
339	-1248.917358	355.248169	-187.067932	55.049484	0.000000	0.000000	7.125000	363.898560	-29.791548
340	1033.005859	-284.952820	151.089142	-66.261490	0.000000	0.000000	7.125000	-456.053253	109.605217
341	-406.101624	-771.639282	-138.677139	-192.191422	0.000000	0.000000	7.125000	215.496750	335.344513
342	864.015869	854.090698	144.170822	164.802246	0.000000	0.000000	7.125000	-244.957413	-362.444397
343	-103.468826	-1191.290771	-35.492367	-210.015656	0.000000	0.000000	7.125000	40.510082	493.154938
344	-157.876434	1440.386353	-66.005554	202.507294	0.000000	0.000000	7.125000	95.759262	-488.227600
345	744.683960	392.008820	168.095398	64.226387	0.000000	0.000000	7.125000	-361.885681	-56.265968
346	1335.390381	-328.317444	183.190094	-75.070900	0.000000	0.000000	7.125000	-1094.464233	216.868347
347	443.274994	-701.683838	33.660248	-201.162384	0.000000	0.000000	7.125000	-114.464417	334.235718
348	734.771729	-451.511719	158.589340	-97.185760	0.000000	0.000000	7.125000	-494.099060	240.108322
349	-524.418457	-1229.969482	-77.904160	-211.030792	0.000000	0.000000	7.125000	130.359909	703.682922
350	-1444.543213	-318.413269	-243.057877	-66.300858	0.000000	0.000000	7.125000	896.231873	100.165955
351	452.387146	-437.779785	116.512878	-156.345703	0.000000	0.000000	7.125000	-104.577042	187.881912
352	311.956085	-279.461243	140.106796	-131.104980	0.000000	0.000000	7.125000	-203.225708	131.668365
353	835.039551	-830.875732	133.002655	-125.693115	0.000000	0.000000	7.125000	-328.233124	249.776352
354	582.541687	981.729736	120.846222	149.189575	0.000000	0.000000	7.125000	-257.292267	-398.262726
355	824.644409	650.722900	150.383255	128.797821	0.000000	0.000000	7.125000	-292.577057	-263.780548
356	-869.919434	-1063.180542	-123.493286	-150.910950	0.000000	0.000000	7.125000	212.438446	295.994812
357	1056.932617	972.214539	135.650757	122.818176	0.000000	0.000000	7.125000	-427.752655	-288.564423
358	1192.961426	-297.777039	194.015076	-39.516804	0.000000	0.000000	7.125000	-502.795746	80.235641
359	-1360.424316	-405.867126	-189.444885	-103.747742	0.000000	0.000000	7.125000	408.199066	175.189499
360	-298.967255	1015.741577	-45.121494	168.020447	0.000000	0.000000	7.125000	-28.222218	-401.837891
361	1205.826782	-552.553467	213.404114	-95.908455	0.000000	0.000000	7.125000	-436.324219	124.331520
362	-1003.052063	-3.317180	-200.378937	-51.844391	0.000000	0.000000	7.125000	419.048004	55.698627
363	69.454781	1547.471069	28.720787	223.158478	0.000000	0.000000	7.125000	-81.091995	-531.249634
364	749.979736	1118.456909	94.065483	181.010452	0.000000	0.000000	7.125000	-267.830078	-636.501404
365	-870.535034	896.631592	-140.463364	107.697586	0.000000	0.000000	7.125000	279.027771	-249.410843
366	-334.385376	483.085144	-147.507935	145.220169	0.000000	0.000000	7.125000	307.443573	-315.851562
367	-866.287048	1066.149414	-125.364090	153.251556	0.000000	0.000000	7.125000	279.331818	-388.196655
368	-1092.831299	-1326.707275	-142.046585	-166.684265	0.000000	0.000000	7.125000	415.754730	550.925903
369	-1008.478516	865.985168	-130.236938	119.863663	0.000000	0.000000	7.125000	343.845123	-313.920197
370	1241.008911	1076.147217	168.255737	149.380859	0.000000	0.000000	7.125000	-423.683868	-340.693207
371	371.320984	-1027.569336	63.170433	-165.342865	0.000000	0.000000	7.125000	-176.897552	472.149780
372	1360.065430	244.134308	194.852142	60.361065	0.000000	0.000000	7.125000	-490.851349	-83.646042
373	-1183.680908	800.474548	-148.593033	116.793549	0.000000	0.000000	7.125000	389.007935	-267.561829
374	-1345.223145	-1071.857666	-164.467819	-162.207581	0.000000	0.000000	7.125000	469.495697	425.510620
375	-1116.102783	30.646469	-206.322021	-16.732090	0.000000	0.000000	7.125000	450.143951	22.856503
376	1013.599365	1264.684814	136.198746	163.762146	0.000000	0.000000	7.125000	-273.787354	-394.498810
377	907.100159	-1096.525879	109.707657	-164.823868	0.000000	0.000000	7.125000	-180.118195	341.538666
378	-340.442017	-252.858154	-127.340004	-163.189316	0.000000	0.000000	7.125000	190.034042	228.172668
379	-1363.215576	-875.240845	-165.651260	-133.882446	0.000000	0.000000	7.125000	446.009705	278.417816
380	-388.062256	-688.614868	-67.262932	-117.035233	0.000000	0.000000	7.125000	126.496437	325.779816
381	1080.733276	269.386322	184.243622	25.498196	0.000000	0.000000	7.125000	-440.600006	-55.018841
382	693.657715	-1070.481934	111.133232	-149.146530	0.000000	0.000000	7.125000	-354.039124	454.922577
383	-44.989174	1526.271484	-23.676422	247.869720	0.000000	0.000000	7.125000	70.494698	-901.557434
384	-1496.133667	-154.067139	-248.636871	13.434482	0.000000	0.000000	7.125000	557.765015	-9.972700
385	938.818848	-1467.546509	125.692657	-197.375137	0.000000	0.000000	7.125000	-287.106934	481.249023
386	-260.950500	-197.039764	-203.077255	-53.265121	0.000000	0.000000	7.125000	204.149597	16.542419
387	-1152.291626	-436.217255	-194.002167	-72.117996	0.000000	0.000000	7.125000	421.797058	85.180992
388	-1019.158081	-827.542786	-132.265778	-126.470383	0.000000	0.000000	7.125000	441.023712	369.766815
389	-970.197449	-706.999084	-129.462173	-149.806595	0.000000	0.000000	7.125000	204.178314	265.858215
390	-569.687500	-396.196747	-158.851501	-84.643631	0.000000	0.000000	7.125000	306.037506	126.745255
391	351.883667	-1115.059082	74.616791	-196.295593	0.000000	0.000000	7.125000	-155.099396	326.230377
392	-333.696442	-37.538815	-180.868378	-54.837624	0.000000	0.000000	7.125000	194.653015	58.495644
393	-853.934875	636.988220	-160.876282	99.175873	0.000000	0.000000	7.125000	399.766663	-153.637619
394	861.601440	-774.793762	140.855515	-147.564194	0.000000	0.000000	7.125000	-431.391052	435.614380
395	986.623535	-1058.004639	121.215775	-164.075912	0.000000	0.000000	7.125000	-282.193512	381.897461
396	-675.963928	536.052246	-105.703262	126.681267	0.000000	0.000000	7.125000	189.286682	-410.821289
397	391.333160	-1328.383301	64.161537	-206.250580	0.000000	0.000000	7.125000	-254.587860	838.962036
398	924.527222	-1102.503662	128.269104	-154.749481	0.000000	0.000000	7.125000	-328.980347	388.730164
399	1211.762207	971.845215	142.946869	132.627151	0.000000	0.000000	7.125000	-391.040619	-304.752106
400	357.836060	927.941040	67.069382	189.468414	0.000000	0.000000	7.125000	-98.160370	-383.870789
401	1189.303711	1167.673218	144.197632	144.301056	0.000000	0.000000	7.125000	-380.734009	-366.867920
402	-583.673340	-1213.140625	-97.910065	-172.086624	0.000000	0.000000	7.125000	184.746231	415.981750
403	-348.627838	-398.874542	-142.121674	-105.500702	0.000000	0.000000	7.125000	196.909637	149.315613
404	-855.664429	332.705933	-203.013397	40.429630	0.000000	0.000000	7.125000	344.358276	-73.059875
405	135.269638	-270.698364	127.704163	-151.092712	0.000000	0.000000	7.125000	-136.789490	83.813179
406	974.254517	-697.283325	155.135056	-113.090988	0.000000	0.000000	7.125000	-395.200745	276.433746
407	138.697250	-614.648926	25.752439	-202.340195	0.000000	0.000000	7.125000	-69.533813	311.006165
408	412.111877	623.549805	115.373344	149.694351	0.000000	0.000000	7.125000	-385.236115	-453.894958
409	1404.511475	-82.335709	232.659180	-24.963150	0.000000	0.000000	7.125000	-522.818665	28.633335
410	1119.320190	622.107544	171.589279	104.654938	0.000000	0.000000	7.125000	-458.813568	-194.832230
411	332.614990	-1184.071899	13.566933	-233.605255	0.000000	0.000000	7.125000	-76.216881	735.798950
412	-156.229767	-969.859680	-7.686215	-191.845535	0.000000	0.000000	7.125000	-248.390656	212.730606
413	-594.830383	-413.365356	-155.053040	-118.251236	0.000000	0.000000	7.125000	178.823105	163.983475
414	-575.659119	-696.381470	-151.103699	-132.540833	0.000000	0.000000	7.125000	354.856049	269.578186
415	-528.698792	1175.342773	-125.470093	204.569046	0.000000	0.000000	7.125000	224.844315	-484.465271
416	-1394.786987	-469.429626	-204.813782	-100.048706	0.000000	0.000000	7.125000	557.280396	130.809570
417	958.500977	-526.538879	167.626282	-87.210999	0.000000	0.000000	7.125000	-368.272797	114.936501
418	-194.177048	-1031.444946	-73.251579	-187.161041	0.000000	0.000000	7.125000	119.002792	451.134552
419	728.314270	155.334152	179.805099	75.363220	0.000000	0.000000	7.125000	-314.785736	-85.674042
420	725.836182	-822.343384	160.495499	-178.441010	0.000000	0.000000	7.125000	-691.569458	694.872314
421	-1307.356812	430.644318	-207.999969	45.812382	0.000000	0.000000	7.125000	538.789978	-77.300537
422	-122.808975	166.250656	-132.384140	181.007629	0.000000	0.000000	7.125000	60.385674	-192.130539
423	935.498596	-927.113708	133.773529	-157.966858	0.000000	0.000000	7.125000	-327.637634	376.521484
424	-1031.186646	722.089966	-149.727478	147.246246	0.000000	0.000000	7.125000	329.206268	-434.278290
425	448.017639	-915.846252	26.483906	-147.638092	0.000000	0.000000	7.125000	-93.609940	340.518127
426	196.533386	-1373.747070	-3.541686	-215.970947	0.000000	0.000000	7.125000	6.357268	553.739868
427	-416.083740	1228.238892	-68.934952	172.735611	0.000000	0.000000	7.125000	102.422226	-464.002686
428	-945.900513	107.175842	-214.555115	57.002625	0.000000	0.000000	7.125000	558.301636	-165.828613
429	-517.940308	-241.883347	-182.652771	-34.801853	0.000000	0.000000	7.125000	260.224609	-72.419968
430	900.150024	162.081604	185.889694	48.010094	0.000000	0.000000	7.125000	-441.048706	-80.778984
431	-434.757843	1041.866943	-83.414917	169.541290	0.000000	0.000000	7.125000	80.771660	-344.899414
432	1030.421753	-898.190125	126.252800	-128.289825	0.000000	0.000000	7.125000	-355.778625	287.025360
433	-769.056641	-605.870544	-136.601990	-130.612213	0.000000	0.000000	7.125000	410.643158	409.456696
434	-500.851532	1010.151367	-77.704536	158.995331	0.000000	0.000000	7.125000	49.259602	-388.448822
435	731.138977	-1285.522095	105.149078	-164.220856	0.000000	0.000000	7.125000	-249.980942	411.521515
436	-926.781616	1026.505859	-157.312286	156.629059	0.000000	0.000000	7.125000	300.185181	-328.736969
437	265.813293	346.071442	122.331100	123.729599	0.000000	0.000000	7.125000	-163.197906	-178.853485
438	-293.556946	-168.087311	-177.447861	-65.004822	0.000000	0.000000	7.125000	149.107513	51.789322
439	933.472290	230.506760	219.332458	97.203194	0.000000	0.000000	7.125000	-379.309143	-103.286682
440	-1112.814209	-494.444336	-182.532318	-121.007507	0.000000	0.000000	7.125000	315.609863	197.869675
441	669.625061	501.024902	141.565186	115.964233	0.000000	0.000000	7.125000	-270.661957	-253.618805
442	-119.193008	-1158.340698	-40.926125	-169.111221	0.000000	0.000000	7.125000	63.237625	416.195587
443	556.444275	314.784119	164.308731	99.141525	0.000000	0.000000	7.125000	-350.553406	-124.588173
444	290.276611	1468.309082	50.969311	212.985443	0.000000	0.000000	7.125000	-107.213051	-524.645325
445	-958.916443	21.504612	-175.915222	-19.504648	0.000000	0.000000	7.125000	447.142212	8.134210
446	190.991776	-574.161865	113.791252	-214.632751	0.000000	0.000000	7.125000	-155.331009	207.489441
447	-383.819031	-237.691940	-148.275955	-65.254822	0.000000	0.000000	7.125000	161.288818	51.107590
448	102.163765	322.160645	-22.243525	172.570709	0.000000	0.000000	7.125000	1.903384	-86.015068
449	634.356201	707.645569	93.400368	171.174362	0.000000	0.000000	7.125000	-139.654633	-331.994446
450	-266.723389	-96.569122	-161.405945	-109.038193	0.000000	0.000000	7.125000	111.990959	31.163696
451	814.898132	346.448242	199.431900	82.885513	0.000000	0.000000	7.125000	-395.046173	-90.853661
452	-822.200134	-222.987946	-209.420441	-82.226303	0.000000	0.000000	7.125000	670.421875	218.576782
453	-727.851624	419.818176	-148.665253	101.472168	0.000000	0.000000	7.125000	302.589661	-174.024078
454	1038.663330	1318.445801	127.885376	174.067825	0.000000	0.000000	7.125000	-242.353867	-379.593231
455	-706.321350	-1333.722656	-104.305748	-209.460342	0.000000	0.000000	7.125000	222.757584	574.998901
456	-354.174255	-1333.961304	-73.991066	-183.614929	0.000000	0.000000	7.125000	100.696953	471.089996
457	647.484497	279.056030	137.668106	90.874435	0.000000	0.000000	7.125000	-423.066772	-211.476669
458	-1288.809082	-182.122055	-202.142410	-27.466608	0.000000	0.000000	7.125000	504.438263	65.574348
459	-574.115479	632.019775	-153.770447	138.577179	0.000000	0.000000	7.125000	340.465363	-272.121979
460	-422.523743	-325.731171	-132.847702	-214.114700	0.000000	0.000000	7.125000	192.666504	299.512970
461	-800.594299	1098.900757	-105.521523	142.094391	0.000000	0.000000	7.125000	229.775452	-398.194061
462	718.656616	82.824875	220.857147	-22.126564	0.000000	0.000000	7.125000	-348.951324	-10.489902
463	-190.294083	-773.913269	-58.204018	-186.110443	0.000000	0.000000	7.125000	99.348236	365.208740
464	-1344.794922	-1141.520630	-172.707123	-153.395309	0.000000	0.000000	7.125000	480.705719	351.419952
465	-1306.464722	-20.323999	-200.904205	-6.180877	0.000000	0.000000	7.125000	500.993378	-138.008667
466	300.533875	898.354431	27.154287	193.100067	0.000000	0.000000	7.125000	-60.963581	-375.337585
467	-899.134521	1045.977417	-147.976990	131.553802	0.000000	0.000000	7.125000	346.494446	-325.765839
468	-461.125275	-513.818970	-156.676224	-75.680595	0.000000	0.000000	7.125000	295.796417	134.078323
469	47.038696	-1031.641357	5.612883	-173.906189	0.000000	0.000000	7.125000	-33.530441	442.293549
470	-351.341003	1067.242798	-90.602051	202.650665	0.000000	0.000000	7.125000	245.010132	-536.561218
471	-918.737183	343.472595	-186.510971	89.787369	0.000000	0.000000	7.125000	453.258179	-203.851181
472	716.796875	1177.792847	116.205780	160.301605	0.000000	0.000000	7.125000	-150.302261	-381.344177
473	-390.611908	1015.331299	-77.113846	204.942200	0.000000	0.000000	7.125000	89.912399	-459.488403
474	-169.473740	728.164185	-138.025330	162.200745	0.000000	0.000000	7.125000	153.609329	-242.209351
475	317.685699	700.766357	46.956264	198.518372	0.000000	0.000000	7.125000	-80.619942	-375.191895
476	-1479.836060	573.056213	-205.344940	84.359154	0.000000	0.000000	7.125000	525.201843	-184.944962
477	920.557861	789.995361	177.099197	152.940231	0.000000	0.000000	7.125000	-246.328934	-228.563446
478	-912.283386	-980.597900	-162.135162	-151.640091	0.000000	0.000000	7.125000	323.320007	274.559814
479	1286.090698	-629.131958	168.433746	-104.027885	0.000000	0.000000	7.125000	-608.991638	257.237213
480	-419.797760	1310.702148	-86.179451	181.570526	0.000000	0.000000	7.125000	185.751526	-494.268158
481	525.933899	746.607849	85.864433	144.394409	0.000000	0.000000	7.125000	-150.510651	-305.974060
482	591.848755	760.683594	137.926331	146.206177	0.000000	0.000000	7.125000	-253.104004	-296.920624
483	589.112610	-1218.580811	57.615215	-195.681244	0.000000	0.000000	7.125000	-89.643990	537.370972
484	-967.271362	-1002.490356	-153.446014	-156.250198	0.000000	0.000000	7.125000	316.504700	301.126373
485	-1243.296631	48.626747	-206.249695	17.608433	0.000000	0.000000	7.125000	566.123352	-46.170990
486	1484.781250	-498.163879	199.313950	-97.666016	0.000000	0.000000	7.125000	-640.545654	189.190445
487	-1135.642822	1013.341309	-198.279419	183.236633	0.000000	0.000000	7.125000	284.136749	-312.905487
488	-994.789185	222.519989	-234.240143	36.046173	0.000000	0.000000	7.125000	381.604523	-108.116455
489	419.694855	172.934631	175.069946	78.822220	0.000000	0.000000	7.125000	-291.221069	-118.481064
490	-977.708984	-875.100281	-171.589310	-145.531540	0.000000	0.000000	7.125000	286.810059	229.566666
491	-151.794434	-731.987732	-75.478897	-169.996521	0.000000	0.000000	7.125000	107.054482	286.378052
492	1313.082642	-988.227417	168.357727	-135.314606	0.000000	0.000000	7.125000	-342.231415	210.955078
493	1111.577759	-967.471558	149.329544	-130.014908	0.000000	0.000000	7.125000	-414.537598	320.696106
494	-293.367523	1361.497314	-73.945053	199.714722	0.000000	0.000000	7.125000	101.646652	-502.639709
495	-453.541382	287.406311	-153.458679	88.186378	0.000000	0.000000	7.125000	200.378754	-131.122437
496	919.269714	1484.517944	140.725891	183.160629	0.000000	0.000000	7.125000	-241.936508	-427.742798
497	-231.713074	458.499573	-77.555649	155.747665	0.000000	0.000000	7.125000	93.995468	-187.042221
498	789.533997	-1123.516113	113.872589	-165.631912	0.000000	0.000000	7.125000	-245.638031	387.180023
499	414.478943	1123.078491	68.465202	176.147781	0.000000	0.000000	7.125000	-118.641121	-492.864594
500	-882.667847	869.000854	-142.860291	153.896698	0.000000	0.000000	7.125000	276.858826	-372.998840
501	-42.905487	-956.846985	1.376707	-197.995193	0.000000	0.000000	7.125000	-13.776395	392.073944
502	-1169.326538	312.082092	-178.269867	79.011314	0.000000	0.000000	7.125000	371.130707	-118.217072
503	1561.626465	-664.697693	196.685120	-102.921364	0.000000	0.000000	7.125000	-520.595581	169.850555
504	-766.312500	350.458435	-175.237427	78.458885	0.000000	0.000000	7.125000	317.102295	-148.607178
505	956.787598	-169.378540	203.053986	-40.218838	0.000000	0.000000	7.125000	-447.317200	72.481735
506	974.036926	-854.996765	152.852356	-130.507172	0.000000	0.000000	7.125000	-567.502930	394.451355
507	492.035156	797.876831	92.190918	201.938202	0.000000	0.000000	7.125000	-144.785858	-431.267822
508	-304.468262	200.808380	-171.895325	85.481567	0.000000	0.000000	7.125000	188.657333	-117.544182
509	1213.181274	539.947266	202.909454	89.935699	0.000000	0.000000	7.125000	-511.433990	-108.222244
510	89.423332	-1169.281494	-8.778521	-233.826141	0.000000	0.000000	7.125000	-15.501200	554.854980
511	-710.057068	-641.911316	-179.506577	-103.083641	0.000000	0.000000	7.125000	269.164825	148.769485
512	-889.801880	477.516602	-166.696655	112.281403	0.000000	0.000000	7.125000	342.757935	-269.508057
513	-972.561218	-1125.714600	-124.888336	-141.853378	0.000000	0.000000	7.125000	215.327988	270.935333
514	1022.829590	897.960571	158.648453	146.578430	0.000000	0.000000	7.125000	-476.357819	-440.135284
515	1243.608887	1112.932007	142.903519	149.757004	0.000000	0.000000	7.125000	-356.417450	-407.338013
516	102.439926	-163.431824	160.897156	-97.748444	0.000000	0.000000	7.125000	-110.243721	-17.564199
517	-1126.528442	355.073059	-178.781052	51.307831	0.000000	0.000000	7.125000	367.399689	-124.628387
518	-716.200195	-921.830688	-124.588387	-142.118393	0.000000	0.000000	7.125000	223.107895	247.936707
519	1068.814941	-274.868439	186.853256	-44.157108	0.000000	0.000000	7.125000	-454.480560	97.561943
520	895.336548	463.864532	152.104797	112.113197	0.000000	0.000000	7.125000	-466.616302	-317.177917
521	1377.673706	165.907715	225.205505	51.348408	0.000000	0.000000	7.125000	-492.914001	-72.968033
522	1145.726929	-88.229240	197.797852	-8.943622	0.000000	0.000000	7.125000	-493.883911	11.988391
523	-447.391998	-962.909668	-97.376816	-199.502258	0.000000	0.000000	7.125000	272.734589	491.735321
524	-1514.176025	-747.187134	-239.468414	-124.623306	0.000000	0.000000	7.125000	469.217590	184.800537
525	1029.938965	181.902679	166.934021	18.877411	0.000000	0.000000	7.125000	-417.109955	-70.399094
526	-191.874146	-918.112915	-20.770042	-187.855255	0.000000	0.000000	7.125000	21.837200	243.826630
527	1390.230469	328.916077	210.150696	80.219292	0.000000	0.000000	7.125000	-541.597656	-100.502251
528	1237.910034	1105.499756	131.304688	160.010345	0.000000	0.000000	7.125000	-687.757690	-1072.059692
529	771.152710	413.111420	155.119598	145.950378	0.000000	0.000000	7.125000	-183.348022	-162.831299
530	656.774475	346.917786	183.608475	113.646873	0.000000	0.000000	7.125000	-365.799347	-159.719635
531	313.873840	-605.545593	107.580292	-162.639099	0.000000	0.000000	7.125000	-208.412994	309.862091
532	-983.089783	857.354126	-159.081528	137.086624	0.000000	0.000000	7.125000	408.164795	-324.169983
533	1039.760620	-397.732391	172.181290	-97.700211	0.000000	0.000000	7.125000	-404.933136	141.785965
534	1342.157959	551.058350	198.527313	85.011559	0.000000	0.000000	7.125000	-507.730743	-138.876541
535	598.387146	628.342896	170.310699	146.963882	0.000000	0.000000	7.125000	-280.908447	-170.650269
536	-172.395264	72.702316	-189.327942	109.635513	0.000000	0.000000	7.125000	130.222122	-160.192093
537	-586.545532	-735.322510	-153.238068	-160.629440	0.000000	0.000000	7.125000	349.292908	301.038147
538	-1272.829224	413.556335	-189.325806	57.963181	0.000000	0.000000	7.125000	455.636139	-211.487885
539	138.622757	-1101.421875	-6.349539	-203.901154	0.000000	0.000000	7.125000	19.493008	441.250671
540	1314.761841	-372.461090	215.033264	-55.164581	0.000000	0.000000	7.125000	-528.884949	104.835022
541	443.225037	-554.464233	142.914429	-123.620071	0.000000	0.000000	7.125000	-128.510742	0.731139
542	540.885986	278.211823	162.765503	132.462509	0.000000	0.000000	7.125000	-90.836792	-159.303635
543	-1389.774414	238.288376	-215.932922	-5.007037	0.000000	0.000000	7.125000	195.322586	159.611237
544	118.443192	644.262085	38.462330	178.897995	0.000000	0.000000	7.125000	-20.331388	-203.697372
545	-846.780396	-503.833099	-161.927673	-108.648132	0.000000	0.000000	7.125000	340.395630	241.878738
546	-285.697571	1099.627075	-85.126549	195.246185	0.000000	0.000000	7.125000	160.251755	-569.521790
547	163.279831	-116.637947	151.974854	-66.718185	0.000000	0.000000	7.125000	-45.580601	-64.032570
548	686.711243	-331.609253	164.642624	-114.919907	0.000000	0.000000	7.125000	-209.184158	40.899094
549	826.794434	301.527283	197.661285	70.834534	0.000000	0.000000	7.125000	-333.170563	-35.806683
550	-1254.188599	168.032562	-212.789429	-9.451204	0.000000	0.000000	7.125000	533.458618	14.312987
551	-480.854675	200.155609	-199.586441	-23.401699	0.000000	0.000000	7.125000	374.351807	2.936006
552	-1175.351685	413.513397	-178.273972	24.857063	0.000000	0.000000	7.125000	377.578003	-52.210781
553	369.360413	-1138.009033	90.535049	-159.035538	0.000000	0.000000	7.125000	-143.617569	282.113892
554	-840.864380	-590.180542	-135.204346	-127.732925	0.000000	0.000000	7.125000	261.770599	245.469162
555	-747.359680	-1271.123169	-127.223495	-163.273682	0.000000	0.000000	7.125000	234.275192	395.340668
556	314.327759	1157.680664	79.822845	229.510986	0.000000	0.000000	7.125000	-135.558731	-449.465302
557	67.151733	-1075.621094	-17.970772	-212.231812	0.000000	0.000000	7.125000	6.965100	761.839783
558	-385.676666	162.414459	-210.702698	42.920036	0.000000	0.000000	7.125000	146.350510	-106.028290
559	440.859741	1028.520386	72.600021	164.700165	0.000000	0.000000	7.125000	-135.524689	-451.268311
560	-997.617249	1069.504395	-137.732941	181.695709	0.000000	0.000000	7.125000	437.129547	-582.328552
561	-800.567261	251.993896	-191.951752	59.587734	0.000000	0.000000	7.125000	267.001221	-103.238319
562	579.057373	877.569214	113.005051	158.912216	0.000000	0.000000	7.125000	-161.277618	-231.707504
563	-838.524536	-348.295624	-148.905945	-55.742615	0.000000	0.000000	7.125000	450.891937	129.983841
564	-975.925171	1001.618042	-150.247772	137.991180	0.000000	0.000000	7.125000	331.862366	-305.867828
565	894.277527	-537.748108	135.776993	-82.703110	0.000000	0.000000	7.125000	-395.880951	128.284531
566	-346.867432	-623.837280	-90.099686	-134.617554	0.000000	0.000000	7.125000	158.316956	257.466309
567	429.764343	-384.858521	147.681976	-102.764381	0.000000	0.000000	7.125000	-342.564880	118.930649
568	905.057983	-239.599915	199.099945	-44.432747	0.000000	0.000000	7.125000	-370.170593	73.213120
569	-83.404434	1308.380493	-23.441977	196.606201	0.000000	0.000000	7.125000	58.422440	-558.921936
570	406.394287	286.491150	157.046646	120.461197	0.000000	0.000000	7.125000	-291.527557	-97.793091
571	-1245.958984	-905.074097	-205.629364	-117.836975	0.000000	0.000000	7.125000	371.152649	202.330414
572	-265.979980	51.661221	-77.744827	158.871780	0.000000	0.000000	7.125000	39.256016	-168.531906
573	22.022844	823.702576	-7.109473	173.852844	0.000000	0.000000	7.125000	-4.200432	-457.312073
574	-1160.509155	-887.900452	-172.215668	-130.373489	0.000000	0.000000	7.125000	479.056793	321.101440
575	648.039307	-485.855621	158.277634	-91.819382	0.000000	0.000000	7.125000	-340.757568	85.230614
576	-1011.544495	-1137.428589	-139.165207	-145.030914	0.000000	0.000000	7.125000	364.449982	404.895691
577	852.852417	417.014923	142.893356	82.472916	0.000000	0.000000	7.125000	-309.137634	-148.283340
578	929.703674	1549.912720	134.463654	220.151016	0.000000	0.000000	7.125000	-269.591827	-709.257385
579	-1130.793213	1163.856323	-148.833496	148.149231	0.000000	0.000000	7.125000	369.644318	-387.726501
580	730.810303	-1420.244751	102.834167	-179.642761	0.000000	0.000000	7.125000	-216.880005	453.052185
581	-916.026184	-1015.381592	-129.584656	-149.705688	0.000000	0.000000	7.125000	327.569092	449.334686
582	-679.556946	1031.218262	-111.003456	149.219345	0.000000	0.000000	7.125000	449.016327	-721.564636
583	188.924408	-1595.638550	-19.075695	-227.183807	0.000000	0.000000	7.125000	-4.989237	550.959351
584	-703.088623	1082.363770	-96.759445	182.972183	0.000000	0.000000	7.125000	151.910522	-352.197906
585	-1219.337524	1272.587402	-161.231750	148.204834	0.000000	0.000000	7.125000	412.543121	-355.291290
586	99.316025	-1087.289795	13.745886	-230.584259	0.000000	0.000000	7.125000	-45.041271	478.455414
587	-566.497925	1155.778687	-90.572968	155.537704	0.000000	0.000000	7.125000	284.705780	-523.846191
588	500.246307	383.027771	117.911598	115.418732	0.000000	0.000000	7.125000	-170.632599	-97.231514
589	724.028687	844.212158	142.599060	124.042358	0.000000	0.000000	7.125000	-297.240906	-259.547821
590	1179.056274	522.836060	211.500793	76.603424	0.000000	0.000000	7.125000	-511.807587	-86.139854
591	-1101.779297	1194.480225	-141.580627	159.129303	0.000000	0.000000	7.125000	304.242157	-405.131866
592	347.088135	-1102.165161	56.237671	-158.298752	0.000000	0.000000	7.125000	-120.503479	484.115997
593	660.223511	-178.192596	210.196182	-34.284866	0.000000	0.000000	7.125000	-374.720459	9.656699
594	1565.665894	780.764465	219.351791	111.325348	0.000000	0.000000	7.125000	-547.905457	-184.955811
595	-270.500793	739.955750	-73.028564	190.394592	0.000000	0.000000	7.125000	52.620506	-352.727997
596	828.050598	203.440872	188.085632	38.559177	0.000000	0.000000	7.125000	-331.457062	-49.042889
597	648.352112	1407.415527	124.801178	172.593658	0.000000	0.000000	7.125000	-393.968292	-706.535828
598	-362.845428	-474.434784	-93.538895	-184.649033	0.000000	0.000000	7.125000	127.502129	229.038315
599	1299.276123	447.782806	180.089615	66.549622	0.000000	0.000000	7.125000	-433.255096	-86.186325
600	-971.168884	-1717.921021	-137.546188	-225.295013	0.000000	0.000000	7.125000	228.636673	523.255432
601	487.955048	574.892883	96.069565	166.216125	0.000000	0.000000	7.125000	-173.675232	-282.987640
602	-1052.305054	1011.173706	-163.992386	162.685745	0.000000	0.000000	7.125000	397.047546	-398.302124
603	552.724426	1028.155640	93.460846	171.138367	0.000000	0.000000	7.125000	-184.919922	-399.701538
604	276.462067	253.912445	179.905731	149.516235	0.000000	0.000000	7.125000	-103.803627	-100.193306
605	471.936890	-295.684113	173.051331	-75.763878	0.000000	0.000000	7.125000	-256.513336	34.122284
606	-962.684021	1000.689331	-176.807632	139.124176	0.000000	0.000000	7.125000	449.370087	-303.526947
607	-328.972229	1097.779175	-63.625572	181.138153	0.000000	0.000000	7.125000	47.997906	-323.847382
608	660.092957	-1050.409790	82.135269	-149.971695	0.000000	0.000000	7.125000	-267.123138	625.189331
609	-322.604584	512.823975	-102.546356	140.532608	0.000000	0.000000	7.125000	68.243027	-231.640518
610	840.546021	482.951324	149.268097	120.725700	0.000000	0.000000	7.125000	-336.493652	-247.401154
611	-216.123169	18.013702	-159.364258	134.437561	0.000000	0.000000	7.125000	32.785713	-111.605988
612	-686.270752	-465.953796	-147.534134	-127.469452	0.000000	0.000000	7.125000	221.157547	235.475159
613	-115.593002	761.210388	-0.492676	215.949677	0.000000	0.000000	7.125000	7.580649	-242.162704
614	391.966888	-291.493774	185.783020	-8.975464	0.000000	0.000000	7.125000	-243.342392	10.332256
615	-568.708679	1212.686890	-85.664940	220.972672	0.000000	0.000000	7.125000	98.026901	-359.689484
616	71.374374	-1270.840576	5.865577	-182.905960	0.000000	0.000000	7.125000	-24.787832	503.639893
617	417.935455	436.199585	44.628017	192.900635	0.000000	0.000000	7.125000	-66.841187	-315.106537
618	1224.258301	-689.208740	196.567856	-142.769562	0.000000	0.000000	7.125000	-533.916687	229.122314
619	7.057586	-400.588440	45.686607	-207.940353	0.000000	0.000000	7.125000	-79.007301	177.360291
620	897.835938	-936.090698	128.088593	-158.771210	0.000000	0.000000	7.125000	-260.843201	383.486786
621	746.950439	983.124878	101.277328	145.144928	0.000000	0.000000	7.125000	-475.767944	-1022.077515
622	845.190674	-569.347168	123.689941	-90.052589	0.000000	0.000000	7.125000	-290.956268	229.231079
623	827.074585	589.104065	199.235168	110.801773	0.000000	0.000000	7.125000	-436.539124	-170.750488
624	-841.480835	-1029.474854	-128.001190	-166.471191	0.000000	0.000000	7.125000	283.434723	391.830719
625	-202.890427	-1157.633301	-34.288452	-170.587952	0.000000	0.000000	7.125000	40.152340	338.424194
626	1016.461853	1105.643188	159.583496	154.327881	0.000000	0.000000	7.125000	-446.776428	-438.680481
627	291.478699	-1230.686157	19.026899	-230.212509	0.000000	0.000000	7.125000	-44.046818	344.458374
628	-652.521484	-1323.405762	-109.571487	-168.506134	0.000000	0.000000	7.125000	198.120728	395.834961
629	1141.021973	948.728516	174.764771	155.604568	0.000000	0.000000	7.125000	-332.442169	-318.099304
630	-39.968750	-626.323853	11.557131	-167.593109	0.000000	0.000000	7.125000	-69.814209	261.397003
631	97.952316	-1342.390259	52.225800	-194.086548	0.000000	0.000000	7.125000	-80.153923	495.682678
632	-575.633850	-866.696106	-122.638077	-151.593323	0.000000	0.000000	7.125000	235.437546	334.813538
633	501.677673	-1230.066528	89.124084	-196.734726	0.000000	0.000000	7.125000	-334.960999	995.868286
634	-305.717834	-801.580444	-65.297562	-193.266663	0.000000	0.000000	7.125000	161.304932	407.164459
635	-135.593170	-980.344482	-19.702621	-206.058014	0.000000	0.000000	7.125000	54.977886	397.101288
636	-399.336700	-597.449524	-107.729942	-190.663132	0.000000	0.000000	7.125000	160.327820	266.318817
637	-881.782043	-572.214966	-199.894226	-103.282021	0.000000	0.000000	7.125000	272.528564	248.817856
638	-5.064630	1143.195801	-5.477015	191.913681	0.000000	0.000000	7.125000	-34.025822	-450.302490
639	1303.276611	501.329529	174.394379	72.818314	0.000000	0.000000	7.125000	-497.509460	-132.088623
640	-1189.616211	-476.732391	-186.428467	-45.732655	0.000000	0.000000	7.125000	354.561432	34.653801
641	450.754700	1188.541504	71.207794	162.029480	0.000000	0.000000	7.125000	-133.792206	-473.821716
642	-512.315613	-721.042297	-113.072174	-124.239349	0.000000	0.000000	7.125000	247.788025	429.348755
643	-1074.126221	85.032738	-222.837036	-31.094570	0.000000	0.000000	7.125000	455.687988	44.130287
644	-501.298462	1296.411499	-80.488792	174.292511	0.000000	0.000000	7.125000	128.788788	-510.790649
645	-672.218140	815.645691	-131.660583	155.810287	0.000000	0.000000	7.125000	252.083878	-354.964172
646	-699.515137	1242.232422	-133.407150	184.879257	0.000000	0.000000	7.125000	213.083969	-340.674286
647	941.317871	-247.726028	183.152679	-32.379295	0.000000	0.000000	7.125000	-398.941772	32.988659
648	-1031.471069	-144.260773	-188.946350	4.429361	0.000000	0.000000	7.125000	375.279907	-2.813166
649	183.574432	-71.082085	90.765274	-154.987442	0.000000	0.000000	7.125000	-64.361084	33.138382
650	603.265015	1345.182861	86.094414	188.232681	0.000000	0.000000	7.125000	-159.540482	-519.107971
651	474.140137	-1031.500488	60.482422	-169.534286	0.000000	0.000000	7.125000	-108.303192	408.601166
652	-668.475647	958.307373	-144.475311	184.009125	0.000000	0.000000	7.125000	309.172455	-524.909424
653	-210.807861	772.661743	-61.862404	231.844910	0.000000	0.000000	7.125000	28.134892	-420.576782
654	775.913757	-359.614807	193.941284	-72.180008	0.000000	0.000000	7.125000	-283.758453	59.862339
655	64.746918	963.224121	-12.230574	170.562042	0.000000	0.000000	7.125000	19.543468	-374.754761
656	874.741943	-612.312744	131.554916	-127.186020	0.000000	0.000000	7.125000	-183.572891	185.402771
657	635.215393	-1109.972656	103.719765	-157.985565	0.000000	0.000000	7.125000	-455.889984	746.611572
658	-313.797180	1369.435425	-33.895702	225.463196	0.000000	0.000000	7.125000	89.995819	-506.008972
659	249.543228	593.852539	14.647529	200.441376	0.000000	0.000000	7.125000	51.194374	-481.598114
660	1200.716797	702.316895	181.926117	116.427185	0.000000	0.000000	7.125000	-431.742279	-218.003220
661	93.611626	-838.870239	-6.733558	-167.864777	0.000000	0.000000	7.125000	250.288162	94.937447
662	302.814423	-817.631958	136.698502	-167.235947	0.000000	0.000000	7.125000	-226.655167	273.361389
663	186.890259	741.683960	82.050293	222.337921	0.000000	0.000000	7.125000	-110.597229	-185.746582
664	849.780396	-1207.882568	127.376534	-163.166504	0.000000	0.000000	7.125000	-276.562805	291.622223
665	-881.292358	-59.561661	-223.128922	28.953156	0.000000	0.000000	7.125000	468.616272	-41.885258
666	-1094.915283	840.509888	-162.200104	123.716202	0.000000	0.000000	7.125000	354.534058	-199.744522
667	397.277710	-277.504059	163.263153	-127.021927	0.000000	0.000000	7.125000	-219.504700	71.826714
668	279.597595	-1251.257446	39.156158	-197.148071	0.000000	0.000000	7.125000	-85.257843	458.443756
669	-1073.455933	-426.075775	-185.193665	-105.210976	0.000000	0.000000	7.125000	406.625519	252.428864
670	-33.465977	327.918030	-3.025177	200.918121	0.000000	0.000000	7.125000	-40.634132	-177.180801
671	-877.084229	-430.727295	-153.701019	-74.927063	0.000000	0.000000	7.125000	290.391663	87.365326
672	841.408508	915.242126	111.156822	145.355576	0.000000	0.000000	7.125000	-174.555893	-329.292297
673	-503.194641	-842.412048	-90.668304	-179.386978	0.000000	0.000000	7.125000	191.915604	366.529449
674	806.762939	989.979370	141.309769	171.215530	0.000000	0.000000	7.125000	-316.358002	-418.290680
675	1327.650513	727.177063	184.874542	99.585342	0.000000	0.000000	7.125000	-540.455200	-227.403244
676	531.009399	-319.815826	183.102615	-66.768173	0.000000	0.000000	7.125000	-293.804047	25.936104
677	1225.768555	-454.764008	187.289429	-80.793701	0.000000	0.000000	7.125000	-374.249023	92.480453
678	802.866516	-245.408035	210.488708	-32.584286	0.000000	0.000000	7.125000	-351.353851	38.282265
679	-1251.120361	-18.552776	-214.998474	20.773655	0.000000	0.000000	7.125000	544.315247	-70.843704
680	69.164856	-701.641785	45.744781	-189.512299	0.000000	0.000000	7.125000	-185.995972	485.667511
681	-1242.338501	133.181213	-184.234238	63.881813	0.000000	0.000000	7.125000	458.386810	-127.131310
682	-1153.241821	591.089600	-180.922104	94.231209	0.000000	0.000000	7.125000	461.139801	-190.703873
683	-1428.660156	392.317413	-211.792511	55.686554	0.000000	0.000000	7.125000	416.088287	-87.754044
684	784.458252	-774.044678	124.138351	-134.456543	0.000000	0.000000	7.125000	-380.774200	384.220337
685	1268.011963	-351.201324	190.579590	-80.787209	0.000000	0.000000	7.125000	-428.654327	155.542358
686	786.190002	-1140.427979	98.886192	-174.990723	0.000000	0.000000	7.125000	-203.209595	390.484406
687	396.248901	338.416992	177.958023	116.922318	0.000000	0.000000	7.125000	-188.996964	-122.847420
688	887.886780	1221.855347	127.446915	147.583527	0.000000	0.000000	7.125000	-324.467865	-457.237152
689	764.107544	695.369263	151.217911	118.302780	0.000000	0.000000	7.125000	-317.339233	-230.647598
690	1025.290039	772.566284	162.037445	113.788437	0.000000	0.000000	7.125000	-663.328674	-392.974243
691	94.268555	91.230820	24.192186	243.707184	0.000000	0.000000	7.125000	-65.314545	-156.454590
692	-807.706299	-187.110687	-168.738602	-62.564636	0.000000	0.000000	7.125000	321.218567	72.920998
693	855.919983	941.973633	111.321365	129.801682	0.000000	0.000000	7.125000	-333.669434	-396.674774
694	1313.867676	1373.105469	172.522018	211.574829	0.000000	0.000000	7.125000	-380.226105	-520.448181
695	-338.707886	-406.474060	-53.915009	-196.509796	0.000000	0.000000	7.125000	88.821655	136.852371
696	-1011.993835	195.376053	-212.434860	39.081722	0.000000	0.000000	7.125000	435.080902	-79.348709
697	-1122.718262	-858.036194	-157.104736	-105.056488	0.000000	0.000000	7.125000	406.480225	204.571106
698	-542.924377	-1297.409912	-82.741837	-189.721375	0.000000	0.000000	7.125000	116.811401	458.921265
699	1166.897217	-1192.088135	153.481934	-172.629944	0.000000	0.000000	7.125000	-497.696381	479.008850
700	-680.166687	683.708740	-159.002472	146.199203	0.000000	0.000000	7.125000	401.971283	-421.497009
701	-219.131134	1154.242554	-21.674040	184.730927	0.000000	0.000000	7.125000	19.088200	-418.300171
702	701.371094	-1061.703857	94.279251	-146.232086	0.000000	0.000000	7.125000	-167.288193	348.768250
703	376.324036	395.412720	40.223545	156.912018	0.000000	0.000000	7.125000	-60.090828	-174.294724
704	-1358.538940	-74.300171	-223.908478	-56.679512	0.000000	0.000000	7.125000	563.877930	75.672806
705	3.027180	1389.776733	-11.722412	218.670822	0.000000	0.000000	7.125000	-14.084135	-407.531769
706	-1102.446655	1262.951538	-134.668182	183.962097	0.000000	0.000000	7.125000	259.020111	-457.996460
707	-187.616119	-297.880341	-33.210461	-219.499741	0.000000	0.000000	7.125000	64.925575	415.023743
708	-427.598450	-423.638916	-137.058655	-138.704239	0.000000	0.000000	7.125000	212.267746	204.313507
709	-428.841003	-1001.057983	-114.607086	-161.451920	0.000000	0.000000	7.125000	231.102966	375.383362
710	-716.169373	647.162354	-134.298004	157.520630	0.000000	0.000000	7.125000	203.242371	-290.360931
711	361.716980	-162.078766	184.562607	-117.250061	0.000000	0.000000	7.125000	-180.349609	-34.892231
712	-442.449280	606.767944	-149.618591	143.037048	0.000000	0.000000	7.125000	223.192551	-256.118073
713	14.116774	514.975098	125.965683	148.774078	0.000000	0.000000	7.125000	-55.154400	-113.610107
714	902.650024	-293.585175	213.765564	-47.577644	0.000000	0.000000	7.125000	-444.359131	82.372276
715	650.519836	1322.692261	104.040733	185.831573	0.000000	0.000000	7.125000	-184.742126	-522.681152
716	-852.271484	-972.306458	-148.017258	-148.965546	0.000000	0.000000	7.125000	325.895386	311.638062
717	1084.171875	1254.142944	136.533600	155.586700	0.000000	0.000000	7.125000	-254.046631	-306.179352
718	-808.737915	-47.968826	-197.987549	-2.152502	0.000000	0.000000	7.125000	358.029694	-12.806108
719	626.338379	-416.184662	140.128571	-117.610794	0.000000	0.000000	7.125000	-246.404709	129.988770
720	1035.796021	-751.712097	141.931931	-115.497108	0.000000	0.000000	7.125000	-379.403870	270.794556
721	-695.956177	-1182.941650	-95.268120	-180.371460	0.000000	0.000000	7.125000	146.449295	388.750946
722	-965.091675	935.008911	-187.232971	119.274750	0.000000	0.000000	7.125000	356.488129	-173.948486
723	-182.403168	101.218521	-213.132233	33.714531	0.000000	0.000000	7.125000	166.027527	-58.683228
724	-923.552673	486.754150	-163.194183	60.362106	0.000000	0.000000	7.125000	387.178650	-137.915222
725	491.406586	-407.471680	171.756470	-115.337112	0.000000	0.000000	7.125000	-336.087097	119.651657
726	-266.018768	-552.387939	-87.196999	-187.694199	0.000000	0.000000	7.125000	90.096649	176.310852
727	617.424622	853.756592	149.379669	143.278961	0.000000	0.000000	7.125000	-210.540314	-227.989914
728	1440.517090	-103.783600	213.795334	-47.396919	0.000000	0.000000	7.125000	-551.084778	72.515846
729	-239.196182	487.767548	-82.806862	163.143311	0.000000	0.000000	7.125000	76.697098	-225.413879
730	839.395386	-1210.164307	145.611969	-151.308533	0.000000	0.000000	7.125000	-420.962463	369.062714
731	415.294312	-1400.725708	72.700317	-209.744171	0.000000	0.000000	7.125000	-124.334854	541.988647
732	-481.677795	519.693359	-183.140457	130.517548	0.000000	0.000000	7.125000	200.346344	-272.806885
733	-1333.629517	295.952606	-222.135620	51.373253	0.000000	0.000000	7.125000	518.348511	-75.201828
734	-898.921753	645.979309	-150.113464	93.781242	0.000000	0.000000	7.125000	357.610870	-217.791840
735	1112.021851	1372.105591	151.216980	170.637741	0.000000	0.000000	7.125000	-366.365417	-437.194702
736	1089.274902	-808.675415	165.100525	-124.832275	0.000000	0.000000	7.125000	-466.622375	257.485657
737	1314.535889	-807.779297	161.875885	-129.002731	0.000000	0.000000	7.125000	-434.104950	282.193665
738	811.383972	-286.889160	125.343430	-41.374359	0.000000	0.000000	7.125000	-330.749237	75.119537
739	240.317093	1187.863281	47.908180	195.207092	0.000000	0.000000	7.125000	-124.576736	-510.563416
740	-1669.104370	-466.996338	-232.069885	-81.514420	0.000000	0.000000	7.125000	549.874512	100.379562
741	-888.699524	-270.866486	-203.887070	-50.294659	0.000000	0.000000	7.125000	202.935989	31.842609
742	456.657837	-1564.627441	78.678123	-233.067535	0.000000	0.000000	7.125000	-138.433899	571.001770
743	-864.102844	545.521240	-238.089203	106.928101	0.000000	0.000000	7.125000	397.892975	-167.877777
744	-305.001801	148.304489	-94.600426	187.444839	0.000000	0.000000	7.125000	104.406586	-240.054459
745	-540.610413	-620.556519	-109.429070	-154.097412	0.000000	0.000000	7.125000	184.127563	272.283478
746	631.606079	-1908.847168	114.584564	-244.455017	0.000000	0.000000	7.125000	-193.586411	570.908264
747	-387.536682	-1107.084839	-64.971497	-164.615936	0.000000	0.000000	7.125000	107.985199	431.812225
748	488.709076	-223.782822	121.859512	-144.468674	0.000000	0.000000	7.125000	-194.005081	283.830414
749	468.904236	657.807373	125.150177	137.591476	0.000000	0.000000	7.125000	-225.302155	-216.480743
750	-1197.430298	184.481445	-210.704086	59.698627	0.000000	0.000000	7.125000	558.169556	-135.756729
751	635.509827	-1186.974121	81.759483	-199.915253	0.000000	0.000000	7.125000	-124.926292	486.370819
752	701.667114	643.906067	174.254959	117.177200	0.000000	0.000000	7.125000	-113.342476	147.262009
753	-596.460327	508.285675	-154.527100	65.911385	0.000000	0.000000	7.125000	338.207092	-114.723640
754	-1247.339111	513.769653	-174.065552	100.501625	0.000000	0.000000	7.125000	438.410797	-226.416122
755	198.920029	-1039.666626	44.049313	-174.526520	0.000000	0.000000	7.125000	-86.544571	359.432190
756	-1006.887512	1089.228760	-146.047333	142.428528	0.000000	0.000000	7.125000	325.609039	-349.226990
757	77.676811	534.329224	23.428568	160.278046	0.000000	0.000000	7.125000	-6.488188	-271.970398
758	1055.772339	493.302582	150.692963	74.190804	0.000000	0.000000	7.125000	-363.254272	-113.818451
759	-564.985107	-316.827057	-204.035767	-120.536865	0.000000	0.000000	7.125000	292.971252	198.864136
760	-547.407227	550.935303	-113.784531	147.133881	0.000000	0.000000	7.125000	78.288063	-205.793335
761	710.167236	-1275.620483	89.224533	-190.091049	0.000000	0.000000	7.125000	-106.276604	285.042908
762	439.061646	-1253.021606	87.723038	-177.495499	0.000000	0.000000	7.125000	-193.331284	539.915710
763	-1075.787109	-623.280396	-194.171616	-79.927353	0.000000	0.000000	7.125000	408.631897	113.207466
764	-213.956650	897.648865	-49.521385	176.162018	0.000000	0.000000	7.125000	47.077858	-398.936890
765	-1307.369385	78.487114	-218.857452	7.868534	0.000000	0.000000	7.125000	981.640320	-75.473610
766	-44.636440	536.516907	-32.723343	173.934891	0.000000	0.000000	7.125000	86.869713	-500.072021
767	78.754364	-887.639160	47.942417	-188.977539	0.000000	0.000000	7.125000	-85.311073	174.613846
768	-475.433716	678.642273	-57.629341	208.159576	0.000000	0.000000	7.125000	48.053623	-289.450745
769	903.618042	-126.229736	176.991653	0.337861	0.000000	0.000000	7.125000	-418.190063	-29.180943
770	250.224167	1.402355	-201.213425	-94.752861	0.000000	0.000000	7.125000	80.560715	-33.346348
771	517.207092	133.967468	188.307022	138.479950	0.000000	0.000000	7.125000	-92.925323	-134.457840
772	-343.540802	-893.469971	-52.788780	-175.208801	0.000000	0.000000	7.125000	79.172539	410.119720
773	-663.006470	-337.962616	-168.802277	-119.806435	0.000000	0.000000	7.125000	239.974213	161.503967
774	932.413025	215.274139	168.226410	71.956848	0.000000	0.000000	7.125000	-452.967133	-108.565247
775	1031.597534	-946.073792	146.643204	-166.671509	0.000000	0.000000	7.125000	-449.824860	588.428650
776	-296.820923	195.616547	-223.659027	-21.473928	0.000000	0.000000	7.125000	150.639099	-38.589535
777	-382.945984	-818.744751	-83.412727	-131.826370	0.000000	0.000000	7.125000	177.231171	324.786102
778	81.899834	-377.497955	59.473244	-210.377975	0.000000	0.000000	7.125000	-66.033852	85.263145
779	22.082104	1406.843750	-18.681694	239.266907	0.000000	0.000000	7.125000	42.213860	-792.684448
780	-733.780518	156.647247	-196.614166	23.253979	0.000000	0.000000	7.125000	315.256622	-65.738625
781	-41.515427	590.558655	-56.068687	174.184525	0.000000	0.000000	7.125000	66.597031	-376.843964
782	-424.901825	-1337.789429	-78.571808	-184.977020	0.000000	0.000000	7.125000	104.458427	501.558655
783	993.032776	523.296204	176.240570	90.181900	0.000000	0.000000	7.125000	-529.731567	-166.216019
784	654.877197	862.902344	131.948318	178.529709	0.000000	0.000000	7.125000	-177.411697	-376.364197
785	-867.103210	-857.821960	-141.086823	-155.543427	0.000000	0.000000	7.125000	280.289764	285.646576
786	-727.438721	896.198059	-117.626724	155.507126	0.000000	0.000000	7.125000	195.076324	-352.275330
787	879.880371	550.609070	186.426361	108.909683	0.000000	0.000000	7.125000	-305.359802	-102.459801
788	900.442383	-884.651184	111.045166	-122.040009	0.000000	0.000000	7.125000	-285.813568	317.396027
789	1145.975586	742.866333	159.285995	90.078629	0.000000	0.000000	7.125000	-464.629578	-197.263245
790	438.745392	991.713440	137.032806	193.365585	0.000000	0.000000	7.125000	-299.412537	-429.080566
791	1057.288818	-950.769531	144.590790	-126.317940	0.000000	0.000000	7.125000	-401.599945	304.397369
792	-654.073975	-776.898193	-129.698380	-141.561035	0.000000	0.000000	7.125000	103.918190	132.292465
793	-964.075378	836.564697	-155.540680	136.580017	0.000000	0.000000	7.125000	252.190262	-179.504196
794	498.353333	447.051086	120.309143	145.696457	0.000000	0.000000	7.125000	-377.192871	-435.726379
795	389.391235	787.248108	76.023758	149.808411	0.000000	0.000000	7.125000	-159.108734	-403.360352
796	-726.009949	-988.921143	-129.485901	-149.788818	0.000000	0.000000	7.125000	385.679169	408.396240
797	397.096710	-54.053001	145.659210	-62.822319	0.000000	0.000000	7.125000	-143.674591	-11.096867
798	-906.068481	-126.869400	-212.793915	-9.281575	0.000000	0.000000	7.125000	441.214050	-6.357891
799	-812.897217	894.770996	-130.146912	145.197723	0.000000	0.000000	7.125000	261.664307	-387.052887
800	-809.619019	-116.197479	-148.206802	-65.409500	0.000000	0.000000	7.125000	233.650391	87.745178
801	-1120.324585	259.064423	-176.528748	12.897099	0.000000	0.000000	7.125000	450.847595	-34.977924
802	-866.718262	779.617737	-142.077286	129.142883	0.000000	0.000000	7.125000	258.011353	-225.364624
803	-794.891541	-1227.859009	-132.266159	-159.226501	0.000000	0.000000	7.125000	237.973969	321.117126
804	772.606812	-892.672302	146.806580	-154.326019	0.000000	0.000000	7.125000	-192.625244	166.341705
805	1489.850464	-5.100590	224.977936	-2.889404	0.000000	0.000000	7.125000	-550.247070	-7.268816
806	973.120178	1034.582886	144.028931	122.370682	0.000000	0.000000	7.125000	-418.244598	-290.638062
807	271.998688	-881.663940	49.173130	-182.457886	0.000000	0.000000	7.125000	-184.732864	331.882141
808	-1065.047363	571.487305	-181.262207	128.168610	0.000000	0.000000	7.125000	484.366943	-326.879547
809	1172.489258	560.015442	155.756592	84.058891	0.000000	0.000000	7.125000	-427.344116	-170.934418
810	-313.810028	574.010437	-90.850006	215.627014	0.000000	0.000000	7.125000	127.673309	-380.491455
811	335.380859	187.076813	159.319504	112.380859	0.000000	0.000000	7.125000	-395.615143	-234.691162
812	728.095581	-653.902161	143.587234	-127.418243	0.000000	0.000000	7.125000	-384.280304	211.134766
813	-872.912537	997.040833	-126.314484	132.407806	0.000000	0.000000	7.125000	283.205322	-356.310883
814	845.220581	-714.925232	133.822235	-169.546173	0.000000	0.000000	7.125000	-222.637741	312.027649
815	1011.878540	1178.169312	110.069153	182.311844	0.000000	0.000000	7.125000	-181.675232	-494.496857
816	771.736572	1112.580200	101.522316	220.765411	0.000000	0.000000	7.125000	-175.204315	-462.299927
817	16.063332	778.644714	1.661651	167.988693	0.000000	0.000000	7.125000	-29.801186	-390.620087
818	390.967468	610.703674	90.785492	179.328979	0.000000	0.000000	7.125000	-178.713837	-276.920258
819	1108.682129	-331.510742	170.492798	-34.677822	0.000000	0.000000	7.125000	-533.926697	49.627228
820	827.624329	833.172119	111.437592	117.582016	0.000000	0.000000	7.125000	-310.644928	-350.659546
821	1243.223511	850.128296	171.927216	140.441620	0.000000	0.000000	7.125000	-413.657135	-268.693024
822	864.351562	-163.605194	217.554749	-25.109356	0.000000	0.000000	7.125000	-403.826050	23.938377
823	-1028.316772	884.687195	-133.421234	116.308472	0.000000	0.000000	7.125000	398.152222	-348.967316
824	-580.230225	-1123.447754	-87.655624	-160.635269	0.000000	0.000000	7.125000	170.393204	372.768463
825	655.196838	287.581665	167.911163	140.453705	0.000000	0.000000	7.125000	-238.539001	-163.432632
826	878.059631	-474.034729	181.820938	-165.691574	0.000000	0.000000	7.125000	-305.910583	198.403732
827	-1025.795898	217.523315	-218.689056	10.692760	0.000000	0.000000	7.125000	285.944153	-59.733345
828	-80.049248	-437.622375	43.265079	-177.675156	0.000000	0.000000	7.125000	-96.764023	180.895523
829	-218.515701	-603.692810	-40.070927	-206.123993	0.000000	0.000000	7.125000	56.534500	232.915970
830	71.951576	-697.098450	65.576492	-189.964386	0.000000	0.000000	7.125000	-159.984192	287.856842
831	-818.692505	-500.673767	-134.177185	-115.422760	0.000000	0.000000	7.125000	523.945312	435.346924
832	-1260.745117	533.056091	-199.243683	90.897392	0.000000	0.000000	7.125000	695.983765	-331.519348
833	-972.468872	479.983307	-167.507538	65.885643	0.000000	0.000000	7.125000	412.317657	-174.089432
834	-234.989594	-1136.031860	-47.158169	-183.018890	0.000000	0.000000	7.125000	84.053047	435.619263
835	-1144.627808	-739.019653	-186.260437	-103.324768	0.000000	0.000000	7.125000	456.717621	188.895050
836	1081.124268	1229.513672	142.493622	141.761536	0.000000	0.000000	7.125000	-405.303894	-391.134094
837	-1221.854492	469.278412	-197.603210	107.590179	0.000000	0.000000	7.125000	466.607208	-224.090775
838	-82.455284	-1025.006592	-39.268120	-191.002853	0.000000	0.000000	7.125000	74.385170	462.950653
839	524.749207	669.016968	139.679520	144.512024	0.000000	0.000000	7.125000	-211.120209	-156.039001
840	-1141.005737	-493.331360	-191.581268	-93.058517	0.000000	0.000000	7.125000	304.517944	102.382645
841	-545.554077	733.179199	-93.450531	160.788040	0.000000	0.000000	7.125000	188.568024	-459.225311
842	216.740707	331.318298	150.287674	75.061798	0.000000	0.000000	7.125000	-238.999557	-119.160225
843	-550.296997	-1175.421021	-111.240761	-219.411484	0.000000	0.000000	7.125000	199.767380	408.981873
844	1113.632080	612.017029	163.923630	116.316078	0.000000	0.000000	7.125000	-318.836212	-200.465469
845	-314.000153	-208.009262	-197.616699	-36.486088	0.000000	0.000000	7.125000	113.496689	-5.325472
846	-1504.398682	191.193878	-223.697235	44.014038	0.000000	0.000000	7.125000	595.771057	-99.505753
847	571.517578	-1145.876343	96.768265	-186.369797	0.000000	0.000000	7.125000	-284.163849	613.469238
848	-435.081421	776.654419	-83.703926	128.058548	0.000000	0.000000	7.125000	147.616898	-328.066223
849	1038.895752	399.898224	182.341385	126.558365	0.000000	0.000000	7.125000	-152.142334	-310.309387
850	1134.475952	574.152161	153.566864	129.682800	0.000000	0.000000	7.125000	-356.882874	-260.920227
851	1204.942139	930.601196	168.515396	120.193443	0.000000	0.000000	7.125000	-450.172516	-233.901871
852	724.097534	-1603.129761	110.079605	-206.478668	0.000000	0.000000	7.125000	-205.005997	485.034332
853	432.506653	-875.880737	30.501675	-177.382507	0.000000	0.000000	7.125000	-124.049416	330.117615
854	-903.566589	-880.156677	-157.068481	-130.173172	0.000000	0.000000	7.125000	370.250397	272.311554
855	1109.476929	-580.684631	189.461700	-132.065720	0.000000	0.000000	7.125000	-448.672516	169.985199
856	16.702997	-1086.583740	3.577498	-182.963181	0.000000	0.000000	7.125000	-21.979931	439.645264
857	-1069.751099	-824.798523	-138.883530	-119.161713	0.000000	0.000000	7.125000	373.255707	289.335510
858	567.342224	-553.931824	206.549225	-81.213470	0.000000	0.000000	7.125000	-379.881531	65.324768
859	-580.334900	166.973190	-172.152832	84.989204	0.000000	0.000000	7.125000	305.100159	-127.956551
860	-1131.591675	772.233826	-188.265274	128.604126	0.000000	0.000000	7.125000	302.924164	-172.357712
861	-1105.123535	-893.241943	-171.013062	-111.222237	0.000000	0.000000	7.125000	404.698303	254.771622
862	-573.580811	722.178467	-104.639061	160.967316	0.000000	0.000000	7.125000	214.920990	-469.945740
863	-472.792572	265.214417	-187.847244	112.480881	0.000000	0.000000	7.125000	198.959824	-203.285965
864	129.390076	-1248.839355	41.130165	-190.612183	0.000000	0.000000	7.125000	-94.954102	469.534668
865	-558.311890	-123.432060	-185.971191	-33.679268	0.000000	0.000000	7.125000	173.913849	78.447769
866	1045.701416	-721.395691	157.796173	-109.293854	0.000000	0.000000	7.125000	-379.564819	143.415070
867	-682.511108	433.774323	-171.625183	110.268311	0.000000	0.000000	7.125000	282.942444	-156.002884
868	-468.827332	884.183655	-108.164482	140.095078	0.000000	0.000000	7.125000	100.854134	-182.335007
869	1048.301758	-351.761658	185.180496	-69.995758	0.000000	0.000000	7.125000	-407.416656	83.426788
870	-1116.199829	395.553711	-162.235931	54.038822	0.000000	0.000000	7.125000	436.578674	-151.510559
871	408.531189	128.322144	202.778107	41.588760	0.000000	0.000000	7.125000	-248.371597	-45.707375
872	814.359741	450.749268	142.200623	100.251846	0.000000	0.000000	7.125000	-313.356903	-181.533920
873	209.004761	-100.288223	179.987259	-1.807269	0.000000	0.000000	7.125000	-305.048798	-25.262102
874	-981.619690	1225.971191	-125.362396	160.933334	0.000000	0.000000	7.125000	301.586426	-448.331421
875	-1114.503906	-467.576233	-180.130646	-74.635788	0.000000	0.000000	7.125000	385.797058	131.303101
876	569.215881	-1087.219238	102.784195	-189.962585	0.000000	0.000000	7.125000	-183.430008	414.422180
877	-45.893677	1257.502319	19.300810	184.995331	0.000000	0.000000	7.125000	-60.718513	-518.148132
878	1440.094482	1020.595032	191.921356	149.028717	0.000000	0.000000	7.125000	-490.125610	-291.116241
879	403.784241	417.808624	201.093094	125.419235	0.000000	0.000000	7.125000	-180.255020	-121.590240
880	1199.236450	950.757996	158.865601	137.335449	0.000000	0.000000	7.125000	-465.823120	-357.553345
881	-1245.781250	711.802612	-166.146240	107.690262	0.000000	0.000000	7.125000	437.638000	-258.564575
882	-1199.235718	-881.322266	-208.314178	-106.586594	0.000000	0.000000	7.125000	44.780148	-133.243698
883	-140.741455	-604.778564	-54.554596	-202.753220	0.000000	0.000000	7.125000	91.650177	200.435638
884	-916.028503	-595.133179	-166.273102	-95.996895	0.000000	0.000000	7.125000	369.836609	225.712570
885	471.497375	-1115.810059	99.502487	-164.203491	0.000000	0.000000	7.125000	-173.016586	321.165436
886	1124.658813	-563.658386	170.710297	-57.029907	0.000000	0.000000	7.125000	-513.480591	106.294792
887	470.277771	644.812256	106.851807	155.837311	0.000000	0.000000	7.125000	-280.737061	-666.588074
888	-1132.952881	-320.985809	-175.492538	-61.568382	0.000000	0.000000	7.125000	458.143707	100.058601
889	-716.596802	-774.580200	-114.320335	-139.025986	0.000000	0.000000	7.125000	235.161102	403.848022
890	-386.745605	-781.105774	-153.948349	-138.372635	0.000000	0.000000	7.125000	217.336319	227.664017
891	-3.673771	1124.447266	4.838026	167.929169	0.000000	0.000000	7.125000	-28.444361	-471.527557
892	-127.846062	-1404.260620	3.737852	-203.958527	0.000000	0.000000	7.125000	-21.617399	418.643860
893	1299.004272	-40.598873	194.597794	-12.512014	0.000000	0.000000	7.125000	-534.531921	30.073456
894	1418.400757	154.807556	212.710022	37.555069	0.000000	0.000000	7.125000	-506.612457	-80.810272
895	-1183.408081	746.513672	-146.256699	109.966034	0.000000	0.000000	7.125000	448.205200	-266.223907
896	-13.148163	-1358.097168	-18.277733	-203.169830	0.000000	0.000000	7.125000	3.234998	504.663422
897	577.335388	275.828156	189.127197	58.544693	0.000000	0.000000	7.125000	-323.767975	-69.060593
898	-540.672607	-1330.567139	-94.477150	-214.069702	0.000000	0.000000	7.125000	140.903473	332.867310
899	1197.782349	-179.193283	188.318207	-16.036402	0.000000	0.000000	7.125000	-498.409119	13.775980
900	-375.352875	605.977051	-102.721649	183.145920	0.000000	0.000000	7.125000	108.696533	-246.925308
901	341.049347	-579.881897	135.987946	-143.795303	0.000000	0.000000	7.125000	-196.176941	177.996048
902	896.484375	-591.359985	139.512848	-62.773190	0.000000	0.000000	7.125000	-385.608856	127.401917
903	-942.535522	-1118.028687	-121.502022	-152.515427	0.000000	0.000000	7.125000	294.143188	435.173340
904	483.195679	-515.147461	153.304504	-180.729691	0.000000	0.000000	7.125000	-366.412994	398.785858
905	-902.886902	1177.647461	-120.994186	186.110474	0.000000	0.000000	7.125000	166.099472	-401.883209
906	524.203308	540.267273	132.907455	158.696335	0.000000	0.000000	7.125000	-207.100754	-214.324722
907	1032.199097	-632.767700	152.135666	-106.985687	0.000000	0.000000	7.125000	-997.826843	461.980865
908	692.785095	1102.508423	114.405563	168.869736	0.000000	0.000000	7.125000	-184.155487	-444.326508
909	389.563873	557.729492	133.365570	181.207565	0.000000	0.000000	7.125000	-157.185822	-229.846039
910	436.040619	469.768982	-12.306573	185.578369	0.000000	0.000000	7.125000	-1.392908	-161.987122
911	160.565720	1426.883545	40.760155	221.276093	0.000000	0.000000	7.125000	-104.988571	-540.823608
912	785.906677	-677.940796	161.098999	-161.274475	0.000000	0.000000	7.125000	-331.977661	303.537445
913	118.132706	-1222.323120	-0.581332	-203.999146	0.000000	0.000000	7.125000	-21.336319	537.182373
914	-154.969406	-349.701141	-143.282898	-145.202118	0.000000	0.000000	7.125000	178.252045	179.102036
915	230.528061	1118.567017	21.664156	205.859100	0.000000	0.000000	7.125000	-79.211830	-444.086365
916	-1099.459229	-740.109985	-147.394196	-108.455002	0.000000	0.000000	7.125000	439.419342	258.554016
917	-501.468079	1169.342285	-89.583450	156.108582	0.000000	0.000000	7.125000	107.263069	-360.066498
918	35.941055	-480.914612	-87.561562	-203.996399	0.000000	0.000000	7.125000	118.219856	263.108673
919	-1180.455811	-1056.468750	-150.407532	-137.812500	0.000000	0.000000	7.125000	417.402740	331.138672
920	459.450623	-863.279053	135.668945	-205.205566	0.000000	0.000000	7.125000	-262.402496	394.691162
921	1052.176758	-230.306305	150.971222	-39.276485	0.000000	0.000000	7.125000	-433.972260	67.893227
922	1199.592407	1054.213257	150.727463	137.466202	0.000000	0.000000	7.125000	-395.231354	-335.624939
923	321.260620	791.829407	56.825741	223.857605	0.000000	0.000000	7.125000	31.558159	-466.779816
924	908.047180	-681.186523	149.886826	-124.660942	0.000000	0.000000	7.125000	-448.685944	294.465546
925	-108.942688	-490.870361	-39.694851	-141.533859	0.000000	0.000000	7.125000	62.519146	176.449478
926	1138.241455	-1095.869751	135.472672	-156.512451	0.000000	0.000000	7.125000	-344.193604	406.156036
927	-729.783081	578.329895	-169.250977	90.651016	0.000000	0.000000	7.125000	327.340698	-166.484970
928	-534.128235	680.616516	-131.439026	148.076172	0.000000	0.000000	7.125000	340.013916	-394.969788
929	650.215698	751.824585	157.103760	143.799942	0.000000	0.000000	7.125000	-302.761627	-244.009949
930	-971.554199	-595.950500	-152.692947	-111.381599	0.000000	0.000000	7.125000	323.841003	238.667648
931	150.842911	-743.939941	21.394760	-193.792206	0.000000	0.000000	7.125000	-101.736351	417.167236
932	-336.684814	525.037109	-63.130070	139.343231	0.000000	0.000000	7.125000	40.360794	-262.015625
933	-1043.897461	961.058960	-167.846497	149.826126	0.000000	0.000000	7.125000	395.004486	-377.459869
934	-1251.127686	-843.346436	-173.896881	-133.112701	0.000000	0.000000	7.125000	452.174103	296.783539
935	1149.911133	611.859863	154.687225	108.591370	0.000000	0.000000	7.125000	-442.931549	-283.241455
936	-385.540558	1033.130493	-54.769157	180.881134	0.000000	0.000000	7.125000	79.520622	-473.453186
937	-1111.648560	-508.044861	-193.575577	-81.380302	0.000000	0.000000	7.125000	460.248138	117.895477
938	801.233215	335.984741	148.411972	112.115501	0.000000	0.000000	7.125000	-209.451630	-156.996231
939	-1272.379639	346.920959	-218.707642	38.084221	0.000000	0.000000	7.125000	414.444763	-120.341110
940	1608.481445	113.946701	239.660278	12.624001	0.000000	0.000000	7.125000	-510.045532	-10.965153
941	900.177551	662.968262	133.836517	115.830856	0.000000	0.000000	7.125000	-320.689545	-253.591202
942	176.904221	-1063.846924	24.799721	-199.462128	0.000000	0.000000	7.125000	-78.072739	424.611694
943	-92.835052	1047.866333	-22.501217	214.823502	0.000000	0.000000	7.125000	30.605194	-468.170685
944	991.682739	-687.792297	143.258438	-127.819305	0.000000	0.000000	7.125000	-334.223175	217.618881
945	160.401443	-1202.628906	11.311048	-179.642044	0.000000	0.000000	7.125000	-54.402443	479.416321
946	-81.226852	-1315.702148	-39.179504	-206.299591	0.000000	0.000000	7.125000	28.720184	498.348602
947	-1074.002197	922.290955	-166.263000	151.596008	0.000000	0.000000	7.125000	414.900360	-400.694336
948	756.129700	-358.932587	153.128998	-82.546104	0.000000	0.000000	7.125000	-491.349701	158.972931
949	25.908152	901.885437	43.449493	149.826050	0.000000	0.000000	7.125000	-104.500214	-409.480164
950	66.955177	-45.776340	-21.220993	-202.804764	0.000000	0.000000	7.125000	-4.504411	-41.379898
951	513.607849	1106.809448	60.906376	182.082626	0.000000	0.000000	7.125000	-122.666542	-430.618256
952	-530.887878	715.481262	-119.448090	176.306763	0.000000	0.000000	7.125000	211.596817	-399.035980
953	-559.932922	-1027.824463	-101.122925	-163.204330	0.000000	0.000000	7.125000	208.297119	388.934967
954	-130.090195	-528.552917	-50.868153	-222.237915	0.000000	0.000000	7.125000	51.346924	287.465240
955	323.241577	-449.554413	163.971832	-149.635681	0.000000	0.000000	7.125000	-141.059464	72.657043
956	1183.783691	-41.336922	221.452972	15.413971	0.000000	0.000000	7.125000	-455.054901	-61.732590
957	-896.953979	-68.787941	-185.028641	-78.491035	0.000000	0.000000	7.125000	286.354431	87.327576
958	422.425079	484.866730	135.261215	140.337265	0.000000	0.000000	7.125000	34.433697	47.603432
959	-794.585571	102.241310	-200.999054	-0.102453	0.000000	0.000000	7.125000	361.791229	1.470542
960	1023.252075	717.643738	163.559143	111.553276	0.000000	0.000000	7.125000	-347.856201	-180.032349
961	100.999939	-678.596313	4.339781	-176.940109	0.000000	0.000000	7.125000	-13.208557	265.043182
962	746.240356	629.516479	191.440552	112.311951	0.000000	0.000000	7.125000	-381.049866	-134.277771
963	-1367.311401	417.300476	-212.253021	39.988266	0.000000	0.000000	7.125000	494.817993	-8.722205
964	-1313.068359	289.537170	-190.030365	55.604210	0.000000	0.000000	7.125000	427.618286	-105.577751
965	-168.981262	210.147751	-206.550156	48.336853	0.000000	0.000000	7.125000	141.441422	-153.713577
966	-783.576782	-1063.598755	-126.004700	-132.709381	0.000000	0.000000	7.125000	327.822083	343.648224
967	-209.305115	-232.602829	-171.969818	-109.681999	0.000000	0.000000	7.125000	123.708916	117.178955
968	1023.910645	300.237976	170.805817	56.724464	0.000000	0.000000	7.125000	-421.732971	-81.426018
969	141.307755	-639.924438	6.418017	-218.903381	0.000000	0.000000	7.125000	-15.187594	268.637634
970	1350.176514	-940.907166	176.548981	-144.270767	0.000000	0.000000	7.125000	-666.667664	511.952942
971	809.331665	746.073547	127.250954	181.883087	0.000000	0.000000	7.125000	-124.681419	-241.545013
972	320.680603	909.389099	71.203583	158.757202	0.000000	0.000000	7.125000	-138.768616	-406.171997
973	-1100.261353	-337.280640	-200.324356	-95.614487	0.000000	0.000000	7.125000	324.780853	118.724922
974	110.288727	-407.573914	29.122908	-171.475098	0.000000	0.000000	7.125000	-71.248512	182.640076
975	1050.579468	-385.897369	191.302856	-86.491760	0.000000	0.000000	7.125000	-447.066284	112.296448
976	-1093.906494	-310.846436	-152.947052	-61.886986	0.000000	0.000000	7.125000	396.112854	111.595589
977	453.603790	1139.756714	60.909760	222.819336	0.000000	0.000000	7.125000	-99.707397	-454.859680
978	1510.489136	471.444824	218.199661	54.797268	0.000000	0.000000	7.125000	-600.803650	-62.073318
979	-132.513046	1426.316406	-28.954491	186.768539	0.000000	0.000000	7.125000	75.183372	-482.891785
980	-483.779419	1344.868896	-115.345772	203.592560	0.000000	0.000000	7.125000	217.167496	-477.588470
981	295.045898	-477.550812	-6.417181	-206.854309	0.000000	0.000000	7.125000	16.983444	127.706650
982	1262.592651	982.573242	162.635269	128.038010	0.000000	0.000000	7.125000	-467.451202	-280.102783
983	881.664734	1046.004395	142.737640	154.015182	0.000000	0.000000	7.125000	-325.723389	-409.324097
984	223.407211	-570.856140	34.979813	-234.281708	0.000000	0.000000	7.125000	-124.048500	307.436249
985	-806.729614	124.708771	-189.708115	-29.547054	0.000000	0.000000	7.125000	398.515839	40.959747
986	151.036255	1103.729492	-7.508851	218.869461	0.000000	0.000000	7.125000	2.246426	-453.123627
987	-715.570679	-763.926758	-110.251915	-122.757950	0.000000	0.000000	7.125000	231.961151	263.986938
988	724.426941	-705.260620	165.305237	-152.616608	0.000000	0.000000	7.125000	-299.412994	195.771301
989	22.406630	-997.859497	-27.116379	-205.215240	0.000000	0.000000	7.125000	65.745728	402.946716
990	409.770020	-620.270508	84.550674	-165.671875	0.000000	0.000000	7.125000	-148.791748	265.994812
991	267.633698	443.609131	92.568481	174.996841	0.000000	0.000000	7.125000	-130.770401	-285.957306
992	345.583252	-741.022644	50.565769	-185.192230	0.000000	0.000000	7.125000	-168.735367	365.340149
993	228.446106	394.390930	-18.102787	221.172867	0.000000	0.000000	7.125000	-12.402017	-124.947601
994	649.150879	1032.650879	107.897507	147.793915	0.000000	0.000000	7.125000	-183.367233	-357.631989
995	193.994949	-1215.837158	32.464024	-213.545639	0.000000	0.000000	7.125000	-47.141727	514.084412
996	707.406128	-892.544556	95.336708	-134.669098	0.000000	0.000000	7.125000	-242.916687	346.822662
997	111.395531	723.019104	-11.736865	191.639877	0.000000	0.000000	7.125000	-8.267217	-366.971924
998	1228.129761	-262.773956	164.504150	-65.262527	0.000000	0.000000	7.125000	-474.151733	101.742699
999	355.597382	124.257347	201.803345	-29.592911	0.000000	0.000000	7.125000	-312.054596	8.627314
